    61
    59
    60
    56
    60
    62
    65
    64
    63
    65
    63
    62
    62
    64
    63
    64
    65
    64
    64
    63
    64
    61
    64
    66
    63
    64
    61
    65
    70
    65
    66
    69
    64
    68
    71
    66
    69
    75
    72
    60
    44
    43
    52
    71
    78
    82
    98
    93
    61
    38
    39
    53
    69
    67
    68
    67
    67
    66
    69
    66
    66
    63
    67
    67
    67
    67
    68
    63
    66
    66
    68
    62
    68
    60
    65
    71
    67
    64
    65
    66
    67
    65
    65
    75
    63
    64
    73
    72
    68
    69
    65
    66
    63
    70
    64
    66
    69
    67
    66
    68
    58
    62
    57
    57
    65
    63
    61
    58
    57
    55
    55
    54
    62
    63
    63
    63
    62
    65
    62
    57
    63
    71
    68
    67
    67
    65
    66
    66
    63
    64
    65
    62
    67
    64
    66
    62
    64
    65
    67
    67
    63
    67
    71
    62
    70
    66
    68
    67
    67
    69
    65
    79
   154
   173
   180
   175
   173
   170
   173
   176
   181
   170
   140
    89
    36
    45
    68
    71
    67
    66
    66
    68
    71
    66
    64
    65
    69
    65
    62
    62
    66
    62
    60
    63
    59
    65
    63
    58
    69
    66
    68
    68
    66
    70
    71
    66
    66
    66
    63
    66
    69
    67
    68
    66
    66
    65
    66
    65
    65
    63
    63
    59
    66
    62
    64
    62
    62
    62
    64
    58
    53
    54
    55
    49
    64
    61
    63
    64
    63
    64
    67
    62
    66
    64
    64
    61
    61
    62
    66
    65
    62
    62
    64
    71
    68
    66
    68
    69
    67
    67
    64
    64
    61
    64
    67
    71
    65
    69
    69
    69
    68
    58
    67
   102
   151
   151
   163
   162
   155
   147
   133
   128
   133
   138
   152
   169
   159
   105
    35
    31
    49
    63
    66
    64
    60
    63
    66
    80
    66
    60
    65
    66
    62
    65
    66
    60
    63
    60
    66
    67
    64
    68
    63
    64
    68
    67
    60
    67
    69
    67
    69
    66
    67
    69
    70
    67
    68
    67
    65
    67
    68
    64
    62
    59
    61
    60
    60
    64
    59
    63
    54
    54
    52
    53
    54
    55
    62
    64
    62
    65
    63
    67
    64
    70
    68
    66
    61
    67
    70
    71
    69
    71
    72
    73
    71
    55
    57
    65
    63
    65
    62
    60
    61
    66
    64
    66
    62
    65
    64
    64
    62
    68
    63
    67
    64
    94
   139
   156
   147
   155
   160
   156
   161
   159
   154
   138
   132
   133
   147
   161
   158
   125
    77
    59
    28
    33
    36
    41
    36
    28
    38
    62
    63
    68
    66
    69
    59
    70
    67
    69
    63
    62
    66
    63
    66
    66
    68
    67
    72
    64
    64
    66
    68
    72
    68
    64
    62
    68
    67
    69
    69
    70
    67
    67
    63
    64
    61
    60
    57
    59
    59
    53
    56
    53
    53
    54
    50
    51
    65
    66
    66
    58
    60
    67
    60
    56
    63
    65
    68
    65
    57
    51
    34
    30
    30
    37
    27
    29
    25
    28
    41
    54
    53
    56
    61
    63
    65
    57
    67
    65
    62
    70
    70
    67
    67
    63
    70
    77
   114
   144
   154
   134
   114
   120
   127
   129
   134
   160
   174
   178
   174
   177
   178
   177
   177
   175
   160
   116
   116
    92
   118
   141
   140
    70
    52
    60
    65
    63
    59
    59
    65
    63
    64
    65
    63
    62
    64
    64
    67
    66
    65
    66
    65
    65
    68
    61
    69
    68
    72
    66
    65
    65
    64
    64
    62
    67
    64
    60
    60
    62
    60
    57
    61
    63
    55
    56
    56
    52
    48
    49
    63
    64
    65
    68
    65
    63
    63
    64
    68
    55
    34
    33
    32
    34
    40
    29
    30
    30
    31
    29
    29
    31
    25
    24
    31
    31
    31
    36
    44
    43
    59
    59
    57
    48
    59
    61
    63
    73
    67
    68
    77
   125
   143
   180
   182
   171
   197
   192
   176
   183
   186
   168
   150
   137
   131
   131
   138
   147
   170
   172
   136
   143
   157
   164
   177
   182
    99
    40
    54
    58
    59
    63
    59
    61
    66
    60
    64
    68
    64
    66
    69
    67
    66
    66
    65
    64
    66
    68
    65
    63
    62
    66
    69
    66
    68
    64
    65
    64
    59
    61
    56
    57
    59
    62
    60
    55
    58
    55
    53
    53
    53
    58
    64
    60
    62
    64
    56
    51
    48
    47
    42
    43
    52
    52
    54
    43
    34
    33
    24
    22
    29
    34
    38
    24
    29
    32
    34
    23
    31
    28
    26
    31
    33
    42
    33
    35
    33
    38
    29
    26
    42
    47
    60
    76
   114
   151
   180
   190
   170
   159
   179
   192
   182
   172
   155
   145
   119
   106
   105
   107
   130
   159
   175
   168
   163
   164
   166
   177
   184
    85
    52
    60
    62
    60
    56
    57
    52
    60
    61
    59
    60
    62
    58
    65
    65
    61
    63
    63
    68
    68
    67
    64
    66
    65
    66
    64
    59
    66
    63
    61
    65
    62
    61
    56
    55
    57
    60
    57
    57
    51
    53
    50
    50
    50
    58
    61
    59
    57
    50
    48
    42
    39
    38
    33
    36
    35
    45
    43
    45
    48
    44
    37
    38
    48
    48
    49
    57
    34
    28
    36
    30
    44
    33
    37
    40
    31
    33
    29
    34
    35
    38
    33
    20
    21
    27
    41
    80
   122
   152
   172
   167
   162
   156
   194
   187
   173
   159
   117
    98
    95
    96
    91
   114
   147
   187
   191
   175
   169
   170
   172
   185
   159
    45
    55
    56
    55
    50
    53
    59
    55
    55
    61
    63
    64
    66
    63
    70
    68
    67
    65
    64
    65
    66
    66
    62
    62
    65
    67
    66
    68
    61
    61
    62
    59
    57
    56
    58
    57
    53
    60
    53
    56
    53
    54
    27
    36
    55
    55
    47
    53
    47
    42
    38
    43
    39
    36
    35
    37
    37
    33
    39
    41
    47
    50
    43
    43
    50
    47
    47
    52
    47
    56
    57
    46
    40
    31
    44
    49
    37
    43
    42
    45
    33
    46
    49
    37
    37
    41
    45
    41
    55
    55
    83
   112
   130
   134
   114
    99
    65
    55
    58
    65
    71
    90
    98
    98
   128
   167
   184
   179
   163
   158
   172
   194
    97
    49
    56
    58
    57
    62
    56
    61
    62
    56
    57
    59
    68
    63
    60
    60
    60
    70
    72
    64
    65
    67
    66
    67
    65
    62
    60
    60
    64
    61
    57
    62
    55
    57
    55
    58
    62
    55
    61
    52
    31
    18
   118
   210
    58
    49
    40
    40
    40
    34
    30
    39
    32
    37
    36
    39
    37
    32
    29
    36
    42
    36
    31
    30
    31
    40
    48
    42
    38
    45
    49
    50
    48
    51
    34
    46
    58
    48
    48
    32
    47
    37
    31
    37
    36
    31
    29
    31
    24
    36
    30
    25
    35
    36
    33
    24
    31
    27
    32
    26
    40
    48
    57
    91
   131
   165
   197
   182
   162
   151
   160
   190
   157
    52
    56
    53
    56
    55
    59
    57
    53
    55
    58
    57
    58
    62
    65
    65
    63
    63
    62
    63
    62
    68
    64
    65
    65
    62
    67
    63
    60
    61
    63
    56
    58
    54
    54
    53
    56
    59
    28
    26
   109
   208
   228
   222
    45
    36
    34
    38
    31
    33
    40
    33
    34
    40
    37
    38
    32
    40
    39
    36
    33
    35
    38
    38
    36
    39
    33
    37
    36
    40
    38
    44
    43
    42
    32
    34
    36
    41
    38
    44
    45
    57
    55
    44
    46
    40
    40
    38
    44
    36
    33
    38
    21
    22
    21
    38
    50
    70
    78
    87
    95
    82
    78
    61
    81
   131
   147
   152
   154
   164
   182
   205
   169
    62
    59
    58
    56
    53
    55
    55
    53
    55
    54
    56
    61
    65
    63
    61
    66
    61
    63
    63
    71
    63
    66
    63
    63
    61
    59
    62
    61
    61
    55
    56
    54
    55
    54
    56
    35
    27
   103
   201
   222
   218
   214
   215
    50
    36
    38
    34
    39
    46
    41
    39
    35
    34
    32
    37
    35
    39
    40
    39
    40
    42
    39
    41
    36
    30
    41
    43
    53
    47
    49
    55
    56
    79
    84
    85
    82
    68
    61
    39
    28
    23
    22
    27
    24
    39
    25
    29
    23
    16
    22
    36
    50
    72
    94
   114
   124
   140
   141
   144
   143
   145
   145
   145
   139
   127
   116
   115
   107
    97
   105
   112
   121
    58
    33
    45
    41
    51
    50
    61
    61
    60
    57
    57
    56
    60
    61
    64
    61
    62
    63
    66
    63
    65
    66
    64
    60
    58
    59
    55
    59
    54
    56
    57
    53
    50
    45
    28
    95
   183
   211
   214
   215
   218
   218
   218
    37
    35
    37
    42
    41
    44
    40
    33
    37
    28
    27
    37
    40
    50
    43
    44
    36
    39
    42
    44
    53
    68
    73
    78
    79
    76
    95
    87
    98
   109
   121
   128
   132
   133
   132
   132
   124
   114
   107
    91
    88
    75
    77
    81
    90
    98
   114
   124
   130
   137
   141
   139
   142
   142
   140
   139
   141
   144
   145
   147
   148
   149
   150
   151
   150
   151
   142
   134
   124
   124
    95
    86
    67
    55
    39
    34
    29
    34
    43
    52
    58
    48
    44
    39
    35
    42
    35
    32
    37
    38
    35
    43
    45
    51
    51
    59
    58
    63
    58
    60
    56
    57
    39
   136
   205
   214
   216
   211
   204
   201
   207
   214
    35
    48
    40
    41
    40
    43
    31
    34
    41
    44
    47
    41
    39
    38
    38
    31
    36
    43
    50
    69
    86
    88
    92
   104
   110
   121
   111
   111
   118
   134
   142
   139
   141
   145
   142
   139
   141
   143
   143
   142
   137
   140
   139
   139
   137
   142
   140
   140
   141
   141
   143
   140
   140
   147
   146
   142
   146
   144
   149
   144
   140
   148
   150
   155
   157
   152
   154
   154
   155
   149
   148
   131
   123
   126
   115
   109
   101
    92
    73
    56
    63
    84
    96
   114
   121
   117
   119
   115
   110
   101
    99
    83
    76
    65
    58
    47
    45
    37
    28
    26
    23
    26
   112
   167
   145
   124
   105
   108
   145
   169
   194
   219
    39
    42
    40
    38
    39
    38
    35
    31
    35
    29
    39
    36
    39
    35
    31
    39
    50
    68
    85
   103
   109
   113
   119
   129
   132
   127
   129
   135
   140
   143
   140
   141
   143
   144
   144
   145
   144
   145
   140
   131
   139
   140
   143
   142
   150
   146
   140
   139
   141
   138
   141
   142
   143
   144
   145
   146
   153
   157
   156
   153
   159
   154
   150
   155
   153
   160
   165
   163
   160
   163
   167
   158
   155
   137
   128
   131
   135
   133
   134
   130
   126
   115
   104
    98
   104
   123
   145
   156
   160
   161
   162
   161
   163
   162
   163
   163
   160
   158
   154
   153
   146
   145
   143
   136
   133
   133
   140
   129
    89
    63
    72
    70
    42
    48
    40
    33
    30
    39
    28
    37
    31
    28
    26
    38
    35
    34
    48
    75
    92
   104
   115
   117
   120
   125
   135
   134
   132
   135
   137
   137
   138
   138
   141
   143
   143
   141
   141
   144
   140
   136
   141
   137
   134
   135
   134
   122
   122
   120
   132
   139
   137
   139
   146
   148
   154
   155
   156
   154
   164
   163
   159
   158
   153
   158
   158
   155
   160
   167
   166
   170
   173
   173
   170
   172
   165
   159
   152
   144
   153
   150
   131
   132
   147
   150
   137
   126
   128
   109
    99
   109
   135
   149
   153
   158
   159
   165
   164
   165
   168
   167
   165
   169
   166
   165
   163
   165
   162
   160
   161
   167
   167
   142
    90
    94
    45
    44
    41
    36
    31
    26
    26
    31
    26
    28
    39
    34
    38
    60
    90
   103
   115
   117
   121
   119
   127
   134
   136
   139
   141
   139
   142
   141
   143
   144
   139
   141
   145
   145
   151
   149
   148
   148
   146
   145
   142
   136
   128
    99
    99
   101
   110
   136
   144
   154
   164
   168
   167
   166
   162
   154
   156
   151
   160
   156
   161
   167
   167
   169
   168
   170
   175
   172
   176
   176
   181
   177
   179
   176
   172
   153
   152
   148
   146
   146
   143
   131
   142
   141
   141
   129
   130
   126
   103
   108
   130
   153
   164
   161
   162
   167
   166
   171
   172
   168
   163
   164
   168
   166
   169
   166
   170
   168
   171
   169
   150
   103
    33
    49
    32
    30
    34
    38
    30
    28
    30
    32
    28
    37
    69
   100
   112
   115
   114
   120
   127
   133
   131
   132
   135
   139
   137
   140
   141
   140
   138
   140
   136
   143
   153
   155
   155
   149
   156
   150
   147
   138
   132
   121
   103
    89
    95
   135
   139
   155
   164
   163
   162
   167
   167
   164
   157
   156
   159
   156
   155
   154
   157
   166
   166
   167
   176
   171
   173
   173
   174
   166
   176
   180
   180
   179
   171
   169
   158
   155
   145
   137
   148
   146
   148
   154
   158
   149
   142
   142
   133
   121
   117
   114
   124
   143
   163
   173
   171
   170
   169
   172
   171
   172
   172
   171
   170
   175
   172
   173
   174
   174
   174
   145
    38
    45
    45
    33
    30
    33
    24
    29
    30
    25
    40
    75
    97
   110
   112
   114
   116
   122
   125
   128
   130
   134
   136
   136
   135
   142
   145
   145
   143
   144
   151
   156
   153
   157
   155
   157
   153
   147
   148
   141
   132
   113
    80
    97
   107
   126
   151
   175
   181
   176
   173
   170
   163
   164
   159
   156
   151
   155
   159
   162
   165
   167
   171
   179
   176
   176
   176
   178
   184
   183
   179
   174
   176
   185
   187
   181
   179
   174
   165
   160
   163
   149
   145
   144
   142
   140
   139
   137
   139
   138
   133
   115
   110
   103
   108
   129
   144
   170
   177
   176
   172
   170
   172
   176
   175
   171
   174
   175
   174
   171
   174
   171
    26
    32
    40
    29
    23
    26
    31
    26
    27
    42
    77
   101
   108
   111
   115
   118
   124
   127
   123
   128
   134
   136
   138
   142
   149
   147
   148
   147
   153
   158
   155
   154
   157
   157
   160
   155
   150
   146
   144
   144
   138
   103
    83
    95
   115
   128
   162
   180
   181
   181
   177
   161
   150
   151
   162
   160
   162
   168
   163
   157
   156
   162
   170
   177
   183
   189
   186
   184
   189
   189
   186
   185
   183
   184
   189
   192
   186
   186
   181
   179
   161
   161
   165
   167
   161
   164
   164
   153
   136
   129
   132
   124
   126
   121
   110
   117
   115
   124
   140
   171
   181
   178
   175
   176
   179
   183
   173
   174
   175
   176
   178
   176
    42
    29
    35
    45
    28
    30
    32
    33
    45
    78
    95
   104
   107
   113
   117
   120
   123
   123
   128
   134
   134
   140
   142
   139
   145
   148
   154
   152
   154
   158
   160
   157
   159
   162
   158
   163
   161
   147
   148
   144
   134
    90
    86
    99
   116
   138
   166
   182
   181
   169
   157
   138
   123
   134
   145
   158
   163
   166
   164
   163
   163
   163
   163
   170
   184
   184
   191
   195
   190
   194
   195
   190
   189
   186
   188
   186
   184
   180
   183
   178
   178
   169
   170
   156
   154
   157
   160
   158
   157
   153
   147
   135
   129
   129
   133
   126
   123
   125
   125
   114
   150
   181
   179
   179
   171
   179
   176
   169
   171
   175
   177
   176
    42
    39
    30
    34
    44
    29
    36
    35
    74
    90
    99
   103
   118
   119
   120
   123
   126
   125
   131
   129
   136
   139
   139
   147
   147
   145
   148
   149
   155
   162
   164
   164
   163
   161
   157
   165
   157
   157
   146
   142
   113
    81
    76
   101
   120
   151
   172
   184
   167
   132
   122
    90
   115
   120
   126
   149
   164
   169
   171
   169
   166
   164
   169
   167
   176
   187
   189
   186
   193
   196
   197
   188
   190
   190
   184
   182
   182
   185
   187
   180
   173
   172
   157
   167
   162
   156
   156
   150
   158
   163
   168
   153
   156
   137
   123
   126
   121
   133
   140
   118
   106
   127
   166
   180
   179
   177
   181
   179
   174
   177
   175
   177
    40
    34
    32
    41
    34
    32
    49
    75
    95
   103
   109
   113
   118
   123
   123
   126
   128
   135
   135
   136
   137
   140
   146
   144
   145
   151
   149
   148
   156
   160
   160
   163
   169
   169
   164
   163
   159
   153
   151
   130
   105
    76
    76
    99
   112
   145
   169
   179
   144
   125
    94
   101
   106
   108
   122
   139
   163
   174
   177
   176
   169
   160
   168
   173
   179
   184
   186
   188
   190
   184
   190
   194
   190
   186
   186
   186
   188
   183
   184
   185
   178
   173
   179
   176
   169
   163
   161
   147
   139
   138
   140
   141
   152
   147
   148
   138
   130
   119
   121
   121
   125
   112
   102
   135
   180
   183
   180
   182
   179
   174
   180
   179
    31
    37
    29
    32
    38
    43
    66
    96
    99
   107
   111
   119
   123
   124
   129
   128
   132
   134
   135
   135
   138
   139
   141
   144
   143
   150
   154
   157
   160
   159
   162
   169
   167
   166
   166
   163
   163
   156
   147
   122
   104
    96
    86
   101
   117
   147
   167
   174
   130
   106
    93
   164
   164
   112
   110
   142
   159
   178
   176
   178
   178
   171
   162
   164
   175
   189
   184
   186
   189
   181
   188
   189
   191
   188
   181
   180
   180
   185
   182
   178
   178
   177
   171
   168
   168
   171
   162
   158
   164
   152
   150
   145
   148
   143
   144
   123
   122
   126
   122
   120
   127
   132
   129
   115
   113
   168
   186
   179
   184
   181
   179
   178
    40
    33
    33
    38
    43
    63
    83
   101
   106
   111
   121
   125
   125
   128
   127
   131
   130
   134
   133
   133
   136
   137
   142
   144
   146
   154
   159
   162
   162
   165
   166
   168
   167
   162
   167
   167
   161
   163
   147
   135
   121
   108
    88
    88
   108
   140
   169
   179
   134
   108
   136
   189
   192
   189
   127
   126
   156
   174
   179
   185
   181
   188
   176
   177
   176
   184
   179
   188
   188
   186
   193
   185
   186
   187
   184
   182
   181
   176
   177
   179
   180
   177
   170
   162
   160
   161
   163
   167
   171
   171
   172
   169
   170
   166
   151
   140
   133
   130
   133
   124
   118
   127
   130
   133
   127
   118
   159
   183
   183
   186
   180
   180
    31
    39
    33
    40
    52
    78
    94
   107
   110
   118
   120
   121
   119
   125
   127
   129
   129
   130
   133
   135
   138
   141
   143
   152
   153
   153
   160
   158
   162
   167
   166
   169
   167
   170
   167
   169
   166
   159
   156
   136
   119
   105
    95
    84
    97
   124
   165
   170
   122
   115
   165
   188
   204
   209
   178
   118
   160
   181
   185
   187
   192
   190
   179
   173
   178
   177
   187
   186
   186
   184
   183
   180
   181
   180
   175
   172
   175
   168
   174
   175
   169
   166
   162
   162
   161
   160
   169
   168
   170
   169
   162
   168
   177
   172
   164
   164
   159
   151
   126
   123
   123
   129
   117
   123
   130
   128
   112
   155
   179
   185
   183
   173
    35
    28
    36
    43
    55
    82
   100
   110
   114
   116
   120
   124
   127
   129
   130
   131
   129
   134
   138
   137
   139
   139
   143
   148
   151
   154
   158
   160
   160
   163
   164
   164
   163
   168
   171
   170
   168
   164
   153
   139
   124
   112
    90
    80
    84
   123
   159
   169
   120
    93
    89
    72
    90
   148
   207
   136
   147
   181
   188
   185
   184
   193
   189
   184
   175
   172
   172
   177
   176
   176
   180
   178
   170
   176
   176
   178
   176
   172
   170
   170
   171
   170
   170
   167
   165
   161
   159
   155
   164
   177
   185
   182
   181
   177
   165
   159
   151
   143
   136
   131
   137
   124
   138
   131
   124
   123
   125
   102
   164
   175
   182
   182
    35
    39
    31
    54
    77
    84
    99
   108
   109
   118
   121
   126
   129
   129
   130
   128
   131
   133
   137
   138
   140
   141
   149
   150
   148
   158
   165
   164
   167
   167
   166
   167
   167
   169
   168
   172
   172
   165
   160
   147
   131
   118
    87
    83
    97
   137
   152
   160
   115
    78
    40
    55
   101
   158
   174
   140
   129
   160
   176
   184
   184
   188
   189
   176
   176
   180
   174
   183
   175
   168
   169
   169
   176
   168
   171
   170
   176
   172
   167
   171
   173
   162
   158
   143
   133
   157
   163
   167
   168
   171
   176
   172
   169
   166
   170
   165
   148
   140
   143
   142
   132
   133
   120
   120
   121
   126
   117
   109
    98
   171
   176
   184
    31
    40
    47
    61
    77
    94
   103
   106
   112
   121
   126
   128
   126
   129
   132
   132
   133
   135
   141
   140
   139
   145
   149
   152
   158
   162
   163
   168
   166
   164
   164
   164
   166
   164
   166
   171
   166
   170
   167
   161
   141
   123
   100
    84
    90
   131
   162
   153
   109
    73
    57
    81
    46
    62
   115
   130
   133
   156
   170
   176
   181
   183
   182
   179
   176
   171
   169
   171
   169
   170
   170
   174
   168
   172
   170
   172
   168
   166
   165
   171
   178
   166
   150
   140
   132
   149
   156
   171
   159
   155
   160
   165
   174
   173
   170
   182
   179
   163
   154
   147
   139
   130
   106
   117
   131
   120
   124
   123
   109
    97
   171
   178
    33
    33
    45
    62
    75
    97
   104
   112
   120
   125
   127
   132
   133
   132
   131
   132
   135
   136
   135
   138
   140
   147
   149
   156
   161
   162
   164
   167
   169
   167
   163
   167
   166
   164
   164
   171
   174
   174
   170
   156
   151
   133
   101
    88
    90
   133
   158
   148
   107
    90
    64
    98
    60
    60
   118
   136
   129
   141
   159
   165
   172
   182
   180
   175
   177
   168
   167
   167
   167
   166
   173
   169
   170
   170
   171
   169
   170
   171
   170
   175
   174
   160
   144
   124
   139
   147
   164
   171
   157
   156
   162
   163
   172
   185
   185
   187
   186
   178
   174
   165
   154
   145
   133
   143
   125
   118
   116
   131
   125
   120
   119
   171
    26
    35
    46
    59
    81
    93
   106
   115
   123
   124
   125
   127
   131
   133
   135
   132
   132
   136
   143
   141
   144
   149
   152
   154
   155
   162
   166
   170
   170
   167
   170
   165
   165
   165
   166
   169
   173
   177
   166
   160
   157
   137
   108
    88
    98
   137
   162
   151
   101
    88
    36
    39
    46
    64
   137
   136
   132
   145
   156
   159
   171
   172
   173
   179
   168
   163
   160
   161
   169
   173
   173
   169
   170
   169
   173
   171
   173
   171
   173
   173
   170
   161
   154
   136
   135
   160
   180
   180
   149
   137
   152
   161
   167
   173
   185
   187
   186
   182
   183
   175
   164
   161
   148
   147
   140
   126
   116
   115
   117
   134
   117
   128
    47
    40
    58
    50
    70
    88
   105
   119
   118
   126
   127
   129
   131
   134
   136
   137
   135
   138
   136
   142
   145
   149
   154
   155
   159
   164
   172
   171
   170
   168
   166
   167
   163
   167
   167
   169
   176
   173
   171
   160
   159
   148
   105
    80
    94
   120
   159
   156
   104
    87
    77
    63
    84
   140
   148
   120
   125
   137
   151
   160
   162
   162
   166
   171
   163
   162
   163
   162
   166
   166
   166
   169
   171
   169
   182
   182
   171
   171
   166
   164
   158
   150
   133
   122
   137
   167
   189
   178
   127
   127
   161
   179
   179
   182
   183
   191
   188
   182
   181
   181
   178
   173
   172
   164
   146
   136
   127
   126
   108
   111
   128
   129
    31
    44
    46
    61
    69
   100
   110
   106
   121
   127
   132
   133
   135
   136
   134
   132
   136
   140
   139
   142
   147
   152
   157
   158
   162
   164
   166
   171
   173
   170
   171
   166
   172
   169
   169
   169
   172
   177
   172
   169
   160
   151
   121
    79
    65
   100
   147
   158
   118
    86
   112
   149
   164
   169
   147
   132
   123
   132
   150
   157
   161
   170
   168
   164
   166
   160
   161
   168
   170
   171
   168
   171
   178
   179
   183
   182
   171
   170
   168
   166
   165
   152
   144
   136
   146
   153
   179
   184
   135
   109
   135
   168
   182
   181
   180
   181
   190
   186
   189
   185
   186
   179
   178
   167
   150
   148
   141
   139
   122
    91
   101
   127
    41
    33
    42
    53
    69
    95
   104
   110
   118
   132
   130
   133
   140
   142
   137
   135
   139
   141
   148
   147
   146
   148
   155
   159
   162
   167
   170
   175
   174
   171
   171
   171
   170
   166
   168
   165
   168
   174
   177
   174
   164
   152
   135
    90
    72
    83
   138
   166
   139
    80
   105
   109
   139
   140
   114
   114
   120
   135
   147
   153
   161
   166
   159
   161
   163
   164
   164
   165
   165
   166
   172
   184
   189
   192
   181
   173
   169
   168
   168
   165
   157
   146
   129
   130
   144
   150
   171
   169
   128
   105
   120
   148
   171
   178
   167
   170
   188
   191
   188
   185
   180
   179
   182
   180
   166
   154
   148
   139
   142
   119
   101
   140
    42
    49
    45
    51
    66
    91
   105
   103
   114
   130
   129
   134
   138
   135
   134
   139
   144
   146
   142
   147
   153
   158
   161
   164
   163
   167
   173
   175
   174
   172
   174
   174
   171
   174
   162
   168
   172
   178
   173
   178
   168
   159
   140
   110
    75
    89
   132
   171
   167
   107
    82
   114
   107
   139
   116
   110
   121
   139
   146
   151
   156
   159
   156
   161
   164
   164
   167
   168
   174
   177
   187
   183
   168
   157
   162
   170
   153
   153
   158
   146
   134
   132
   134
   133
   146
   160
   182
   166
   126
   113
   119
   126
   153
   182
   179
   163
   182
   184
   191
   188
   179
   173
   167
   166
   181
   161
   152
   156
   141
   145
   115
   110
    48
    36
    40
    52
    60
    77
   105
   110
   116
   128
   135
   138
   139
   134
   136
   143
   147
   146
   145
   149
   155
   157
   159
   158
   165
   167
   174
   178
   180
   180
   175
   174
   175
   170
   166
   173
   171
   173
   174
   177
   172
   167
   162
   134
    89
    79
   110
   166
   171
   156
    93
    85
   101
   125
   109
   119
   131
   143
   149
   153
   151
   154
   160
   159
   160
   158
   157
   165
   176
   174
   161
   150
   144
   151
   169
   191
   178
   147
   150
   139
   126
   115
   118
   110
   137
   165
   178
   167
   114
   108
   120
   127
   139
   168
   182
   168
   180
   191
   188
   187
   182
   177
   171
   169
   166
   174
   172
   152
   161
   134
   133
   125
    48
    44
    52
    55
    57
    69
    88
   113
   125
   133
   137
   139
   134
   135
   139
   149
   152
   155
   152
   155
   155
   162
   167
   167
   167
   169
   173
   177
   182
   179
   175
   167
   173
   175
   173
   177
   176
   180
   178
   175
   178
   174
   174
   149
   121
    89
   105
   151
   173
   163
   148
   108
    98
    97
    99
   129
   141
   143
   142
   142
   143
   153
   158
   155
   160
   165
   168
   166
   161
   155
   148
   146
   150
   160
   174
   187
   154
   164
   143
   133
   109
   101
    95
   105
   134
   169
   177
   166
    96
    93
   116
   124
   144
   166
   184
   159
   176
   193
   190
   185
   179
   168
   166
   170
   176
   164
   165
   157
   172
   156
   128
   116
    25
    34
    37
    42
    62
    65
    88
   105
   128
   136
   137
   138
   139
   144
   145
   147
   153
   157
   161
   160
   161
   163
   164
   164
   161
   164
   170
   172
   176
   177
   178
   173
   174
   176
   176
   174
   175
   179
   174
   180
   177
   174
   177
   171
   155
   126
   104
   129
   169
   173
   165
   149
   142
   135
   106
   131
   137
   134
   134
   139
   151
   158
   158
   158
   163
   166
   166
   168
   159
   151
   147
   152
   161
   164
   171
   169
   118
   161
   152
   122
   108
   108
   111
   116
   139
   173
   175
   159
    73
    83
   108
   121
   138
   163
   184
   171
   169
   190
   185
   184
   183
   173
   174
   165
   163
   166
   179
   170
   166
   167
   146
   122
    39
    36
    41
    51
    54
    63
    75
   100
   116
   135
   142
   140
   143
   145
   150
   153
   152
   157
   157
   158
   161
   167
   167
   171
   170
   177
   176
   179
   181
   181
   178
   175
   176
   174
   175
   177
   180
   180
   182
   182
   183
   180
   177
   174
   171
   153
   133
   140
   161
   171
   168
   166
   160
   150
   139
   127
   126
   131
   135
   147
   152
   155
   160
   165
   167
   164
   160
   157
   156
   155
   158
   157
   164
   174
   177
   167
   106
   139
   171
   154
   139
   125
   123
   118
   148
   172
   175
   171
    84
    71
   104
   120
   137
   167
   187
   163
   140
   175
   182
   180
   171
   170
   168
   171
   171
   166
   168
   180
   173
   165
   154
   139
    36
    40
    42
    45
    52
    62
    81
   102
   122
   133
   138
   140
   142
   148
   149
   154
   158
   159
   164
   164
   169
   171
   172
   172
   174
   176
   179
   181
   184
   183
   182
   181
   178
   181
   180
   184
   184
   182
   190
   185
   191
   183
   178
   178
   174
   178
   172
   168
   171
   168
   163
   158
   146
   134
   130
   127
   122
   134
   145
   149
   154
   158
   161
   164
   164
   159
   160
   151
   152
   151
   154
   162
   170
   178
   185
   178
   162
   139
   177
   157
   139
   131
   132
   136
   160
   176
   168
   173
   120
    73
   104
   119
   134
   154
   181
   158
   150
   157
   166
   160
   163
   169
   167
   164
   177
   181
   173
   174
   173
   164
   154
   128
    48
    47
    45
    44
    60
    69
    88
    88
   113
   123
   132
   138
   145
   146
   152
   153
   154
   156
   164
   174
   171
   170
   171
   175
   179
   181
   177
   180
   181
   178
   176
   183
   176
   184
   179
   181
   187
   186
   187
   192
   192
   189
   182
   186
   180
   179
   176
   187
   188
   182
   176
   165
   153
   142
   133
   134
   139
   141
   145
   154
   161
   164
   165
   162
   160
   154
   156
   162
   162
   160
   162
   163
   172
   174
   182
   193
   195
   183
   171
   146
   124
   122
   132
   143
   151
   168
   167
   169
   135
    77
   102
   109
   126
   151
   171
   146
   131
   140
   147
   153
   159
   162
   164
   163
   174
   177
   171
   171
   167
   156
   157
   139
    39
    38
    39
    51
    49
    73
    92
   105
   105
   128
   136
   141
   142
   147
   154
   158
   164
   165
   169
   165
   171
   172
   171
   168
   173
   179
   184
   185
   181
   180
   182
   183
   185
   188
   187
   188
   181
   181
   188
   192
   189
   192
   186
   185
   177
   180
   184
   191
   189
   192
   188
   181
   176
   169
   166
   159
   155
   154
   155
   155
   161
   161
   164
   160
   160
   158
   159
   157
   159
   161
   162
   164
   160
   170
   179
   187
   198
   205
   184
   145
   143
   125
   119
   119
   128
   155
   159
   162
   142
    80
    96
   109
   123
   147
   165
   145
   129
   133
   144
   155
   160
   162
   162
   169
   176
   182
   182
   177
   173
   176
   161
   135
    38
    37
    37
    43
    58
    63
    94
   112
   123
   131
   138
   140
   143
   152
   151
   158
   166
   167
   173
   171
   170
   173
   176
   177
   177
   176
   178
   186
   185
   182
   183
   180
   188
   190
   182
   181
   188
   191
   184
   191
   191
   189
   186
   179
   182
   183
   181
   185
   186
   187
   186
   181
   177
   170
   167
   160
   162
   162
   157
   157
   159
   162
   165
   166
   169
   162
   168
   165
   164
   170
   173
   169
   185
   192
   187
   183
   186
   198
   199
   155
   138
   134
   113
    99
   116
   157
   163
   163
   138
    76
    93
   108
   124
   139
   157
   149
   147
   151
   149
   160
   163
   164
   160
   161
   171
   184
   185
   181
   175
   179
   165
   135
    37
    45
    46
    51
    61
    80
    87
   106
   114
   130
   137
   147
   153
   155
   158
   159
   166
   166
   165
   171
   170
   174
   176
   172
   176
   182
   183
   179
   184
   187
   184
   184
   185
   185
   184
   183
   184
   188
   186
   175
   181
   190
   188
   184
   182
   178
   176
   181
   178
   176
   179
   176
   169
   165
   161
   158
   157
   164
   162
   165
   168
   168
   169
   165
   159
   168
   171
   172
   174
   182
   172
   176
   194
   202
   184
   177
   183
   195
   188
   158
   149
   130
    97
   103
   115
   149
   166
   160
   133
    77
    94
   105
   124
   145
   162
   151
   133
   141
   147
   153
   158
   159
   153
   162
   168
   176
   185
   177
   180
   171
   167
   147
    37
    46
    56
    57
    65
    82
   100
   115
   123
   131
   142
   146
   148
   159
   166
   169
   162
   163
   165
   164
   164
   172
   176
   175
   180
   178
   179
   184
   182
   184
   184
   183
   189
   189
   184
   182
   187
   192
   184
   189
   185
   191
   184
   182
   180
   179
   177
   175
   176
   173
   175
   169
   168
   165
   164
   164
   167
   164
   170
   171
   169
   174
   177
   181
   179
   178
   183
   173
   174
   177
   170
   171
   178
   192
   186
   184
   185
   190
   179
   142
   135
   135
   107
   102
   123
   153
   151
   152
   126
    81
    98
   110
   128
   149
   163
   148
   105
   124
   144
   158
   157
   158
   155
   159
   167
   175
   174
   173
   167
   173
   172
   151
    37
    35
    47
    56
    70
    76
    88
   100
   114
   126
   138
   146
   146
   163
   172
   174
   176
   175
   176
   173
   166
   172
   172
   169
   172
   175
   181
   182
   186
   185
   181
   181
   182
   182
   183
   183
   186
   186
   186
   188
   185
   191
   190
   179
   175
   173
   179
   169
   165
   172
   169
   172
   170
   167
   171
   178
   185
   184
   177
   182
   177
   175
   177
   173
   176
   173
   179
   176
   173
   174
   170
   171
   183
   187
   176
   176
   186
   194
   180
   124
   118
   127
   138
   140
   149
   148
   152
   155
   109
    79
   102
   117
   132
   150
   161
   155
   126
   131
   142
   160
   163
   161
   157
   161
   169
   174
   181
   170
   161
   159
   174
   147
    40
    46
    52
    51
    58
    79
   100
   103
   107
   123
   136
   148
   156
   163
   169
   166
   179
   178
   175
   179
   175
   176
   179
   175
   174
   180
   177
   180
   181
   180
   182
   182
   179
   178
   183
   187
   182
   184
   188
   187
   190
   192
   190
   186
   181
   182
   171
   175
   168
   168
   168
   167
   161
   160
   163
   181
   189
   186
   184
   183
   178
   176
   179
   178
   178
   172
   183
   182
   173
   173
   170
   172
   172
   175
   178
   183
   192
   202
   165
   119
   121
   126
   116
   130
   150
   160
   158
   162
    93
    81
   100
   115
   135
   145
   160
   162
   135
   150
   151
   159
   159
   150
   151
   153
   161
   167
   170
   169
   161
   159
   152
   146
    46
    42
    39
    47
    64
    86
    97
   100
   113
   123
   143
   148
   152
   163
   166
   169
   183
   184
   180
   166
   171
   176
   176
   174
   180
   180
   183
   184
   186
   183
   182
   185
   185
   185
   183
   181
   184
   186
   184
   188
   185
   193
   190
   179
   175
   172
   177
   174
   176
   174
   173
   169
   165
   160
   156
   162
   172
   181
   179
   172
   170
   171
   172
   174
   176
   176
   182
   186
   183
   171
   172
   169
   175
   175
   181
   193
   195
   175
   117
    95
   105
   108
   113
   124
   146
   159
   163
   148
    67
    79
   100
   115
   135
   143
   165
   172
   143
   164
   164
   162
   163
   149
   146
   154
   158
   167
   175
   168
   160
   167
   155
   138
    42
    48
    62
    68
    80
    81
    84
    90
   107
   120
   136
   145
   155
   155
   160
   173
   185
   192
   188
   172
   173
   175
   175
   175
   176
   182
   181
   178
   183
   185
   185
   187
   185
   185
   178
   183
   184
   184
   187
   185
   180
   182
   181
   176
   177
   182
   178
   179
   177
   181
   180
   175
   171
   165
   157
   151
   150
   157
   164
   172
   165
   164
   164
   168
   167
   165
   171
   174
   178
   172
   172
   166
   170
   173
   178
   196
   182
   140
   111
    83
    87
    91
   105
   127
   152
   158
   160
   112
    42
    86
   105
   121
   134
   141
   167
   162
   152
   161
   166
   168
   159
   149
   148
   155
   154
   157
   157
   169
   166
   153
   141
   130
    43
    48
    51
    52
    62
    74
    98
   112
   124
   121
   131
   143
   148
   159
   164
   173
   192
   192
   189
   183
   170
   175
   180
   178
   178
   184
   185
   183
   179
   180
   183
   182
   187
   192
   185
   187
   180
   183
   181
   184
   191
   190
   186
   175
   180
   178
   182
   180
   187
   186
   181
   170
   161
   156
   148
   146
   142
   142
   148
   152
   161
   160
   161
   165
   165
   165
   168
   171
   172
   176
   169
   170
   174
   175
   172
   165
   115
   116
   115
   116
   110
   105
    95
   132
   159
   159
   156
   116
    55
    90
   111
   124
   133
   154
   173
   164
   168
   176
   169
   170
   161
   145
   144
   140
   148
   152
   161
   167
   161
   147
   140
   125
    47
    49
    48
    56
    74
    85
    90
    96
   110
   124
   133
   141
   149
   159
   167
   179
   181
   186
   188
   176
   177
   173
   174
   180
   180
   181
   183
   183
   185
   185
   186
   186
   185
   184
   185
   185
   184
   182
   183
   184
   187
   188
   186
   181
   174
   169
   169
   178
   182
   178
   165
   157
   148
   139
   133
   130
   134
   138
   140
   143
   146
   156
   159
   158
   155
   158
   155
   155
   158
   165
   172
   171
   174
   170
   167
   166
   158
   118
   125
   134
   114
   106
   113
   127
   157
   164
   159
   133
    62
    98
   113
   121
   134
   157
   173
   160
   159
   177
   173
   171
   162
   154
   157
   161
   152
   145
   158
   155
   153
   143
   126
   118
    41
    41
    42
    54
    66
    78
    87
    97
   115
   126
   136
   150
   152
   159
   165
   173
   179
   187
   191
   177
   175
   173
   173
   175
   176
   180
   190
   187
   188
   185
   186
   186
   184
   184
   182
   185
   179
   183
   186
   186
   189
   189
   182
   171
   161
   160
   159
   155
   162
   155
   153
   150
   137
   123
   127
   123
   123
   125
   134
   145
   148
   149
   147
   152
   152
   153
   155
   152
   147
   145
   140
   156
   156
   159
   160
   177
   177
   129
   134
   132
   119
   109
   102
   112
   135
   167
   165
   142
    93
   101
   113
   124
   141
   164
   163
   155
   173
   175
   178
   172
   162
   150
   149
   153
   159
   159
   155
   154
   141
   127
   126
   120
    50
    47
    53
    62
    68
    75
    88
   104
   114
   132
   146
   145
   152
   161
   169
   175
   181
   181
   180
   173
   179
   174
   175
   178
   175
   177
   181
   181
   183
   185
   185
   188
   186
   183
   186
   182
   182
   185
   180
   185
   191
   182
   180
   174
   165
   157
   141
   143
   141
   152
   155
   144
   136
   149
   140
   137
   133
   130
   129
   133
   145
   150
   150
   147
   148
   148
   150
   157
   158
   161
   160
   160
   158
   156
   162
   156
   135
   140
   152
   145
   130
   119
   114
   116
   134
   160
   175
   145
   104
   102
   118
   136
   158
   161
   159
   164
   176
   176
   176
   175
   164
   162
   165
   157
   148
   145
   144
   138
   128
   146
   130
    97
    40
    40
    43
    52
    66
    88
    92
    86
   111
   139
   142
   145
   152
   161
   168
   172
   171
   176
   175
   176
   174
   175
   173
   175
   180
   182
   186
   181
   179
   183
   180
   184
   178
   184
   189
   179
   184
   185
   177
   178
   187
   185
   178
   170
   162
   144
   131
   127
   139
   153
   148
   129
   115
   108
   110
   129
   123
   130
   134
   139
   136
   143
   147
   150
   155
   154
   156
   155
   157
   162
   170
   179
   180
   176
   165
   152
   150
   159
   156
   159
   148
   128
   123
   113
   127
   147
   169
   151
    97
   104
   121
   145
   156
   162
   163
   170
   174
   174
   178
   176
   170
   159
   152
   156
   146
   151
   134
   132
   136
   125
   115
   118
    35
    41
    54
    62
    65
    77
    96
   112
   115
   138
   152
   152
   152
   161
   166
   165
   169
   176
   176
   180
   175
   176
   174
   172
   172
   174
   179
   185
   185
   187
   183
   184
   183
   184
   183
   179
   184
   186
   190
   193
   185
   181
   180
   163
   149
   129
   121
   131
   146
   153
   129
    99
    99
   103
   100
   111
   114
   130
   137
   136
   145
   141
   146
   151
   148
   151
   149
   151
   159
   163
   163
   172
   183
   180
   179
   172
   172
   162
   163
   162
   156
   148
   128
   119
   117
   152
   176
   159
   104
   110
   133
   157
   164
   160
   161
   170
   177
   180
   169
   164
   159
   151
   155
   154
   152
   155
   151
   136
   119
   108
   100
   125
    36
    35
    43
    51
    73
   103
   114
   126
   121
   128
   139
   152
   163
   168
   165
   171
   171
   172
   175
   180
   171
   171
   173
   175
   176
   180
   181
   185
   186
   188
   192
   183
   184
   180
   184
   183
   184
   183
   181
   182
   181
   174
   167
   157
   134
   110
    93
   120
   144
   145
   103
    79
    94
   115
    95
   106
   106
   117
   139
   142
   141
   151
   159
   156
   158
   147
   158
   157
   157
   161
   164
   165
   164
   169
   169
   167
   171
   167
   164
   164
   154
   139
   123
   120
   133
   160
   179
   162
   122
   132
   155
   169
   163
   168
   170
   175
   180
   179
   171
   168
   164
   150
   145
   154
   142
   125
   128
   125
   116
    92
   111
   123
    33
    41
    47
    51
    70
    81
    96
   122
   128
   123
   124
   141
   153
   161
   169
   172
   176
   174
   176
   176
   174
   173
   175
   175
   175
   182
   182
   189
   181
   185
   182
   183
   181
   184
   174
   179
   184
   186
   179
   177
   174
   171
   163
   148
   122
    92
    91
   110
   146
   132
    78
    80
    90
   104
    98
    96
   107
   117
   133
   148
   149
   146
   159
   168
   165
   158
   156
   157
   161
   160
   156
   157
   165
   160
   165
   164
   162
   165
   163
   167
   166
   147
   134
   128
   131
   130
   150
   165
   150
   145
   144
   160
   166
   170
   175
   177
   176
   169
   163
   156
   161
   151
   137
   138
   140
   127
   118
   117
   101
    96
   118
   124
    31
    34
    39
    55
    67
    86
    99
    93
   113
   133
   139
   146
   152
   162
   177
   184
   178
   174
   175
   179
   177
   173
   173
   174
   172
   177
   179
   179
   182
   184
   181
   174
   176
   172
   177
   174
   177
   178
   174
   176
   170
   170
   159
   142
   107
    76
    83
   114
   141
   122
    81
    88
    97
   119
   124
   107
   110
   120
   130
   143
   156
   156
   149
   160
   165
   163
   165
   155
   156
   168
   158
   164
   164
   167
   162
   163
   166
   160
   167
   171
   170
   156
   133
   116
   113
   128
   140
   160
   156
   141
   140
   154
   167
   175
   178
   180
   178
   171
   172
   148
   142
   142
   140
   128
   117
   112
   105
   100
    99
   116
   115
   105
    33
    33
    43
    41
    58
    81
   101
   112
   116
   123
   146
   164
   171
   176
   175
   198
   184
   178
   173
   172
   182
   177
   171
   172
   176
   174
   172
   176
   176
   182
   177
   176
   174
   173
   170
   168
   174
   172
   175
   177
   180
   170
   157
   134
    98
    64
    71
   112
   140
   110
    85
   101
   133
   164
   164
   131
   108
   112
   135
   143
   149
   154
   157
   160
   159
   162
   160
   158
   157
   159
   162
   165
   165
   157
   166
   164
   163
   166
   167
   168
   171
   175
   165
   139
   122
   125
   139
   147
   159
   149
   143
   150
   163
   165
   168
   173
   163
   161
   148
   154
   149
   146
   134
   129
   126
   108
    92
   101
   107
   105
   102
    99
    36
    35
    41
    43
    55
    67
    85
    96
   109
   123
   146
   163
   186
   188
   191
   190
   190
   181
   174
   175
   179
   179
   177
   175
   176
   174
   174
   175
   177
   177
   175
   168
   174
   173
   168
   172
   170
   172
   176
   180
   178
   169
   155
   136
    94
    62
    66
   116
   143
   111
    90
    96
   118
   119
   147
   164
   126
   122
   134
   144
   150
   159
   165
   165
   168
   166
   163
   158
   153
   157
   157
   161
   172
   177
   172
   171
   167
   169
   168
   167
   173
   175
   179
   165
   155
   145
   149
   161
   162
   163
   159
   154
   153
   155
   163
   167
   151
   139
   149
   138
   143
   135
   126
   117
   101
   109
   114
   111
   123
   127
   120
   124
    35
    35
    40
    42
    61
    80
    85
    96
   111
   130
   149
   177
   183
   199
   203
   204
   197
   187
   173
   171
   184
   177
   171
   169
   170
   171
   167
   173
   174
   173
   173
   171
   170
   166
   171
   171
   176
   177
   179
   179
   171
   163
   154
   139
    99
    64
    70
   115
   146
   119
    89
    69
    43
    55
    55
   113
   155
   121
   136
   152
   153
   162
   164
   169
   169
   163
   164
   159
   159
   161
   157
   154
   166
   172
   176
   171
   169
   173
   177
   170
   168
   165
   163
   175
   167
   165
   173
   174
   169
   168
   164
   169
   173
   165
   153
   158
   153
   153
   146
   139
   124
   133
   125
   125
   135
   124
   124
   130
   125
   103
   107
   146
    33
    33
    38
    42
    53
    61
    73
    93
   115
   128
   145
   175
   192
   208
   202
   184
   182
   187
   185
   180
   175
   182
   177
   175
   167
   171
   171
   171
   171
   172
   172
   170
   173
   171
   169
   169
   177
   175
   174
   172
   174
   158
   149
   143
    99
    66
    79
   125
   150
   129
    88
    64
    64
    47
    58
    76
   137
   124
   135
   156
   160
   160
   163
   172
   176
   167
   165
   160
   159
   161
   161
   166
   168
   169
   173
   176
   177
   170
   179
   179
   182
   178
   176
   173
   169
   173
   161
   161
   160
   158
   176
   168
   164
   168
   165
   156
   150
   153
   147
   145
   142
   125
   115
   123
   123
   130
   127
   114
   121
   100
   144
   152
    29
    39
    43
    41
    49
    60
    77
    99
   115
   125
   155
   171
   186
   209
   209
   198
   190
   186
   176
   180
   173
   176
   173
   166
   172
   173
   172
   170
   169
   168
   176
   173
   169
   172
   170
   171
   170
   176
   173
   171
   166
   160
   140
   128
    93
    68
    69
   115
   141
   134
    95
    67
    69
   120
    51
    71
   143
   120
   130
   157
   163
   169
   173
   173
   171
   170
   162
   162
   161
   161
   162
   164
   169
   170
   171
   173
   178
   178
   177
   180
   179
   180
   183
   181
   166
   164
   164
   167
   169
   169
   169
   181
   172
   154
   153
   151
   141
   132
   131
   123
   128
   127
   122
   129
   123
   116
   124
   118
   105
   136
   149
   157
    39
    40
    36
    37
    49
    76
    93
   106
   123
   116
   147
   161
   167
   185
   195
   197
   188
   193
   184
   174
   170
   173
   172
   170
   169
   169
   168
   175
   175
   175
   174
   170
   172
   173
   174
   173
   172
   170
   171
   169
   168
   160
   145
   127
    96
    72
    68
   111
   144
   149
   105
    75
    47
    38
   112
    75
   167
   122
   137
   171
   172
   170
   175
   183
   177
   170
   165
   162
   158
   160
   162
   164
   166
   175
   177
   170
   174
   173
   179
   178
   183
   184
   177
   175
   170
   171
   164
   163
   158
   146
   147
   149
   161
   163
   158
   142
   132
   127
   116
   118
   114
   117
   113
   122
   118
   121
   120
   112
   134
   151
   161
   164
    40
    35
    46
    42
    50
    78
    83
   103
   105
   118
   146
   182
   175
   193
   193
   194
   191
   176
   175
   175
   177
   175
   172
   173
   169
   169
   168
   164
   164
   164
   169
   172
   169
   175
   174
   172
   172
   176
   175
   173
   167
   162
   152
   139
   103
    79
    67
    94
   136
   153
   118
    71
    26
    27
   111
   173
   193
   136
   144
   167
   178
   176
   181
   184
   171
   167
   163
   159
   165
   170
   170
   173
   174
   176
   172
   174
   180
   178
   178
   180
   182
   181
   179
   175
   172
   175
   171
   166
   167
   157
   161
   152
   147
   152
   146
   141
   117
   122
   118
   124
   119
   109
   122
   115
   128
   119
   109
   132
   150
   156
   165
   166
    47
    39
    38
    39
    53
    65
    80
    97
   105
   125
   140
   162
   175
   185
   198
   195
   182
   174
   173
   168
   166
   167
   166
   165
   161
   164
   165
   166
   164
   166
   170
   168
   167
   169
   172
   171
   173
   172
   172
   172
   166
   155
   152
   135
   102
    78
    77
    97
   131
   156
   131
   105
    92
   126
   156
   207
   183
   129
   160
   171
   175
   177
   178
   179
   166
   159
   162
   173
   172
   172
   179
   173
   173
   176
   173
   174
   181
   177
   180
   182
   181
   182
   176
   178
   176
   164
   157
   158
   161
   158
   155
   158
   157
   155
   138
   132
   138
   132
   131
   134
   138
   123
   118
   112
   107
   108
   135
   152
   162
   168
   164
   168
    44
    37
    35
    41
    48
    75
    95
    95
   105
   119
   133
   155
   157
   176
   177
   186
   184
   168
   159
   165
   159
   162
   165
   164
   159
   162
   167
   168
   166
   169
   169
   169
   169
   169
   168
   166
   170
   169
   172
   168
   164
   158
   143
   122
    93
    81
    85
    94
   135
   164
   144
   115
   108
   165
   198
   201
   156
   130
   148
   166
   178
   179
   173
   171
   162
   159
   166
   167
   174
   179
   180
   178
   175
   183
   179
   182
   178
   178
   178
   180
   177
   174
   174
   166
   162
   158
   147
   151
   155
   150
   140
   144
   146
   142
   136
   130
   134
   129
   125
   120
   123
   127
   107
   111
   121
   137
   156
   162
   167
   165
   165
   165
    53
    38
    34
    44
    54
    69
    73
    96
   104
   105
   126
   140
   160
   166
   176
   168
   162
   166
   156
   156
   159
   159
   159
   162
   163
   162
   167
   169
   171
   172
   169
   163
   166
   168
   167
   169
   170
   173
   176
   174
   166
   156
   153
   122
    90
    83
    95
    95
   127
   156
   160
   121
   105
   104
   176
   162
   124
   124
   147
   165
   169
   170
   162
   155
   162
   162
   168
   175
   183
   179
   178
   177
   162
   174
   184
   179
   180
   183
   182
   179
   180
   176
   168
   171
   154
   146
   153
   147
   143
   139
   152
   146
   147
   139
   126
   116
   113
   114
   108
   115
   110
   112
   110
   135
   151
   159
   165
   166
   167
   169
   164
   164
    53
    42
    39
    37
    39
    51
    76
   107
   105
   105
   124
   138
   153
   164
   167
   164
   163
   161
   153
   152
   153
   153
   155
   153
   157
   160
   162
   163
   165
   166
   169
   165
   164
   166
   162
   165
   166
   169
   173
   170
   166
   154
   141
   128
    97
    80
    89
    88
   125
   165
   172
   131
   125
    79
    95
   121
   107
   121
   144
   163
   166
   160
   158
   161
   161
   165
   168
   166
   175
   179
   186
   182
   180
   180
   176
   176
   172
   169
   178
   173
   175
   165
   161
   157
   149
   153
   142
   145
   142
   139
   142
   133
   133
   127
   124
   130
   122
   120
   105
   109
   109
   127
   143
   153
   160
   165
   161
   161
   163
   161
   159
   160
    49
    40
    35
    39
    59
    64
    83
   100
   105
   103
   120
   137
   144
   149
   150
   146
   152
   156
   157
   154
   151
   157
   157
   159
   159
   161
   165
   168
   165
   166
   163
   166
   167
   161
   167
   169
   167
   168
   165
   157
   155
   158
   146
   117
    97
    89
    87
   105
   120
   149
   182
   159
   106
   119
    74
    84
   115
   132
   153
   160
   160
   158
   155
   160
   166
   167
   175
   182
   181
   182
   179
   179
   181
   183
   182
   172
   175
   170
   170
   168
   166
   164
   141
   140
   143
   144
   141
   139
   148
   143
   142
   133
   128
   121
   118
   114
   102
   105
   120
   128
   145
   155
   160
   165
   164
   162
   162
   162
   161
   162
   161
   159
    47
    43
    37
    43
    43
    62
    74
   105
   112
   111
   111
   122
   137
   145
   148
   147
   147
   150
   152
   154
   154
   161
   158
   161
   160
   162
   162
   162
   169
   166
   168
   166
   162
   160
   165
   167
   167
   165
   161
   162
   159
   157
   154
   142
    99
    91
    96
   106
   111
   143
   164
   173
   149
   115
   123
   102
   116
   137
   154
   155
   154
   156
   159
   167
   168
   169
   168
   173
   174
   176
   181
   178
   177
   177
   174
   174
   170
   165
   165
   153
   151
   145
   139
   143
   137
   147
   149
   139
   141
   141
   125
   132
   110
   106
   101
   103
   107
   129
   147
   158
   158
   162
   161
   164
   161
   159
   156
   153
   153
   156
   157
   154
    48
    38
    39
    35
    38
    46
    75
    95
   115
   114
   115
   121
   133
   138
   143
   142
   144
   151
   152
   149
   151
   151
   156
   156
   157
   161
   163
   164
   164
   166
   162
   163
   170
   162
   167
   167
   167
   167
   162
   163
   159
   158
   153
   158
   144
    87
    85
   106
   114
   132
   157
   168
   171
   166
   157
   146
   142
   151
   158
   161
   161
   161
   164
   166
   167
   162
   172
   171
   167
   166
   166
   169
   170
   171
   170
   163
   159
   155
   153
   148
   138
   141
   145
   147
   141
   146
   139
   136
   130
   118
   108
    88
   106
   114
   133
   140
   157
   160
   161
   162
   166
   164
   162
   144
   155
   158
   157
   157
   151
   146
   124
   104
    42
    31
    34
    40
    29
    36
    54
    84
   104
   116
   117
   120
   132
   137
   139
   143
   147
   145
   152
   153
   154
   151
   152
   163
   159
   163
   161
   165
   166
   167
   169
   167
   164
   168
   170
   166
   163
   163
   159
   157
   156
   146
   147
   151
   156
   133
    92
    88
   109
   122
   155
   167
   167
   162
   162
   161
   155
   154
   161
   166
   167
   169
   166
   164
   163
   165
   166
   164
   168
   172
   174
   165
   161
   163
   164
   159
   147
   145
   136
   134
   127
   132
   137
   131
   137
   127
   117
   103
    96
    96
   107
   129
   145
   156
   160
   170
   169
   171
   165
   156
   137
   128
   110
   163
   112
    82
    94
    91
   104
    95
    99
    94
    41
    35
    39
    33
    30
    35
    43
    77
    99
   104
   109
   115
   126
   145
   145
   141
   145
   146
   145
   146
   152
   153
   152
   156
   156
   161
   163
   163
   171
   169
   164
   164
   161
   159
   163
   161
   162
   159
   157
   152
   152
   156
   145
   143
   145
   136
   111
   106
   108
   117
   140
   160
   161
   161
   161
   164
   169
   168
   167
   167
   166
   159
   161
   161
   163
   163
   163
   162
   161
   159
   156
   151
   155
   154
   149
   145
   135
   127
   128
   127
   129
   132
   121
   115
   111
   110
   114
   125
   132
   141
   134
   127
   119
   111
   101
    87
    81
    60
    53
    44
    34
    27
    30
    87
   213
   136
   125
   110
    72
   108
   110
   111
    40
    36
    34
    35
    31
    36
    32
    50
    84
   112
   114
   118
   123
   128
   138
   140
   142
   147
   147
   150
   152
   150
   151
   157
   155
   157
   157
   160
   158
   164
   169
   169
   166
   164
   163
   164
   163
   159
   153
   155
   152
   153
   147
   140
   136
   139
    97
    87
   101
   102
   126
   137
   149
   152
   157
   161
   163
   167
   165
   165
   163
   159
   158
   160
   159
   153
   150
   151
   153
   151
   151
   145
   148
   141
   131
   124
   115
   121
   125
   114
    97
    76
    76
    74
    75
    70
    69
    63
    53
    39
    46
    39
    41
    33
    41
    40
    42
    42
    41
    39
    40
    38
    39
    34
   144
   216
   145
   136
   138
    77
    93
   125
    42
    41
    37
    33
    27
    28
    34
    36
    54
    85
   109
   117
   117
   120
   132
   145
   148
   148
   148
   145
   152
   152
   154
   150
   153
   159
   156
   159
   164
   160
   162
   160
   159
   157
   157
   154
   151
   156
   153
   150
   151
   150
   148
   142
   136
   127
   137
   102
    85
    92
   109
   122
   136
   144
   150
   154
   161
   160
   155
   154
   154
   157
   154
   147
   150
   150
   149
   151
   148
   152
   147
   142
   122
    97
    99
   109
    92
    72
    57
    49
    46
    49
    46
    46
    45
    48
    43
    47
    50
    55
    52
    53
    50
    48
    50
    52
    46
    49
    47
    50
    46
    46
    38
    39
    31
   165
   214
   165
   124
   153
   105
    75
    39
    44
    42
    31
    31
    28
    26
    31
    41
    60
    84
   112
   121
   122
   126
   130
   143
   148
   146
   148
   146
   149
   151
   152
   152
   149
   156
   156
   157
   154
   150
   157
   155
   153
   154
   155
   150
   152
   154
   152
   151
   153
   149
   144
   139
   133
   129
   131
   125
   126
   128
   136
   139
   144
   147
   150
   150
   153
   152
   150
   150
   153
   151
   153
   148
   148
   151
   152
   137
   114
    92
    81
    95
    95
    61
    52
    51
    50
    46
    48
    51
    52
    52
    52
    53
    54
    51
    52
    46
    48
    44
    49
    50
    54
    54
    50
    53
    50
    48
    49
    49
    45
    46
    40
    41
    42
   166
   227
   202
   145
   144
   150
    52
    46
    41
    35
    26
    26
    29
    31
    32
    33
    48
    81
   110
   122
   123
   127
   130
   141
   144
   148
   146
   144
   144
   148
   152
   150
   152
   153
   155
   152
   152
   148
   145
   153
   150
   148
   154
   151
   150
   150
   149
   150
   146
   139
   140
   137
   136
   134
   138
   139
   146
   144
   141
   146
   148
   152
   150
   150
   149
   151
   149
   152
   149
   151
   150
   149
   112
    83
    84
    98
   121
   143
   166
   130
    44
    55
    54
    56
    55
    56
    58
    55
    53
    54
    49
    52
    55
    51
    52
    55
    54
    56
    55
    57
    52
    51
    49
    48
    49
    48
    50
    50
    47
    48
    44
    35
    36
   146
   224
   217
   209
   181
    40
    43
    34
    41
    43
    37
    40
    30
    33
    35
    35
    45
    68
   109
   126
   133
   131
   129
   135
   141
   142
   144
   144
   147
   145
   148
   145
   144
   150
   149
   152
   154
   154
   153
   149
   149
   143
   146
   150
   149
   148
   143
   138
   136
   140
   145
   143
   147
   145
   146
   152
   156
   156
   155
   153
   155
   152
   150
   151
   154
   152
   150
   146
   130
    96
    45
    98
   147
   147
   159
   166
   176
   182
   159
    51
    56
    54
    56
    53
    53
    49
    51
    47
    51
    54
    47
    50
    54
    54
    48
    50
    50
    53
    52
    52
    53
    54
    55
    58
    57
    55
    54
    51
    55
    54
    51
    41
    35
   100
   221
   225
   219
    46
    52
    49
    40
    39
    35
    34
    38
    30
    29
    30
    31
    35
    52
    88
   121
   138
   137
   131
   135
   142
   142
   147
   144
   144
   146
   145
   149
   147
   143
   143
   143
   146
   144
   142
   143
   145
   146
   143
   145
   143
   141
   146
   143
   146
   140
   144
   146
   148
   142
   134
   127
   120
   113
   122
   127
   131
   132
   133
   126
   113
    88
    60
    26
    46
   113
   154
   159
   161
   161
   176
   177
   185
   164
    63
    56
    53
    49
    54
    53
    51
    55
    52
    50
    52
    53
    54
    51
    52
    56
    54
    56
    58
    56
    55
    56
    59
    58
    51
    54
    53
    58
    53
    55
    48
    47
    48
    43
    35
    53
   161
   229
    50
    47
    45
    43
    36
    37
    47
    41
    34
    35
    28
    30
    29
    30
    43
    66
   100
   128
   139
   138
   134
   133
   133
   142
   142
   142
   142
   144
   145
   146
   146
   145
   143
   142
   143
   144
   147
   141
   143
   137
   136
   137
   140
   142
   132
   117
    99
    80
    69
    47
    34
    28
    36
    40
    36
    31
    41
    49
    45
    47
    46
    54
    91
   112
    93
    82
   141
   177
   176
   168
   164
   173
   185
   149
    66
    56
    60
    55
    53
    50
    51
    49
    53
    53
    51
    52
    49
    53
    55
    53
    58
    59
    55
    59
    59
    63
    58
    58
    58
    57
    57
    54
    56
    51
    56
    51
    48
    50
    50
    42
    42
    67
    39
    45
    38
    44
    43
    32
    36
    40
    40
    38
    36
    31
    33
    36
    32
    33
    53
    78
   106
   126
   138
   140
   139
   137
   138
   142
   143
   142
   141
   140
   143
   140
   144
   141
   140
   137
   140
   139
   139
   138
   137
   128
   103
    82
    62
    51
    44
    50
    33
    49
    49
    44
    41
    34
    34
    46
    45
    43
    47
    51
    72
    86
    68
    57
    98
   141
   172
   174
   170
   174
   170
   174
   173
   111
    54
    56
    54
    52
    49
    54
    52
    52
    51
    53
    53
    51
    54
    54
    57
    54
    57
    57
    61
    59
    58
    60
    57
    60
    62
    59
    62
    57
    57
    54
    53
    51
    52
    48
    49
    56
    50
    51
    51
    39
    47
    42
    36
    41
    41
    40
    43
    40
    36
    30
    28
    31
    30
    39
    37
    49
    53
    73
    95
   115
   128
   128
   130
   130
   131
   128
   127
   120
   110
   120
   123
   128
   125
   128
   124
   123
   114
   102
    80
    66
    61
    58
    40
    39
    36
    27
    34
    25
    32
    24
    25
    35
    48
    28
    35
    40
    51
    70
    77
    61
    59
    62
   109
   164
   190
   175
   160
   167
   169
   178
   157
    74
    61
    58
    58
    56
    54
    56
    50
    54
    57
    53
    57
    51
    57
    55
    59
    61
    62
    62
    57
    61
    59
    61
    65
    58
    56
    61
    59
    56
    51
    61
    59
    53
    48
    51
    53
    51
    51
    61
    47
    45
    49
    55
    42
    40
    37
    44
    39
    40
    50
    42
    38
    44
    33
    34
    36
    38
    48
    51
    54
    64
    83
    93
   100
   107
   106
   101
   101
    98
    99
    87
    80
    75
    80
    77
    72
    55
    40
    44
    39
    28
    32
    29
    30
    30
    34
    32
    40
    43
    44
    79
   115
   140
   130
   147
   128
   114
   100
    87
    76
    81
    87
    99
   125
   154
   145
   167
   165
   169
   172
   174
    96
    55
    56
    57
    54
    55
    57
    52
    57
    56
    55
    58
    54
    55
    53
    56
    56
    55
    56
    62
    63
    58
    62
    58
    58
    61
    61
    61
    62
    63
    61
    59
    57
    55
    60
    54
    51
    54
    52
    60
    45
    43
    41
    54
    38
    42
    40
    38
    43
    49
    58
    56
    36
    46
    45
    44
    43
    35
    51
    47
    55
    59
    63
    61
    60
    67
    70
    73
    67
    70
    60
    57
    55
    60
    48
    38
    47
    45
    47
    36
    36
    37
    32
    39
    41
    39
    34
    40
    31
    45
    75
   135
   149
   133
   136
   170
   167
   157
   145
   137
   116
   116
   115
   127
   164
   169
   150
   135
   149
   166
   151
    80
    53
    55
    60
    61
    57
    57
    56
    56
    54
    55
    56
    56
    50
    54
    57
    58
    58
    61
    62
    65
    63
    67
    62
    65
    62
    65
    58
    62
    61
    61
    59
    63
    57
    55
    51
    50
    48
    50
    51
    50
    40
    50
    37
    40
    43
    52
    43
    44
    41
    45
    55
    60
    44
    40
    43
    51
    58
    40
    37
    52
    44
    45
    40
    42
    49
    44
    39
    46
    44
    37
    44
    50
    50
    40
    51
    58
    41
    42
    34
    35
    39
    40
    36
    51
    41
    32
    32
    32
    65
    95
   108
   129
   141
   146
   170
   179
   180
   171
   160
   149
   144
   147
   165
   176
   163
   100
    60
    49
    40
    37
    40
    54
    52
    58
    57
    50
    51
    54
    58
    53
    57
    55
    57
    61
    61
    57
    59
    57
    59
    58
    58
    61
    61
    63
    63
    64
    64
    57
    60
    58
    56
    61
    60
    58
    55
    59
    58
    53
    55
    54
    48
    54
    55
    29
    42
    44
    36
    45
    47
    44
    54
    47
    47
    48
    53
    48
    47
    49
    67
    72
    51
    50
    46
    39
    43
    43
    40
    47
    44
    38
    40
    52
    51
    50
    47
    51
    39
    31
    40
    43
    33
    34
    34
    28
    37
    41
    49
    50
    54
    63
   104
   110
   123
   139
   160
   169
   173
   172
   177
   178
   176
   174
   169
   169
   144
   104
    55
    45
    52
    60
    53
    61
    60
    59
    60
    60
    56
    60
    58
    58
    57
    58
    51
    60
    57
    53
    59
    60
    58
    61
    62
    61
    63
    64
    64
    60
    60
    59
    61
    62
    60
    59
    62
    59
    59
    65
    65
    56
    53
    51
    49
    50
    53
    51
    59
    52
    41
    39
    40
    39
    51
    51
    47
    45
    55
    56
    47
    51
    42
    41
    49
    45
    52
    50
    45
    35
    40
    53
    56
    47
    51
    56
    55
    50
    46
    39
    37
    27
    29
    30
    33
    26
    35
    52
    57
    61
    56
    63
    62
    60
    62
   116
   132
   144
   125
   126
   127
   124
   127
   130
   127
   116
   112
   132
   124
    78
    48
    46
    50
    66
    54
    58
    63
    62
    58
    57
    57
    56
    58
    60
    54
    57
    58
    56
    57
    54
    60
    62
    60
    64
    65
    63
    57
    61
    64
    66
    61
    64
    65
    65
    65
    64
    61
    63
    59
    59
    59
    57
    62
    58
    59
    58
    58
    53
    54
    55
    64
    64
    52
    43
    36
    44
    41
    42
    51
    49
    54
    52
    55
    53
    51
    44
    36
    43
    40
    42
    42
    51
    43
    39
    37
    43
    38
    35
    38
    38
    34
    33
    39
    37
    32
    29
    37
    50
    61
    61
    57
    62
    60
    62
    55
    58
    95
   143
   149
   130
   116
   123
   146
   160
   150
   128
   110
   125
   154
   124
    63
    48
    52
    58
    58
    58
    59
    54
    54
    53
    58
    58
    57
    58
    58
    54
    56
    57
    54
    56
    57
    60
    64
    62
    64
    63
    64
    61
    68
    67
    63
    60
    67
    60
    65
    67
    63
    63
    63
    64
    66
    63
    61
    64
    55
    62
    58
    55
    57
    52
    48
    57
    59
    66
    64
    61
    55
    35
    40
    37
    37
    41
    41
    45
    48
    47
    49
    42
    38
    36
    49
    37
    41
    34
    40
    47
    41
    35
    36
    34
    28
    31
    29
    22
    23
    27
    43
    55
    60
    65
    59
    55
    60
    62
    60
    58
    61
    65
   123
   169
   155
   140
   150
   155
   140
   128
   132
   153
   176
   168
   115
    55
    59
    59
    58
    52
    52
    59
    55
    60
    57
    56
    55
    54
    56
    59
    58
    55
    60
    59
    64
    61
    60
    64
    60
    64
    65
    65
    67
    66
    65
    63
    63
    63
    65
    67
    67
    64
    65
    64
    68
    66
    65
    61
    67
    64
    65
    64
    62
    59
    54
    56
    56
    51
    66
    67
    61
    65
    59
    56
    42
    31
    34
    38
    42
    29
    36
    44
    44
    41
    42
    45
    44
    42
    40
    45
    41
    33
    29
    27
    41
    37
    35
    27
    22
    29
    38
    51
    60
    61
    67
    62
    57
    57
    61
    55
    59
    62
    57
    63
   125
   151
   114
   127
   131
   119
   139
   158
   160
   111
    66
    49
    44
    57
    61
    51
    59
    54
    56
    52
    57
    57
    57
    57
    56
    59
    59
    59
    57
    60
    57
    59
    64
    61
    59
    59
    62
    66
    66
    66
    62
    69
    64
    63
    62
    67
    62
    68
    67
    66
    68
    71
    69
    66
    60
    63
    63
    68
    68
    64
    65
    63
    62
    56
    54
    55
    63
    64
    69
    61
    61
    58
    66
    62
    42
    35
    44
    35
    37
    28
    43
    45
    37
    33
    34
    37
    40
    43
    42
    41
    34
    32
    27
    31
    29
    39
    49
    52
    62
    57
    57
    60
    57
    61
    59
    52
    51
    57
    56
    57
    60
    57
    77
   161
   183
   177
   174
   167
   141
   112
    64
    54
    50
    57
    58
    60
    59
    60
    49
    57
    58
    55
    56
    56
    58
    56
    59
    57
    61
    66
    65
    65
    66
    63
    56
    61
    62
    62
    63
    61
    61
    61
    66
    63
    67
    62
    61
    55
    62
    66
    65
    69
    63
    66
    64
    64
    68
    64
    67
    68
    63
    64
    62
    64
    62
    60
    60
    53
