    42
    44
    46
    46
    47
    49
    50
    50
    50
    53
    51
    59
    55
    57
    58
    54
    57
    58
    56
    56
    58
    59
    60
    61
    64
    63
    61
    59
    52
    61
    57
    54
    52
    58
    60
    50
    53
    53
    55
    54
    48
    51
    53
    49
    49
    56
    48
    50
    57
    58
    46
    55
   112
   115
   114
    93
    79
    72
    56
    49
    42
    45
    49
    49
    48
    65
    58
    58
    60
    61
    61
    52
    58
    56
    53
    56
    57
    50
    54
    51
    46
    48
    48
    50
    47
    51
    50
    44
    42
    43
    42
    45
    43
    49
    46
    45
    45
    51
    46
    40
    37
    46
    44
    40
    44
    44
    37
    39
    39
    63
   113
   128
    47
    47
    49
    49
    50
    48
    51
    49
    51
    50
    50
    49
    55
    50
    53
    54
    54
    55
    58
    59
    56
    57
    55
    56
    62
    60
    62
    63
    65
    57
    57
    58
    59
    51
    48
    54
    50
    46
    46
    43
    50
    48
    54
    58
    59
    51
    55
    57
    56
    58
    60
   143
   162
   150
   155
   155
   164
   156
   155
   138
   127
    93
    70
    49
    46
    36
    50
    53
    56
    51
    50
    54
    53
    55
    54
    54
    47
    55
    53
    54
    55
    50
    50
    51
    52
    50
    43
    48
    48
    47
    46
    45
    49
    44
    44
    43
    45
    39
    38
    47
    47
    41
    39
    45
    45
    40
    44
    43
    41
    68
   108
   118
    46
    45
    46
    49
    52
    51
    52
    52
    53
    53
    55
    53
    53
    56
    59
    61
    54
    57
    58
    59
    57
    54
    60
    56
    61
    64
    62
    63
    59
    58
    57
    60
    54
    66
    61
    64
    68
    71
    71
    75
    70
    69
    57
    66
    38
    50
    61
    63
    60
    61
    80
   181
   148
   125
   114
   120
   127
   139
   141
   158
   160
   157
   142
   113
    82
    66
    42
    33
    37
    40
    52
    48
    56
    54
    50
    59
    58
    57
    57
    52
    53
    53
    54
    51
    46
    52
    50
    47
    49
    47
    45
    50
    44
    44
    44
    47
    48
    46
    50
    42
    40
    44
    44
    41
    41
    42
    38
    42
    44
    53
    68
    68
    48
    48
    50
    48
    47
    46
    49
    49
    54
    52
    55
    50
    55
    58
    58
    52
    58
    56
    55
    53
    63
    65
    65
    61
    56
    56
    59
    53
    55
    53
    57
    64
    84
    86
    88
   103
   120
   119
   131
   131
   117
    95
    50
    57
    94
    78
    79
    76
    69
    65
    86
   184
   179
   129
    94
    67
    64
    65
    75
    75
    90
   110
   140
   158
   161
   152
   133
   111
    81
    59
    39
    38
    38
    39
    51
    52
    57
    51
    53
    54
    56
    52
    51
    51
    55
    49
    53
    48
    48
    47
    48
    44
    43
    50
    53
    46
    42
    43
    42
    47
    42
    40
    42
    46
    45
    46
    44
    42
    43
    51
    63
    25
    47
    48
    45
    45
    50
    50
    51
    51
    54
    51
    48
    50
    51
    52
    55
    54
    50
    59
    62
    61
    56
    58
    48
    55
    59
    57
    50
    60
    61
    71
    85
    95
    91
    99
   114
   144
   150
   136
   136
   124
   117
   108
   132
   221
   126
   115
    83
    74
    65
    68
    57
   109
   158
   149
   111
    94
   104
   120
   130
   138
   139
   145
   153
   161
   172
   187
   193
   188
   179
   153
   120
    95
    76
    66
    54
    46
    45
    54
    51
    54
    48
    55
    52
    51
    48
    53
    53
    55
    46
    50
    47
    54
    52
    48
    40
    46
    46
    49
    50
    42
    51
    47
    43
    40
    39
    39
    43
    45
    41
    49
    61
    38
    47
    46
    49
    52
    51
    49
    49
    53
    55
    50
    52
    51
    57
    53
    53
    54
    57
    54
    55
    56
    57
    50
    63
    70
    75
    71
    78
    92
   122
   123
   117
   114
   116
   128
   143
   153
   142
   145
   137
   133
   138
   150
   176
   220
   182
   137
   128
   116
    92
    68
    59
    69
   111
   141
   162
   176
   186
   193
   197
   197
   198
   198
   199
   198
   194
   194
   196
   195
   196
   193
   187
   173
   164
   148
   111
    74
    54
    39
    41
    42
    47
    49
    49
    53
    50
    51
    48
    47
    50
    44
    49
    44
    52
    45
    50
    48
    49
    46
    43
    40
    40
    41
    43
    42
    42
    41
    43
    40
    38
    40
    57
    57
    46
    42
    46
    47
    47
    47
    49
    50
    46
    52
    54
    49
    46
    59
    58
    55
    55
    52
    54
    51
    52
    73
    90
    85
    90
    93
   100
    97
   111
   115
   112
   119
   135
   152
   159
   163
   159
   160
   175
   180
   187
   198
   188
   209
    99
   150
   176
   154
   113
   116
   144
   163
   184
   191
   201
   202
   205
   203
   205
   204
   204
   203
   202
   201
   199
   197
   196
   195
   194
   194
   191
   190
   185
   184
   171
   145
   122
    99
    74
    52
    39
    34
    39
    40
    50
    49
    51
    51
    50
    49
    50
    52
    47
    50
    49
    46
    41
    42
    44
    46
    44
    47
    44
    47
    43
    42
    38
    42
    38
    41
    64
   101
    50
    48
    45
    54
    53
    55
    50
    48
    55
    55
    51
    48
    52
    51
    54
    58
    51
    53
    49
    69
    91
    99
   108
    93
    77
    76
    83
    91
   106
   129
   144
   166
   175
   183
   191
   199
   204
   207
   208
   213
   216
   218
   191
   136
   110
   146
   165
   159
   139
   143
   155
   160
   173
   197
   207
   207
   207
   210
   207
   208
   207
   206
   203
   202
   198
   199
   197
   196
   196
   193
   190
   186
   185
   184
   180
   179
   176
   173
   160
   147
   123
   100
    67
    51
    36
    39
    45
    46
    45
    50
    51
    49
    47
    50
    45
    48
    47
    48
    43
    45
    45
    44
    45
    45
    44
    44
    45
    40
    40
    35
    66
   141
    46
    44
    48
    44
    47
    48
    48
    52
    50
    45
    54
    53
    54
    50
    55
    51
    52
    58
    99
   107
    93
    86
    89
    90
   102
   133
   144
   166
   185
   194
   202
   206
   207
   208
   209
   208
   207
   207
   211
   213
   197
   180
   161
   150
   131
   135
   138
   132
   111
   114
   155
   170
   183
   180
   188
   207
   207
   209
   210
   210
   209
   206
   205
   199
   196
   197
   197
   195
   196
   192
   187
   185
   181
   178
   167
   171
   176
   179
   179
   175
   172
   163
   151
   131
   106
    75
    48
    40
    39
    50
    44
    49
    47
    42
    48
    49
    48
    50
    51
    46
    39
    42
    50
    38
    40
    44
    38
    28
    23
    44
   120
   158
    48
    48
    50
    49
    49
    49
    48
    49
    52
    56
    51
    54
    53
    53
    54
    53
    64
   107
   111
    82
    80
   104
   126
   143
   165
   184
   196
   204
   204
   203
   205
   204
   209
   207
   205
   206
   207
   205
   199
   173
   165
   163
   164
   172
   179
   176
   171
   137
   128
   170
   197
   202
   208
   208
   202
   195
   211
   212
   213
   211
   209
   206
   205
   202
   198
   196
   196
   195
   191
   190
   189
   183
   181
   172
   165
   167
   169
   173
   173
   175
   174
   173
   169
   160
   152
   137
   116
    78
    57
    38
    39
    39
    43
    48
    51
    47
    47
    44
    46
    42
    48
    40
    35
    40
    28
    19
    21
    38
    72
   118
   155
   172
    46
    45
    50
    47
    48
    48
    49
    51
    52
    53
    56
    54
    56
    53
    48
    58
    91
   105
    72
    66
   101
   155
   179
   194
   199
   200
   202
   202
   202
   205
   205
   206
   206
   207
   205
   207
   208
   198
   163
   142
   147
   164
   188
   194
   200
   198
   197
   145
   174
   210
   211
   215
   211
   212
   214
   205
   204
   211
   212
   210
   209
   207
   204
   202
   200
   198
   200
   196
   193
   191
   187
   183
   177
   171
   169
   167
   169
   169
   168
   169
   167
   166
   164
   161
   159
   156
   147
   138
   114
    84
    50
    37
    32
    28
    22
    23
    24
    25
    26
    24
    22
    20
    20
    25
    49
    77
   104
   128
   152
   166
   175
   176
    46
    45
    48
    45
    48
    54
    46
    50
    52
    49
    55
    51
    50
    53
    76
    98
    76
    71
    94
   139
   176
   190
   196
   198
   202
   203
   203
   210
   214
   213
   214
   212
   212
   210
   209
   209
   200
   164
   129
   131
   140
   143
   173
   188
   194
   198
   188
   142
   187
   212
   215
   213
   213
   211
   213
   212
   198
   208
   210
   209
   209
   207
   204
   203
   200
   195
   198
   194
   192
   190
   183
   182
   177
   178
   173
   169
   167
   163
   165
   163
   166
   165
   163
   160
   153
   155
   154
   151
   148
   136
   108
    85
    72
    79
    81
    82
    79
    80
    83
    87
    90
   105
   118
   131
   140
   152
   162
   167
   173
   176
   175
   174
    52
    51
    50
    49
    48
    49
    49
    50
    52
    53
    54
    58
    61
    81
    92
    81
    87
   126
   164
   187
   192
   192
   195
   197
   202
   207
   208
   210
   212
   214
   214
   215
   213
   213
   211
   203
   173
   126
   115
   111
   119
   148
   172
   178
   181
   182
   174
   138
   174
   211
   212
   215
   213
   214
   212
   213
   203
   193
   207
   210
   209
   206
   205
   203
   200
   195
   192
   188
   185
   183
   182
   177
   178
   177
   173
   170
   163
   158
   158
   162
   158
   157
   157
   155
   149
   147
   146
   142
   142
   144
   143
   140
   149
   157
   158
   158
   160
   155
   157
   155
   162
   164
   165
   168
   168
   174
   173
   174
   174
   174
   175
   175
    49
    48
    45
    45
    46
    48
    52
    51
    54
    51
    48
    46
    60
    96
   101
   107
   142
   175
   183
   188
   188
   193
   194
   201
   205
   207
   208
   210
   212
   212
   213
   213
   211
   210
   208
   188
   146
   115
   119
   113
   132
   161
   173
   173
   167
   159
   147
   127
   166
   208
   213
   212
   213
   211
   212
   210
   208
   182
   199
   207
   207
   207
   202
   197
   193
   193
   185
   184
   182
   181
   182
   180
   177
   176
   176
   168
   165
   163
   163
   162
   162
   157
   156
   152
   153
   150
   145
   139
   141
   136
   137
   143
   148
   154
   162
   167
   172
   174
   171
   173
   172
   172
   170
   170
   169
   170
   170
   168
   164
   168
   168
   168
    47
    44
    51
    49
    51
    50
    47
    46
    49
    52
    51
    65
    86
    99
   121
   149
   178
   186
   188
   190
   196
   197
   200
   204
   205
   207
   207
   211
   210
   211
   212
   210
   209
   209
   205
   182
   147
   123
   120
   120
   135
   168
   162
   151
   131
   116
   130
   131
   156
   206
   214
   211
   211
   209
   208
   208
   208
   185
   184
   201
   204
   202
   198
   189
   185
   182
   182
   180
   182
   180
   180
   179
   175
   179
   179
   174
   176
   172
   169
   171
   168
   167
   163
   160
   156
   152
   146
   144
   137
   136
   135
   135
   135
   136
   140
   148
   155
   161
   165
   164
   168
   166
   164
   163
   164
   161
   162
   162
   165
   164
   163
   165
    47
    48
    42
    47
    46
    47
    49
    52
    50
    53
    62
    83
   112
   129
   158
   181
   187
   189
   191
   195
   199
   199
   202
   204
   208
   208
   208
   208
   208
   211
   209
   209
   207
   204
   199
   174
   131
   122
   127
   128
   138
   155
   144
   111
   118
   140
   133
   112
   135
   197
   207
   209
   206
   206
   203
   206
   207
   187
   170
   199
   203
   200
   191
   179
   178
   180
   179
   180
   185
   178
   178
   180
   181
   176
   177
   174
   174
   173
   176
   170
   170
   165
   162
   159
   158
   155
   152
   144
   142
   139
   138
   134
   134
   140
   134
   134
   137
   144
   151
   155
   154
   154
   157
   158
   156
   157
   155
   154
   156
   159
   158
   157
    46
    47
    52
    46
    50
    46
    50
    42
    55
    71
   100
   114
   123
   152
   172
   184
   187
   190
   191
   193
   198
   202
   206
   207
   204
   208
   206
   206
   204
   208
   208
   205
   203
   200
   193
   159
   119
   114
   124
   139
   142
   168
   137
   139
   192
   152
   114
   119
   133
   174
   197
   202
   202
   201
   199
   199
   201
   193
   158
   191
   193
   190
   179
   171
   177
   181
   181
   181
   182
   178
   178
   177
   177
   179
   176
   173
   170
   171
   169
   168
   163
   162
   159
   155
   156
   155
   150
   148
   143
   140
   133
   132
   136
   132
   138
   135
   132
   129
   137
   144
   149
   150
   149
   152
   151
   147
   147
   146
   147
   148
   149
   150
    43
    47
    47
    49
    50
    53
    50
    72
    82
   102
   119
   129
   143
   164
   178
   185
   189
   189
   190
   195
   199
   204
   205
   205
   205
   206
   208
   206
   207
   206
   206
   205
   202
   194
   175
   137
   112
   114
   117
   135
   138
   157
   144
   184
   188
   126
   107
   123
   135
   164
   185
   188
   197
   191
   189
   187
   191
   187
   151
   183
   186
   186
   178
   168
   170
   174
   177
   182
   178
   178
   175
   176
   175
   173
   169
   166
   163
   162
   161
   153
   152
   153
   150
   148
   148
   149
   147
   143
   142
   139
   135
   133
   135
   139
   137
   136
   132
   130
   126
   126
   134
   136
   141
   141
   142
   142
   142
   141
   144
   139
   142
   144
    48
    46
    43
    49
    55
    51
    67
    96
   110
   107
   124
   133
   156
   172
   180
   186
   185
   188
   190
   194
   198
   205
   201
   203
   206
   208
   206
   206
   204
   206
   208
   204
   200
   190
   171
   130
   112
   113
   115
   126
   126
   147
   157
   187
   141
    99
   115
   128
   127
   147
   158
   161
   174
   178
   174
   178
   182
   186
   147
   174
   182
   177
   168
   162
   172
   176
   178
   177
   177
   175
   173
   171
   173
   171
   161
   158
   159
   159
   157
   154
   150
   141
   133
   135
   135
   135
   133
   134
   134
   136
   138
   142
   145
   143
   141
   137
   133
   132
   130
   124
   123
   130
   129
   131
   136
   136
   137
   131
   133
   136
   135
   138
    42
    48
    51
    51
    52
    51
    90
   124
   116
   110
   119
   145
   168
   180
   183
   184
   183
   187
   193
   195
   197
   198
   203
   201
   200
   201
   200
   200
   202
   204
   203
   203
   198
   186
   166
   125
   114
   110
   108
   118
   118
   133
   170
   165
   118
    98
   118
   120
   118
   123
   134
   132
   153
   165
   169
   171
   171
   174
   142
   170
   174
   174
   165
   165
   173
   180
   181
   177
   175
   176
   169
   168
   165
   167
   176
   180
   184
   176
   166
   151
   134
   125
   123
   122
   124
   124
   128
   129
   131
   130
   134
   139
   146
   146
   142
   141
   136
   134
   128
   122
   118
   113
   116
   121
   120
   129
   134
   129
   128
   126
   130
   125
    44
    49
    40
    52
    57
    80
   100
   123
   112
   107
   125
   156
   172
   177
   179
   183
   183
   188
   189
   194
   196
   199
   198
   198
   200
   198
   197
   199
   201
   203
   202
   202
   198
   188
   161
   125
   118
   112
   100
   111
   114
   127
   175
   145
   108
   106
    92
   104
   104
   107
   112
   114
   140
   158
   169
   171
   171
   175
   141
   159
   169
   167
   159
   166
   178
   174
   175
   170
   164
   165
   161
   160
   170
   183
   192
   193
   186
   175
   152
   130
   118
   108
   111
   111
   114
   123
   129
   134
   135
   134
   135
   136
   137
   139
   137
   137
   137
   135
   133
   129
   121
   117
   111
   113
   121
   126
   125
   126
   121
   122
   126
   125
    43
    46
    49
    58
    76
    93
   103
    96
    92
    96
   125
   157
   177
   176
   177
   180
   184
   186
   190
   193
   195
   197
   195
   195
   194
   194
   197
   197
   199
   200
   203
   200
   196
   185
   160
   118
   122
   110
   102
   110
   117
   127
   172
   132
   106
    98
    72
    80
    96
    98
   103
    99
   130
   153
   162
   166
   167
   170
   138
   160
   161
   155
   159
   168
   170
   169
   169
   161
   159
   162
   164
   175
   189
   195
   196
   191
   180
   159
   136
   112
    92
    88
    91
   107
   120
   134
   138
   140
   142
   134
   129
   131
   131
   131
   130
   125
   127
   127
   127
   125
   125
   117
   113
   112
   116
   115
   117
   116
   119
   119
   119
   120
    48
    49
    54
    63
    78
    82
    86
    84
    86
   102
   133
   159
   170
   174
   174
   182
   187
   189
   186
   193
   195
   191
   192
   191
   190
   194
   194
   196
   197
   200
   202
   201
   195
   182
   165
   125
   157
   115
    97
   106
   113
   126
   170
   109
    78
    80
    63
    74
    92
    93
    96
    93
   128
   148
   157
   165
   173
   175
   140
   162
   164
   155
   159
   164
   161
   162
   162
   155
   159
   158
   164
   183
   192
   196
   191
   184
   168
   152
   126
    98
    74
    64
    81
   105
   135
   148
   158
   152
   147
   141
   136
   129
   127
   126
   123
   122
   123
   122
   123
   124
   123
   122
   116
   108
   106
   107
   115
   116
   114
   112
   113
   110
    45
    45
    57
    77
    74
    82
    93
    96
    93
   101
   131
   151
   169
   172
   176
   183
   184
   185
   192
   192
   192
   190
   191
   188
   192
   187
   190
   189
   194
   197
   198
   194
   190
   182
   160
   122
   138
    95
    71
    72
    82
    82
   130
   104
   103
    71
    56
    82
    94
    89
    94
    98
   131
   149
   161
   168
   177
   175
   140
   157
   153
   156
   162
   165
   159
   159
   158
   160
   159
   162
   185
   197
   200
   196
   187
   183
   164
   137
   112
    87
    65
    48
    64
   119
   149
   166
   164
   157
   152
   141
   124
   130
   125
   124
   115
   118
   120
   124
   122
   119
   114
   114
   111
   108
   103
   105
   102
   106
   108
   108
   106
   107
    45
    56
    62
    66
    67
    71
    82
    89
    83
   101
   129
   152
   162
   168
   171
   178
   184
   185
   188
   190
   188
   188
   189
   187
   188
   190
   188
   193
   193
   193
   193
   193
   187
   180
   161
   120
   130
    96
    79
    84
    82
    87
   123
   102
   121
    98
    86
    82
   100
    99
   100
   104
   130
   151
   166
   178
   183
   163
   137
   159
   161
   158
   163
   162
   158
   158
   157
   159
   169
   188
   200
   203
   202
   195
   191
   177
   158
   137
   114
    90
    66
    56
    84
   141
   172
   182
   173
   165
   155
   143
   132
   128
   122
   120
   122
   121
   124
   126
   125
   123
   119
   111
   111
   106
   100
    93
   100
   101
   103
    99
   101
   104
    44
    68
    69
    63
    55
    66
    65
    72
    88
   102
   129
   145
   157
   165
   174
   177
   181
   183
   186
   185
   184
   185
   186
   185
   186
   187
   188
   188
   189
   190
   190
   187
   184
   178
   158
   122
   126
    97
    82
    85
    92
    84
   128
   105
    91
    98
    83
   105
   100
    98
    99
   103
   129
   152
   169
   182
   183
   156
   146
   159
   158
   161
   164
   160
   159
   156
   159
   173
   187
   195
   201
   201
   198
   191
   182
   169
   150
   132
   113
    93
    67
    46
    89
   152
   179
   185
   177
   166
   154
   145
   137
   131
   125
   123
   120
   120
   123
   126
   125
   125
   121
   111
   108
   103
    94
    89
    90
    94
    97
   100
   101
    92
    54
    75
    68
    62
    67
    58
    54
    76
    92
   101
   121
   140
   156
   163
   171
   175
   178
   181
   185
   186
   187
   186
   187
   183
   184
   180
   187
   185
   187
   188
   188
   187
   180
   176
   159
   119
   129
   104
    98
   103
   107
    92
   135
   120
   107
   107
   118
   114
   108
   102
   100
   111
   133
   158
   177
   188
   185
   146
   151
   156
   161
   159
   164
   164
   159
   163
   167
   180
   189
   200
   200
   197
   193
   185
   179
   166
   149
   133
   117
    97
    71
    53
    87
   153
   182
   185
   179
   170
   153
   144
   130
   128
   118
   114
   119
   118
   123
   125
   124
   124
   120
   115
   108
   102
    89
    85
    80
    90
    88
    96
    94
    98
    40
    60
    65
    64
    56
    53
    53
    66
    78
    93
   115
   138
   158
   164
   171
   178
   179
   183
   184
   184
   183
   184
   179
   183
   184
   185
   182
   186
   188
   188
   188
   189
   185
   177
   156
   122
   127
   100
    97
   108
   115
    97
   138
   114
    95
   117
   132
   122
   108
   106
   107
   113
   140
   167
   187
   188
   166
   132
   157
   166
   168
   170
   167
   161
   159
   157
   164
   174
   186
   194
   192
   191
   187
   183
   173
   162
   144
   128
   115
   101
    84
    61
   106
   157
   170
   175
   175
   167
   155
   138
   130
   122
   117
   112
   110
   120
   127
   129
   127
   122
   119
   111
   107
    95
    91
    79
    74
    72
    84
    90
    88
    87
    50
    55
    66
    67
    66
    60
    64
    68
    72
    89
   111
   143
   159
   165
   175
   175
   174
   178
   181
   182
   181
   180
   184
   178
   180
   180
   184
   186
   186
   185
   186
   186
   184
   176
   160
   127
   129
   102
    94
    94
   104
    82
   125
   101
    84
    96
   115
   116
   108
   105
   105
   115
   144
   174
   191
   188
   142
   165
   182
   182
   176
   169
   163
   147
   143
   144
   150
   161
   176
   183
   186
   184
   182
   174
   166
   152
   137
   128
   117
   107
    84
    71
   114
   149
   163
   163
   167
   165
   151
   136
   127
   118
   109
   108
   114
   123
   132
   135
   135
   129
   122
   112
   102
    90
    76
    69
    67
    65
    77
    90
    96
    94
    49
    61
    68
    74
    65
    66
    73
    69
    75
    86
   113
   140
   153
   164
   172
   173
   174
   178
   180
   182
   183
   182
   180
   180
   180
   179
   182
   184
   186
   187
   185
   182
   180
   175
   157
   133
   131
   107
    92
    95
   101
    89
   126
    95
    78
    60
    87
   105
   117
   107
   107
   125
   159
   189
   203
   167
   164
   201
   204
   197
   185
   164
   151
   140
   136
   137
   141
   149
   164
   180
   183
   182
   175
   168
   161
   153
   143
   133
   120
   103
    79
    71
   112
   159
   153
   154
   154
   156
   144
   128
   113
   106
   100
    99
   109
   124
   137
   142
   141
   134
   126
   117
   103
    89
    72
    60
    48
    56
    66
    78
    88
    90
    62
    72
    76
    77
    76
    68
    63
    60
    63
    85
   113
   131
   150
   162
   173
   178
   178
   180
   179
   182
   182
   182
   180
   181
   179
   180
   180
   185
   185
   184
   182
   183
   177
   166
   155
   135
   135
   124
   111
    89
   121
   117
   138
    96
    72
    72
    58
    95
   112
   104
   106
   133
   174
   205
   185
   164
   205
   213
   210
   201
   187
   180
   173
   166
   153
   134
   137
   143
   152
   167
   185
   183
   177
   168
   159
   150
   138
   136
   126
   106
    79
    73
   115
   156
   156
   146
   146
   144
   140
   122
   110
    95
    86
    90
   103
   122
   137
   146
   143
   132
   122
   109
    98
    78
    62
    51
    58
    52
    57
    67
    82
    91
    58
    71
    72
    69
    72
    68
    57
    52
    63
    75
    96
   130
   153
   163
   172
   173
   174
   175
   175
   180
   180
   180
   177
   176
   178
   178
   184
   181
   181
   182
   182
   176
   175
   169
   160
   146
   134
   133
   125
   141
   192
   181
   153
   100
    67
    70
    64
    86
   100
   105
   120
   151
   181
   172
   156
   195
   211
   208
   201
   196
   193
   189
   176
   159
   150
   146
   143
   146
   155
   175
   181
   182
   174
   167
   155
   147
   147
   141
   129
   101
    80
    67
    99
   149
   160
   143
   133
   133
   128
   112
    94
    81
    75
    79
    97
   119
   137
   145
   143
   129
   114
   104
    88
    76
    64
    52
    39
    43
    46
    62
    70
    80
    61
    70
    82
    72
    76
    66
    58
    59
    64
    72
    93
   128
   153
   166
   171
   177
   179
   173
   175
   181
   178
   179
   182
   181
   180
   181
   183
   182
   183
   185
   184
   184
   177
   173
   165
   146
   138
   127
   137
   135
   192
   222
   207
   134
    82
    67
    81
    94
   109
   121
   148
   162
   142
   129
   160
   189
   191
   191
   189
   195
   187
   176
   151
   119
   101
   110
   143
   142
   160
   182
   187
   179
   170
   162
   151
   147
   144
   144
   125
   100
    72
    61
    90
   128
   143
   129
   124
   119
   112
    96
    85
    70
    66
    74
    93
   117
   136
   143
   130
   119
   111
    99
    89
    72
    55
    47
    45
    46
    49
    48
    57
    69
    64
    61
    71
    73
    85
    70
    56
    63
    60
    69
    89
   131
   157
   170
   175
   177
   179
   177
   177
   182
   181
   177
   181
   181
   183
   180
   182
   181
   181
   184
   183
   183
   181
   170
   161
   145
   140
   119
   153
   117
   194
   217
   213
   164
   105
    79
    77
   101
   128
   140
   143
   121
   112
   118
   148
   172
   176
   184
   194
   194
   188
   168
   126
    83
    60
    69
    99
   137
   166
   183
   180
   170
   159
   146
   142
   135
   142
   137
   120
    89
    70
    48
    77
   115
   130
   117
   112
   106
   100
    99
    80
    72
    63
    70
    92
   121
   137
   139
   128
   116
   109
   102
    92
    69
    55
    48
    45
    40
    46
    51
    50
    57
    78
    68
    62
    57
    75
    68
    69
    68
    67
    68
    93
   132
   157
   171
   178
   178
   178
   179
   181
   181
   178
   176
   176
   177
   181
   179
   182
   182
   181
   185
   184
   182
   177
   172
   167
   155
   141
   122
   140
   163
   170
   218
   217
   185
   113
    92
   111
   128
   120
   100
   102
   117
   140
   168
   186
   191
   195
   200
   211
   203
   191
   179
   140
    85
    50
    27
    84
   149
   174
   173
   160
   140
   132
   131
   123
   129
   132
   129
   109
    78
    57
    48
    64
   105
   124
   118
    99
    89
    89
    86
    82
    70
    66
    74
    89
   111
   131
   130
   121
   115
   106
    97
    87
    69
    60
    52
    43
    43
    46
    45
    49
    54
    76
    67
    47
    67
    69
    63
    62
    67
    61
    68
    94
   132
   164
   170
   176
   181
   181
   180
   180
   182
   184
   181
   182
   181
   184
   188
   185
   183
   185
   182
   183
   183
   179
   171
   168
   161
   159
   141
   106
   200
   207
   206
   198
   190
   202
   153
   128
   126
   125
   140
   160
   176
   193
   204
   205
   201
   195
   200
   206
   213
   200
   179
   162
   120
    75
    81
   134
   168
   170
   150
   128
   114
   113
   111
   113
   119
   124
   121
   107
    87
    67
    48
    63
   105
   125
   119
   101
    82
    80
    80
    81
    84
    77
    79
    89
   114
   128
   130
   119
   110
   105
    94
    79
    68
    53
    41
    41
    45
    40
    47
    46
    43
    75
    60
    56
    55
    63
    71
    72
    63
    65
    71
    97
   138
   162
   171
   178
   180
   183
   182
   184
   183
   186
   186
   183
   188
   186
   186
   184
   187
   185
   184
   188
   191
   186
   180
   174
   168
   158
   134
   107
   128
   229
   213
   196
   222
   223
   183
   174
   182
   186
   196
   199
   198
   200
   207
   202
   197
   189
   184
   188
   191
   182
   163
   145
   137
   121
   131
   153
   160
   138
   115
    91
    88
   102
   111
   112
   114
   125
   133
   116
    89
    60
    43
    50
   100
   122
   115
   100
    78
    67
    72
    79
    76
    79
    76
    91
   108
   126
   123
   121
   116
   110
   102
    90
    72
    60
    56
    46
    42
    47
    41
    43
    41
    74
    60
    53
    71
    73
    67
    59
    58
    70
    70
    95
   135
   158
   171
   176
   177
   181
   183
   185
   186
   187
   189
   189
   188
   189
   186
   184
   184
   185
   184
   187
   194
   193
   185
   178
   171
   160
   137
   119
   104
   192
   222
   196
   221
   208
   211
   187
   192
   196
   196
   195
   192
   193
   194
   191
   184
   174
   170
   168
   167
   155
   137
   120
   113
   112
   137
   145
   133
   106
    78
    70
    78
    96
   107
   111
   117
   128
   130
   121
    97
    72
    51
    51
    91
   123
   119
   105
    79
    57
    58
    67
    80
    76
    82
    89
   105
   118
   123
   121
   116
   113
   103
    92
    78
    66
    50
    49
    44
    42
    47
    49
    42
    70
    57
    62
    63
    76
    62
    66
    63
    63
    72
   103
   132
   156
   173
   177
   177
   181
   188
   189
   189
   192
   190
   189
   188
   189
   187
   187
   188
   186
   184
   186
   195
   197
   191
   181
   171
   164
   144
   135
   128
   142
   170
   153
   214
   210
   202
   191
   180
   182
   184
   183
   181
   181
   182
   179
   174
   168
   166
   166
   162
   148
   136
   117
    92
    83
    94
   103
    92
    70
    57
    68
    88
   105
   116
   118
   122
   129
   135
   118
    90
    65
    49
    48
    89
   120
   119
   102
    85
    60
    62
    79
    82
    86
    79
    93
   104
   114
   118
   121
   118
   111
   105
    91
    80
    66
    58
    41
    46
    44
    41
    44
    42
    72
    67
    69
    60
    71
    63
    62
    69
    73
    86
   101
   128
   165
   177
   178
   179
   185
   186
   188
   190
   191
   193
   194
   192
   190
   190
   190
   186
   184
   183
   187
   190
   190
   191
   186
   181
   173
   153
   142
   140
   158
   159
   154
   183
   161
   174
   178
   172
   169
   172
   173
   171
   175
   177
   173
   172
   172
   170
   172
   172
   160
   143
   123
   101
    78
    65
    70
    60
    50
    62
    78
   100
   109
   114
   109
   119
   127
   134
   122
    96
    71
    51
    53
    86
   117
   117
   101
    84
    63
    65
    70
    83
    82
    84
    95
   104
   112
   117
   120
   114
   114
   105
    97
    84
    69
    56
    49
    40
    43
    47
    51
    45
    71
    57
    61
    67
    63
    71
    77
    70
    75
    88
   102
   139
   167
   180
   183
   184
   183
   187
   188
   192
   191
   192
   194
   192
   191
   189
   185
   186
   184
   184
   186
   186
   190
   188
   189
   187
   181
   155
   151
   146
   168
   170
   170
   184
   159
   177
   175
   171
   168
   165
   168
   174
   173
   176
   179
   179
   178
   180
   187
   188
   172
   152
   132
   112
    88
    79
    73
    70
    73
    84
    97
   111
   121
   120
   121
   120
   127
   133
   116
    91
    67
    52
    53
    84
   115
   117
   100
    82
    72
    65
    72
    74
    79
    82
    93
   105
   118
   119
   121
   116
   109
   107
    98
    84
    70
    57
    44
    44
    45
    44
    42
    44
    65
    58
    56
    55
    55
    72
    85
    80
    71
    86
    98
   132
   167
   179
   179
   183
   186
   188
   189
   191
   195
   196
   194
   191
   193
   189
   191
   183
   184
   187
   189
   190
   192
   195
   192
   190
   189
   161
   155
   148
   175
   177
   176
   191
   164
   180
   179
   174
   169
   166
   169
   167
   174
   183
   181
   184
   187
   185
   189
   194
   179
   162
   142
   120
   104
    97
    88
    89
   101
   107
   120
   126
   132
   132
   127
   128
   134
   136
   118
    95
    72
    55
    52
    87
   121
   124
   103
    88
    72
    78
    75
    74
    76
    75
    92
   109
   122
   125
   120
   117
   115
   106
   101
    87
    71
    58
    50
    43
    38
    43
    44
    47
    67
    70
    67
    58
    52
    73
    81
    83
    76
    83
    98
   131
   161
   180
   184
   187
   186
   188
   189
   192
   196
   190
   192
   192
   191
   188
   185
   189
   187
   185
   189
   193
   198
   198
   197
   190
   190
   165
   162
   143
   174
   177
   176
   201
   172
   179
   175
   173
   176
   175
   174
   174
   173
   181
   178
   177
   179
   183
   182
   183
   177
   165
   149
   129
   108
    96
   101
   108
   118
   130
   135
   138
   140
   139
   132
   134
   141
   141
   125
    92
    72
    54
    55
    87
   122
   119
   109
   100
    96
    90
    79
    81
    75
    81
    96
   111
   121
   130
   130
   123
   117
   111
    94
    82
    72
    59
    44
    38
    46
    43
    48
    39
    71
    64
    69
    64
    62
    74
    77
    79
    81
    84
    99
   131
   159
   180
   186
   188
   189
   188
   188
   192
   192
   197
   193
   193
   192
   189
   187
   187
   188
   188
   187
   190
   196
   196
   189
   182
   179
   169
   158
   130
   158
   173
   169
   188
   176
   171
   175
   175
   176
   176
   174
   176
   173
   174
   176
   174
   173
   170
   172
   172
   177
   168
   148
   121
    85
    76
    96
   123
   135
   139
   138
   142
   146
   143
   143
   142
   146
   147
   132
   106
    80
    59
    57
    90
   119
   119
   110
   105
   102
    96
    87
    74
    78
    78
    92
   113
   124
   131
   129
   126
   120
   112
   102
    92
    77
    60
    47
    47
    40
    44
    42
    42
    69
    66
    74
    64
    60
    76
    76
    83
    83
    82
    94
   129
   157
   180
   186
   189
   187
   188
   192
   192
   199
   195
   195
   192
   191
   189
   191
   190
   189
   188
   191
   191
   192
   191
   185
   178
   168
   165
   153
   129
   143
   169
   170
   208
   147
   146
   168
   169
   174
   171
   173
   175
   174
   175
   175
   176
   173
   171
   168
   171
   175
   157
   141
   105
    61
    45
    77
   117
   136
   142
   147
   145
   147
   150
   145
   141
   145
   145
   139
   119
    89
    62
    58
    92
   115
   115
   113
   116
   114
   104
    98
    89
    84
    91
    99
   111
   120
   125
   129
   127
   125
   117
   106
    92
    83
    69
    59
    50
    45
    46
    46
    43
    68
    61
    79
    72
    71
    69
    82
    91
    94
    89
    92
   126
   156
   180
   183
   185
   188
   189
   189
   191
   192
   195
   191
   192
   190
   189
   191
   190
   186
   186
   188
   193
   193
   188
   184
   178
   167
   158
   139
   115
   114
   143
   153
   185
   128
   117
   159
   161
   160
   157
   156
   160
   166
   163
   167
   165
   169
   170
   168
   169
   165
   153
   132
    83
    38
    29
    53
    98
   121
   145
   153
   159
   154
   150
   147
   146
   145
   144
   139
   122
    97
    65
    56
    95
   115
   114
   123
   123
   121
   116
   105
    95
    94
    95
   106
   117
   120
   119
   119
   125
   121
   118
   110
   103
    86
    74
    59
    52
    46
    46
    44
    44
    51
    65
    69
    77
    80
    71
    80
    98
    89
    79
    96
   127
   153
   177
   185
   189
   191
   191
   192
   193
   199
   195
   196
   191
   193
   189
   186
   187
   187
   187
   192
   195
   200
   193
   182
   177
   163
   144
   109
   104
    87
   127
   127
   129
   133
   127
   129
   137
   124
   120
   130
   143
   149
   152
   156
   163
   162
   162
   163
   166
   168
   156
   131
    94
    55
    44
    64
    84
   112
   145
   160
   153
   150
   152
   146
   142
   140
   142
   139
   131
   103
    78
    65
    85
   108
   118
   123
   127
   126
   116
   106
   103
   103
   106
   112
   118
   119
   120
   119
   122
   122
   115
   111
    99
    92
    80
    62
    51
    47
    45
    51
    44
    60
    56
    67
    90
    81
    77
    79
    86
    87
    83
    98
   128
   148
   175
   186
   189
   188
   189
   193
   195
   192
   195
   193
   193
   190
   189
   190
   190
   190
   190
   193
   200
   200
   197
   189
   178
   160
   145
   116
    96
   112
   119
   115
   120
   130
   129
   131
   131
   133
   126
   116
   121
   130
   142
   144
   144
   148
   152
   156
   159
   166
   162
   146
   116
    91
    81
    88
   101
   125
   152
   158
   161
   154
   151
   145
   146
   143
   140
   138
   132
   109
    76
    65
    91
   107
   122
   128
   136
   130
   124
   108
   105
   102
   105
   110
   110
   121
   124
   127
   124
   119
   113
   111
   103
    89
    76
    66
    54
    54
    51
    53
    51
    61
    55
    65
    77
    81
    70
    69
    75
    77
    76
    95
   123
   146
   172
   186
   186
   186
   187
   192
   190
   194
   192
   192
   194
   193
   194
   192
   192
   191
   194
   197
   199
   199
   196
   191
   179
   169
   205
   147
   118
   128
   102
   108
   106
   101
   107
   112
   124
   133
   135
   127
   138
   132
   121
   133
   148
   148
   155
   152
   156
   157
   160
   159
   146
   122
   118
   125
   135
   150
   155
   158
   157
   158
   153
   144
   141
   144
   137
   131
   130
   115
    89
    69
    91
   108
   124
   137
   137
   137
   123
   119
   110
   105
   105
   112
   118
   122
   125
   127
   123
   118
   113
   109
   103
    91
    85
    69
    61
    56
    56
    59
    55
    63
    52
    48
    68
    79
    75
    75
    65
    81
    84
    84
   104
   136
   173
   183
   184
   180
   183
   185
   189
   189
   191
   189
   196
   195
   193
   195
   193
   194
   194
   199
   201
   199
   200
   194
   184
   160
   183
   139
   138
   116
    91
    93
    89
    80
    84
   121
   140
   137
   132
   143
   160
   165
   156
   130
   128
   149
   162
   166
   161
   151
   147
   158
   160
   155
   157
   163
   163
   168
   169
   159
   157
   153
   153
   145
   148
   146
   141
   134
   131
   123
    95
    73
    87
   117
   130
   139
   143
   137
   131
   118
   113
   114
   111
   117
   124
   125
   130
   130
   126
   124
   116
   111
   102
    93
    78
    67
    58
    54
    58
    60
    52
    67
    54
    52
    59
    57
    64
    81
    78
    73
    81
    84
   103
   139
   169
   181
   178
   179
   185
   187
   187
   193
   196
   196
   197
   192
   193
   191
   191
   193
   197
   199
   202
   203
   194
   190
   182
   167
   126
    97
   143
   100
    96
    90
    67
    62
    89
   117
   137
   142
   140
   127
   145
   165
   170
   168
   148
   127
   154
   161
   163
   152
   144
   145
   157
   172
   180
   185
   185
   179
   169
   166
   160
   155
   153
   153
   150
   148
   144
   137
   133
   125
   106
    82
    94
   120
   136
   148
   148
   142
   131
   127
   124
   116
   117
   117
   119
   125
   124
   126
   130
   123
   119
   112
   104
    97
    88
    78
    64
    64
    63
    58
    64
    70
    72
    51
    53
    60
    55
    79
    78
    73
    72
    76
    98
   135
   164
   175
   181
   183
   186
   187
   188
   190
   195
   198
   194
   193
   193
   189
   190
   192
   194
   203
   202
   200
   196
   188
   179
   155
   122
   122
   144
    89
    83
    74
    67
    77
    83
   105
   103
   123
   132
   137
   130
   148
   161
   167
   167
   147
   121
   151
   159
   160
   150
   143
   150
   176
   182
   182
   186
   183
   179
   169
   165
   159
   156
   155
   155
   149
   141
   135
   129
   121
   106
    80
    84
   121
   141
   150
   148
   144
   139
   130
   122
   121
   119
   121
   120
   125
   125
   126
   126
   129
   123
   115
   108
    98
    84
    72
    64
    69
    65
    62
    60
    65
    69
    52
    46
    56
    47
    60
    68
    65
    67
    73
    92
   134
   167
   180
   185
   185
   187
   188
   191
   193
   198
   200
   199
   198
   194
   190
   189
   193
   197
   201
   201
   198
   193
   188
   181
   156
   124
   130
   128
    85
    68
    67
    54
    78
   106
   113
    98
   100
   111
   123
   133
   138
   152
   166
   167
   165
   141
   119
   148
   154
   150
   146
   148
   165
   182
   187
   183
   186
   184
   176
   171
   161
   158
   152
   152
   152
   143
   135
   129
   118
   100
    77
    76
   116
   141
   152
   151
   146
   139
   130
   128
   122
   123
   119
   124
   124
   126
   124
   125
   123
   119
   114
   104
    92
    80
    68
    70
    64
    65
    63
    67
    57
    69
    55
    47
    49
    50
    50
    63
    66
    75
    83
   101
   136
   165
   179
   183
   184
   188
   189
   191
   194
   197
   198
   198
   194
   194
   193
   192
   196
   196
   200
   202
   201
   197
   189
   183
   155
   117
   117
   105
    70
    65
    59
    64
    89
   112
   118
   109
   101
   104
   103
   127
   134
   145
   155
   168
   165
   160
   125
   138
   152
   155
   153
   145
   160
   172
   186
   191
   187
   185
   180
   173
   171
   159
   156
   154
   149
   149
   137
   130
   120
   105
    75
    73
   118
   142
   156
   148
   147
   139
   132
   127
   121
   120
   118
   119
   125
   122
   120
   126
   126
   116
   110
   100
    91
    77
    72
    71
    71
    69
    67
    72
    50
    62
    66
    54
    52
    58
    61
    61
    60
    68
    76
   104
   133
   166
   182
   181
   184
   186
   188
   191
   191
   194
   198
   200
   196
   192
   192
   193
   193
   199
   198
   199
   199
   193
   187
   168
   135
   110
   103
    85
    67
    62
    65
    69
    92
   100
   105
   117
   112
   110
   102
   102
   131
   141
   153
   162
   162
   159
   150
   117
   145
   153
   149
   144
   142
   163
   179
   185
   188
   186
   186
   181
   175
   168
   159
   156
   154
   147
   142
   132
   122
    97
    75
    73
   117
   141
   144
   150
   146
   139
   131
   125
   122
   117
   121
   124
   126
   124
   126
   120
   119
   113
   104
    96
    81
    77
    73
    70
    72
    74
    75
    77
    44
    54
    68
    62
    48
    55
    63
    59
    63
    66
    72
    98
   130
   163
   181
   182
   184
   186
   187
   192
   196
   197
   199
   197
   197
   195
   193
   193
   195
   196
   200
   199
   198
   195
   188
   171
   133
   101
    94
    78
    62
    67
    69
    81
   102
    99
   113
   123
   125
   111
    98
    97
   119
   142
   145
   158
   162
   161
   157
   124
   130
   146
   152
   146
   139
   145
   168
   180
   182
   186
   183
   181
   176
   166
   162
   158
   151
   148
   144
   136
   123
   108
    89
    89
   109
   131
   142
   142
   135
   136
   130
   130
   127
   125
   123
   124
   125
   126
   119
   119
   114
   108
   100
    90
    88
    79
    79
    74
    73
    76
    82
    91
    45
    42
    66
    64
    51
    46
    53
    62
    68
    71
    77
    96
   129
   161
   177
   178
   181
   181
   186
   188
   192
   194
   195
   196
   193
   190
   192
   194
   195
   197
   196
   199
   197
   195
   192
   177
   142
   104
    96
    69
    61
    69
    76
    99
   104
    99
   109
   112
   115
   117
   101
    99
   107
   137
   150
   155
   161
   163
   160
   151
   126
   146
   147
   141
   141
   142
   159
   178
   181
   184
   185
   183
   180
   168
   158
   156
   155
   149
   144
   138
   127
   110
    93
    94
   112
   123
   132
   138
   134
   130
   126
   126
   126
   124
   126
   125
   125
   119
   119
   111
   109
   100
    96
    95
    90
    85
    75
    78
    81
    88
    98
   108
    38
    43
    44
    74
    64
    55
    49
    58
    67
    75
    81
   100
   131
   166
   177
   179
   180
   187
   185
   190
   190
   190
   191
   193
   193
   192
   191
   192
   194
   196
   196
   194
   197
   194
   189
   178
   150
    96
    88
    61
    64
    75
    89
   115
   108
    88
    84
    90
    82
   109
   102
   103
    95
   121
   143
   153
   160
   164
   165
   161
   127
   152
   152
   148
   135
   134
   156
   171
   178
   179
   179
   178
   181
   175
   165
   162
   154
   152
   143
   137
   126
   119
   112
   110
   113
   119
   128
   132
   128
   123
   121
   123
   127
   126
   121
   121
   121
   118
   114
   110
   103
    98
    94
    96
    92
    80
    76
    81
    86
    98
   107
   108
    40
    44
    52
    68
    65
    58
    52
    62
    65
    74
    81
   112
   138
   167
   174
   177
   177
   183
   185
   187
   189
   190
   191
   191
   192
   192
   191
   190
   191
   196
   198
   198
   191
   192
   190
   182
   153
    61
   108
    77
    70
    90
   106
   112
   104
    84
    70
    60
    72
   102
   102
   104
   104
   112
   144
   153
   154
   161
   165
   170
   136
   147
   151
   146
   137
   137
   148
   166
   175
   175
   174
   175
   175
   173
   169
   158
   154
   150
   150
   142
   135
   129
   125
   117
   116
   117
   122
   125
   124
   121
   121
   125
   125
   128
   126
   122
   117
   112
   110
   107
   108
   107
   104
    95
    83
    80
    80
    85
    97
   109
   111
   115
    45
    41
    52
    62
    76
    60
    51
    52
    63
    80
    87
   103
   145
   166
   174
   177
   175
   179
   183
   186
   185
   188
   188
   187
   191
   190
   190
   193
   191
   192
   194
   198
   195
   193
   189
   177
   148
   104
   220
   142
    75
    99
   127
   123
   108
    87
    61
    36
    55
    88
   101
   101
   106
   110
   138
   152
   158
   164
   165
   169
   148
   138
   149
   149
   142
   135
   141
   156
   168
   175
   170
   168
   168
   168
   167
   162
   158
   153
   149
   145
   139
   139
   129
   128
   126
   127
   127
   129
   123
   123
   120
   125
   127
   126
   124
   117
   111
   108
   107
   109
   107
   103
   101
    87
    85
    80
    84
    97
   106
   110
   115
   112
    37
    44
    39
    50
    57
    72
    56
    54
    66
    76
    95
   113
   148
   166
   174
   177
   178
   182
   182
   187
   185
   189
   187
   187
   188
   190
   188
   186
   191
   190
   192
   192
   197
   194
   191
   177
   147
   103
   219
   203
   122
   189
   224
   209
   141
    82
    75
    49
    64
    82
   103
   104
   107
   112
   132
   150
   155
   163
   168
   171
   152
   126
   149
   146
   143
   138
   137
   155
   168
   170
   173
   170
   168
   167
   163
   163
   158
   155
   155
   150
   148
   144
   141
   138
   136
   134
   129
   127
   131
   124
   126
   125
   122
   120
   115
   108
   104
   114
   110
   111
   106
   103
    92
    86
    79
    87
    98
   106
   111
   117
   113
   114
    40
    39
    40
    50
    58
    61
    66
    58
    69
    83
    97
   121
   144
   162
   169
   173
   172
   174
   181
   183
   181
   185
   190
   187
   191
   188
   188
   191
   192
   192
   194
   195
   194
   194
   191
   182
   148
    89
   201
   210
   181
   218
   219
   221
   211
   128
    57
    57
    66
    97
   106
   105
   113
   114
   133
   149
   155
   162
   165
   168
   153
   130
   152
   149
   145
   138
   136
   145
   159
   171
   175
   175
   170
   167
   162
   159
   161
   160
   158
   153
   151
   151
   144
   142
   142
   143
   140
   134
   125
   126
   124
   119
   117
   120
   118
   117
   118
   114
   113
   107
   107
    95
    89
    84
    87
    97
   112
   115
   115
   115
   114
   115
    41
    42
    45
    34
    45
    49
    58
    63
    60
    72
    96
   121
   141
   155
   166
   168
   171
   171
   179
   180
   177
   178
   182
   186
   184
   188
   186
   186
   189
   190
   188
   188
   189
   190
   187
   176
   150
    88
   171
   213
   197
   212
   217
   214
   218
   156
    94
    69
    82
   107
   115
   114
   121
   121
   133
   149
   156
   162
   166
   168
   157
   125
   143
   145
   141
   139
   138
   144
   157
   166
   172
   172
   172
   170
   166
   165
   159
   159
   158
   157
   152
   149
   151
   147
   141
   136
   135
   133
   129
   127
   118
   116
   117
   118
   119
   118
   113
   111
   105
   104
    97
    91
    89
    85
    96
   106
   114
   121
   118
   116
   113
   117
    42
    43
    36
    46
    43
    48
    51
    57
    53
    67
    98
   117
   139
   153
   163
   167
   168
   170
   170
   178
   178
   180
   185
   185
   187
   187
   185
   187
   188
   188
   190
   189
   188
   188
   187
   180
   151
    99
   148
   217
   211
   211
   215
   217
   217
   173
   114
    79
    92
    98
   107
   122
   127
   123
   139
   148
   157
   162
   164
   164
   156
   130
   145
   144
   144
   136
   140
   142
   161
   168
   170
   172
   170
   167
   165
   163
   162
   160
   158
   152
   151
   148
   147
   140
   134
   133
   130
   128
   125
   120
   113
   115
   115
   114
   116
   114
   111
   107
   104
    98
    91
    90
    98
   108
   110
   117
   125
   123
   121
   123
   123
   118
    38
    41
    40
    37
    42
    46
    48
    49
    48
    52
    81
   109
   131
   148
   160
   161
   158
   168
   174
   175
   178
   177
   178
   185
   182
   184
   183
   182
   185
   185
   188
   188
   189
   187
   185
   185
   164
   109
   146
   216
   216
   210
   206
   215
   214
   175
   131
    78
    65
    86
   105
   126
   133
   133
   134
   146
   150
   160
   161
   160
   151
   122
   144
   151
   140
   133
   137
   146
   157
   171
   172
   174
   170
   164
   169
   163
   159
   161
   157
   150
   146
   146
   144
   137
   132
   128
   126
   124
   119
   118
   118
   114
   113
   114
   112
   108
   104
   100
    93
    93
    94
   104
   110
   116
   124
   125
   124
   127
   123
   123
   119
   119
    44
    37
    38
    39
    44
    44
    56
    54
    55
    48
    63
   105
   126
   139
   147
   158
   157
   163
   169
   175
   176
   180
   179
   181
   181
   184
   184
   185
   180
   183
   184
   185
   185
   186
   179
   171
   178
   143
   147
   216
   216
   205
   193
   227
   202
   139
   140
   109
    69
    83
   109
   128
   136
   138
   139
   139
   146
   147
   152
   150
   145
   128
   147
   143
   147
   137
   134
   139
   159
   168
   170
   170
   173
   166
   163
   158
   155
   154
   151
   151
   146
   135
   129
   129
   127
   127
   122
   122
   121
   116
   113
   114
   111
   109
   101
   102
   101
    99
    99
   102
   112
   112
   118
   123
   122
   123
   124
   124
   124
   121
   124
   124
    39
    41
    39
    43
    37
    44
    51
    57
    55
    46
    40
    80
   120
   135
   142
   149
   158
   159
   163
   169
   176
   178
   178
   179
   180
   181
   179
   180
   184
   182
   183
   186
   185
   182
   176
   161
   147
   156
   145
   211
   216
   206
   138
   166
   155
   116
   105
   122
   105
    83
   112
   136
   143
   142
   141
   139
   145
   148
   149
   151
   141
   127
   142
   144
   142
   140
   140
   143
   152
   168
   168
   170
   169
   168
   162
   158
   155
   147
   145
   140
   136
   130
   127
   125
   127
   127
   131
   125
   121
   117
   112
   105
   101
    97
    98
    96
    99
   109
   112
   120
   118
   118
   121
   121
   122
   124
   125
   124
   125
   125
   123
   122
    38
    43
    42
    40
    42
    39
    43
    48
    56
    57
    38
    44
    98
   124
   139
   147
   156
   160
   164
   166
   168
   172
   173
   173
   177
   178
   180
   180
   182
   184
   188
   184
   183
   181
   175
   164
   131
   113
   105
   205
   217
   212
   132
   152
   151
   147
   121
   110
   114
   112
   129
   156
   154
   150
   147
   148
   143
   144
   145
   155
   139
   124
   142
   144
   141
   144
   142
   148
   158
   167
   165
   171
   167
   164
   162
   158
   150
   144
   141
   135
   126
   123
   118
   124
   126
   124
   123
   120
   115
   108
   103
    94
    90
    94
   102
   105
   115
   113
   120
   125
   126
   125
   124
   124
   122
   125
   124
   127
   123
   124
   123
   125
    43
    38
    35
    38
    42
    41
    46
    42
    43
    47
    49
    33
    60
   110
   128
   142
   147
   157
   158
   160
   160
   156
   166
   170
   171
   178
   177
   174
   181
   181
   184
   184
   185
   183
   177
   173
   154
   111
    82
   157
   215
   183
   110
   119
   144
   134
   138
   129
   130
   128
   135
   158
   167
   162
   155
   151
   145
   147
   153
   152
   127
   141
   146
   150
   154
   146
   148
   152
   159
   165
   165
   165
   165
   160
   155
   149
   146
   142
   133
   129
   123
   123
   128
   126
   120
   122
   116
   115
   106
   101
    96
    98
   104
   110
   115
   123
   120
   126
   122
   122
   122
   122
   121
   123
   124
   128
   125
   121
   124
   124
   123
   122
    38
    38
    38
    36
    38
    41
    47
    52
    46
    46
    40
    42
    40
    80
   119
   135
   147
   149
   153
   154
   155
   156
   162
   167
   172
   171
   173
   176
   177
   181
   181
   185
   182
   179
   179
   176
   171
   140
    98
   145
   213
   193
   117
    84
   100
   122
   123
   127
   135
   136
   145
   156
   164
   169
   166
   158
   156
   149
   157
   151
   125
   148
   157
   156
   152
   158
   161
   169
   160
   165
   167
   163
   157
   156
   150
   147
   140
   131
   127
   121
   122
   123
   120
   121
   118
   118
   118
   108
   107
   108
   116
   119
   125
   130
   129
   123
   130
   127
   127
   128
   127
   123
   128
   120
   122
   120
   124
   126
   122
   121
   124
   123
    36
    39
    36
    45
    41
    41
    39
    39
    39
    43
    50
    39
    36
    45
    95
   125
   137
   147
   153
   153
   152
   157
   161
   168
   168
   168
   166
   167
   173
   177
   181
   178
   181
   180
   175
   177
   171
   164
   125
    84
   217
   205
   139
    84
    82
    99
   124
   140
   160
   148
   154
   179
   186
   178
   171
   165
   151
   156
   161
   131
   135
   152
   158
   164
   163
   165
   166
   167
   167
   163
   159
   159
   154
   149
   142
   137
   130
   123
   119
   120
   118
   121
   123
   122
   122
   115
   102
    92
    88
    89
    93
    87
    92
    90
    87
    89
    91
    94
    90
    90
    93
    93
    95
   101
   104
   108
   110
   111
   116
   121
   124
   128
    41
    40
    41
    38
    40
    40
    39
    43
    42
    36
    35
    36
    42
    36
    53
   103
   133
   143
   143
   146
   153
   150
   154
   156
   165
   166
   167
   169
   170
   173
   174
   177
   174
   177
   178
   173
   171
   167
   158
    95
   175
   215
   166
   116
   107
   108
   118
   132
   151
   155
   139
   167
   176
   175
   168
   152
   153
   152
   138
   125
   152
   167
   173
   170
   173
   175
   171
   168
   163
   161
   159
   153
   147
   142
   133
   128
   122
   121
   119
   122
   123
   123
   120
   115
    97
    76
    50
    36
    32
    28
    22
    25
    20
    25
    25
    22
    20
    24
    26
    34
    28
    33
    30
    32
    31
    33
    40
    47
    52
    61
    70
    73
    38
    36
    36
    36
    36
    37
    38
    40
    41
    45
    41
    40
    31
    35
    32
    47
   100
   132
   143
   144
   148
   155
   150
   153
   155
   164
   165
   166
   168
   172
   169
   172
   172
   171
   171
   174
   169
   166
   165
   145
   106
   141
   140
   148
   143
   138
   139
   128
   135
   139
   128
   144
   161
   157
   151
   152
   147
   132
   117
   137
   165
   173
   179
   178
   173
   172
   166
   164
   154
   153
   146
   142
   134
   129
   127
   126
   126
   127
   125
   120
   122
   105
    93
    64
    47
    35
    38
    38
    37
    36
    42
    33
    39
    37
    36
    36
    39
    31
    33
    32
    36
    31
    33
    35
    34
    37
    36
    32
    29
    32
    20
    25
    39
    40
    41
    43
    41
    41
    37
    44
    40
    42
    42
    41
    44
    29
    26
    28
    43
    92
   127
   143
   147
   150
   154
   155
   156
   158
   156
   159
   159
   158
   165
   165
   166
   167
   164
   159
   163
   163
   158
   154
   149
   109
   120
   130
   143
   126
   132
   128
   142
   143
   130
   122
   128
   136
   133
   126
   119
   111
   130
   151
   165
   173
   172
   174
   169
   163
   165
   155
   152
   142
   138
   134
   126
   126
   123
   117
   116
   114
   112
    97
    67
    47
    32
    38
    41
    39
    37
    36
    34
    34
    30
    41
    38
    38
    36
    37
    36
    42
    41
    37
    39
    44
    45
    42
    45
    42
    41
    41
    43
    37
    50
    39
    36
    40
    35
    32
    36
    38
    42
    40
    41
    42
    44
    48
    41
    35
    31
    38
    35
    34
    77
   126
   135
   142
   145
   149
   149
   149
   151
   147
   149
   154
   153
   157
   160
   158
   156
   156
   155
   148
   149
   148
   144
   148
   133
   124
   114
    81
   130
   132
   107
    94
    97
    90
    93
    94
   105
   109
   118
   137
   149
   160
   167
   167
   166
   159
   157
   152
   143
   139
   137
   131
   126
   123
   117
   113
   110
   110
   103
    87
    58
    35
    35
    39
    40
    37
    38
    43
    42
    40
    44
    41
    43
    35
    41
    36
    42
    43
    45
    38
    41
    38
    39
    40
    41
    41
    39
    40
    43
    42
    38
    40
    38
    41
    34
    30
    42
    39
    33
    37
    39
    37
    39
    36
    40
    43
    44
    39
    32
    28
    30
    35
    19
    57
   111
   132
   138
   141
   142
   145
   143
   149
   147
   147
   147
   150
   152
   149
   154
   158
   157
   154
   150
   153
   155
   152
   152
   144
   136
   127
   232
   156
   109
   125
   123
   122
   129
   130
   132
   138
   143
   149
   156
   157
   157
   154
   153
   145
   135
   129
   129
   125
   127
   124
   122
   115
   111
   110
   110
   114
   122
    97
    59
    47
    46
    42
    44
    51
    47
    45
    43
    44
    41
    38
    37
    41
    39
    42
    40
    34
    37
    47
    44
    45
    43
    42
    41
    42
    42
    44
    39
    41
    42
    43
    43
    43
    43
    40
    31
    35
    35
    38
    35
    42
    37
    43
    38
    38
    41
    39
    33
    31
    30
    27
    29
    22
    34
    79
   115
   134
   133
   138
   138
   138
   143
   143
   141
   143
   143
   143
   146
   154
   157
   157
   156
   154
   149
   154
   151
   153
   150
   117
   225
   197
   144
   144
   158
   144
   153
   156
   147
   145
   148
   151
   150
   147
   142
   140
   132
   128
   131
   131
   124
   131
   128
   112
   102
   107
   104
   119
   128
   133
   135
   105
    70
    47
    48
    45
    41
    36
    42
    38
    44
    40
    45
    44
    42
    36
    40
    42
    43
    45
    44
    33
    39
    42
    42
    35
    37
    40
    41
    41
    43
    41
    43
    43
    40
    41
    35
    37
    40
    41
    39
    38
    41
    39
    40
    40
    43
    35
    29
    27
    26
    27
    28
    28
    24
    29
    37
    38
    67
    87
   109
   121
   137
   134
   132
   138
   135
   141
   137
   135
   136
   139
   140
   136
   142
   152
   159
   158
   158
   152
   147
   142
   126
   188
   109
   106
   136
   122
   135
   139
   134
   138
   146
   148
   146
   140
   141
   134
   137
   135
   132
   125
   113
    94
    72
    75
    97
   126
   127
   122
   135
   143
   134
   101
    59
    51
    46
    42
    43
    46
    43
    46
    42
    46
    38
    42
    43
    48
    47
    45
    44
    42
    41
    46
    42
    39
    40
    45
    46
    45
    46
    43
    43
    43
    39
    40
    40
    37
    37
    37
    38
    38
    37
    36
    36
    39
    39
    42
    36
    41
    42
    39
    43
    34
    23
    20
    21
    25
    32
    34
    42
    58
    68
    72
    82
    99
   108
   109
   114
   114
   116
   119
   114
   115
   111
   113
   116
   126
   128
   133
   142
   146
   151
   147
   135
   152
   182
   117
   111
   114
    95
   100
   115
   126
   132
   132
   129
   126
   121
   116
   103
    89
    78
    67
    61
    67
    96
   119
   126
   136
   135
   131
   133
   135
   121
    78
    54
    46
    42
    49
    46
    42
    47
    44
    44
    41
    44
    44
    40
    40
    39
    44
    38
    44
    43
    40
    42
    46
    42
    41
    44
    42
    41
    44
    43
    47
    49
    45
    44
    45
    40
    37
    37
    38
    40
    34
    39
    40
    38
    39
    43
    38
    42
    42
    39
    45
    33
    29
    26
    27
    23
    29
    37
    53
    60
    61
    53
    42
    46
    51
    66
    72
    72
    77
    84
    89
    87
    91
    88
    90
   100
   116
   118
   119
   121
   129
   132
   116
   102
    99
    71
    64
    65
    34
    31
    34
    38
    37
    42
    48
    60
    64
    69
    51
    44
    62
    94
   118
   126
   126
   132
   128
   122
   131
   135
   116
    79
    52
    43
    46
    51
    42
    47
    44
    45
    48
    43
    42
    38
    39
    47
    48
    46
    43
    44
    36
    42
    38
    42
    39
    42
    46
    40
    42
    41
    41
    44
    38
    39
    39
    38
    35
    33
    33
    38
    35
    37
    43
    40
    34
    38
    40
    39
    39
    40
    43
    44
    39
    45
    42
    30
    29
    23
    26
    27
    29
    37
    41
    48
    61
    63
    69
    60
    53
    61
    65
    64
    60
    73
    73
    72
    67
    62
    68
    88
    90
    91
    82
    89
    88
    70
    57
    53
    44
    46
    55
    41
    35
    63
    80
    94
   109
   108
   115
   150
   135
   103
   100
   113
   124
   124
   123
   138
   134
   125
   136
   109
    74
    46
    46
    48
    48
    44
    42
    40
    45
    43
    47
    47
    48
    45
    49
    47
    39
    38
    40
    42
    49
    43
    45
    42
    49
    47
    38
    45
    46
    43
    41
    32
    42
    43
    39
    41
    42
    41
    41
    39
    43
    41
    35
    34
    40
    42
    42
    38
    37
    41
    39
    41
    44
    41
    45
    47
    44
    36
    24
    23
    32
    39
    40
    55
    57
    55
    61
    72
    70
    72
    81
    79
    69
    65
    73
    75
    86
    85
    65
    55
    59
    59
    53
    48
    48
    55
    50
    56
    53
    49
    34
    35
    75
   128
   143
   140
   125
   124
   140
   155
   164
   141
   130
   131
   132
   142
   145
   144
   129
   129
   111
    72
    49
    47
    47
    47
    39
    44
    45
    46
    46
    46
    42
    46
    40
    45
    46
    40
    44
    42
    46
    40
    42
    50
    45
    50
    42
    40
    46
    40
    39
    43
    42
    49
    43
    42
    41
    43
    46
    38
    34
    38
    34
    38
    36
    38
    41
    39
    37
    42
    43
    41
    44
    41
    42
    44
    44
    44
    46
    45
    44
    36
    35
    34
    47
    51
    45
    53
    53
    57
    55
    48
    43
    49
    54
    58
    69
    68
    76
    81
    85
    76
    74
    61
    62
    55
    49
    45
    52
    48
    42
    34
    35
    41
    87
   135
   143
   131
   134
   155
   170
   164
   167
   155
   146
   145
   149
   155
   151
   138
   127
   100
    62
    46
    47
    48
    48
    46
    47
    49
    47
    47
    43
    43
    44
    43
    42
    44
    45
    44
    40
    39
    39
    41
    47
    44
    44
    41
    43
    45
    41
    44
    42
    40
    44
    41
    43
    44
    40
    39
    37
    37
    37
    37
    40
    41
    43
    39
    38
    42
    44
    39
    39
    43
    45
    44
    42
    41
    42
    42
    47
    43
    45
    40
    40
    40
    34
    31
    32
    27
    34
    30
    40
    43
    33
    37
    33
    31
    39
    50
    53
    55
    66
    78
    74
    67
    52
    60
    57
    46
    41
    48
    53
    52
    51
    74
   122
   138
   127
   116
   115
   113
   118
   126
   133
   140
   145
   144
   148
   138
   127
    99
    76
    52
    45
    46
    42
    47
    46
    48
    45
    40
    44
    45
    49
    43
    47
    45
    45
    44
    40
    47
    50
    52
    44
    47
    47
    41
    41
    46
    45
    45
    42
    44
    40
    43
    40
    43
    43
    40
    42
    40
    40
    35
    38
    35
    38
    40
    37
    46
    44
    38
    37
    44
    41
    37
    36
    39
    38
    39
    43
    43
    45
    43
    43
    45
    45
    51
    37
    29
    34
    47
    40
    36
    34
    29
    35
    25
    35
    38
    47
    54
    59
    53
    45
    48
    61
    60
    61
    52
    49
    59
    62
    58
    56
    58
    66
   118
   128
    89
    56
    50
    60
    76
    91
   102
   116
   127
   134
   133
   105
    61
    36
    28
    39
    38
    46
    47
    50
    48
    47
    50
    41
    48
    47
    48
    45
    47
    45
    43
    46
    49
    50
    48
    44
    42
    44
    42
    39
    49
    52
    45
    38
    43
    44
    40
    47
    43
    43
    47
    44
    39
    38
    40
    37
    42
    38
    39
    31
    35
    40
    33
    38
    44
    39
    38
    45
    46
    46
    41
    43
    43
    39
    45
    40
    42
    45
    43
    42
    43
    54
    48
    36
    33
    41
    38
    40
    35
    30
    33
    31
    39
    38
    40
    42
    49
    54
    50
    51
    49
    51
    52
    58
    66
    60
    59
    62
    52
    72
   119
    93
    47
    40
    56
    84
   106
   116
   121
   113
    96
    61
    37
    29
    39
    44
    48
    46
    49
    49
    48
    45
    48
    43
    40
    46
    44
    47
    43
    44
    45
    48
    51
    44
    48
    43
    37
    46
    42
    40
    43
    47
    44
    40
    43
    44
    40
    38
    47
    40
    45
    46
    39
    39
    42
    46
    45
    47
    37
    33
    35
    40
    38
    38
    39
    40
    37
    40
    38
    39
    38
    39
    46
    43
    45
    45
    39
    41
    44
    43
    43
    46
    43
    47
    42
    45
    41
    38
    41
    36
    37
    37
    36
    38
    39
    42
    44
    46
    41
    39
    50
    43
    49
    49
    50
    53
    42
    49
    47
    46
    52
    59
   114
    95
    71
    77
   100
   121
   125
   119
   101
    72
    42
    34
    38
    42
    48
    49
    49
    50
    47
    48
    44
    46
    44
    47
    48
    44
    46
    45
    44
    47
    45
    44
    40
    42
    45
    47
    47
    41
    47
    50
    48
    49
    44
    45
    45
    44
    45
    44
    42
    45
    42
    43
    44
    40
    41
    36
    38
    42
    37
    40
    41
    37
    38
    37
    39
    39
    39
    41
    47
    43
    45
    44
    38
    36
    39
    43
    42
    41
    43
    48
    46
    46
    47
    40
    49
    46
    47
    47
    46
    50
    45
    49
    45
    38
    47
    47
    47
    46
    44
    50
    43
    48
    47
    45
    42
    49
    55
    49
    47
    44
    48
    44
    68
   100
   104
    99
    95
    79
    68
    55
    41
    39
    43
    51
    47
    52
    51
    51
    46
    48
    52
    46
    50
    49
    47
    48
    47
    45
    44
    46
    49
    46
    44
    45
    49
    50
    46
    44
    46
    44
    44
    42
    48
    41
    43
    47
    48
    43
    39
    43
    43
    36
    36
    40
    41
    46
    47
    46
    43
    37
    36
    35
    38
    36
    38
    37
    36
    39
    41
    40
    38
    36
    40
    42
    44
    46
    44
    45
    45
    47
    45
    41
    47
    45
    41
    48
    45
    46
    40
    41
    45
    40
    47
    48
    48
    52
    41
    44
    46
    50
    52
    43
    51
    47
    54
    52
    44
    45
    45
    44
    46
    46
    45
    49
    34
    38
    47
    45
    39
    34
    35
    40
    49
    48
    51
    45
    48
    46
    46
    41
    47
    49
    46
    48
    47
    44
    46
    46
    48
    43
    47
    41
    42
    47
    46
    43
    42
    38
    44
    48
    43
    50
    43
    47
    37
    44
    41
    41
    40
    45
    45
    43
    42
    42
    43
    42
    41
    40
    38
    38
    39
    44
    39
    41
    36
    39
    37
    37
    43
    41
    41
    41
    38
    42
    43
    37
    42
    38
    43
    45
    44
    43
    46
    49
    41
    39
    43
    45
    43
    46
    50
    48
    49
    49
    46
    46
    48
    44
    48
    51
    47
    46
    48
    49
    47
    53
    44
    42
    46
    48
    46
    49
    51
    49
    49
    46
    50
    46
    43
    44
    47
    48
    51
    44
    44
    43
    45
    52
    47
    45
    45
    49
    49
    44
    47
    39
    45
    45
    42
    43
    46
    45
    45
    49
    46
    43
    42
    45
    43
    44
    37
    46
    50
    43
    47
    45
    50
    43
    42
    41
    45
    40
    40
    42
    42
    44
    38
    46
    42
    43
    42
    41
    48
    37
    40
    34
    38
    34
    38
    42
    39
    36
    41
    38
    40
    39
    38
    42
    40
    45
    41
    38
    41
    42
    41
    38
    44
    44
    48
    46
    45
    47
    41
    48
    46
    45
    45
    47
    43
    45
    47
    50
    45
    49
    47
    43
    45
    46
    48
    47
    50
    49
    46
    43
    48
    47
    48
    48
    49
    47
    49
    49
    48
    46
    52
    52
    49
    47
    51
    45
    46
    45
    49
    46
    45
    50
    43
    49
    40
    46
    47
    49
    47
    46
    44
    44
    46
    45
    44
    43
    47
    44
    46
    43
    44
    47
    44
    42
    39
    44
    41
    41
    43
    42
    40
    40
    39
    37
    44
    32
    37
    40
    42
    40
    35
    42
    33
    38
    36
    37
    41
    36
    35
    37
    36
    43
    41
    43
    42
    37
    42
    37
    44
    50
    48
    45
    47
    52
    45
    45
    37
    42
    42
    45
    44
    45
    49
    49
    47
    49
    48
    47
    48
    43
    46
    46
    46
    53
    58
    55
    46
    45
    44
    47
    51
    48
    47
    47
    50
    49
    47
    51
    47
    49
    50
    55
    40
    45
    48
    49
    48
    47
    50
    47
    42
    46
    48
    48
    50
    44
    43
    43
    41
    43
    47
    46
    43
    40
    37
    44
    43
    42
    40
    42
    39
    40
    47
    35
    42
    43
    42
    42
    44
    47
    38
    46
    47
    39
    39
    40
    40
    44
    40
    38
    38
    31
    38
    41
