    50
    54
    60
    56
    53
    56
    59
    53
    56
    56
    59
    63
    59
    54
    57
    57
    55
    51
    56
    60
    58
    66
    70
    65
    66
    60
    60
    57
    60
    56
    55
    57
    56
    59
    56
    49
    57
    56
    62
    57
    59
    63
    45
    54
    58
    59
    56
    62
    94
   186
   147
   132
   127
   138
   144
   155
   158
   172
   168
   158
   123
    94
    54
    46
    33
    30
    44
    52
    57
    52
    55
    53
    50
    53
    57
    58
    59
    54
    56
    53
    52
    54
    52
    49
    51
    49
    50
    52
    48
    45
    52
    45
    51
    44
    47
    49
    48
    49
    41
    39
    41
    44
    45
    42
    39
    39
    38
    42
    47
    69
    81
    81
    49
    50
    44
    47
    55
    49
    51
    54
    51
    55
    56
    55
    55
    58
    60
    62
    61
    67
    59
    63
    61
    55
    56
    60
    59
    64
    54
    57
    54
    68
    78
    79
    77
    98
   100
   111
   114
   109
    95
    61
    74
    33
    48
    64
    78
    73
    68
    60
   107
   197
   140
   112
    94
    90
    96
   101
   107
   118
   126
   139
   159
   161
   145
   121
    90
    71
    43
    40
    30
    49
    46
    59
    59
    57
    58
    56
    55
    56
    49
    56
    54
    52
    50
    53
    50
    49
    47
    49
    48
    47
    43
    45
    45
    49
    43
    42
    44
    45
    48
    47
    43
    45
    49
    46
    50
    43
    47
    46
    43
    67
    50
    33
    49
    47
    54
    50
    50
    57
    55
    52
    50
    56
    56
    60
    54
    53
    57
    55
    54
    55
    66
    59
    58
    59
    61
    54
    54
    43
    58
    66
    81
    87
    95
    98
   118
   140
   131
   131
   138
   126
   110
    88
    82
   167
   124
    95
    77
    72
    64
    76
    93
   171
   196
   145
    94
    62
    59
    68
    75
    78
    86
   105
   122
   144
   163
   181
   182
   168
   151
   118
    85
    53
    45
    32
    35
    47
    55
    53
    48
    52
    53
    49
    53
    52
    55
    51
    56
    58
    53
    44
    47
    51
    57
    48
    51
    46
    51
    49
    46
    49
    45
    42
    44
    44
    37
    38
    39
    48
    39
    42
    44
    61
    44
    15
    48
    52
    45
    53
    54
    55
    47
    52
    52
    53
    58
    53
    54
    55
    59
    59
    60
    60
    52
    49
    57
    63
    56
    60
    67
    89
    93
    99
   103
   101
   101
   120
   144
   157
   145
   141
   128
   121
   127
   113
   224
   206
   128
   109
    88
    81
    72
    56
    39
    89
   130
   133
   126
   130
   146
   158
   172
   171
   177
   174
   183
   181
   183
   188
   197
   196
   192
   185
   165
   141
   119
   107
    91
    57
    43
    46
    51
    51
    56
    55
    55
    49
    50
    47
    50
    48
    51
    50
    50
    45
    46
    53
    48
    45
    45
    44
    50
    46
    40
    49
    47
    40
    45
    45
    41
    39
    49
    42
    43
    61
    51
    55
    53
    47
    54
    51
    51
    53
    50
    52
    47
    59
    43
    57
    54
    57
    53
    55
    56
    53
    57
    71
    79
    85
    81
    84
    96
   126
   130
   124
   116
   126
   134
   151
   157
   140
   142
   142
   142
   143
   159
   160
   216
   194
   159
   147
   147
   125
    91
    80
    88
    93
   129
   163
   181
   195
   198
   205
   201
   204
   202
   203
   202
   203
   199
   196
   195
   195
   196
   195
   195
   189
   185
   174
   149
   109
    74
    53
    39
    43
    32
    42
    48
    52
    56
    55
    53
    47
    47
    51
    43
    51
    47
    49
    48
    50
    48
    47
    45
    45
    44
    38
    39
    47
    44
    41
    44
    44
    38
    41
    35
    53
    52
   105
    48
    51
    47
    48
    50
    50
    55
    52
    56
    45
    67
    56
    58
    52
    52
    51
    54
    62
    83
    98
    88
    85
    89
   101
    96
   100
   111
   110
   122
   135
   156
   162
   171
   177
   173
   184
   196
   199
   205
   199
   204
   134
   105
   168
   174
   146
   116
   136
   160
   181
   201
   201
   207
   205
   208
   203
   207
   204
   206
   205
   202
   200
   199
   198
   198
   197
   194
   194
   192
   191
   184
   186
   186
   170
   158
   140
   116
    86
    69
    49
    38
    32
    38
    45
    43
    54
    50
    47
    53
    51
    53
    48
    50
    50
    47
    43
    44
    43
    46
    46
    47
    43
    47
    44
    38
    41
    40
    41
    42
    46
    95
   144
    55
    54
    50
    49
    52
    56
    54
    51
    47
    56
    52
    54
    55
    52
    53
    59
    74
    96
    99
   107
    92
    81
    80
    88
    96
   113
   136
   151
   170
   181
   186
   194
   200
   205
   210
   210
   213
   216
   219
   206
   185
   101
   128
   151
   164
   151
   139
   145
   158
   162
   173
   198
   207
   207
   207
   210
   208
   209
   208
   206
   204
   203
   199
   200
   199
   196
   196
   194
   192
   185
   187
   184
   181
   178
   178
   177
   173
   161
   145
   127
   100
    76
    52
    42
    45
    43
    47
    48
    49
    50
    48
    47
    51
    44
    48
    49
    49
    45
    46
    45
    47
    45
    44
    45
    47
    44
    41
    40
    34
    43
   117
   163
    45
    49
    48
    53
    51
    48
    48
    54
    56
    51
    51
    56
    52
    50
    68
   107
   107
    90
    86
    89
    91
   105
   138
   148
   169
   188
   197
   203
   208
   208
   209
   210
   209
   208
   207
   210
   214
   204
   187
   165
   162
   138
   136
   134
   140
   123
   107
   125
   161
   175
   185
   182
   188
   209
   208
   209
   211
   210
   209
   207
   206
   200
   196
   197
   198
   195
   196
   193
   188
   187
   182
   182
   170
   168
   174
   179
   179
   177
   177
   171
   163
   151
   129
   102
    71
    47
    39
    39
    50
    45
    49
    47
    42
    49
    49
    48
    50
    51
    49
    41
    39
    52
    40
    38
    43
    42
    29
    21
    29
    91
   148
   165
    49
    50
    49
    49
    52
    54
    56
    52
    54
    55
    53
    56
    50
    73
   111
   110
    81
    84
   105
   126
   142
   164
   182
   196
   203
   206
   203
   207
   203
   211
   207
   206
   206
   207
   206
   205
   188
   164
   166
   161
   169
   178
   177
   174
   163
   126
   138
   177
   200
   202
   210
   207
   200
   197
   212
   213
   213
   211
   209
   206
   205
   203
   199
   197
   196
   196
   192
   190
   189
   185
   183
   176
   167
   166
   168
   172
   175
   174
   176
   174
   174
   167
   160
   148
   133
   107
    71
    53
    38
    40
    40
    44
    48
    52
    48
    48
    45
    47
    44
    49
    46
    32
    45
    34
    20
    17
    29
    52
   100
   138
   167
   175
    51
    48
    48
    51
    51
    53
    56
    54
    56
    54
    51
    45
    66
    96
   109
    68
    65
    97
   152
   176
   193
   199
   201
   203
   202
   201
   205
   204
   207
   204
   208
   205
   207
   208
   206
   184
   147
   147
   156
   179
   192
   198
   201
   199
   186
   143
   189
   213
   212
   216
   211
   213
   215
   202
   207
   211
   212
   211
   210
   207
   205
   202
   200
   199
   201
   198
   193
   191
   190
   187
   179
   172
   171
   168
   168
   171
   169
   170
   169
   167
   165
   167
   159
   160
   155
   144
   132
   103
    73
    43
    36
    35
    31
    24
    24
    25
    26
    28
    24
    21
    14
    18
    11
    31
    57
    86
   113
   142
   156
   172
   177
   179
    46
    52
    47
    50
    51
    50
    51
    55
    56
    51
    59
    78
    94
    79
    73
    87
   130
   170
   188
   196
   197
   202
   203
   202
   207
   215
   213
   213
   211
   213
   210
   208
   209
   206
   187
   145
   133
   137
   146
   158
   185
   195
   197
   200
   173
   147
   200
   213
   215
   214
   213
   212
   212
   211
   198
   210
   210
   210
   209
   208
   204
   203
   200
   197
   198
   195
   195
   193
   184
   180
   181
   176
   177
   169
   170
   164
   165
   165
   168
   168
   169
   162
   158
   152
   155
   156
   152
   146
   126
    96
    68
    50
    57
    59
    61
    61
    58
    64
    66
    70
    84
    97
   116
   127
   142
   153
   162
   169
   176
   176
   174
   174
    51
    52
    54
    53
    51
    56
    56
    51
    55
    58
    74
    90
    84
    78
   109
   152
   184
   193
   195
   198
   198
   202
   206
   208
   212
   212
   215
   214
   215
   212
   214
   213
   210
   195
   153
   122
   118
   117
   130
   159
   179
   183
   188
   188
   166
   146
   195
   214
   214
   216
   212
   215
   213
   214
   198
   199
   208
   211
   211
   207
   205
   205
   201
   197
   195
   193
   188
   184
   184
   180
   179
   178
   174
   172
   169
   163
   160
   162
   159
   159
   156
   161
   155
   150
   149
   147
   143
   145
   146
   136
   133
   142
   146
   146
   144
   145
   142
   144
   144
   150
   153
   156
   157
   160
   169
   174
   173
   177
   174
   175
   178
   174
    41
    49
    46
    49
    51
    50
    49
    53
    52
    64
   111
    94
   100
   130
   172
   186
   189
   188
   191
   193
   201
   203
   208
   208
   210
   213
   212
   215
   214
   214
   210
   211
   201
   169
   124
   114
   114
   117
   142
   169
   176
   174
   174
   170
   146
   134
   185
   210
   214
   212
   215
   211
   214
   210
   208
   186
   204
   208
   209
   209
   206
   199
   197
   193
   189
   184
   184
   183
   184
   182
   180
   175
   181
   172
   163
   160
   161
   162
   163
   158
   158
   153
   153
   151
   149
   146
   142
   140
   138
   142
   148
   151
   162
   168
   172
   174
   173
   171
   173
   171
   174
   173
   173
   172
   174
   171
   170
   166
   170
   170
   167
   170
    53
    45
    51
    50
    55
    54
    53
    53
    56
    81
   100
   116
   139
   173
   185
   186
   190
   195
   195
   199
   203
   208
   208
   209
   210
   211
   214
   212
   213
   211
   210
   208
   196
   161
   124
   119
   123
   121
   159
   172
   164
   161
   145
   131
   134
   131
   179
   210
   213
   213
   211
   211
   210
   212
   209
   181
   193
   204
   206
   205
   202
   194
   190
   188
   184
   184
   183
   180
   180
   180
   175
   176
   178
   177
   171
   170
   166
   166
   167
   167
   160
   159
   155
   152
   148
   143
   139
   141
   137
   136
   138
   143
   147
   150
   159
   166
   170
   169
   170
   172
   170
   169
   166
   165
   164
   168
   167
   167
   165
   165
   169
   167
    49
    54
    49
    52
    45
    49
    50
    54
    80
   109
   115
   146
   175
   185
   188
   191
   192
   196
   199
   201
   206
   206
   208
   208
   210
   211
   211
   212
   210
   209
   209
   205
   190
   155
   124
   123
   118
   127
   147
   160
   149
   120
   113
   126
   129
   127
   166
   211
   212
   211
   210
   209
   207
   207
   208
   183
   180
   202
   203
   204
   196
   186
   181
   181
   180
   179
   183
   182
   181
   179
   182
   181
   180
   175
   175
   177
   175
   174
   172
   165
   170
   163
   163
   160
   154
   149
   145
   138
   135
   134
   136
   134
   135
   135
   140
   146
   153
   160
   160
   161
   162
   162
   162
   161
   162
   159
   158
   158
   162
   164
   160
   160
    46
    44
    46
    46
    51
    53
    66
    85
   107
   119
   145
   172
   186
   190
   191
   195
   198
   201
   200
   203
   205
   208
   207
   208
   208
   206
   209
   211
   208
   207
   204
   198
   184
   139
   121
   124
   135
   142
   158
   154
   118
   125
   156
   142
   121
   116
   148
   196
   206
   206
   206
   202
   203
   204
   207
   188
   165
   195
   201
   197
   189
   175
   177
   182
   181
   182
   187
   179
   178
   181
   178
   177
   176
   176
   173
   172
   174
   173
   169
   171
   162
   158
   156
   155
   156
   152
   144
   142
   141
   139
   135
   133
   139
   135
   132
   132
   136
   146
   152
   153
   152
   153
   155
   156
   154
   152
   151
   153
   157
   153
   155
   153
    48
    52
    49
    47
    46
    67
    89
   113
   120
   137
   166
   177
   186
   188
   190
   190
   193
   199
   203
   206
   206
   203
   208
   207
   206
   204
   208
   208
   207
   204
   201
   194
   171
   125
   111
   118
   131
   141
   155
   165
   122
   185
   181
   131
   113
   122
   144
   179
   197
   202
   200
   203
   196
   200
   198
   192
   155
   189
   191
   188
   181
   172
   176
   178
   181
   180
   180
   178
   176
   177
   178
   180
   177
   173
   173
   171
   171
   165
   164
   160
   158
   160
   153
   156
   156
   151
   148
   142
   140
   131
   129
   136
   134
   138
   137
   133
   128
   132
   140
   146
   148
   147
   151
   149
   146
   146
   145
   147
   143
   149
   148
   148
    50
    53
    51
    64
    90
    97
   117
   126
   135
   151
   171
   179
   188
   191
   189
   193
   196
   199
   205
   206
   206
   207
   206
   208
   206
   207
   206
   207
   205
   204
   197
   180
   146
   111
   119
   113
   128
   139
   145
   159
   149
   203
   153
   104
   117
   129
   143
   167
   186
   183
   196
   187
   186
   183
   189
   187
   151
   181
   185
   187
   178
   167
   168
   176
   175
   182
   181
   179
   178
   177
   173
   174
   170
   162
   162
   160
   159
   156
   150
   150
   152
   144
   148
   146
   145
   143
   140
   141
   137
   138
   137
   138
   141
   137
   136
   131
   131
   127
   124
   128
   136
   138
   137
   140
   143
   141
   141
   140
   142
   137
   144
   142
    58
    53
    56
    87
   106
   109
   113
   126
   143
   164
   177
   183
   188
   185
   189
   191
   195
   200
   205
   202
   203
   205
   208
   206
   206
   204
   206
   208
   206
   201
   193
   179
   146
   113
   115
   111
   121
   128
   129
   161
   166
   175
   114
   101
   125
   126
   129
   151
   154
   159
   173
   177
   174
   178
   183
   186
   145
   174
   183
   177
   169
   162
   171
   176
   179
   177
   177
   176
   174
   173
   170
   173
   165
   161
   161
   161
   161
   157
   154
   147
   135
   133
   136
   134
   135
   133
   133
   136
   136
   139
   143
   145
   144
   143
   139
   135
   133
   130
   126
   122
   126
   128
   128
   135
   135
   137
   133
   131
   135
   136
   132
   138
    53
    49
    68
   111
   124
   113
   111
   128
   155
   174
   183
   182
   185
   184
   187
   194
   196
   198
   199
   203
   201
   201
   202
   200
   200
   202
   205
   204
   203
   201
   190
   174
   139
   112
   115
   107
   115
   120
   121
   153
   174
   147
   104
   104
   122
   119
   119
   126
   135
   133
   158
   166
   170
   172
   171
   175
   141
   170
   174
   175
   166
   165
   173
   180
   182
   179
   174
   176
   173
   168
   167
   168
   172
   178
   185
   181
   172
   161
   144
   130
   125
   123
   121
   124
   123
   130
   130
   131
   132
   135
   140
   147
   147
   142
   141
   137
   134
   129
   123
   120
   115
   115
   122
   117
   128
   135
   130
   130
   125
   127
   130
   128
    52
    66
    89
   113
   123
   111
   111
   137
   163
   176
   177
   180
   185
   183
   189
   190
   195
   196
   200
   199
   199
   201
   199
   198
   199
   202
   203
   203
   202
   199
   192
   171
   138
   116
   117
   103
   106
   117
   110
   161
   170
   127
   109
    98
    99
   107
   104
   111
   113
   121
   146
   160
   171
   173
   171
   176
   140
   160
   170
   170
   161
   163
   180
   176
   175
   173
   166
   164
   164
   161
   164
   178
   189
   193
   189
   183
   167
   143
   126
   117
   108
   113
   114
   115
   126
   129
   134
   134
   134
   136
   138
   138
   140
   138
   139
   138
   136
   135
   131
   123
   120
   112
   112
   121
   127
   124
   129
   121
   123
   125
   127
   125
    67
    89
   100
   105
    98
    92
   106
   136
   167
   179
   176
   179
   181
   185
   186
   191
   194
   197
   199
   196
   196
   195
   195
   197
   199
   199
   201
   204
   201
   198
   191
   171
   134
   109
   117
   104
   105
   114
   114
   154
   163
   117
   110
    86
    75
    90
    98
   102
   103
   102
   138
   158
   165
   167
   167
   170
   138
   161
   162
   156
   159
   168
   171
   170
   172
   164
   161
   163
   164
   169
   182
   193
   197
   194
   189
   174
   151
   130
   109
    90
    96
    96
   110
   124
   133
   139
   139
   140
   133
   129
   132
   132
   132
   131
   127
   128
   128
   129
   125
   125
   117
   113
   111
   118
   116
   118
   116
   121
   120
   118
   123
   120
    71
    80
    91
    84
    89
    89
   114
   144
   164
   174
   177
   176
   185
   189
   190
   188
   195
   196
   192
   194
   190
   192
   193
   194
   195
   198
   201
   202
   202
   199
   188
   171
   136
   139
   132
   101
   109
   115
   112
   159
   152
   101
    89
    74
    68
    80
    92
    94
    97
   100
   134
   151
   158
   168
   173
   174
   140
   161
   164
   157
   157
   165
   163
   165
   161
   158
   159
   159
   163
   176
   190
   197
   196
   190
   180
   162
   143
   115
    88
    74
    68
    92
   115
   139
   149
   155
   150
   144
   139
   134
   129
   128
   128
   125
   122
   125
   124
   123
   126
   123
   126
   118
   111
   105
   109
   114
   117
   116
   115
   116
   113
   114
    79
    76
    85
    93
    92
    91
   114
   141
   164
   169
   175
   176
   184
   187
   186
   190
   190
   193
   192
   191
   192
   190
   190
   194
   194
   197
   198
   200
   199
   192
   185
   171
   135
   137
   125
    86
    85
    92
    91
   124
   144
    84
    81
    51
    64
    89
    95
    93
    95
    96
   138
   151
   160
   165
   176
   176
   140
   159
   156
   154
   159
   166
   158
   160
   160
   158
   160
   158
   169
   187
   196
   196
   192
   186
   177
   155
   132
   106
    83
    57
    57
    78
   123
   150
   161
   161
   155
   150
   138
   128
   133
   128
   125
   115
   118
   118
   120
   120
   121
   117
   116
   116
   109
   107
   107
   105
   108
   109
   110
   108
   108
   108
    75
    75
    83
    94
    90
    91
   115
   139
   155
   168
   169
   177
   181
   182
   187
   190
   193
   190
   187
   190
   186
   190
   187
   187
   190
   192
   195
   195
   194
   192
   186
   169
   132
   130
   109
    79
    67
    76
    73
    98
   114
   115
   117
    82
    71
    90
    96
    94
    98
   111
   136
   154
   166
   177
   182
   165
   139
   160
   160
   160
   163
   165
   161
   159
   160
   159
   160
   173
   191
   202
   203
   199
   194
   182
   169
   148
   126
   102
    78
    59
    50
    97
   148
   170
   175
   171
   160
   154
   143
   129
   124
   121
   120
   120
   122
   126
   128
   126
   121
   118
   116
   113
   109
   103
    99
   105
   104
   109
   107
   102
   108
   104
    60
    59
    72
    75
    84
    88
   111
   140
   155
   162
   169
   174
   179
   188
   186
   189
   188
   189
   188
   187
   186
   188
   191
   190
   191
   191
   191
   193
   191
   187
   184
   169
   133
   122
   110
    88
    83
    92
    86
   109
   127
    99
   110
    88
    87
    99
    98
    99
    97
   108
   132
   154
   170
   182
   184
   158
   141
   157
   159
   158
   164
   162
   155
   157
   155
   164
   178
   191
   200
   203
   203
   199
   189
   183
   167
   145
   125
   105
    81
    61
    58
   110
   159
   181
   185
   173
   164
   152
   142
   137
   131
   123
   124
   122
   122
   124
   127
   125
   126
   121
   111
   110
   105
    99
    90
    92
    95
    98
   100
    99
    98
    96
    58
    61
    63
    64
    83
    96
   111
   132
   146
   159
   166
   175
   177
   179
   182
   185
   186
   184
   185
   187
   183
   185
   183
   186
   187
   189
   190
   190
   188
   184
   180
   167
   133
   121
   112
    93
    86
    96
    87
   102
   128
   100
    96
    93
   101
   110
   105
   101
   101
   110
   134
   160
   173
   188
   185
   149
   151
   161
   158
   162
   164
   163
   163
   159
   161
   173
   186
   195
   201
   203
   197
   192
   186
   173
   156
   140
   125
   108
    88
    57
    48
   116
   169
   184
   185
   179
   166
   155
   142
   134
   129
   127
   121
   121
   119
   123
   124
   123
   125
   122
   117
   109
   107
    95
    91
    84
    93
    90
    98
    99
    99
    96
    65
    61
    50
    63
    85
    91
   107
   130
   146
   159
   169
   173
   177
   179
   184
   185
   186
   186
   186
   185
   185
   182
   183
   187
   184
   186
   189
   188
   188
   183
   179
   165
   132
   122
   112
   102
   102
   116
   107
   113
   140
   107
   115
   119
   126
   116
   103
   104
   101
   117
   141
   165
   184
   188
   179
   140
   154
   157
   165
   162
   165
   164
   157
   160
   167
   178
   186
   196
   201
   195
   196
   186
   181
   171
   156
   141
   125
   107
    91
    65
    57
   115
   169
   182
   183
   175
   166
   153
   144
   130
   127
   115
   114
   115
   119
   124
   128
   127
   123
   121
   114
   109
   102
    92
    86
    81
    81
    90
    93
    94
    91
    94
    58
    56
    50
    57
    68
    84
    98
   121
   148
   162
   167
   175
   180
   181
   183
   185
   184
   182
   184
   179
   182
   185
   186
   183
   187
   188
   189
   190
   190
   187
   181
   164
   134
   121
   111
    98
    97
   111
   105
   107
   134
   101
   104
   120
   131
   120
   107
   106
   109
   118
   144
   175
   187
   187
   159
   136
   160
   167
   170
   171
   167
   161
   159
   159
   161
   172
   183
   193
   192
   190
   187
   184
   178
   166
   154
   136
   121
   115
    94
    75
    71
   128
   166
   170
   174
   175
   163
   148
   135
   128
   121
   116
   110
   110
   120
   129
   129
   129
   124
   120
   112
   110
    96
    92
    81
    73
    71
    78
    90
    91
    91
    86
    68
    67
    64
    71
    70
    79
    96
   125
   153
   159
   169
   174
   174
   174
   179
   180
   181
   182
   180
   185
   178
   180
   179
   184
   186
   186
   186
   186
   185
   187
   177
   167
   141
   125
   114
    96
    91
   102
    95
    95
   119
    90
    77
   102
   112
   113
   107
   105
   107
   120
   153
   181
   195
   184
   136
   175
   188
   187
   178
   169
   164
   144
   140
   139
   146
   155
   171
   180
   184
   186
   182
   176
   167
   160
   142
   134
   124
   114
   101
    75
    78
   134
   151
   163
   161
   167
   162
   150
   135
   126
   116
   109
   108
   115
   124
   133
   136
   137
   131
   124
   118
   103
    94
    76
    69
    66
    63
    72
    81
    95
    94
    93
    71
    62
    71
    73
    69
    79
    95
   126
   145
   156
   170
   173
   174
   175
   179
   181
   183
   183
   183
   180
   180
   180
   180
   182
   184
   186
   188
   185
   183
   180
   179
   164
   144
   129
   119
    98
    93
   103
    94
   106
   123
    82
    69
    65
    91
   114
   114
   106
   110
   133
   167
   194
   204
   158
   173
   203
   205
   199
   187
   165
   152
   142
   137
   137
   141
   147
   160
   176
   183
   184
   179
   169
   167
   158
   147
   139
   128
   115
    92
    72
    78
   137
   162
   152
   153
   155
   156
   139
   127
   112
   106
    99
    99
   108
   124
   139
   142
   142
   136
   128
   118
   108
    92
    77
    64
    50
    52
    61
    75
    85
    89
    91
    76
    73
    66
    62
    61
    70
    96
   121
   137
   155
   166
   176
   178
   178
   181
   179
   183
   183
   182
   180
   181
   179
   180
   181
   185
   186
   184
   182
   183
   180
   170
   159
   142
   133
   128
   119
    95
   106
   123
   125
   126
    74
    81
    62
    68
   106
   110
   103
   111
   141
   182
   209
   179
   167
   208
   213
   210
   202
   188
   181
   174
   167
   156
   136
   136
   141
   150
   162
   182
   185
   180
   173
   163
   154
   144
   136
   133
   119
    95
    71
    85
   133
   162
   152
   147
   146
   143
   138
   120
   110
    95
    87
    91
   103
   122
   136
   146
   145
   132
   125
   114
   101
    85
    67
    53
    58
    55
    54
    63
    74
    90
    90
    73
    65
    64
    52
    56
    66
    86
   107
   141
   155
   167
   174
   174
   177
   175
   177
   180
   180
   180
   176
   177
   178
   179
   184
   181
   181
   182
   181
   177
   174
   172
   163
   151
   136
   129
   134
   122
   167
   190
   159
   134
    76
    64
    71
    67
    95
   102
   107
   124
   158
   186
   174
   157
   196
   213
   210
   204
   196
   194
   190
   180
   164
   155
   147
   143
   146
   151
   170
   180
   185
   179
   171
   161
   151
   145
   146
   137
   118
    92
    74
    74
   118
   160
   155
   142
   135
   135
   128
   114
    96
    84
    77
    83
    98
   119
   136
   145
   146
   133
   115
   108
    94
    79
    68
    57
    42
    44
    47
    56
    68
    79
    84
    72
    74
    60
    60
    60
    70
    81
   106
   142
   155
   169
   172
   178
   177
   171
   177
   182
   179
   179
   184
   179
   180
   180
   183
   183
   183
   186
   185
   185
   178
   176
   167
   156
   137
   132
   140
   122
   165
   213
   221
   174
    91
    70
    70
    86
    95
   107
   121
   148
   169
   149
   137
   170
   196
   198
   197
   191
   196
   189
   181
   162
   133
   113
   120
   147
   143
   155
   174
   184
   185
   176
   168
   158
   150
   147
   147
   139
   118
    90
    68
    70
   106
   146
   146
   130
   127
   122
   112
    95
    85
    71
    68
    73
    95
   115
   135
   146
   136
   121
   117
   103
    91
    79
    57
    49
    45
    46
    48
    46
    55
    67
    78
    84
    79
    61
    56
    63
    60
    75
   103
   143
   164
   172
   176
   176
   180
   177
   178
   182
   182
   180
   181
   184
   183
   182
   184
   181
   181
   183
   185
   183
   182
   171
   166
   150
   139
   130
   142
   130
   152
   223
   215
   200
   123
    87
    74
    83
   108
   129
   146
   150
   128
   115
   117
   152
   176
   178
   181
   192
   195
   189
   171
   135
    92
    70
    75
   103
   136
   155
   182
   187
   177
   168
   156
   148
   140
   141
   144
   134
   110
    84
    58
    52
    95
   126
   130
   118
   115
   108
   106
    97
    81
    70
    65
    74
    92
   122
   139
   140
   130
   120
   110
   103
    97
    71
    62
    52
    47
    40
    44
    54
    47
    56
    66
    74
    79
    65
    65
    70
    68
    80
   105
   141
   158
   173
   178
   180
   178
   177
   182
   183
   177
   174
   179
   180
   182
   178
   182
   183
   183
   187
   183
   184
   182
   175
   166
   159
   141
   132
   119
   162
   118
   219
   216
   211
   139
   106
    91
   109
   127
   127
   115
   107
   109
   123
   148
   172
   182
   186
   196
   205
   197
   191
   177
   136
    85
    50
    40
    69
   128
   168
   176
   172
   164
   148
   140
   132
   131
   136
   137
   125
   100
    73
    60
    50
    84
   120
   125
   116
   101
    96
    94
    91
    82
    73
    66
    73
    89
   115
   133
   135
   128
   115
   113
   104
    97
    74
    58
    49
    44
    47
    42
    43
    48
    56
    59
    70
    70
    61
    69
    62
    62
    72
   107
   147
   167
   175
   177
   178
   180
   181
   180
   181
   183
   180
   179
   179
   186
   186
   184
   184
   182
   181
   183
   183
   180
   172
   171
   160
   153
   149
   110
   180
   187
   208
   215
   211
   165
   130
   110
   117
   113
   106
   110
   132
   155
   179
   197
   200
   200
   199
   203
   211
   213
   196
   181
   163
   104
    65
    43
    96
   154
   173
   171
   151
   128
   121
   124
   118
   122
   126
   124
   119
    94
    74
    55
    43
    78
   116
   124
   114
    95
    84
    83
    82
    80
    75
    71
    73
    91
   110
   129
   133
   119
   115
   103
    93
    82
    72
    60
    51
    42
    39
    46
    48
    47
    45
    49
    62
    70
    64
    68
    64
    66
    74
   112
   147
   168
   171
   180
   183
   184
   182
   182
   184
   186
   183
   182
   184
   183
   188
   185
   184
   185
   184
   185
   186
   183
   174
   172
   168
   156
   156
   117
   119
   225
   209
   199
   186
   222
   206
   166
   150
   156
   160
   176
   187
   193
   202
   209
   207
   200
   194
   195
   201
   207
   201
   178
   161
   141
   101
   102
   140
   165
   163
   142
   122
   104
   105
   106
   111
   113
   118
   129
   123
   103
    77
    56
    46
    68
   114
   127
   113
    99
    77
    77
    80
    85
    84
    77
    85
    90
   112
   128
   124
   122
   113
   110
   103
    87
    73
    59
    50
    48
    46
    43
    45
    48
    39
    48
    59
    69
    75
    66
    58
    71
    77
   110
   151
   166
   175
   179
   179
   183
   182
   184
   184
   186
   189
   185
   188
   189
   187
   185
   187
   185
   183
   187
   192
   193
   186
   178
   173
   163
   144
   120
    94
   182
   230
   215
   205
   220
   215
   185
   188
   195
   198
   203
   202
   198
   200
   205
   195
   193
   184
   178
   180
   181
   169
   153
   135
   131
   126
   141
   153
   156
   133
   111
    82
    82
    95
   107
   111
   112
   124
   132
   129
   107
    81
    51
    39
    66
   111
   122
   112
    95
    73
    62
    68
    73
    76
    80
    76
    91
   108
   123
   127
   123
   117
   113
   104
    94
    79
    62
    60
    46
    45
    44
    42
    41
    47
    40
    75
    68
    59
    59
    66
    68
    79
   112
   142
   162
   172
   177
   180
   183
   187
   187
   187
   189
   189
   190
   191
   188
   187
   185
   185
   185
   186
   187
   195
   197
   188
   182
   173
   167
   147
   133
   110
   133
   202
   207
   198
   222
   209
   206
   187
   188
   191
   193
   191
   188
   191
   189
   189
   179
   171
   169
   166
   165
   155
   137
   117
   105
   102
   120
   136
   124
   104
    76
    70
    71
    89
   109
   111
   118
   122
   132
   129
   112
    86
    66
    48
    57
   103
   125
   119
   102
    77
    56
    61
    73
    80
    82
    83
    91
   101
   114
   119
   121
   118
   114
   106
    97
    80
    75
    54
    52
    43
    44
    49
    47
    48
    40
    67
    73
    63
    67
    65
    66
    83
   115
   142
   166
   178
   177
   178
   183
   187
   189
   190
   193
   192
   191
   188
   190
   189
   188
   189
   188
   184
   187
   194
   198
   194
   186
   175
   171
   151
   144
   127
   141
   152
   165
   168
   219
   188
   193
   184
   180
   182
   182
   181
   180
   180
   180
   178
   173
   167
   167
   167
   164
   149
   138
   123
    96
    82
    85
    98
    91
    71
    56
    64
    85
   100
   113
   118
   120
   126
   135
   131
   106
    79
    61
    44
    62
   102
   124
   115
    99
    79
    61
    62
    79
    83
    84
    80
    94
   106
   114
   120
   120
   118
   113
   108
    95
    86
    67
    65
    44
    49
    45
    44
    45
    44
    43
    70
    66
    64
    63
    71
    80
    94
   108
   142
   173
   178
   178
   183
   187
   186
   189
   190
   192
   194
   195
   193
   190
   190
   191
   187
   184
   184
   185
   189
   189
   191
   188
   184
   179
   160
   152
   132
   157
   162
   162
   160
   185
   157
   176
   176
   171
   168
   172
   173
   171
   176
   178
   173
   172
   173
   171
   173
   174
   162
   145
   125
   104
    82
    66
    67
    62
    50
    58
    75
    93
   110
   115
   111
   114
   123
   132
   130
   113
    87
    62
    49
    60
    99
   121
   113
    97
    80
    62
    68
    72
    84
    83
    84
    96
   104
   112
   117
   121
   115
   115
   107
    98
    88
    75
    58
    54
    40
    42
    45
    49
    48
    41
    64
    66
    78
    77
    69
    82
    92
   114
   152
   174
   183
   183
   185
   184
   188
   189
   192
   192
   192
   194
   192
   192
   190
   186
   186
   185
   185
   186
   187
   190
   190
   188
   189
   186
   162
   158
   140
   162
   171
   171
   172
   189
   153
   176
   175
   171
   167
   166
   170
   176
   173
   176
   181
   179
   178
   181
   188
   189
   174
   154
   135
   115
    91
    79
    75
    71
    71
    83
    92
   109
   116
   121
   122
   122
   122
   133
   130
   105
    82
    59
    50
    60
    95
   120
   113
    96
    80
    73
    66
    72
    74
    78
    83
    94
   105
   118
   120
   120
   119
   110
   108
   101
    89
    74
    61
    48
    44
    44
    48
    43
    45
    42
    60
    59
    84
    82
    74
    77
    90
   109
   144
   174
   179
   180
   186
   186
   188
   190
   192
   195
   196
   194
   192
   193
   190
   192
   185
   185
   186
   188
   190
   191
   195
   193
   190
   192
   171
   161
   141
   168
   176
   178
   175
   199
   156
   181
   176
   173
   166
   167
   170
   169
   176
   183
   181
   186
   187
   185
   190
   195
   181
   163
   145
   122
   105
    99
    91
    86
    97
   104
   117
   122
   132
   130
   129
   125
   131
   136
   129
   110
    86
    65
    53
    60
    96
   127
   120
   102
    81
    74
    76
    76
    74
    76
    76
    92
   109
   121
   124
   122
   117
   117
   108
   104
    91
    74
    63
    52
    48
    38
    42
    45
    48
    44
    54
    60
    80
    89
    77
    80
    87
   109
   147
   168
   184
   184
   187
   188
   188
   190
   194
   196
   191
   193
   192
   193
   189
   187
   188
   187
   186
   188
   192
   199
   197
   200
   194
   191
   174
   163
   143
   165
   176
   183
   181
   204
   161
   180
   174
   174
   176
   174
   171
   174
   175
   183
   181
   179
   181
   185
   184
   186
   180
   165
   150
   130
   112
    96
    98
   104
   112
   126
   130
   138
   138
   142
   135
   132
   138
   143
   135
   109
    81
    66
    48
    62
    99
   130
   115
   107
    98
    93
    88
    79
    83
    75
    82
    97
   111
   121
   130
   129
   124
   117
   112
    98
    84
    79
    62
    50
    38
    45
    43
    46
    44
    43
    57
    66
    82
    77
    79
    81
    89
   112
   140
   169
   185
   187
   190
   187
   187
   191
   192
   193
   197
   191
   194
   191
   189
   185
   189
   189
   189
   188
   191
   197
   198
   193
   186
   183
   180
   168
   140
   151
   170
   176
   162
   215
   167
   179
   175
   177
   177
   173
   177
   173
   172
   177
   175
   172
   175
   172
   174
   175
   176
   172
   152
   129
    98
    92
    98
   117
   130
   135
   137
   139
   143
   142
   141
   141
   141
   149
   142
   122
    92
    69
    52
    65
   100
   126
   118
   108
    99
    96
    93
    82
    71
    77
    77
    93
   112
   123
   129
   130
   127
   122
   114
   102
    95
    75
    62
    48
    45
    41
    44
    42
    44
    40
    64
    62
    79
    76
    83
    83
    85
   106
   141
   167
   181
   188
   187
   189
   190
   189
   193
   197
   194
   195
   192
   191
   190
   191
   188
   189
   188
   190
   189
   192
   194
   187
   183
   172
   168
   157
   142
   131
   166
   174
   192
   180
   137
   162
   172
   172
   174
   176
   175
   178
   174
   176
   179
   178
   172
   172
   169
   171
   179
   160
   147
   117
    73
    46
    77
   117
   133
   140
   146
   142
   146
   150
   145
   142
   144
   147
   144
   127
   105
    77
    60
    68
   102
   118
   115
   110
   116
   113
   100
    96
    88
    83
    86
    96
   112
   124
   129
   130
   128
   123
   119
   108
    95
    88
    71
    63
    54
    47
    45
    48
    41
    44
    66
    74
    82
    83
    90
    84
    83
   101
   137
   163
   189
   187
   190
   188
   190
   192
   193
   197
   197
   194
   193
   190
   187
   192
   190
   189
   188
   189
   194
   193
   191
   186
   181
   172
   168
   152
   138
   120
   146
   163
   181
   192
   128
   154
   164
   171
   169
   166
   165
   170
   171
   172
   171
   173
   173
   172
   168
   171
   170
   156
   139
    97
    49
    39
    52
    98
   123
   144
   150
   155
   153
   151
   149
   144
   144
   147
   143
   136
   109
    84
    51
    65
   106
   116
   116
   122
   120
   116
   114
   102
    93
    89
    97
   103
   115
   120
   122
   126
   127
   127
   116
   111
    99
    89
    76
    62
    55
    48
    46
    45
    48
    45
    75
    69
    69
    89
    98
    95
    91
   107
   140
   166
   180
   184
   188
   191
   191
   190
   193
   197
   196
   192
   191
   192
   191
   187
   189
   186
   187
   190
   192
   197
   193
   184
   180
   172
   160
   137
   119
    97
   112
   141
   134
   149
   112
   121
   148
   144
   140
   141
   147
   153
   158
   161
   165
   165
   166
   166
   167
   168
   166
   154
   134
    90
    50
    33
    50
    83
   108
   136
   154
   157
   152
   153
   149
   150
   143
   143
   147
   137
   120
    89
    66
    68
   100
   115
   117
   124
   125
   122
   111
   105
    99
   101
   100
   112
   117
   121
   118
   116
   122
   122
   123
   114
   107
    95
    83
    68
    55
    49
    48
    44
    45
    41
    87
    73
    77
    86
    96
    79
    82
   105
   136
   155
   184
   187
   187
   190
   190
   194
   194
   196
   194
   197
   193
   192
   189
   189
   189
   190
   189
   191
   197
   201
   196
   190
   180
   171
   140
   118
   102
    91
   113
   125
   121
   126
   138
   132
   133
   132
   121
   117
   125
   135
   148
   145
   148
   155
   157
   159
   160
   165
   169
   161
   139
   109
    68
    53
    68
    85
   104
   142
   158
   157
   153
   150
   146
   142
   143
   141
   138
   135
   123
    96
    69
    68
    95
   110
   123
   126
   131
   130
   122
   109
   104
   102
   107
   109
   117
   118
   122
   120
   124
   120
   115
   112
   105
    91
    81
    68
    55
    48
    48
    50
    51
    44
    84
    83
    75
    84
    85
    84
    83
   115
   135
   157
   181
   188
   190
   188
   190
   194
   195
   193
   195
   193
   193
   190
   189
   190
   190
   190
   191
   193
   200
   201
   200
   191
   183
   173
   156
   142
   105
   108
   119
   111
   113
   125
   123
   125
   128
   130
   135
   127
   119
   123
   121
   144
   145
   143
   145
   150
   154
   157
   164
   164
   154
   127
   103
    92
    95
   104
   125
   149
   157
   160
   160
   154
   148
   148
   143
   143
   139
   134
   124
    98
    73
    70
   100
   112
   126
   133
   136
   131
   121
   110
   106
   102
   104
   111
   108
   122
   125
   131
   126
   121
   115
   110
   107
    92
    82
    72
    59
    56
    55
    56
    53
    52
    80
    73
    69
    64
    76
    79
    82
   102
   125
   152
   181
   186
   183
   186
   188
   191
   190
   193
   192
   192
   194
   194
   195
   195
   194
   192
   194
   199
   200
   200
   197
   196
   185
   170
   190
   199
   123
   135
   109
   100
   109
    93
    97
   105
   115
   129
   136
   133
   133
   145
   142
   117
   130
   150
   151
   158
   155
   159
   156
   158
   160
   154
   134
   128
   135
   144
   154
   157
   159
   156
   159
   156
   146
   140
   145
   140
   133
   133
   129
   111
    80
    70
    98
   114
   127
   140
   139
   135
   126
   119
   110
   108
   109
   112
   121
   123
   126
   127
   125
   119
   116
   112
   106
    94
    87
    73
    65
    59
    56
    57
    59
    51
    77
    79
    74
    75
    70
    85
    82
    92
   110
   150
   179
   182
   185
   180
   183
   186
   190
   191
   192
   190
   197
   195
   193
   194
   193
   194
   194
   198
   201
   201
   201
   196
   189
   173
   159
   160
   126
   136
    97
    92
    92
    81
    78
    98
   132
   142
   135
   135
   147
   165
   168
   158
   133
   129
   150
   163
   167
   161
   152
   147
   157
   163
   158
   161
   167
   166
   170
   169
   164
   160
   152
   154
   152
   147
   149
   145
   139
   133
   129
   117
    88
    70
   101
   124
   134
   142
   142
   139
   130
   120
   115
   116
   111
   118
   124
   126
   130
   131
   126
   125
   118
   113
   106
    97
    85
    73
    62
    55
    59
    60
    56
    56
    56
    58
    76
    80
    76
    77
    81
    88
   114
   150
   177
   182
   177
   181
   186
   187
   187
   193
   197
   196
   197
   193
   193
   192
   191
   193
   196
   198
   202
   205
   195
   193
   185
   176
   144
    99
   131
   124
    90
   102
    76
    64
    69
   101
   125
   140
   142
   137
   129
   149
   167
   170
   170
   146
   127
   155
   161
   164
   153
   144
   143
   155
   172
   179
   185
   187
   181
   174
   165
   163
   157
   154
   153
   151
   150
   148
   141
   136
   131
   121
    97
    80
   103
   126
   141
   149
   147
   140
   131
   127
   124
   117
   118
   117
   119
   125
   124
   126
   132
   124
   121
   116
   105
   100
    91
    83
    69
    63
    65
    62
    60
    61
    64
    55
    67
    82
    76
    73
    74
    83
   109
   149
   167
   178
   180
   184
   187
   187
   189
   190
   196
   198
   195
   194
   193
   190
   191
   192
   194
   202
   204
   201
   199
   189
   184
   166
   133
   112
   151
   109
    86
    78
    75
    68
    79
    89
   107
   108
   132
   133
   135
   133
   151
   165
   168
   168
   141
   123
   153
   160
   162
   151
   144
   147
   174
   183
   182
   186
   184
   180
   174
   167
   162
   158
   155
   156
   155
   144
   140
   132
   127
   117
    99
    72
    99
   129
   145
   150
   148
   143
   138
   130
   121
   122
   118
   122
   121
   126
   125
   127
   126
   129
   126
   117
   111
   101
    88
    76
    65
    69
    67
    64
    63
    61
    54
    52
    55
    68
    69
    66
    69
    76
   103
   149
   175
   182
   188
   186
   187
   189
   191
   194
   198
   201
   199
   198
   195
   191
   189
   192
   197
   202
   202
   200
   195
   190
   186
   168
   135
   120
   149
    97
    78
    72
    59
    58
    93
   108
   105
    96
   108
   116
   133
   130
   142
   155
   168
   164
   166
   133
   123
   150
   154
   150
   146
   148
   164
   181
   187
   184
   185
   185
   178
   172
   163
   161
   157
   149
   154
   149
   139
   133
   128
   113
    94
    74
    87
   124
   146
   153
   150
   145
   138
   131
   128
   123
   124
   120
   125
   124
   128
   124
   124
   122
   120
   118
   108
    97
    87
    71
    72
    66
    64
    63
    63
    71
    51
    47
    46
    57
    64
    72
    77
    87
   111
   146
   170
   182
   182
   185
   189
   189
   191
   195
   198
   198
   197
   195
   196
   195
   192
   196
   195
   200
   202
   202
   199
   194
   185
   170
   126
   117
   127
    84
    69
    63
    59
    70
    99
   117
   118
   101
   101
   103
   111
   135
   135
   149
   160
   172
   166
   161
   121
   141
   153
   156
   152
   146
   160
   173
   185
   189
   189
   187
   183
   176
   171
   162
   155
   157
   150
   151
   143
   135
   126
   114
    93
    65
    87
   127
   149
   153
   149
   145
   140
   131
   129
   123
   120
   117
   119
   126
   124
   121
   127
   129
   120
   112
   104
    94
    81
    73
    67
    72
    70
    65
    71
    73
    48
    56
    63
    62
    61
    62
    78
    91
   112
   149
   176
   181
   182
   188
   188
   190
   193
   192
   194
   199
   201
   195
   192
   194
   193
   195
   200
   200
   201
   200
   197
   188
   180
   157
   121
   112
   104
    75
    64
    63
    67
    76
    99
   106
   113
   112
   112
   109
   100
   115
   134
   143
   156
   162
   161
   161
   140
   123
   146
   151
   152
   142
   147
   164
   183
   187
   188
   186
   186
   183
   175
   173
   161
   154
   155
   152
   144
   135
   127
   114
    94
    63
    85
   126
   145
   148
   151
   146
   139
   132
   122
   119
   118
   122
   126
   126
   125
   124
   122
   120
   117
   108
    99
    89
    80
    76
    74
    72
    78
    72
    77
    81
    54
    50
    58
    60
    61
    64
    61
    80
   109
   141
   168
   186
   184
   183
   187
   189
   192
   195
   197
   198
   198
   198
   195
   190
   194
   194
   196
   198
   200
   198
   196
   191
   176
   144
   111
    97
    87
    66
    63
    68
    59
    93
   101
    98
   119
   122
   119
   106
    98
    99
   133
   144
   149
   164
   162
   159
   158
   117
   139
   152
   154
   148
   140
   147
   167
   181
   185
   187
   185
   182
   180
   166
   167
   161
   155
   150
   147
   143
   132
   118
    95
    84
    90
   122
   142
   146
   143
   140
   136
   130
   129
   128
   123
   121
   123
   125
   125
   125
   123
   120
   112
   104
    97
    87
    76
    77
    72
    72
    68
    76
    76
    92
    57
    48
    59
    58
    63
    70
    74
    78
   107
   139
   173
   179
   180
   184
   184
   186
   191
   195
   197
   197
   199
   195
   194
   195
   194
   197
   196
   199
   201
   198
   197
   195
   184
   152
   110
   101
    84
    67
    65
    71
    81
   100
   103
   105
   118
   122
   126
   109
   101
    96
   119
   145
   146
   157
   163
   162
   161
   141
   124
   144
   148
   146
   140
   143
   162
   176
   183
   184
   186
   184
   180
   173
   165
   160
   154
   151
   148
   144
   133
   119
   106
    85
    97
   115
   129
   139
   141
   134
   132
   131
   130
   127
   126
   126
   127
   127
   123
   117
   114
   110
   108
   101
    91
    90
    88
    79
    78
    75
    85
    88
    99
   105
    63
    50
    49
    56
    68
    65
    73
    85
   107
   144
   168
   179
   181
   183
   185
   188
   189
   191
   192
   194
   194
   194
   190
   190
   193
   194
   198
   196
   196
   198
   195
   193
   182
   161
   114
   102
    80
    61
    67
    77
    92
   109
   104
    91
   107
    97
   110
   113
   102
   105
   101
   137
   154
   155
   159
   164
   162
   159
   125
   150
   151
   144
   140
   136
   153
   172
   179
   181
   181
   183
   181
   175
   162
   159
   159
   156
   147
   139
   137
   124
   109
    99
   105
   114
   124
   134
   135
   130
   128
   125
   124
   124
   125
   123
   124
   124
   122
   121
   115
   111
   101
    94
    99
    96
    85
    79
    77
    82
    85
    97
   107
   108
    74
    58
    51
    51
    65
    72
    77
    91
   113
   146
   171
   177
   177
   181
   184
   185
   190
   190
   191
   192
   193
   193
   194
   193
   193
   194
   196
   198
   195
   193
   195
   191
   186
   165
   110
    78
    68
    59
    72
    94
   100
   114
   102
    80
    84
    81
    80
   111
    98
   102
    96
   123
   144
   155
   161
   164
   166
   163
   131
   150
   154
   148
   137
   136
   148
   169
   176
   178
   181
   178
   178
   180
   170
   165
   157
   152
   151
   144
   135
   125
   120
   114
   111
   117
   120
   128
   128
   128
   121
   119
   125
   129
   127
   123
   121
   122
   115
   111
   109
   105
   102
    96
    97
    92
    86
    75
    80
    87
    98
   108
   111
   111
    71
    64
    53
    58
    62
    68
    78
    91
   123
   145
   174
   174
   181
   177
   185
   186
   187
   188
   188
   190
   193
   191
   192
   189
   189
   190
   195
   197
   201
   194
   191
   190
   184
   167
    90
   105
   120
    68
    78
   100
   108
   110
   101
    76
    57
    53
    76
   104
   101
   107
   106
   115
   149
   152
   153
   161
   166
   173
   139
   145
   150
   148
   139
   136
   145
   160
   174
   175
   175
   174
   175
   173
   173
   162
   155
   150
   150
   147
   140
   136
   130
   127
   117
   120
   115
   123
   126
   122
   122
   122
   125
   125
   129
   128
   123
   116
   113
   111
   109
   108
   109
   105
    98
    86
    76
    83
    82
    93
   108
   113
   114
   113
    70
    69
    57
    48
    56
    71
    85
    92
   115
   160
   167
   177
   175
   178
   178
   184
   186
   186
   189
   189
   184
   191
   191
   192
   194
   193
   192
   193
   196
   196
   195
   192
   184
   160
   111
   196
   208
    95
    85
   138
   135
   129
    91
    91
    48
    41
    63
    95
   100
   101
   105
   114
   139
   155
   161
   166
   167
   167
   153
   134
   149
   149
   145
   137
   139
   152
   164
   173
   171
   170
   165
   168
   166
   167
   162
   157
   153
   149
   144
   142
   139
   127
   130
   129
   132
   130
   128
   124
   124
   121
   126
   127
   125
   122
   114
   111
   108
   107
   110
   110
   102
   102
    89
    86
    85
    81
    97
   106
   110
   111
   114
   117
    57
    69
    67
    51
    62
    70
    85
   101
   125
   156
   170
   173
   179
   179
   183
   182
   188
   185
   189
   187
   189
   188
   190
   189
   187
   191
   190
   192
   192
   197
   196
   194
   183
   161
   105
   177
   220
   159
   152
   222
   224
   188
   123
    77
    60
    55
    67
    92
   102
   107
   109
   115
   136
   151
   156
   163
   169
   172
   156
   124
   149
   147
   144
   139
   136
   150
   166
   171
   174
   172
   169
   170
   164
   161
   162
   157
   156
   155
   150
   149
   142
   143
   138
   137
   133
   130
   128
   131
   125
   127
   125
   123
   120
   115
   110
   106
   114
   112
   111
   107
   104
    95
    87
    80
    86
    96
   104
   111
   115
   117
   114
   112
    58
    57
    67
    64
    59
    78
    87
   105
   130
   152
   165
   173
   172
   173
   176
   182
   183
   182
   186
   191
   188
   191
   188
   188
   191
   192
   192
   194
   195
   195
   195
   193
   188
   162
   104
   153
   216
   191
   201
   219
   221
   226
   180
    97
    54
    58
    74
   103
   106
   107
   115
   115
   137
   152
   156
   163
   166
   169
   157
   127
   153
   150
   146
   140
   136
   142
   155
   169
   173
   177
   172
   169
   164
   163
   159
   161
   159
   156
   152
   151
   151
   142
   144
   142
   143
   140
   133
   124
   126
   124
   119
   118
   120
   119
   118
   120
   114
   114
   109
   108
    97
    91
    87
    85
    93
   110
   116
   114
   117
   114
   115
   116
    42
    47
    55
    63
    64
    63
    84
   106
   127
   145
   158
   167
   171
   172
   173
   180
   181
   176
   179
   182
   186
   185
   189
   186
   185
   189
   191
   190
   187
   191
   190
   189
   181
   162
   111
   117
   217
   201
   205
   216
   216
   216
   201
   128
    78
    68
    89
   110
   115
   114
   121
   121
   136
   150
   158
   163
   167
   168
   160
   124
   145
   147
   141
   140
   139
   141
   154
   165
   173
   172
   174
   171
   170
   164
   164
   159
   160
   158
   156
   151
   150
   153
   143
   140
   137
   136
   132
   130
   127
   120
   116
   119
   118
   119
   119
   114
   112
   107
   105
    98
    93
    90
    83
    90
   105
   110
   119
   119
   116
   113
   117
   117
    46
    50
    50
    58
    57
    59
    79
   109
   128
   148
   159
   166
   168
   170
   170
   171
   178
   178
   182
   187
   186
   188
   187
   186
   188
   188
   188
   190
   191
   190
   189
   188
   184
   162
   126
    90
   217
   216
   206
   215
   217
   217
   208
   146
    92
    87
    96
   105
   112
   122
   126
   122
   142
   149
   158
   164
   164
   166
   160
   130
   143
   143
   147
   139
   139
   141
   155
   166
   168
   173
   170
   169
   165
   166
   161
   161
   158
   158
   152
   154
   148
   146
   142
   136
   135
   131
   130
   125
   121
   112
   116
   115
   116
   118
   116
   114
   110
   106
   100
    93
    91
    94
   106
   107
   111
   122
   125
   122
   123
   123
   122
   118
    38
    42
    47
    47
    49
    49
    69
   100
   118
   138
   154
   164
   162
   163
   171
   176
   178
   179
   177
   180
   186
   184
   186
   184
   183
   187
   187
   188
   188
   187
   187
   186
   185
   173
   136
    86
   216
   218
   213
   205
   216
   214
   207
   156
   109
    70
    76
    93
   111
   131
   132
   133
   136
   148
   155
   162
   165
   162
   155
   121
   145
   150
   140
   134
   139
   143
   156
   169
   174
   173
   175
   166
   170
   165
   160
   164
   162
   155
   150
   147
   146
   143
   133
   131
   128
   127
   127
   120
   119
   120
   116
   114
   116
   112
   109
   104
   102
    97
    96
    92
    99
   106
   113
   120
   126
   125
   125
   123
   124
   122
   119
   117
    39
    46
    48
    55
    57
    53
    51
    83
   116
   134
   144
   156
   160
   156
   166
   171
   177
   177
   181
   178
   182
   182
   183
   185
   186
   180
   182
   188
   187
   190
   189
   184
   179
   181
   157
    99
   210
   217
   216
   195
   222
   221
   188
   154
   129
    82
    68
    89
   109
   125
   136
   137
   140
   143
   149
   151
   153
   156
   149
   124
   146
   149
   149
   137
   133
   141
   153
   168
   169
   171
   173
   169
   165
   166
   156
   156
   154
   155
   150
   146
   139
   136
   134
   132
   128
   121
   122
   119
   115
   114
   116
   116
   112
   108
   103
   105
    99
    97
    92
   103
   108
   115
   122
   123
   123
   126
   127
   128
   121
   124
   122
   120
    43
    42
    54
    57
    54
    48
    45
    63
   112
   133
   141
   144
   156
   161
   161
   168
   171
   177
   179
   180
   183
   181
   184
   180
   182
   184
   184
   182
   185
   185
   183
   180
   167
   161
   172
   137
   206
   216
   216
   163
   190
   200
   145
   112
   127
   113
    79
    87
   120
   136
   143
   138
   140
   136
   145
   149
   153
   148
   146
   128
   144
   142
   144
   140
   137
   138
   150
   166
   170
   170
   171
   168
   166
   159
   156
   154
   151
   146
   144
   137
   130
   125
   125
   125
   128
   128
   126
   122
   119
   113
   109
   103
   104
    96
   101
    97
   103
   104
   115
   117
   117
   118
   121
   123
   122
   125
   123
   122
   126
   123
   124
   126
    38
    42
    38
    51
    56
    58
    45
    40
    81
   117
   135
   143
   150
   156
   163
   166
   171
   176
   177
   176
   176
   178
   180
   180
   179
   183
   184
   186
   187
   184
   185
   178
   169
   142
   134
   121
   170
   217
   218
   166
   144
   156
   144
   119
   105
   114
   107
   102
   126
   150
   146
   147
   143
   147
   144
   146
   147
   153
   142
   121
   141
   144
   140
   142
   141
   146
   154
   166
   167
   170
   170
   168
   163
   163
   155
   149
   143
   142
   135
   132
   125
   126
   125
   128
   129
   127
   121
   117
   114
   106
    98
    96
    90
   100
    96
   107
   111
   119
   122
   123
   123
   124
   123
   121
   125
   123
   127
   127
   124
   123
   124
   122
    44
    40
    49
    44
    52
    54
    52
    35
    46
   107
   126
   142
   148
   156
   159
   162
   164
   164
   166
   172
   173
   176
   178
   181
   180
   182
   184
   187
   183
   184
   181
   179
   172
   154
   112
   100
   154
   216
   214
   163
   138
   151
   149
   145
   127
   118
   118
   117
   137
   160
   159
   155
   152
   149
   146
   144
   148
   155
   138
   131
   142
   146
   148
   146
   142
   147
   156
   163
   165
   170
   171
   164
   161
   156
   153
   148
   142
   136
   129
   123
   121
   122
   127
   124
   121
   122
   118
   113
   102
    99
    94
    94
   104
   106
   113
   120
   119
   120
   127
   127
   126
   124
   123
   127
   126
   126
   126
   125
   124
   125
   124
   123
    43
    41
    40
    49
    39
    45
    49
    44
    36
    62
   111
   128
   144
   151
   157
   157
   159
   158
   154
   163
   169
   172
   177
   176
   174
   179
   182
   183
   187
   185
   183
   179
   176
   169
   136
    96
    82
   208
   208
   139
    94
   122
   136
   131
   131
   131
   133
   133
   143
   159
   167
   162
   157
   152
   147
   148
   154
   154
   126
   142
   150
   153
   151
   150
   152
   156
   159
   164
   166
   164
   162
   161
   157
   150
   145
   140
   136
   130
   125
   119
   124
   126
   124
   119
   121
   115
   112
   101
   103
   102
   103
   111
   115
   122
   123
   122
   125
   124
   122
   122
   121
   123
   121
   120
   125
   126
   122
   124
   123
   123
   122
   122
    38
    38
    40
    53
    49
    44
    46
    42
    37
    48
    92
   124
   139
   144
   151
   153
   154
   156
   159
   163
   169
   171
   171
   173
   176
   176
   180
   181
   186
   186
   180
   181
   177
   175
   159
   122
    94
   205
   213
   164
    94
    82
   105
   120
   125
   133
   136
   141
   151
   163
   167
   173
   167
   161
   159
   151
   161
   150
   124
   150
   158
   158
   157
   158
   163
   169
   164
   165
   166
   167
   161
   157
   151
   149
   143
   135
   128
   124
   122
   125
   124
   121
   123
   118
   119
   116
   107
   111
   111
   117
   122
   125
   130
   126
   126
   130
   130
   128
   131
   127
   127
   129
   125
   124
   123
   122
   127
   124
   124
   125
   125
   125
    44
    42
    42
    36
    39
    40
    46
    48
    38
    32
    51
   105
   126
   141
   148
   154
   153
   153
   156
   161
   168
   169
   169
   166
   166
   171
   176
   179
   177
   178
   184
   175
   177
   173
   171
   148
    87
   160
   213
   182
   108
    83
    87
   108
   130
   151
   164
   146
   161
   185
   189
   177
   171
   163
   149
   159
   160
   129
   137
   152
   158
   166
   164
   166
   167
   167
   167
   165
   159
   158
   155
   153
   143
   138
   133
   126
   119
   119
   120
   118
   122
   125
   122
   121
   111
    95
    86
    80
    82
    85
    77
    83
    80
    78
    78
    81
    84
    82
    80
    84
    84
    84
    92
    96
   102
   106
   105
   112
   118
   121
   128
   126
    40
    40
    39
    40
    46
    41
    34
    37
    36
    45
    33
    65
   114
   135
   144
   143
   147
   153
   150
   155
   156
   166
   167
   168
   169
   170
   174
   174
   178
   175
   177
   179
   176
   172
   167
   167
   129
   103
   227
   195
   140
   110
   109
   112
   123
   138
   156
   149
   144
   170
   176
   173
   167
   151
   154
   152
   137
   126
   152
   168
   174
   171
   173
   176
   174
   170
   165
   162
   160
   156
   151
   143
   138
   130
   123
   123
   121
   121
   124
   125
   122
   122
   108
    91
    69
    44
    33
    31
    27
    21
    24
    18
    24
    24
    23
    19
    23
    23
    35
    26
    32
    31
    31
    30
    27
    36
    42
    47
    51
    67
    67
    80
    40
    36
    37
    41
    39
    44
    44
    40
    42
    28
    38
    32
    61
   114
   135
   144
   145
   149
   155
   152
   153
   156
   164
   165
   166
   169
   172
   170
   171
   172
   175
   169
   174
   171
   168
   165
   161
   114
   134
   147
   147
   144
   142
   137
   135
   127
   137
   137
   127
   150
   163
   158
   152
   154
   146
   133
   118
   137
   165
   172
   179
   180
   173
   173
   167
   166
   157
   155
   148
   144
   137
   131
   129
   126
   127
   126
   128
   123
   122
   118
   105
    83
    66
    46
    34
    38
    40
    37
    35
    41
    34
    39
    36
    37
    36
    38
    30
    34
    30
    37
    32
    32
    33
    31
    38
    37
    33
    27
    33
    23
    23
    34
    38
    43
    37
    41
    43
    41
    41
    39
    41
    41
    25
    26
    33
    56
   108
   131
   145
   149
   150
   154
   155
   157
   160
   159
   161
   160
   161
   165
   168
   168
   169
   168
   161
   167
   164
   163
   157
   149
   117
   102
   127
   143
   146
   134
   137
   134
   145
   142
   127
   131
   135
   142
   135
   130
   123
   114
   129
   150
   166
   175
   174
   175
   171
   166
   166
   158
   155
   147
   141
   136
   132
   126
   128
   121
   116
   121
   116
   111
    96
    70
    48
    37
    39
    38
    41
    36
    37
    37
    36
    32
    41
    38
    40
    35
    40
    39
    42
    40
    38
    37
    42
    44
    45
    43
    46
    40
    44
    43
    36
    45
    43
    32
    38
    36
    44
    45
    45
    43
    47
    49
    46
    40
    32
    35
    42
    31
    56
   108
   137
   137
   147
   148
   152
   151
   150
   151
   146
   151
   156
   158
   157
   161
   160
   158
   161
   153
   153
   150
   150
   146
   147
   139
   123
   120
   113
    57
   119
   122
   113
   108
   100
    89
    98
   100
   109
   109
   112
   131
   145
   158
   167
   170
   170
   165
   163
   158
   152
   146
   142
   139
   130
   128
   124
   118
   114
   111
   111
    96
    84
    58
    40
    34
    40
    37
    34
    38
    44
    42
    36
    40
    41
    43
    35
    42
    33
    43
    43
    43
    41
    42
    39
    40
    41
    41
    42
    41
    39
    45
    40
    42
    41
    44
    43
    42
    35
    36
    36
    37
    33
    38
    36
    42
    47
    46
    36
    29
    27
    39
    26
    32
    89
   129
   137
   142
   143
   145
   149
   147
   152
   149
   149
   147
   153
   156
   156
   153
   155
   159
   154
   151
   152
   152
   154
   149
   146
   131
   129
   167
   209
   119
   106
   105
   110
   112
   116
   116
   123
   129
   142
   148
   156
   161
   162
   160
   161
   151
   142
   137
   132
   128
   128
   122
   127
   121
   118
   110
   109
   111
   115
   112
    75
    46
    43
    46
    35
    44
    51
    47
    42
    43
    47
    42
    38
    37
    43
    39
    45
    41
    35
    41
    44
    44
    43
    44
    44
    42
    43
    41
    43
    41
    42
    43
    43
    37
    45
    42
    37
    38
    41
    38
    44
    40
    42
    40
    42
    38
    39
    40
    30
    33
    36
    24
    27
    63
   111
   129
   139
   137
   140
   141
   140
   146
   145
   146
   144
   146
   140
   148
   156
   160
   159
   158
   154
   152
   154
   157
   154
   153
   144
   159
   220
   167
   130
   154
   150
   143
   152
   154
   147
   147
   148
   151
   156
   150
   146
   145
   138
   133
   131
   129
   126
   131
   131
   128
   113
   107
   106
   111
   120
   122
   133
   120
    81
    58
    49
    46
    46
    43
    43
    46
    44
    45
    41
    44
    40
    42
    40
    43
    42
    40
    46
    39
    38
    41
    46
    41
    35
    40
    41
    43
    47
    43
    45
    41
    45
    45
    38
    40
    38
    37
    36
    40
    35
    42
    42
    40
    37
    35
    33
    23
    28
    27
    22
    29
    34
    37
    52
    94
   117
   132
   135
   139
   138
   138
   142
   140
   143
   141
   144
   143
   147
   150
   150
   151
   156
   157
   154
   154
   151
   151
   146
   121
   213
   170
   114
   134
   142
   131
   149
   144
   136
   141
   148
   147
   145
   142
   142
   137
   138
   134
   136
   134
   131
   123
   110
    89
    87
   109
   116
   116
   131
   136
   142
   126
    88
    56
    47
    50
    43
    42
    44
    41
    42
    42
    43
    39
    45
    42
    43
    41
    43
    49
    40
    47
    44
    42
    38
    43
    47
    42
    43
    47
    39
    42
    37
    41
    38
    41
    42
    41
    39
    37
    43
    40
    44
    37
    39
    38
    35
    34
    30
    33
    26
    28
    27
    20
    26
    36
    36
    51
    68
    83
   101
   121
   130
   128
   131
   128
   132
   132
   134
   127
   132
   129
   130
   125
   137
   143
   153
   156
   155
   151
   149
   140
   110
   190
   119
   113
   134
   123
   125
   136
   135
   143
   144
   149
   147
   144
   139
   133
   131
   127
   120
   106
    88
    71
    65
    82
   102
   128
   139
   128
   126
   140
   139
   117
    72
    53
    45
    42
    47
    44
    42
    45
    43
    47
    45
    43
    44
    43
    44
    46
    45
    40
    44
    38
    40
    40
    45
    41
    38
    43
    44
    41
    42
    43
    51
    45
    47
    43
    45
    45
    41
    37
    30
    38
    37
    43
    46
    39
    46
    44
    45
    44
    32
    27
    20
    23
    28
    27
    40
    43
    60
    71
    62
    57
    71
    89
    91
   104
   103
   107
   107
   109
   107
   102
   105
   109
   115
   121
   123
   129
   131
   144
   149
   146
   143
   158
   161
   111
    94
    99
    73
    68
    94
   111
   122
   116
   109
   102
   101
    98
    81
    62
    50
    51
    58
    80
   106
   132
   132
   133
   134
   130
   134
   138
   128
    92
    58
    48
    47
    48
    46
    47
    46
    47
    44
    41
    42
    41
    43
    42
    38
    39
    44
    39
    41
    46
    41
    42
    43
    43
    47
    45
    44
    43
    48
    40
    39
    45
    44
    40
    40
    39
    40
    40
    43
    40
    37
    38
    34
    41
    36
    44
    35
    44
    46
    34
    31
    28
    25
    25
    22
    33
    47
    50
    60
    61
    47
    40
    45
    48
    62
    62
    64
    70
    81
    82
    85
    84
    77
    84
    95
   114
   113
   114
   112
   121
   118
    99
    88
    80
    61
    54
    65
    36
    24
     9
     9
    16
    33
    49
    62
    68
    92
    72
    60
    72
   102
   121
   126
   122
   128
   134
   120
   127
   138
   115
    84
    53
    47
    43
    45
    47
    43
    45
    43
    46
    50
    45
    41
    42
    41
    47
    52
    46
    44
    47
    40
    42
    39
    44
    41
    42
    45
    41
    42
    40
    36
    46
    44
    41
    43
    42
    40
    37
    34
    41
    39
    40
    37
    40
    42
    38
    40
    39
    48
    41
    41
    48
    42
    32
    30
    24
    29
    26
    28
    37
    41
    45
    62
    66
    73
    69
    56
    59
    71
    72
    57
    68
    74
    73
    70
    66
    63
    74
    81
    92
    81
    77
    88
    77
    64
    56
    53
    47
    45
    53
    39
    52
    84
    99
   108
   118
   114
   119
   151
   150
   113
   103
   111
   121
   124
   125
   135
   138
   126
   136
   122
    85
    57
    43
    48
    49
    49
    46
    43
    42
    45
    47
    44
    49
    49
    46
    48
    46
    40
    39
    40
    42
    48
    44
    46
    41
    48
    50
    39
    42
    50
    44
    46
    32
    37
    47
    39
    38
    43
    47
    44
    37
    35
    35
    42
    41
    42
    37
    38
    44
    33
    48
    43
    43
    46
    47
    45
    36
    23
    23
    33
    40
    40
    56
    57
    55
    56
    73
    71
    73
    79
    82
    74
    66
    70
    74
    82
    92
    75
    58
    59
    60
    54
    52
    45
    49
    53
    52
    55
    55
    47
    31
    36
    84
   131
   145
   141
   125
   124
   141
   154
   166
   146
   133
   132
   135
   142
   145
   146
   136
   125
   127
    80
    58
    44
    50
    47
    44
    39
    45
    46
    48
    48
    42
    48
    42
    42
    45
    45
    41
    44
    43
    47
    40
    43
    51
    45
    51
    44
    38
    47
    43
    37
    42
    42
    49
    48
    39
    43
    44
    46
    41
    39
    38
    35
    41
    40
    38
    39
    43
    43
    40
    45
    39
    45
    44
    45
    45
    46
    45
    44
    36
    36
    34
    48
    53
    47
    53
    55
    56
    58
    51
    41
    46
    57
    56
    69
    71
    72
    79
    87
    82
    72
    73
    58
    62
    53
    47
    49
    51
    48
    38
    35
    36
    43
    92
   137
   143
   131
   134
   156
   173
   165
   169
   158
   147
   145
   148
   155
   153
   146
   129
   121
    73
    53
    44
    51
    48
    47
    47
    49
    51
    45
    49
    40
    46
    43
    44
    41
    44
    45
    43
    40
    38
    40
    42
    49
    45
    44
    41
    42
    46
    42
    44
    43
    42
    43
    43
    41
    44
    43
    40
    39
    39
    42
    44
    43
    40
    37
    44
    43
    39
    41
    46
    47
    47
    40
    41
    44
    43
    47
    45
    46
    41
    40
    40
    36
    34
    31
    25
    35
    33
    39
    45
    36
    38
    34
    32
    35
    46
    52
    58
    59
    81
    75
    72
    64
    53
    64
    52
    44
    41
    51
    53
    49
    47
    76
   125
   141
   130
   122
   121
   120
   125
   132
   139
   143
   145
   146
   149
   145
   137
   117
    93
    65
    51
    44
    45
    42
    48
    50
    47
    45
    35
    47
    44
    50
    44
    47
    44
    47
    43
    40
    48
    52
    53
    42
    46
    47
    41
    40
    46
    46
    44
    44
    46
    40
    41
    43
    40
    44
    41
    40
    42
    41
    41
    37
    40
    40
    43
    41
    38
    39
    43
    38
    37
    37
    40
    41
    40
    43
    45
    48
    44
    44
    46
    45
    49
    35
    29
    35
    43
    37
    34
    37
    31
    35
    28
    31
    37
    43
    55
    61
    54
    50
    44
    64
    60
    62
    59
    52
    54
    56
    59
    56
    56
    62
    68
   122
   130
    97
    70
    59
    65
    77
    90
   101
   112
   126
   139
   144
   126
    89
    56
    36
    42
    36
    43
    47
    49
    51
    47
    49
    45
    42
    52
    46
    50
    45
    46
    48
    44
    48
    48
    51
    46
    45
    42
    50
    46
    41
    47
    53
    46
    40
    44
    44
    41
    48
    45
    41
    46
    46
    43
    41
    40
    39
    40
    41
    39
    41
    35
    42
    42
    38
    41
    46
    43
    41
    38
    40
    43
    37
    43
    38
    43
    44
    42
    41
    45
    55
    45
    34
    38
    44
    42
    39
    35
    25
    29
    34
    38
    41
    36
    45
    53
    58
    54
    51
    56
    55
    52
    52
    63
    70
    62
    60
    61
    47
    78
   124
   101
    50
    38
    46
    70
    89
   105
   113
   123
   121
    91
    59
    38
    36
    34
    40
    41
    45
    48
    47
    47
    47
    49
    40
    44
    50
    48
    47
    47
    43
    49
    45
    48
    43
    50
    41
    41
    45
    43
    35
    39
    46
    46
    36
    44
    45
    42
    36
    47
    39
    41
    48
    41
    37
    38
    41
    43
    46
    45
