   118
   121
   121
   117
   116
   120
   122
   118
   121
   116
   116
   111
   101
    96
   101
   102
   105
   109
   109
   100
    89
    87
    83
    90
    82
    74
    67
    65
    57
    55
    63
    66
    68
    67
    64
    59
    60
    49
    50
    58
    54
    41
    42
    54
    56
    50
    38
    28
    38
    32
    29
    26
    35
    30
    20
    21
    15
    22
    24
    24
    29
    26
    27
    27
    28
    30
    27
    36
    40
    34
    70
    75
    73
    72
    71
    75
    73
    74
    71
    77
    75
    71
    74
    73
    73
    74
    72
    70
    73
    68
    69
    68
    69
    74
    74
    71
    69
    68
    66
    69
    69
    68
    68
    70
    69
    66
    68
    67
    64
    63
    67
    66
   120
   120
   119
   120
   122
   120
   118
   118
   114
   118
   116
   109
   107
   106
   103
   103
    98
    96
    94
    90
    92
    76
    81
    91
    79
    67
    56
    59
    54
    53
    54
    63
    69
    63
    71
    68
    60
    65
    57
    49
    44
    35
    38
    40
    43
    34
    35
    31
    30
    27
    34
    47
    53
    63
    54
    31
    20
    13
    12
    10
    14
    21
    25
    25
    30
    31
    35
    31
    28
    26
    34
    61
    65
    74
    71
    75
    76
    73
    77
    77
    74
    75
    75
    73
    73
    72
    71
    75
    71
    75
    73
    75
    66
    66
    74
    70
    66
    66
    68
    65
    67
    71
    69
    68
    66
    69
    69
    67
    70
    68
    65
    67
   118
   121
   121
   119
   119
   122
   119
   114
   116
   112
   112
   111
   103
   102
   102
   106
    96
    88
    95
    97
    87
    87
    91
    87
    83
    69
    63
    55
    61
    67
    70
    83
    78
    70
    64
    70
    67
    55
    40
    37
    35
    32
    48
    38
    30
    31
    37
    30
    47
    46
    57
    59
    58
    55
    61
    57
    56
    54
    46
    42
    28
    25
    18
    19
    25
    33
    32
    34
    40
    33
    28
    35
    55
    67
    60
    62
    78
    82
    75
    74
    75
    71
    70
    74
    76
    71
    73
    72
    68
    64
    72
    67
    67
    69
    67
    71
    77
    70
    67
    73
    67
    67
    65
    66
    68
    67
    69
    65
    67
    65
    67
    66
   121
   120
   123
   122
   121
   118
   120
   118
   116
   115
   114
   114
   105
   103
    98
    99
    97
    99
    92
    92
    88
    87
    81
    73
    66
    80
    74
    75
    82
    80
    73
    71
    67
    57
    61
    56
    54
    39
    40
    39
    36
    41
    32
    35
    31
    28
    28
    40
    42
    50
    54
    45
    39
    38
    46
    49
    46
    48
    64
    72
    73
    66
    70
    54
    41
    34
    22
    33
    40
    36
    36
    38
    45
    57
    56
    59
    60
    58
    62
    69
    72
    69
    73
    72
    70
    75
    71
    74
    76
    68
    64
    67
    66
    69
    67
    71
    70
    70
    72
    68
    71
    69
    70
    70
    68
    72
    69
    72
    70
    72
    70
    71
   120
   124
   121
   119
   123
   123
   122
   117
   116
   112
   114
   103
    97
    96
    91
    99
    97
    94
    95
    94
    79
    67
    68
    76
    83
    71
    63
    64
    65
    65
    71
    62
    65
    68
    58
    45
    36
    45
    51
    33
    28
    27
    33
    30
    20
    21
    21
    26
    36
    48
    59
    50
    45
    50
    55
    50
    45
    40
    40
    39
    48
    51
    47
    54
    54
    54
    57
    51
    46
    45
    44
    39
    41
    50
    54
    54
    61
    60
    58
    55
    63
    70
    69
    67
    67
    68
    65
    63
    71
    74
    67
    65
    68
    66
    70
    68
    71
    71
    69
    68
    67
    72
    70
    67
    67
    67
    68
    65
    66
    68
    65
    69
   120
   119
   122
   122
   121
   119
   115
   115
   109
   112
   106
    95
    92
    98
    98
    94
   100
   107
    96
    73
    80
    80
    93
    92
    66
    59
    60
    63
    67
    74
    71
    72
    59
    46
    39
    35
    40
    32
    30
    34
    39
    42
    33
    38
    43
    37
    40
    38
    39
    37
    49
    54
    51
    47
    45
    33
    42
    52
    51
    59
    42
    51
    58
    53
    43
    48
    52
    59
    56
    37
    36
    35
    32
    36
    48
    60
    58
    57
    63
    62
    56
    68
    71
    72
    66
    57
    65
    72
    69
    67
    69
    63
    55
    71
    69
    65
    68
    70
    71
    70
    69
    65
    69
    72
    70
    68
    68
    70
    71
    69
    70
    76
   121
   120
   121
   120
   119
   116
   115
   116
   110
   106
    97
    98
   100
    95
    92
    95
    97
   101
   102
    94
    84
    88
    68
    46
    34
    38
    50
    47
    51
    44
    37
    39
    41
    46
    43
    40
    28
    28
    26
    32
    34
    37
    35
    32
    31
    43
    38
    33
    26
    34
    55
    59
    46
    45
    38
    42
    38
    36
    45
    47
    45
    39
    38
    51
    61
    55
    52
    50
    45
    51
    46
    39
    35
    46
    40
    40
    42
    62
    66
    57
    56
    46
    46
    50
    57
    57
    59
    59
    58
    55
    55
    58
    61
    55
    66
    73
    71
    72
    71
    79
    76
    72
    68
    63
    68
    70
    68
    67
    70
    69
    69
    63
   122
   121
   124
   121
   115
   113
   116
   113
   106
   104
    99
   102
   104
    94
    91
    89
    89
    94
    89
    86
    76
    46
    36
    30
    52
    61
    70
    76
    67
    71
    74
    65
    60
    49
    44
    40
    44
    46
    54
    58
    52
    41
    42
    41
    47
    39
    35
    27
    23
    25
    36
    48
    43
    42
    33
    31
    29
    37
    42
    38
    33
    33
    39
    39
    37
    38
    37
    43
    40
    36
    40
    56
    50
    38
    43
    43
    47
    49
    50
    56
    50
    57
    51
    46
    39
    43
    54
    51
    53
    62
    53
    50
    55
    63
    59
    55
    63
    64
    62
    61
    63
    66
    68
    65
    68
    69
    69
    70
    70
    70
    69
    74
   119
   120
   123
   120
   119
   116
   109
   106
   101
    97
   102
   104
    96
    88
    92
    88
    92
    83
    59
    40
    25
    41
    72
   101
   119
   125
   127
   124
   122
   123
   116
   109
    97
    86
    71
    62
    53
    50
    47
    50
    56
    53
    50
    46
    55
    66
    40
    34
    26
    27
    35
    39
    45
    44
    35
    41
    43
    45
    40
    36
    31
    32
    32
    33
    38
    41
    38
    43
    42
    43
    48
    44
    46
    60
    56
    56
    41
    29
    31
    41
    45
    45
    38
    40
    47
    46
    47
    48
    43
    50
    54
    49
    56
    58
    57
    54
    46
    45
    54
    61
    64
    65
    68
    69
    75
    68
    70
    70
    67
    68
    69
    67
   121
   117
   119
   118
   116
   112
   112
    99
    91
    97
    95
    93
    93
    94
    84
    75
    76
    38
    22
    56
    93
   124
   133
   136
   135
   133
   129
   130
   133
   127
   128
   120
   116
   110
   104
    89
    75
    61
    51
    39
    33
    25
    24
    25
    27
    26
    36
    35
    32
    24
    33
    32
    25
    31
    30
    31
    40
    35
    40
    37
    46
    35
    32
    37
    43
    45
    50
    42
    48
    48
    41
    41
    57
    59
    58
    61
    60
    61
    57
    51
    48
    48
    42
    49
    44
    38
    35
    47
    58
    57
    51
    43
    40
    37
    34
    32
    43
    51
    38
    43
    52
    60
    61
    63
    66
    72
    68
    70
    75
    77
    73
    70
   116
   119
   118
   109
   114
   111
   103
   105
    96
    96
    95
    92
   100
    84
    71
    65
    29
    42
    93
   123
   137
   140
   141
   138
   142
   141
   138
   131
   127
   131
   130
   122
   119
   117
   119
   123
   108
    90
    88
    90
    86
    90
    84
    72
    56
    43
    31
    18
    19
    24
    35
    55
    73
    72
    79
    70
    63
    60
    61
    59
    52
    48
    44
    43
    43
    43
    44
    46
    44
    44
    52
    60
    54
    59
    67
    62
    49
    46
    40
    40
    48
    51
    44
    40
    40
    39
    40
    43
    42
    37
    37
    42
    44
    43
    38
    41
    39
    44
    52
    48
    39
    44
    49
    59
    60
    61
    68
    63
    61
    66
    68
    82
   121
   118
   115
   109
   110
   104
    99
   108
   103
    99
    88
   100
    83
    69
    59
    40
    67
   110
   135
   141
   139
   138
   138
   140
   141
   139
   139
   136
   136
   130
   126
   124
   122
   119
   115
   117
   127
   119
   102
   100
   113
   117
   118
   120
   119
   111
   105
    82
    55
    21
    19
    49
   101
   115
   122
   118
   113
   110
   109
   108
    98
    95
    89
    77
    71
    63
    56
    40
    36
    45
    49
    53
    63
    62
    60
    59
    47
    39
    33
    40
    51
    53
    55
    52
    49
    42
    43
    52
    39
    39
    44
    48
    48
    44
    41
    33
    33
    38
    35
    36
    44
    40
    40
    42
    45
    48
    56
    60
    67
    64
    72
    84
   115
   117
   114
   113
   105
   105
   104
   106
    97
    83
    88
    84
    76
    63
    47
    82
   120
   130
   137
   138
   138
   142
   143
   141
   138
   137
   142
   140
   137
   133
   130
   124
   112
   119
   117
   111
   111
   116
   118
   106
   100
   108
   113
   118
   121
   125
   128
   125
   115
   112
    53
    44
    32
    69
   106
   116
   118
   115
   108
   101
   101
    99
   100
   100
   103
   103
    96
    89
    83
    70
    58
    59
    50
    51
    55
    41
    45
    55
    54
    63
    65
    65
    56
    53
    57
    53
    44
    43
    50
    64
    49
    38
    33
    37
    30
    37
    37
    36
    35
    43
    30
    31
    39
    39
    38
    43
    50
    60
    65
    55
    63
    90
   117
   106
   109
   109
   109
    98
   107
   111
    95
    92
    90
    79
    62
    56
    83
   116
   126
   129
   129
   129
   130
   131
   135
   137
   140
   143
   146
   148
   142
   144
   143
   139
   137
   127
   129
   118
   122
   119
   116
   118
   115
   114
   115
   116
   116
   122
   127
   127
   120
   113
   140
   207
   171
    62
    61
    84
   107
   116
   119
   119
   112
   112
   109
   110
   111
   108
   104
   101
    99
    96
    95
    81
    70
    57
    47
    56
    76
    78
    68
    51
    57
    50
    44
    42
    42
    41
    53
    56
    49
    38
    48
    54
    47
    33
    41
    36
    38
    36
    41
    35
    36
    37
    36
    38
    46
    37
    42
    52
    44
    39
    46
    64
   119
   110
   115
   111
   102
   100
   105
   107
    91
    88
    87
    66
    54
    84
   114
   121
   124
   126
   124
   124
   123
   125
   129
   128
   134
   142
   144
   149
   148
   150
   147
   152
   150
   148
   147
   140
   128
   124
   117
   115
   118
   119
   120
   121
   116
   115
   103
   109
   116
   133
   172
   236
   216
   131
    96
    69
    69
   103
   124
   125
   121
   120
   109
   109
   114
   108
   108
   107
   116
   113
   105
   106
   102
    92
    93
    88
    80
    80
    70
    59
    47
    37
    43
    42
    47
    35
    43
    49
    37
    46
    58
    50
    44
    47
    73
    33
    30
    35
    45
    37
    30
    31
    30
    42
    44
    44
    45
    30
    37
    45
    40
    46
   115
   114
   103
   106
   109
    92
    93
    98
    82
    68
    55
    55
    95
   124
   120
   127
   133
   140
   136
   133
   138
   142
   141
   139
   132
   129
   127
   128
   135
   141
   147
   149
   150
   152
   140
   136
   136
   129
   130
   129
   133
   134
   116
   100
    81
    81
    99
   100
    97
   109
   103
   118
   127
   142
   176
   189
   160
    86
    74
    88
   133
   134
   126
   121
   116
   115
   116
   122
   118
   113
   110
   112
   104
    96
    98
    98
    87
    71
    78
    83
    90
    80
    72
    71
    64
    60
    49
    53
    52
    56
    52
    48
    47
    48
    54
    50
    64
    56
    45
    49
    58
    64
    64
    60
    54
    51
    38
    53
    49
    38
    36
    35
   113
   110
   109
   109
   108
    98
    93
    85
    75
    68
    72
   108
   118
   120
   131
   144
   153
   156
   155
   152
   151
   155
   151
   150
   150
   149
   143
   145
   139
   136
   143
   142
   141
   149
   149
   147
   145
   147
   150
   154
   146
   113
   103
    98
    94
   103
   110
   116
   115
   109
    97
    74
    71
    72
    78
    92
   118
   142
   154
   136
    85
    97
   129
   116
   122
   114
   115
   120
   125
   126
   120
   111
   101
    94
    93
   102
    95
    84
    78
    84
    94
    97
    84
    61
    48
    42
    52
    53
    45
    39
    44
    53
    43
    46
    51
    33
    35
    39
    52
    43
    33
    31
    41
    36
    34
    37
    47
    46
    45
    50
    48
    45
   117
   109
   106
   107
   105
    91
    80
    76
    61
    71
    98
   113
   121
   134
   144
   150
   154
   153
   153
   157
   159
   156
   160
   154
   154
   159
   161
   159
   158
   153
   144
   144
   146
   152
   161
   158
   159
   159
   162
   159
   144
   119
   117
   107
   112
   101
    91
    93
    93
   100
   115
   131
   132
   129
   122
   103
    98
    99
   114
   143
   168
   125
    68
   108
   112
   110
   113
   124
   126
   125
   127
   131
   117
   105
    98
    91
    87
    80
    79
    74
    87
    94
    87
    90
    84
    67
    72
    58
    47
    47
    40
    47
    46
    42
    42
    43
    36
    39
    28
    40
    26
    24
    33
    39
    40
    39
    40
    39
    34
    44
    45
    47
   115
   115
   111
   100
    95
    95
    69
    66
    87
   101
   110
   124
   134
   149
   159
   159
   160
   163
   167
   165
   160
   157
   156
   162
   165
   166
   165
   168
   170
   165
   166
   162
   165
   166
   161
   163
   166
   171
   169
   161
   144
   130
   123
   113
   105
   113
   119
   115
   109
    99
    97
    96
    98
   118
   134
   138
   140
   127
   124
   113
   121
   180
   211
    95
   112
   119
   123
   134
   140
   136
   139
   126
   123
   110
   100
   100
    90
    92
    94
    98
    94
    87
    76
    74
    63
    46
    43
    47
    56
    57
    58
    50
    48
    44
    47
    36
    38
    61
    72
    73
    72
    55
    48
    43
    46
    46
    46
    47
    40
    33
    43
    43
   116
   116
   109
   100
    94
    79
    73
    77
   108
   123
   119
   124
   140
   160
   160
   158
   161
   166
   168
   163
   157
   164
   168
   164
   167
   167
   168
   168
   168
   171
   171
   171
   172
   172
   173
   176
   177
   178
   173
   149
   141
   127
   124
   104
   119
   135
   135
   127
   113
    95
    74
    64
    95
   125
   131
   152
   165
   150
   146
   146
   137
   135
   177
   155
   104
   127
   125
   144
   149
   153
   147
   144
   143
   126
   115
    99
    96
   101
   107
    92
    80
    74
    59
    65
    67
    52
    58
    60
    64
    61
    52
    53
    48
    44
    52
    56
    68
    68
    53
    48
    40
    48
    46
    50
    43
    38
    44
    31
    31
    35
    41
    34
   114
   104
   106
    92
    85
    74
    70
    89
   107
   107
   120
   139
   157
   163
   164
   162
   164
   165
   167
   166
   159
   162
   164
   164
   160
   159
   162
   168
   171
   175
   176
   171
   176
   180
   177
   178
   176
   174
   160
   145
   132
   117
   129
    99
   146
   153
   148
   129
   108
    78
    55
    63
   105
   129
   138
   137
   156
   162
   174
   167
   157
   150
   139
   195
   114
   125
   126
   135
   144
   147
   134
   129
   124
   125
   124
   117
   105
   109
   107
   100
    92
    92
    88
    88
    84
    69
    64
    68
    54
    51
    56
    63
    62
    73
    63
    55
    63
    64
    57
    57
    49
    46
    35
    30
    32
    38
    41
    36
    35
    36
    46
    38
   121
   117
   105
   103
    82
    70
    81
    97
   112
   127
   149
   161
   169
   167
   164
   167
   173
   171
   169
   169
   170
   169
   169
   164
   162
   162
   165
   165
   172
   168
   173
   177
   177
   181
   178
   182
   185
   180
   169
   150
   137
   114
   144
   118
   161
   158
   159
   133
    87
    53
    50
    85
   106
   120
   139
   117
   138
   167
   178
   174
   165
   156
   140
   178
   125
   125
   120
   131
   135
   137
   149
   135
   126
   125
   122
   123
   128
   119
   121
   113
   111
   102
    92
    74
    72
    80
    88
    80
    69
    70
    73
    66
    61
    55
    49
    55
    56
    52
    47
    50
    63
    67
    64
    56
    52
    37
    36
    48
    47
    38
    37
    28
   117
   106
    96
    97
    87
    83
   100
   120
   142
   153
   162
   164
   166
   172
   179
   179
   176
   175
   173
   173
   169
   171
   173
   175
   174
   173
   170
   165
   168
   171
   172
   172
   175
   178
   180
   187
   188
   186
   176
   148
   133
   110
   183
   154
   170
   165
   159
   120
    73
    66
    82
   106
   125
   130
   158
   124
   146
   161
   177
   172
   159
   154
   157
   173
   132
   128
   127
   143
   142
   140
   144
   148
   141
   135
   128
   126
   126
   125
   115
   115
   116
   103
    85
    87
   105
    98
    88
    85
    85
    74
    63
    61
    72
    66
    42
    38
    48
    55
    66
    69
    72
    60
    56
    53
    36
    40
    57
    47
    43
    47
    47
    56
   112
   102
    90
    83
    78
    94
   116
   144
   148
   158
   167
   166
   174
   179
   181
   180
   180
   180
   174
   174
   176
   170
   165
   173
   170
   169
   170
   165
   164
   165
   167
   166
   175
   180
   181
   184
   186
   188
   180
   145
   134
   119
   182
   162
   175
   175
   162
   105
    73
   106
   119
   115
   131
   140
   162
   132
   159
   152
   171
   172
   166
   160
   154
   169
   136
   137
   137
   151
   148
   141
   144
   147
   151
   149
   139
   130
   132
   113
   104
   106
    98
    90
    90
   110
   114
   101
    82
    74
    74
    58
    62
    72
    67
    44
    53
    61
    70
    75
    54
    40
    35
    47
    67
    73
    81
    93
    72
    59
    51
    58
    55
    43
   108
    93
    80
    84
    88
   113
   141
   144
   154
   164
   170
   174
   179
   185
   183
   183
   184
   184
   183
   180
   179
   181
   177
   172
   174
   169
   168
   171
   167
   165
   166
   172
   178
   179
   187
   185
   187
   190
   177
   140
   122
   115
   182
   166
   184
   178
   158
    76
    49
    62
   101
   124
   133
   157
   166
   133
   160
   154
   168
   168
   167
   164
   163
   170
   138
   138
   140
   158
   152
   149
   151
   156
   152
   147
   146
   123
   113
   119
   127
   116
    94
   106
   107
   107
   109
    87
    71
    73
    72
    77
    72
    70
    65
    74
    86
    83
    89
    93
   110
   131
   125
   128
    97
    88
    83
    67
    70
    62
    64
    66
    54
    55
   106
    89
    83
    81
    98
   139
   145
   154
   162
   170
   172
   180
   175
   182
   186
   184
   185
   186
   182
   183
   187
   183
   181
   181
   182
   176
   175
   175
   175
   170
   168
   170
   172
   176
   179
   182
   183
   189
   177
   137
   111
   126
   173
   150
   183
   181
   157
    58
    73
    70
    74
   118
   140
   158
   161
   140
   163
   160
   172
   174
   162
   159
   162
   169
   136
   142
   146
   157
   148
   150
   157
   159
   157
   149
   129
   115
   132
   133
   117
   102
    99
    96
    98
   100
    91
    90
    84
    76
    80
    72
    75
    91
    83
    82
    80
    88
    89
   106
   108
    71
    61
    71
    66
    67
    69
    57
    54
    64
    58
    48
    59
    62
    99
    76
    77
    98
   120
   142
   156
   166
   168
   172
   172
   177
   179
   184
   187
   188
   188
   186
   188
   188
   187
   184
   185
   185
   187
   185
   184
   183
   177
   177
   177
   177
   175
   168
   175
   177
   185
   188
   179
   139
   106
   146
   179
   153
   180
   182
   152
    65
    48
    53
    79
   128
   148
   163
   147
   154
   162
   150
   169
   169
   170
   168
   163
   172
   135
   143
   150
   155
   145
   152
   158
   161
   157
   140
   132
   151
   148
   127
   103
    97
    91
   103
   104
   106
    88
    71
    78
    80
    74
    66
    77
    81
    76
    58
    69
    79
    85
    78
    81
    82
    65
    69
    58
    67
    64
    63
    69
    67
    64
    60
    42
    26
    89
    77
    83
   114
   136
   157
   169
   171
   175
   172
   174
   178
   185
   188
   189
   189
   189
   192
   191
   190
   191
   191
   194
   193
   191
   189
   189
   188
   186
   188
   189
   184
   178
   176
   177
   178
   179
   186
   183
   135
    93
   124
   154
   160
   202
   184
   143
    99
   199
    86
    97
   125
   156
   164
   144
   165
   165
   163
   171
   174
   173
   172
   171
   177
   124
   136
   150
   162
   156
   162
   157
   157
   147
   129
   157
   171
   144
   118
    98
    91
   106
   101
    83
    58
    60
    64
    58
    73
    78
    85
   108
    95
    79
    99
    83
    81
    91
    85
    88
    54
    57
    66
    61
    59
    65
    79
    75
    68
    64
    58
    69
    72
    84
    82
   104
   128
   157
   171
   171
   175
   177
   179
   176
   177
   185
   192
   193
   192
   196
   198
   200
   199
   196
   198
   198
   199
   195
   193
   191
   194
   194
   193
   191
   191
   186
   183
   178
   177
   180
   185
   180
   131
    92
   104
   114
   145
   179
   179
   127
    51
    46
    76
   106
   143
   153
   155
   149
   179
   169
   165
   177
   177
   176
   174
   171
   188
   139
   145
   156
   160
   163
   160
   162
   159
   147
   166
   170
   162
   135
   106
   110
   106
    92
    83
    83
    75
    71
    66
    58
    76
   101
    95
    63
    60
    77
    67
    76
    76
    97
   110
    82
    85
    94
    92
    82
    78
    76
    61
    66
    60
    57
    97
    90
    74
    87
    85
   115
   150
   168
   169
   172
   178
   180
   181
   180
   184
   188
   195
   196
   198
   199
   197
   199
   199
   197
   198
   196
   197
   195
   193
   194
   195
   192
   192
   192
   192
   188
   187
   182
   183
   186
   188
   179
   118
    92
   107
   119
   131
   161
   168
   123
    93
   127
   138
   140
   153
   154
   150
   165
   179
   167
   168
   177
   177
   178
   173
   172
   194
   151
   146
   159
   166
   165
   167
   164
   153
   159
   178
   172
   157
   127
   122
   107
    97
   114
   112
   104
    93
    73
    64
    79
    85
    80
    78
   106
   103
    97
    86
    87
   100
    97
    78
    81
    88
    91
    80
    76
    77
    84
    85
    92
    89
    78
    62
    47
    49
    90
   105
   135
   170
   180
   175
   175
   180
   182
   183
   185
   186
   189
   189
   199
   203
   204
   200
   198
   200
   201
   195
   196
   196
   198
   197
   197
   195
   195
   200
   198
   194
   192
   188
   187
   184
   184
   188
   172
   122
    89
    93
   105
   111
   149
   156
   114
    98
   148
   164
   138
   153
   151
   155
   184
   184
   171
   178
   183
   185
   181
   177
   173
   189
   155
   147
   163
   165
   167
   165
   163
   162
   164
   170
   163
   148
   139
   122
   118
   120
   114
   103
    88
    82
    72
    67
    66
    72
    76
    88
    90
    84
    82
    85
    81
    88
    72
    83
    67
    55
    54
    64
    71
    68
    72
    71
    62
    49
    55
    40
    37
    40
   101
   123
   158
   174
   174
   178
   182
   183
   184
   183
   183
   184
   188
   198
   197
   203
   204
   201
   201
   200
   198
   198
   198
   197
   194
   193
   195
   195
   198
   198
   197
   197
   193
   189
   188
   179
   181
   182
   166
   118
    86
    91
    92
    96
   129
   150
   115
    94
    96
   118
   130
   144
   154
   169
   189
   181
   178
   185
   184
   183
   181
   178
   178
   184
   150
   150
   169
   172
   161
   162
   162
   165
   173
   172
   166
   148
   117
   123
   136
   126
   115
    96
    71
    60
    63
    76
    67
    81
    85
    87
    94
    84
    92
    93
    78
    66
    69
    64
    52
    67
    58
    47
    73
    79
    75
    74
    45
    44
    44
    52
    69
    65
   103
   143
   165
   172
   175
   177
   183
   182
   184
   183
   184
   187
   190
   197
   200
   202
   204
   199
   200
   201
   199
   200
   198
   196
   196
   194
   190
   192
   194
   195
   196
   197
   194
   192
   180
   178
   177
   181
   174
   137
    93
    90
    87
    78
   111
   132
   112
    89
   107
   114
   127
   147
   154
   176
   183
   184
   181
   186
   184
   181
   182
   184
   185
   185
   144
   155
   167
   164
   163
   160
   164
   167
   169
   167
   153
   126
   120
   130
   119
   106
   112
    99
    86
    72
    66
    73
    80
    81
    94
    95
    83
    79
    80
    73
    64
    51
    48
    43
    61
    66
    69
    80
    90
    68
    58
    57
    59
    57
    73
    77
    56
    60
   118
   157
   169
   171
   174
   178
   181
   183
   187
   190
   189
   188
   189
   192
   201
   205
   203
   202
   201
   200
   200
   198
   201
   201
   197
   197
   193
   195
   195
   198
   202
   201
   199
   196
   191
   184
   180
   184
   180
   150
   109
    91
    96
   180
   219
   204
   139
   100
   110
   107
   131
   146
   157
   176
   184
   189
   186
   184
   181
   181
   185
   190
   193
   192
   148
   164
   167
   166
   167
   163
   165
   175
   173
   155
   134
   118
   139
   135
   132
   117
   101
    89
    83
    83
    83
    93
    99
   101
    92
    92
    94
   107
   101
    93
    61
    52
    54
    65
    59
    64
    81
    92
    82
    81
    88
    88
    87
   107
   109
    87
    86
    68
   126
   156
   171
   176
   182
   181
   179
   184
   190
   189
   189
   190
   189
   190
   196
   200
   202
   204
   203
   200
   200
   201
   198
   199
   198
   197
   196
   194
   197
   200
   200
   200
   198
   195
   189
   185
   182
   173
   168
   162
   121
   101
   127
   207
   214
   212
   169
   116
   117
   119
   136
   148
   159
   181
   192
   191
   184
   184
   178
   175
   179
   180
   192
   176
   153
   173
   174
   157
   135
   132
   156
   176
   169
   155
   147
   146
   126
   119
   118
   106
    90
    76
    63
    73
    85
    96
   100
   100
   107
   111
   102
    92
    89
    74
    57
    59
    54
    54
    72
    79
    72
    84
    89
    99
   110
    96
    97
    97
    92
    62
    54
    66
   131
   159
   170
   172
   177
   179
   182
   184
   183
   185
   187
   191
   195
   192
   193
   199
   202
   201
   197
   199
   198
   200
   200
   200
   200
   197
   196
   195
   195
   199
   199
   200
   200
   199
   195
   190
   182
   176
   163
   154
   135
   117
   128
   201
   229
   210
   156
   123
   130
   132
   151
   161
   170
   190
   191
   184
   174
   174
   169
   170
   161
   163
   190
   162
   165
   154
   119
    88
    83
   105
   140
   168
   168
   157
   148
   132
   109
   105
   113
   106
    93
    85
    76
    83
    95
   105
   112
   117
   117
   102
    97
   124
   117
    92
    79
    73
    62
    66
    63
    52
    79
   105
   110
   101
    91
    78
    65
    53
    46
    61
    61
    66
   137
   158
   169
   177
   183
   184
   184
   184
   188
   189
   189
   192
   196
   197
   196
   198
   199
   198
   198
   197
   199
   201
   200
   203
   203
   200
   193
   195
   196
   198
   198
   199
   200
   201
   197
   191
   187
   174
   156
   158
   135
   120
   114
   162
   184
   138
   128
   140
   158
   152
   156
   155
   171
   184
   183
   174
   158
   156
   153
   137
   158
   203
   174
   128
   112
   110
   113
   114
   106
   108
   144
   168
   160
   139
   127
   106
   103
   111
   103
    90
    93
    89
    84
    95
   101
   117
   120
   123
   117
   116
   132
   128
   101
    98
    81
    64
    79
    72
    62
    97
   105
    80
    53
    37
    23
    37
    48
    46
    47
    54
    67
    41
   137
   156
   171
   181
   182
   184
   185
   188
   189
   189
   191
   192
   197
   201
   200
   199
   198
   200
   198
   199
   197
   198
   201
   194
   193
   195
   196
   196
   196
   199
   199
   199
   198
   198
   197
   192
   189
   182
   163
   154
   137
   176
   139
   115
   113
   112
   115
   130
   149
   146
   129
   141
   166
   170
   166
   147
   115
   116
   126
   174
   206
   139
    83
   101
   132
   146
   144
   132
   120
   105
    91
   138
   171
   154
   126
   107
   112
   103
   100
   102
    90
    95
    87
    88
   109
   115
   117
   127
   133
   146
   132
   100
    89
    85
    73
    68
    65
    81
    94
    75
    76
    88
   105
   110
   100
    93
    92
   101
    96
    81
    70
    78
   133
   156
   167
   181
   183
   183
   184
   186
   188
   189
   190
   191
   194
   198
   195
   195
   196
   197
   196
   198
   197
   198
   199
   198
   197
   196
   197
   199
   198
   197
   197
   199
   197
   197
   198
   194
   193
   189
   176
   158
   137
   162
   197
   127
   114
   114
    99
   107
   119
   113
   127
   146
   140
   127
   105
   116
   143
   190
   197
   171
   112
    95
   117
   146
   153
   142
   125
   114
   111
   110
    95
   111
   149
   150
   132
   122
   117
   124
   119
    90
    84
    91
    82
    89
   114
   120
   124
   140
   134
   121
   114
   119
   109
    92
    70
    62
    70
    97
    69
    56
    68
    81
    75
    92
   119
   132
   126
    96
    84
    77
    81
    75
   130
   155
   174
   180
   184
   189
   190
   189
   188
   192
   191
   193
   197
   199
   197
   195
   197
   200
   199
   200
   200
   197
   197
   197
   196
   195
   195
   196
   199
   201
   202
   198
   200
   200
   198
   195
   196
   197
   188
   173
   154
   132
   161
   138
   110
    88
    81
   106
    99
   116
   127
   117
   116
   134
   181
   216
   212
   174
   140
   114
   123
   133
   148
   149
   146
   136
   123
   102
    84
    95
    97
   110
   137
   130
   116
   111
   114
   110
    91
    94
    98
    79
    77
    88
   104
   123
   120
   136
   125
   122
   123
   126
   115
    86
    77
    78
    97
    79
    43
    72
    77
    94
    95
   102
    99
    84
    78
   101
   104
   107
    83
    80
   119
   149
   175
   182
   183
   185
   186
   188
   187
   191
   191
   193
   195
   198
   202
   202
   200
   198
   202
   200
   200
   201
   200
   200
   198
   196
   196
   197
   197
   197
   199
   200
   199
   199
   202
   199
   199
   195
   190
   189
   177
   167
   157
   143
   129
   159
    87
    96
   111
   126
   125
   110
    94
   130
   149
   130
   116
   120
   123
   120
   126
   134
   145
   149
   141
   130
   109
    74
    32
    59
    86
    93
    92
    93
    93
   103
    95
    92
    92
    99
    87
    70
    77
    88
   109
   130
   117
   115
   113
   112
   114
   111
   108
    93
    83
    81
    68
    62
    71
    77
    95
   116
   109
    93
    82
    92
   104
    99
    83
    60
    75
    83
   119
   151
   170
   178
   182
   182
   186
   190
   191
   190
   191
   191
   193
   196
   200
   202
   202
   199
   199
   203
   203
   201
   201
   198
   197
   197
   199
   198
   200
   199
   200
   198
   196
   196
   195
   193
   190
   190
   186
   185
   186
   174
   154
   147
   150
   183
   127
   177
   124
    80
    58
    61
    82
    99
   119
   134
   142
   136
   132
   132
   132
   131
   138
   137
   135
   130
   107
    56
    29
    56
    78
    75
    83
    91
   104
    93
    81
    86
    90
    85
    82
    71
    82
   105
   114
   130
   126
   115
   119
   122
   124
   126
   104
    80
    83
    72
    71
    99
    87
    88
    90
   115
   134
   126
   116
   101
    76
    70
    93
   101
    81
    64
   116
   151
   171
   178
   182
   184
   185
   187
   188
   190
   191
   193
   193
   195
   194
   195
   201
   201
   200
   200
   201
   202
   200
   200
   201
   200
   197
   196
   195
   198
   200
   198
   198
   199
   197
   197
   194
   189
   185
   176
   152
   138
   156
   174
   179
   164
   101
   162
   106
    98
   132
   153
   168
   173
   168
   164
   157
   153
   155
   159
   165
   152
   145
   135
   121
   110
    96
    44
    30
    46
    57
    56
    72
   100
    96
    98
   102
   100
    96
    87
    97
    87
   104
   124
   128
   150
   139
   125
   125
   121
   119
   117
   112
    89
    76
    68
    87
   100
    85
   125
   142
   116
    97
   101
    76
    78
   102
    90
    68
    87
    91
    48
   110
   147
   172
   179
   182
   182
   183
   187
   188
   188
   188
   188
   188
   193
   195
   197
   196
   198
   200
   199
   200
   202
   202
   200
   199
   196
   197
   196
   197
   197
   198
   201
   201
   200
   202
   199
   194
   192
   177
   174
   171
   158
   154
   163
   183
   173
   115
   151
   144
   181
   194
   195
   190
   182
   179
   177
   174
   164
   169
   173
   174
   171
   169
   152
   124
   100
    87
    54
    57
    66
    67
    80
   109
   119
   128
   130
   117
   117
   117
   116
   103
    82
   116
   144
   143
   151
   147
   123
   118
   136
   129
   122
    99
    86
    76
    81
    90
   108
   125
   120
    91
   100
   112
   109
   119
   125
   109
    93
    80
    40
    41
    74
   108
   146
   171
   177
   182
   185
   186
   185
   190
   191
   192
   189
   191
   192
   193
   193
   194
   193
   196
   198
   198
   196
   199
   200
   196
   197
   198
   199
   198
   201
   198
   195
   197
   199
   200
   200
   195
   193
   186
   168
   163
   153
   146
   168
   183
   200
   157
   139
   176
   199
   200
   201
   198
   192
   188
   187
   184
   187
   183
   184
   187
   177
   170
   163
   144
   106
    93
    82
    47
    64
    63
    72
    90
   123
   133
   131
   128
   122
   124
   103
    93
    89
   114
   143
   147
   160
   149
   129
   133
   123
   121
   114
   104
    80
    80
    86
   104
   118
   108
   113
   125
   120
   114
   100
    86
    86
    98
   111
   105
    90
    77
    77
   106
   142
   172
   180
   181
   186
   192
   191
   188
   189
   190
   194
   195
   194
   194
   197
   197
   199
   199
   194
   193
   195
   198
   200
   201
   200
   199
   198
   200
   201
   200
   196
   198
   196
   196
   199
   201
   192
   186
   161
   152
   138
   161
   182
   180
   213
   207
   121
   180
   200
   200
   201
   198
   200
   199
   196
   198
   199
   196
   200
   196
   193
   190
   180
   167
   139
   116
   110
   103
    70
    72
    74
    90
   113
   107
   108
   109
   105
    93
    86
   101
   102
   129
   156
   158
   173
   154
   119
   102
    96
    95
    88
    90
    78
    75
    96
   109
   111
   114
    81
    76
    76
    87
   110
   130
   119
   116
    93
   108
   104
    89
    80
    88
   120
   156
   180
   184
   184
   186
   189
   192
   190
   188
   193
   195
   194
   193
   193
   196
   198
   199
   195
   195
   194
   197
   200
   197
   197
   196
   197
   199
   197
   198
   200
   199
   197
   197
   193
   192
   184
   179
   170
   160
   161
   172
   178
   161
   208
   211
   118
   173
   198
   196
   196
   198
   194
   196
   196
   191
   195
   200
   200
   198
   195
   192
   188
   174
   162
   143
   126
   113
    96
    78
    95
   114
   135
   133
   123
   119
   115
   133
   125
   115
   105
   125
   157
   167
   180
   150
   129
   132
   124
   119
   103
    82
    68
    71
    83
    98
   102
   110
   107
   103
   114
   130
   126
   101
    97
    97
    95
    64
    81
    89
    80
    72
   111
   150
   170
   178
   183
   181
   186
   191
   193
   192
   191
   193
   192
   194
   193
   194
   195
   197
   197
   193
   192
   194
   198
   198
   198
   199
   197
   195
   197
   201
   201
   202
   201
   198
   199
   192
   180
   175
   177
   179
   159
   147
   143
   140
   209
   203
   118
   147
   196
   206
   201
   193
   191
   191
   192
   197
   194
   193
   196
   200
   201
   203
   194
   184
   171
   157
   141
   120
   103
    91
   109
   111
   101
   100
   110
   113
   105
   113
   114
   108
    94
   130
   167
   174
   187
   147
   129
   126
   126
   120
   113
    89
    74
    72
    81
   111
   104
    80
    83
    73
    95
   105
    93
    88
    88
    82
    72
    89
    92
    83
    68
    69
    89
   141
   169
   178
   181
   184
   187
   188
   191
   193
   190
   189
   194
   195
   197
   197
   198
   196
   196
   197
   195
   195
   196
   200
   199
   197
   199
   198
   200
   201
   198
   200
   201
   202
   200
   196
   177
   172
   170
   175
   155
   125
   102
   169
   223
   200
    95
    84
    79
   148
   193
   210
   200
   198
   195
   194
   193
   195
   194
   197
   198
   201
   189
   185
   173
   161
   145
   127
   104
   107
   106
   102
   108
   100
    91
   109
   109
   107
   112
   110
   110
   135
   173
   174
   186
   143
   114
   117
   101
    99
    99
    90
    67
    78
    78
    91
    87
    96
   105
   113
   102
    70
    78
    83
    76
    87
    86
    65
    77
   105
    89
    62
    74
   115
   158
   175
   180
   182
   187
   189
   187
   188
   188
   191
   192
   194
   195
   196
   195
   197
   193
   192
   194
   197
   195
   195
   195
   196
   199
   199
   199
   200
   203
   203
   202
   198
   194
   180
   172
   163
   148
   146
   114
   103
   103
   140
   161
   128
   127
   126
    94
    91
   115
   129
   172
   185
   179
   186
   188
   190
   194
   198
   195
   192
   182
   170
   162
   157
   147
   137
   126
   114
   112
   108
    94
   105
   117
   108
    95
   106
   103
   104
    95
   130
   165
   166
   180
   149
   133
   117
   107
   102
    90
    84
    84
    93
    80
    77
    84
    95
   113
   123
   118
   124
   113
    95
   106
    98
    59
    78
    81
    78
    90
    67
    58
    86
   143
   170
   182
   181
   186
   185
   188
   190
   189
   191
   193
   196
   199
   196
   197
   198
   199
   195
   194
   195
   198
   196
   196
   197
   198
   197
   199
   200
   199
   200
   200
   200
   197
   191
   177
   163
   140
   163
   126
   109
   118
   117
   116
   148
   177
   174
   167
   145
   153
   166
   130
   138
   163
   174
   181
   187
   189
   189
   194
   183
   167
   164
   161
   155
   135
   110
   116
   106
    96
   105
   102
    85
    88
    86
   102
   105
    98
    87
    77
   119
   163
   166
   179
   156
   141
   133
   125
   116
   112
   105
    88
    90
    83
    83
    86
    92
    84
    76
    75
    90
    82
    72
    63
    58
    87
    91
    76
    61
    66
    71
    67
    80
   125
   160
   177
   182
   181
   187
   189
   192
   191
   191
   193
   197
   197
   199
   199
   199
   199
   198
   192
   194
   195
   192
   194
   199
   197
   195
   200
   201
   199
   198
   199
   198
   197
   185
   174
   159
   143
   207
   158
   123
   124
   130
   125
   140
   177
   183
   170
   179
   176
   163
   176
   158
   139
   154
   177
   184
   192
   188
   180
   169
   154
   147
   140
    99
    42
    88
   131
   115
    95
    94
   107
   107
    92
    90
    85
    94
    96
    96
    68
   106
   148
   163
   180
   153
   130
   130
   125
   122
   107
   111
    82
    73
    76
    91
    88
    71
    66
    71
    82
    88
    64
    58
    92
   130
   122
   109
   106
   106
    88
    74
    58
    64
    98
   151
   169
   176
   185
   182
   185
   188
   192
   191
   189
   191
   196
   196
   198
   200
   200
   198
   193
   189
   194
   198
   197
   195
   197
   198
   199
   199
   202
   201
   198
   194
   180
   170
   155
   128
   113
   128
   121
   126
   132
   129
   124
   138
   164
   165
   166
   172
   183
   186
   175
   175
   166
   130
   131
   164
   169
   175
   171
   162
   155
   152
   116
    22
    24
   117
   146
   148
   135
   107
    85
    95
    96
   101
   119
   115
   111
    96
    83
   118
   143
   153
   168
   157
   130
   116
   112
   103
   107
    97
    86
    86
    90
    91
    98
   104
    93
    92
    86
    80
    85
   103
   111
    83
    49
    58
    70
    68
    80
    86
    64
    42
    69
   125
   160
   175
   182
   186
   189
   190
   192
   194
   194
   194
   195
   196
   198
   195
   194
   193
   193
   193
   195
   197
   196
   196
   197
   201
   200
   201
   199
   201
   197
   193
   185
   157
   142
   119
   116
   111
   108
   128
   140
   136
   119
   121
   127
   142
   153
   163
   181
   188
   182
   184
   180
   166
   121
    98
   143
   155
   165
   161
   151
   145
   127
    88
    61
   118
   141
   131
   139
   118
    80
    75
    87
   101
   106
    93
    86
    98
    90
   114
   139
   154
   167
   156
   150
   137
   123
   110
    98
    98
    85
    87
    84
    89
    85
    88
   111
   120
   100
    93
    90
    77
    63
    69
    69
    59
    61
    72
    68
   108
    95
    55
    46
    86
   158
   166
   180
   184
   187
   192
   192
   194
   192
   193
   195
   197
   197
   198
   196
   194
   195
   195
   194
   196
   197
   197
   199
   200
   200
   202
   202
   200
   198
   198
   190
   157
   128
    97
   130
   128
   119
   132
   143
   131
   108
   122
   123
   131
   149
   159
   177
   193
   190
   185
   179
   178
   176
   114
    75
   106
   132
   161
   163
   158
   147
   127
   112
   105
   116
   133
   130
   130
   117
    90
    78
    83
    93
    98
    95
    95
   104
   113
   127
   155
   158
   150
   145
   132
   129
   120
   113
   109
    90
    89
    90
    90
   112
   110
    78
    89
   117
    97
    90
    82
    80
    96
   102
   100
    83
    78
    72
    97
    95
    81
    46
    56
   122
   162
   173
   183
   182
   187
   189
   191
   194
   194
   195
   195
   194
   192
   196
   197
   196
   196
   195
   198
   196
   197
   197
   200
   198
   198
   198
   197
   197
   197
   190
   144
   113
    80
   118
   125
   133
   149
   143
   115
   107
   106
   112
   135
   145
   159
   169
   182
   190
   188
   181
   175
   174
   187
   123
    87
   119
   165
   171
   165
   156
   144
   130
   114
   122
   148
   156
   130
   115
   113
    99
    96
    89
    86
    84
    99
   104
   115
   131
   155
   160
   143
   146
   158
   133
   118
   105
    81
    71
    70
    67
    87
    99
   107
   126
   126
   117
   127
   125
   132
   123
   100
    95
   103
    91
    75
    87
   109
   108
   104
    71
    47
    83
   149
   170
   181
   181
   186
   188
   190
   190
   191
   193
   194
   196
   196
   194
   195
   195
   195
   196
   196
   196
   198
   197
   198
   200
   200
   200
   199
   199
   202
   192
   151
   100
    66
   137
   111
   136
   146
   135
   105
    97
   113
   117
   130
   146
   156
   166
   172
   173
   187
   189
   183
   179
   180
   197
   102
   106
   161
   173
   170
   157
   145
   140
   153
   165
   161
   162
   158
   139
   109
    96
    95
    93
    88
    97
    83
    87
   106
   137
   158
   152
   148
   138
   132
   143
   128
   113
    91
    65
    65
    79
    79
    84
    87
    76
    88
   121
   115
   106
    86
    83
    81
    79
    92
   109
    93
    90
   128
   121
   117
   112
    68
    51
   113
   161
   173
   180
   182
   187
   188
   190
   193
   194
   194
   194
   194
   195
   197
   193
   194
   194
   195
   193
   195
   196
   200
   198
   198
   200
   200
   196
   197
   193
   151
   101
    79
   159
   127
   133
   132
   106
    97
   120
   159
   144
   134
   140
   154
   173
   178
   164
   176
   185
   186
   187
   186
   193
   154
   111
   157
   179
   171
   176
   176
   180
   178
   171
   166
   163
   162
   168
   126
   101
    84
    85
    95
    97
   103
    89
   110
   137
   159
   155
   136
   150
   144
   128
   119
   108
    95
    78
    70
    62
    57
    68
    80
    81
    91
    87
    82
    84
    80
    84
    97
    90
    90
    88
   112
   106
   120
   125
   120
   122
   113
    60
    61
   141
   173
   176
   178
   183
   190
   187
   189
   191
   191
   192
   192
   189
   191
   192
   191
   192
   193
   192
   193
   192
   192
   199
   200
   198
   199
   200
   198
   186
   153
   102
   130
   143
   161
   220
   200
    97
    96
   134
   167
   166
   145
   141
   144
   170
   179
   160
   167
   185
   182
   182
   185
   191
   174
   116
   153
   184
   184
   176
   180
   180
   183
   180
   176
   164
   154
   144
   130
   123
   120
    96
    96
   103
    82
    88
   107
   133
   146
   151
   146
   131
   136
   149
   141
   123
    99
    86
    85
    72
    71
    70
    71
    78
    86
    76
    81
    85
    88
    94
    68
    73
    92
   132
   108
    84
   115
   118
   117
   123
   118
   105
    83
    92
   158
   169
   181
   183
   184
   191
   189
   190
   193
   193
   191
   190
   185
   189
   190
   191
   192
   190
   189
   194
   193
   196
   198
   196
   196
   197
   197
   180
   152
   107
   151
   165
   185
   212
   214
   131
    78
    95
    79
   124
   143
   132
   137
   158
   192
   168
   153
   185
   186
   187
   188
   194
   191
   115
   152
   187
   186
   189
   182
   184
   186
   185
   186
   177
   153
   138
   123
   100
    98
   115
    90
    84
    89
    87
   112
   132
   143
   149
   143
   145
   137
   128
   118
   102
    95
    81
    63
    67
    65
    66
    64
    73
    73
    73
    73
    78
    71
    70
    94
   111
   126
    99
    71
    81
   121
   125
   124
   117
   116
   120
   110
    98
   121
   162
   173
   181
   180
   183
   188
   190
   190
   194
   194
   191
   187
   193
   192
   191
   192
   191
   191
   193
   196
   198
   200
   196
   198
   200
   198
   180
   144
   114
   155
   171
   191
   216
   214
   143
    72
    70
    95
    96
   150
   146
   142
   143
   191
   168
   152
   175
   186
   188
   188
   190
   190
   116
   147
   182
   179
   182
   186
   185
   185
   188
   190
   181
   168
   127
   127
   111
   101
    97
   113
    88
    79
    89
   110
   128
   139
   141
   143
   132
   131
   134
   118
   101
    93
    83
    69
    62
    56
    50
    60
    57
    61
    58
    57
    60
    83
    95
   101
   103
    80
    79
    79
    60
   114
   116
   116
   122
   121
   121
   116
   119
   103
   128
   168
   174
   176
   176
   179
   186
   188
   189
   188
   184
   176
   180
   186
   190
   187
   191
   191
   191
   192
   193
   194
   195
   196
   197
   189
   163
   130
   115
   145
   175
   180
   200
   203
   119
   125
   125
    64
   108
   152
   147
   146
   134
   183
   171
   144
   180
   187
   190
   190
   194
   191
   130
   156
   184
   187
   186
   184
   185
   183
   184
   187
   186
   167
   146
   122
   121
   110
   103
    97
    91
    80
    79
    93
   114
   127
   127
   127
   122
   106
    87
    80
    80
    71
    65
    54
    60
    57
    58
    62
    71
    70
    60
    67
    90
   109
   112
   102
    66
    60
    54
    60
    62
   122
   119
   123
   124
   119
   122
   122
   119
   118
    79
   123
   170
   171
   173
   179
   184
   189
   187
   184
   184
   181
   184
   185
   185
   185
   185
   181
   184
   186
   187
   189
   194
   198
   197
   192
   168
   132
   119
   142
   177
   183
   181
   189
   116
    67
   121
    98
    93
   141
   154
   158
   128
   183
   177
   153
   181
   187
   187
   189
   189
   180
   136
   156
   181
   185
   184
   185
   185
   179
   180
   184
   183
   175
   141
   128
   118
   111
   101
    93
    86
    76
    69
    80
    96
   111
   120
   129
   125
   114
    94
    94
    91
    89
    78
    73
    68
    59
    55
    58
    62
    70
    85
    71
    60
    69
    75
    68
    69
    75
    84
    77
   103
   123
   122
   119
   119
   120
   117
   117
   120
   121
   109
    55
   121
   166
   170
   176
   184
   181
   180
   177
   179
   181
   187
   189
   186
   185
   188
   191
   190
   192
   194
   195
   196
   198
   202
   199
   174
   146
   134
   145
   170
   187
   180
   184
   129
    64
    64
    83
   122
   150
   151
   160
   132
   169
   176
   156
   184
   194
   193
   188
   191
   176
   129
   153
   184
   183
   185
   187
   183
   176
   177
   184
   186
   187
   162
   137
   124
   127
   111
    94
    87
    90
    74
    65
    76
   105
   104
   102
    94
   106
    97
    85
    77
    74
    84
    86
    77
    72
    61
    59
    86
    92
    94
    92
    76
    52
    57
    83
   105
   108
   110
    94
    76
   123
   122
   119
   121
   124
   125
   124
   123
   120
   119
    86
    56
   125
   159
   163
   172
   181
   184
   178
   178
   181
   180
   187
   188
   188
   187
   189
   193
   194
   197
   197
   195
   197
   196
   189
   171
   142
   138
   148
   153
   183
   177
   183
   136
    96
   132
   151
   158
   145
   161
   169
   141
   162
   163
   159
   179
   190
   193
   191
   191
   164
   130
   164
   182
   185
   185
   186
   184
   176
   169
   181
   178
   185
   171
   135
   128
   114
   124
   108
   103
    93
    88
    83
    76
    77
   105
    94
    85
    71
    89
   107
    92
    77
    52
    66
    72
    90
    78
    75
    67
    80
    88
    65
    67
    69
    79
    99
    88
    90
    65
    54
    44
   122
   125
   124
   121
   119
   120
   121
   125
   122
   121
    99
    66
    45
   137
   154
   147
   150
   161
   173
   175
   177
   180
   179
   182
   186
   189
   191
   190
   189
   190
   188
   194
   193
   187
   178
   160
   139
   136
   136
   148
   180
   174
   174
   138
    78
   121
   154
   139
   131
   155
   167
   143
   161
   161
   172
   192
   187
   187
   190
   190
   148
   132
   169
   182
   185
   179
   183
   183
   176
   161
   156
   178
   176
   180
   150
   121
   114
   105
   113
    98
    88
    88
    84
    79
    74
    59
    85
    73
    58
    47
    55
    77
    65
    44
    37
    65
    67
    75
    85
    87
    85
    70
    71
    66
    86
    92
    88
    76
    66
    66
    61
    70
   123
   122
   123
   125
   124
   122
   123
   124
   122
   122
   115
    90
    53
    41
   125
   159
   151
   148
   147
   158
   167
   173
   172
   171
   175
   179
   182
   181
   185
   187
   187
   192
   194
   192
   172
   154
   135
   135
   134
   141
   181
   167
   172
   151
   104
    84
   108
   119
   137
   159
   155
   138
   153
   165
   182
   191
   191
   186
   186
   190
   132
   136
   177
   189
   186
   183
   182
   181
   182
   182
   157
   155
   182
   178
   166
   134
   108
   109
   108
   102
   110
    95
    88
    68
    72
    65
    53
    68
    76
    60
    47
    44
    72
    96
    75
    69
    53
    42
    48
    60
    58
    68
    71
    71
    47
    55
    45
    45
    46
    53
    61
    63
   125
   123
   121
   123
   123
   123
   124
   126
   124
   120
   112
   113
    89
    49
    31
   103
   170
   162
   151
   151
   150
   160
   164
   162
   167
   168
   165
   169
   173
   186
   191
   188
   190
   191
   190
   165
   138
   129
   135
   140
   182
   164
   156
   153
   111
    95
    49
   103
   142
   154
   138
   138
   156
   163
   182
   190
   190
   186
   190
   191
   114
   138
   174
   178
   182
   183
   183
   182
   179
   173
   164
   143
   137
   177
   168
   157
   120
   103
   102
   107
    92
    91
    81
    87
    85
    79
    65
    48
    62
    64
    73
    74
    56
    58
    73
    61
    57
    48
    46
    62
    66
    59
    60
    63
    97
    94
    79
    82
    84
    69
    62
    38
   120
   125
   123
   120
   125
   124
   124
   123
   126
   123
   119
   117
   104
    82
    58
    27
    50
   133
   174
   166
   160
   155
   156
   163
   161
   159
   161
   165
   166
   167
   173
   188
   188
   190
   186
   176
   155
   118
   130
   129
   164
   166
   141
   143
   122
    84
    82
    91
   130
   137
   134
   151
   156
   172
   181
   184
   187
   190
   188
   173
   117
   157
   180
   175
   175
   173
   175
   178
   171
   171
   168
   169
   158
   134
   152
   151
   143
   124
   107
    96
    99
    95
    89
    80
    73
    69
    73
    70
    75
    74
    51
    65
    76
    55
    49
    63
    84
    68
    59
    56
    57
    71
    96
    85
    54
    47
    60
    55
    59
    64
    41
    33
   121
   121
   123
   124
   122
   122
   122
   124
   123
   123
   113
   118
   115
    85
    76
    70
    53
    42
   104
   162
   168
   161
   161
   159
   161
   152
   152
   160
   164
   164
   161
   163
   175
   185
   189
   176
   149
   127
   123
   125
   145
   172
   169
   142
   136
   113
    95
   104
   117
   123
   133
   150
   173
   173
   184
   184
   190
   186
   183
   147
   138
   168
   183
   176
   172
   169
   170
   176
   173
   169
   171
   165
   166
   162
   146
   137
   134
   136
   128
   122
   105
   108
   102
    96
    78
    72
    75
    78
    78
    74
    97
    94
    90
   103
    83
    75
    79
    71
    74
    59
    53
    63
    50
    55
    63
    61
    58
    31
    25
    46
    51
    48
   123
   126
   124
   122
   125
   123
   124
   126
   124
   120
   118
   114
   122
    97
    80
    70
    75
    73
    41
    54
   116
   163
   166
   149
   145
   147
   146
   148
   149
   153
   151
   144
   141
   143
   156
   167
   150
   118
   104
   111
   104
   114
   142
   152
   156
   151
   136
    93
    70
    85
   121
   152
   170
   170
   171
   176
   172
   170
   177
   123
   153
   178
   183
   182
   183
   179
   173
   177
   175
   168
   168
   161
   155
   146
   140
   148
   143
   136
   114
   104
    98
    82
    70
    79
    78
    70
    63
    64
    75
    79
    61
    73
    61
    82
    85
    76
    55
    65
    74
    77
    79
    71
    80
    67
    67
    46
    54
    73
    89
    74
    64
    39
   122
   123
   120
   121
   124
   122
   121
   123
   121
   124
   122
   117
   110
    98
    95
    86
    77
    66
    66
    59
    36
    51
    99
   142
   160
   159
   155
   148
   149
   142
   141
   141
   145
   148
   139
   136
   139
   133
   115
   115
   104
    62
    60
    84
    88
    82
    81
    91
   109
   123
   137
   162
   177
   181
   177
   167
   170
   199
   197
   155
   180
   175
   177
   178
   178
   178
   172
   170
   172
   165
   155
   147
   140
   125
   121
   120
   115
   119
   117
   103
    83
    79
    82
    82
    73
    74
    84
    72
    71
    72
    81
    53
    64
    59
    59
    74
    99
    96
    88
    91
    99
   103
    95
   108
    77
    87
    81
    50
    39
    44
    49
    64
   122
   124
   122
   122
   121
   124
   124
   124
   122
   121
   124
   120
   120
   104
    93
   100
    88
    81
    73
    75
    74
    59
    45
    55
    75
   112
   137
   149
   155
   159
   151
   147
   142
   143
   150
   148
   146
   146
   152
   155
   115
   112
    78
    61
    84
    38
    27
    62
   104
   145
   166
   176
   184
   185
   185
   189
   187
   166
   138
   173
   179
   178
   176
   176
   172
   166
   167
   162
   149
   152
   152
   140
   131
   129
   138
   124
   115
   103
    94
    90
    88
    82
    86
    97
    79
    55
    64
    75
    64
    54
    61
    83
    66
    70
    68
    70
    76
    64
    72
    76
    68
    47
    58
    62
    88
    74
    55
    55
    61
    56
    44
    63
   121
   120
   122
   126
   125
   123
   124
   126
   124
   120
   118
   122
   120
   108
   108
    95
   108
    96
    79
    93
    93
    83
    77
    63
    69
    31
    26
    41
    57
    78
    99
   101
   101
   100
    95
    99
   113
   132
   136
   133
   138
   109
   120
   118
   109
    63
    33
    28
    35
    39
    60
   107
   159
   178
   175
   151
   119
   123
   167
   172
   173
   171
   170
   167
   164
   151
   140
   131
   133
   119
   117
   124
   122
   130
   114
   108
   111
   110
    82
    72
    74
    87
    95
    76
    74
    80
    47
    45
    62
    60
    49
    51
    60
    61
    60
    36
    56
    54
    36
    56
    70
    47
    49
    58
    37
    29
    40
    48
    50
    41
    37
    33
   124
   124
   120
   122
   121
   123
   121
   122
   124
   125
   123
   123
   119
   111
   111
   110
   101
   108
    99
    83
    73
    59
    44
    57
    65
    91
    71
    44
    40
    34
    28
    38
    51
    61
    66
    62
    52
    51
    59
    57
    41
    33
    66
   113
   190
   192
   182
   133
   131
   136
   129
   118
   117
   119
   114
   137
   162
   178
   172
   168
   169
   168
   160
   153
   157
   157
   144
   136
   125
   134
   132
   120
   119
   106
    99
    90
    80
    85
    77
    77
    70
    55
    59
    68
    69
    74
    82
    62
    55
    60
    72
    69
    64
    39
    57
    63
    54
    61
    66
    50
    50
    72
    62
    68
    66
    70
    74
    71
    65
    53
    52
    48
   125
   123
   123
   123
   121
   121
   125
   125
   125
   124
   123
   120
   119
   116
   107
   117
   109
   106
   102
   102
    90
    71
    65
    38
    47
    54
    69
    62
    54
    65
    69
    56
    46
    47
    46
    53
    50
    46
    41
    29
    25
    21
    47
   111
   180
   144
   158
    84
    70
    76
   105
   131
   143
   153
   174
   180
   181
   177
   168
   168
   161
   162
   162
   158
   158
   141
   132
   136
   141
   136
   130
   117
   101
    88
    74
    67
    67
    63
    67
    69
    67
    69
    52
    48
    47
    46
    44
    49
    55
    61
    62
    58
    59
    62
    56
    49
    51
    59
    61
    60
    56
    59
    64
    53
    57
    54
    42
    55
    59
    54
    56
    45
   121
   120
   121
   122
   123
   124
   120
   121
   120
   124
   123
   126
   118
   114
   109
   120
   113
   111
   107
   106
   108
    99
    80
    73
    52
    41
    32
    45
    49
    28
    26
    49
    46
    43
    50
    50
    65
    42
    43
    43
    42
    43
    47
    77
    81
    74
    79
    53
    49
    64
    55
    61
    81
    85
    81
    93
   110
   117
   121
   125
   124
   132
   135
   133
   128
   132
   130
   122
   108
    96
    90
    90
    98
    89
    76
    69
    60
    51
    68
    56
    42
    42
    51
    50
    59
    51
    58
    66
    59
    56
    66
    57
    56
    61
    55
    43
    39
    46
    48
    67
    53
    48
    39
    50
    54
    49
    51
    45
    52
    49
    51
    49
   123
   121
   121
   121
   122
   120
   122
   125
   125
   124
   123
   121
   124
   121
   114
   110
   116
   109
   104
   102
   104
   113
    99
    90
    87
    67
    44
    25
    27
    45
    33
    14
    17
    23
    26
    33
    35
    47
    48
    52
    57
    58
    57
    33
    25
    34
    31
    53
    65
    59
    51
    46
    54
    55
    62
    53
    32
    37
    42
    37
    48
    39
    52
    53
    64
    70
    69
    74
    75
    67
    63
    49
    63
    54
    58
    61
    62
    70
    59
    46
    57
    49
    59
    52
    49
    54
    40
    49
    45
    42
    52
    71
    60
    51
    49
    51
    40
    37
    39
    34
    47
    45
    49
    45
    50
    45
    42
    46
    48
    46
    36
    52
   121
   121
   123
   124
   122
   124
   122
   122
   122
   124
   125
   123
   122
   120
   113
   109
   120
   114
   108
   108
   103
   109
   105
    84
    88
    90
    70
    47
    27
    23
    29
    37
    33
    34
    29
    42
    41
    38
    35
    35
    40
    54
    63
    63
    48
    57
    63
    64
    73
   102
    88
    69
    56
    48
    43
    70
    96
    65
    58
    62
    51
    53
    42
    45
    41
    50
    53
    57
    62
    66
    66
    57
    54
    64
    62
    46
    48
    46
    56
    64
    59
    40
    41
    44
    45
    56
    56
    54
    47
    53
    51
    33
    49
    54
    57
    45
    51
    49
    39
    47
    45
    50
    45
    51
    51
    39
    42
    44
    35
    38
    43
    49
   122
   123
   120
   122
   121
   122
   123
   126
   122
   123
   124
   124
   124
   123
   125
   111
   109
   118
   112
   109
   102
    97
   100
    99
    85
    83
    89
    76
    46
    22
    24
    40
    42
    31
    29
    32
    35
    34
    38
    39
    44
    46
    56
    63
    64
    62
    55
    54
    54
    58
    60
    47
    51
    54
    47
    42
    61
    85
    63
    60
    51
    54
    59
    50
    62
    59
    52
    48
    55
    50
    32
    42
    57
    56
    73
    70
    69
    65
    49
    49
    51
    43
    56
    33
    40
    48
    54
    56
    56
    54
    53
    62
    46
    46
    51
    47
    30
    38
    42
    39
    37
    45
    66
    46
    34
    50
    38
    47
    53
    43
    40
    63
   121
   124
   123
   122
   123
   124
   122
   122
   123
   122
   123
   124
   123
   121
   117
   123
   111
   109
   120
   118
   119
   108
   108
   112
   108
    99
    90
    97
   102
    78
    63
    47
    58
    59
    70
    65
    52
    46
    47
    61
    56
    66
    68
    58
    68
    54
    57
    63
    58
    59
    57
    48
    44
    54
    54
    53
    56
    68
    71
    60
    55
    61
    73
    73
    66
    76
    72
    76
    66
    74
    72
    56
    55
    57
    52
    67
    65
    71
    66
    54
    55
    49
    30
    39
    35
    43
    43
    55
    63
    56
    51
    53
    56
    49
    48
    51
    61
    56
    39
    46
    36
    36
    37
    63
    39
    29
    53
    49
    50
    48
    54
    83
   123
   120
   121
   120
   122
   120
   122
   125
   123
   124
   124
   122
   124
   125
   124
   123
   125
   117
   110
   111
   111
   108
   100
    98
    96
    98
   107
   104
    94
    93
    83
    74
    73
    78
    84
    93
    81
    55
    49
    55
    62
    68
    77
    70
    73
    65
    49
    59
    59
    53
    48
    48
    61
    67
    65
    69
    61
    78
    73
    85
    78
    82
    83
    84
    92
    91
    85
    74
    85
    88
    86
    87
    68
    56
    66
    57
    57
    55
    53
    57
    44
    60
    75
    71
    73
    70
    54
    60
    55
    52
    49
    42
    51
    60
    48
    47
    52
    54
    59
    59
    52
    49
    47
    61
    50
    51
    52
    83
    80
    63
    56
    59
   121
   123
   123
   123
   122
   122
   122
   122
   125
   121
   121
   122
   122
   123
   121
   121
   125
   124
   119
   120
   121
   120
   114
   109
   108
   107
    94
    95
   104
    98
    95
    68
    59
    63
    60
    61
    64
    54
    52
    64
    75
    73
    68
    67
    71
    71
    60
    60
    39
    42
    57
    71
    63
    61
    71
    72
    74
    74
    92
    97
    95
   101
   101
    87
    91
   100
   105
    94
    82
    82
    91
    93
    80
    57
    64
    70
    68
    66
    50
    51
    50
    52
    53
    67
    75
    67
    65
    55
    63
    57
    72
    61
    53
    53
    58
    59
    69
    58
    65
    67
    62
    66
    61
    62
    72
    53
    51
    52
    98
    98
    54
    35
   120
   121
   123
   118
   124
   123
   121
   124
   122
   125
   127
   124
   125
   121
   120
   121
   123
   124
   126
   120
   121
   120
   118
   119
   122
   121
   116
   100
    96
    78
    75
    74
    50
    41
    33
    34
    22
    28
    59
    82
    95
    79
    69
    61
    72
    80
    79
    86
    77
    71
    73
    70
    80
    81
    78
    78
    80
    89
    96
    99
   107
    95
    82
    92
    88
    82
    88
    92
    89
    75
    59
    53
    80
    73
    74
    84
    74
    63
    54
    53
    60
    52
    67
    65
    66
    79
    62
    97
    91
    75
    65
    54
    57
    59
    65
    56
    53
    67
    53
    48
    62
    71
    84
    84
    65
    58
    52
    54
    55
    76
    85
   105
   120
   122
   120
   123
   121
   123
   123
   123
   124
   123
   122
   120
   123
   124
   124
   125
   123
   122
   120
   123
   119
   117
   115
   114
   113
   114
   114
   114
   102
    88
    61
    53
    42
    33
    29
    40
    46
    60
    67
    71
    85
    92
    98
    89
    97
    94
    91
    86
    90
    94
    89
    87
    83
    85
    87
    84
   102
   100
   100
   111
   100
   101
   105
    99
   102
    97
    96
   108
    98
    94
    87
    74
    81
    97
    94
    87
    69
    59
    63
    72
    62
    70
    73
    79
    76
    80
    85
    83
    87
    69
    60
    54
    61
    67
    77
    70
    76
    76
    84
    76
    64
    63
    72
    85
    71
    61
    54
    53
    57
    87
   125
   136
   120
   121
   123
   119
   122
   119
   121
   122
   120
   121
   124
   123
   122
   124
   121
   118
   123
   123
   125
   121
   126
   125
   122
   113
   114
   108
   113
   115
   102
    58
    50
    48
    39
    30
    49
    64
    63
    94
   103
   107
   101
   108
   113
   116
    98
    98
    91
    89
    82
    99
    88
    87
    93
    99
    94
    87
   103
   112
   113
   112
   102
   101
   107
   114
   117
   114
   107
    92
    89
    84
   110
   106
   100
    93
   100
    96
    73
    61
    61
    69
    68
    79
    91
    82
    97
    84
    90
   105
   105
    87
    93
    86
    82
    78
    78
    84
    88
    80
    83
    83
    88
    95
    99
    93
    97
    92
    94
    87
    92
   121
   141
   147
   123
   121
   119
   121
   123
   123
   123
   123
   125
   123
   123
   123
   123
   121
   122
   122
   120
   122
   121
   123
   122
   123
   123
   129
   124
   121
   115
   113
    99
   103
    92
    62
    37
    38
    41
    55
    86
    96
   106
   110
   119
   117
   110
   105
   112
   103
    97
    72
    91
    90
   112
   117
   111
   108
   110
   110
   110
   111
   110
   107
   115
   115
   116
   112
   114
   115
   102
    96
    94
   104
   109
    99
    84
    95
    91
    84
    78
    84
    88
    75
    65
    71
    93
    99
    85
    95
    94
    94
    87
    87
   112
   100
    90
    97
   101
   104
   101
   103
   102
   100
    97
    90
    99
    95
    97
    97
    96
   103
   100
   100
   146
   153
   121
   122
   122
   121
   120
   120
   122
   121
   120
   123
   124
   124
   121
   122
   123
   121
   124
   123
   124
   122
   123
   122
   123
   117
   124
   124
   120
   119
   114
    84
    74
    56
    37
    34
    55
    79
   107
   115
   118
   119
   114
   118
   119
   116
   114
   116
   112
    95
   104
   119
   115
   118
   117
   112
   116
   120
   118
   119
   118
   115
   110
   119
   119
   116
   116
   115
   115
   107
   108
   110
   108
   110
   110
   100
    92
   101
   103
    87
    88
    98
    96
   103
   100
    98
   103
    99
   104
    99
    97
    98
   106
   108
   104
   100
   108
   104
   107
   105
   106
   104
   102
    95
   101
    99
   104
    99
    96
    95
    96
    96
   130
   148
   121
   120
   123
   120
   122
   124
   121
   121
   124
   123
   120
   118
   122
   122
   123
   122
   123
   122
   121
   123
   120
   125
   123
   122
   118
   117
   122
   123
   124
   123
   113
    98
    81
    83
    82
    96
   118
   121
   118
   120
   121
   123
   121
   121
   120
   121
   122
   112
   114
   111
   118
   112
   113
   117
   118
   116
   119
   121
   117
   118
   113
   114
   122
   118
   114
   116
   111
   112
   108
   112
   112
   108
   104
   107
   112
   105
    97
    82
    94
    89
    85
    93
   101
   110
   116
   111
   107
   111
   114
   109
   110
   110
   113
   112
   106
   109
   107
   107
   104
   106
   100
    99
   111
   100
   100
    98
    94
    98
    97
    98
   112
   144
   122
   121
   122
   124
   121
   120
   120
   124
   119
   121
   124
   123
   120
   122
   119
   123
   122
   124
   123
   122
   125
   120
   122
   122
   121
   124
   121
   120
   122
   125
   129
   129
   114
   102
   101
   110
   111
   125
   126
   125
   125
   123
   126
   121
   124
   122
   116
   114
   116
   112
   110
   117
   116
   119
   117
   120
   117
   118
   121
   117
   117
   119
   113
   114
   116
   117
   117
   112
   119
   118
   118
   115
   114
   116
   111
   103
   101
   102
   103
    93
   103
   106
   114
   113
   114
   115
   115
   112
   111
   107
   107
   105
   107
   108
   103
   101
   103
   107
   106
   101
   104
   110
   104
   103
   102
   102
    98
    98
    97
    95
    98
   131
   121
   121
   122
   119
   122
   121
   122
   121
   122
   121
   121
   123
   122
   120
   122
   122
   123
   122
   120
   121
   123
   124
   122
   125
   125
   124
   125
   121
   121
   123
   124
   122
   125
   125
   112
   118
   115
   118
   121
   120
   119
   123
   119
   120
   122
   119
   118
   117
   119
   119
   116
   118
   116
   119
   118
   120
   118
   117
   120
   118
   112
   115
   117
   118
   118
   115
   116
   116
   117
   117
   117
   116
   116
   118
   118
   114
   110
   105
   103
   112
   112
   115
   110
   117
   116
   115
   111
   112
   113
   113
   110
   110
   110
   111
   109
   107
   106
   103
   102
   106
   104
    98
   101
   102
    99
   102
   100
   102
   102
    98
    98
   113
   119
   122
   120
   120
   120
   122
   124
   124
   122
   126
   124
   122
   125
   125
   123
   120
   119
   122
   124
   124
   123
   123
   127
   119
   121
   123
   122
   125
   122
   122
   124
   125
   123
   119
   120
   118
   120
   118
   121
   118
   123
   119
   121
   124
   120
   120
   118
   113
   120
   124
   118
   117
   120
   122
   119
   117
   115
   118
   116
   118
   118
   116
   120
   114
   119
   117
   116
   112
   116
   115
   118
   115
   110
   118
   116
   116
   117
   117
   115
   114
   116
   116
   115
   114
   113
   114
   114
   114
   114
   113
   112
   111
   108
   108
   110
   109
   104
   106
   110
   105
   106
   109
   103
   101
   101
    98
   101
   100
    99
    99
   100
   102
