    40
    46
    46
    41
    42
    43
    45
    45
    45
    49
    49
    48
    43
    49
    50
    50
    50
    54
    50
    46
    48
    53
    52
    51
    50
    55
    54
    50
    53
    51
    49
    54
    55
    51
    54
    52
    57
    55
    46
    31
    43
    62
    63
    84
   143
   193
   213
   224
   209
   175
   102
    68
   103
   142
   146
   156
   142
   109
    57
    14
    31
    37
    16
    13
    43
    60
    60
    57
    58
    54
    59
    51
    56
    58
    58
    59
    53
    57
    58
    56
    54
    59
    56
    54
    56
    61
    56
    57
    54
    60
    50
    55
    50
    48
    57
    60
    57
    55
    55
    50
    51
    49
    47
    69
    67
    75
    75
    66
    65
    64
    69
    70
    40
    48
    45
    49
    52
    53
    45
    45
    45
    45
    44
    47
    50
    49
    49
    53
    51
    51
    57
    55
    54
    50
    45
    43
    44
    38
    41
    53
    46
    48
    56
    58
    56
    53
    53
    53
    49
    53
    50
    98
   168
   173
   143
   131
   134
   142
   133
   113
   135
   171
   198
   219
   224
   217
   212
   215
   212
   207
   210
   153
   111
   112
   165
   166
    92
    32
    51
    56
    57
    57
    56
    61
    56
    54
    62
    57
    59
    58
    54
    56
    61
    58
    51
    53
    57
    56
    60
    55
    54
    53
    59
    57
    60
    58
    53
    50
    50
    54
    56
    55
    53
    56
    60
    71
    76
    64
    63
    65
    68
    59
    64
    66
    41
    38
    46
    41
    42
    41
    47
    46
    47
    45
    45
    45
    49
    48
    47
    48
    52
    51
    42
    41
    44
    44
    47
    43
    34
    43
    52
    46
    56
    55
    51
    49
    46
    51
    56
    58
    59
    62
    65
   117
   132
   108
    97
    87
    59
    59
    93
   156
   182
   190
   208
   212
   208
   193
   185
   182
   172
   168
   198
   213
   218
   213
   209
   206
   206
   123
    48
    59
    54
    56
    53
    53
    51
    56
    50
    58
    56
    56
    56
    54
    52
    57
    55
    54
    57
    56
    52
    53
    53
    53
    55
    51
    46
    51
    56
    57
    54
    57
    57
    56
    50
    52
    71
    68
    62
    64
    65
    57
    62
    58
    62
    58
    45
    50
    42
    45
    40
    46
    38
    45
    47
    46
    44
    48
    44
    46
    51
    49
    47
    44
    33
    33
    38
    36
    32
    32
    41
    39
    41
    46
    39
    48
    58
    61
    67
    64
    67
    67
    69
    63
    71
    59
    66
    86
   118
   146
   171
   192
   200
   176
   205
   207
   204
   192
   183
   177
   155
   161
   158
   184
   182
   198
   194
   198
   199
   193
   184
   155
    73
    56
    55
    55
    53
    55
    57
    60
    57
    56
    53
    52
    56
    57
    54
    49
    55
    58
    51
    55
    53
    55
    51
    53
    52
    53
    56
    54
    52
    54
    53
    50
    50
    49
    57
    57
    63
    64
    60
    58
    56
    55
    50
    56
    52
    52
    40
    40
    44
    46
    47
    44
    47
    46
    41
    50
    48
    47
    50
    47
    46
    42
    34
    26
    29
    34
    30
    32
    32
    36
    39
    43
    48
    57
    69
    71
    65
    63
    59
    59
    62
    59
    61
    68
    63
    61
    65
    77
   102
   105
   102
   115
   122
   128
   145
   137
   153
   177
   195
   203
   197
   148
   118
   118
   144
   189
   197
   194
   196
   192
   181
   138
    69
    52
    56
    56
    57
    52
    56
    53
    51
    58
    55
    50
    49
    50
    55
    55
    52
    51
    48
    49
    49
    50
    56
    52
    53
    50
    50
    56
    54
    55
    55
    46
    54
    55
    48
    60
    67
    59
    47
    47
    47
    47
    50
    47
    51
    54
    42
    46
    40
    45
    43
    45
    42
    45
    48
    42
    43
    46
    44
    43
    45
    37
    34
    35
    44
    33
    31
    37
    32
    37
    48
    49
    51
    52
    55
    84
    85
    86
    77
    75
    68
    71
    69
    61
    49
    39
    29
    26
    19
    25
    39
    47
    65
    41
   118
    44
   138
   192
   202
   203
   206
   221
   218
   209
   196
   191
   186
   196
   194
   193
   178
   121
    63
    53
    49
    49
    49
    46
    47
    53
    53
    50
    55
    53
    55
    57
    54
    52
    55
    52
    51
    55
    57
    51
    53
    54
    53
    53
    55
    51
    55
    54
    57
    59
    56
    54
    56
    64
    56
    46
    44
    48
    46
    48
    47
    46
    50
    35
    44
    42
    47
    44
    44
    47
    47
    52
    49
    48
    50
    44
    40
    43
    31
    30
    32
    44
    29
    28
    27
    30
    44
    48
    51
    63
    74
    90
    87
    78
    74
    76
    72
    78
    77
    65
    48
    45
    56
    45
    36
    63
    78
    85
    73
    68
    26
    39
    58
     3
    51
   133
   209
   231
   225
   216
   208
   207
   202
   191
   191
   200
   202
   189
   128
    67
    52
    48
    48
    44
    43
    42
    42
    38
    44
    51
    54
    58
    56
    46
    49
    42
    46
    47
    48
    50
    47
    58
    50
    52
    44
    46
    46
    53
    49
    51
    49
    50
    53
    54
    56
    62
    57
    50
    47
    34
    41
    38
    36
    32
     7
    12
    41
    45
    42
    47
    47
    46
    44
    39
    42
    48
    51
    44
    39
    29
    35
    36
    42
    31
    31
    25
    31
    43
    56
    58
    59
    71
    77
    70
    80
    75
    72
    67
    77
    75
    64
    68
    74
    73
    75
    89
    87
    50
    64
    62
    54
    26
    53
    63
   160
    80
    68
    59
    32
    18
    62
   113
   157
   218
   194
   179
   183
   184
   194
   199
   178
    71
    22
    26
    36
    38
    44
    46
    50
    47
    46
    33
    16
    10
    19
    37
    43
    57
    51
    46
    45
    48
    46
    40
    49
    45
    51
    48
    49
    45
    54
    52
    57
    53
    50
    54
    58
    60
    43
    43
    40
    46
    40
    43
    29
     4
    33
    68
    43
    48
    46
    42
    42
    42
    45
    48
    46
    47
    45
    40
    36
    48
    46
    43
    42
    27
    31
    50
    57
    59
    64
    68
    82
    65
    66
    85
    91
   101
    85
    69
    54
    42
    46
    50
    63
    75
    72
    67
    73
    64
    59
    76
    91
   157
   142
   129
   130
   125
   119
   137
   164
   171
   166
   130
    80
    44
   132
   188
   156
   156
   144
   144
   154
   169
   167
   170
   173
   175
   179
   183
   184
   180
   177
   177
   168
   147
   119
    75
    32
    14
    25
    44
    49
    49
    47
    47
    43
    45
    41
    46
    48
    51
    47
    55
    50
    56
    58
    51
    59
    53
    49
    42
    33
    42
    31
    11
     3
    31
    68
    85
    46
    38
    44
    47
    44
    48
    42
    44
    45
    51
    43
    36
    42
    42
    39
    42
    27
    31
    40
    47
    64
    70
    78
    75
    62
    92
    92
    84
    80
    80
    80
    74
    60
    64
    65
    70
    64
    57
    66
    73
    79
    82
    78
   109
   108
    92
   124
   111
    87
    98
   136
   169
   185
   186
   181
   179
   179
   169
    92
    92
   186
   172
   174
   178
   172
   170
   175
   174
   179
   183
   184
   182
   181
   178
   176
   174
   178
   178
   176
   170
   156
   127
    80
    39
    27
    35
    48
    47
    45
    46
    45
    43
    47
    47
    50
    46
    50
    50
    50
    52
    58
    53
    38
    34
    39
    14
    10
    47
   110
   130
   156
   166
    42
    48
    47
    43
    49
    41
    42
    44
    45
    36
    28
    36
    42
    44
    40
    41
    35
    44
    53
    59
    64
    69
    54
    56
    89
    97
    94
    93
    93
    98
   100
    87
    88
    88
   110
   121
   134
   156
   165
   170
   180
   179
   161
   124
    97
   152
   150
   160
   179
   185
   189
   184
   177
   174
   175
   178
   180
   184
   192
   145
    99
   195
   191
   186
   184
   183
   185
   186
   182
   177
   178
   176
   184
   184
   184
   184
   183
   186
   178
   177
   177
   172
   164
   145
   106
    40
    22
    39
    49
    45
    46
    49
    47
    48
    50
    53
    53
    53
    51
    46
    38
    20
    12
    24
    29
    61
   123
   165
   166
   166
   161
   155
    43
    42
    42
    47
    47
    48
    52
    46
    38
    26
    28
    38
    44
    32
    38
    37
    39
    40
    51
    56
    54
    42
    57
    71
    86
    96
   111
   121
   119
   116
   117
   126
   154
   183
   192
   191
   192
   194
   188
   189
   192
   197
   186
    97
   133
   170
   189
   185
   180
   176
   175
   172
   176
   179
   188
   190
   188
   187
   192
   197
   144
   113
   188
   191
   188
   183
   180
   183
   186
   184
   188
   188
   186
   190
   191
   188
   186
   181
   183
   175
   173
   173
   171
   161
   151
   150
   103
    60
    27
    30
    27
    26
    26
    18
    29
    20
    19
    20
    30
    60
    72
   102
   122
   151
   167
   177
   172
   164
   157
   155
   151
   159
    44
    49
    50
    37
    44
    48
    45
    43
    31
    28
    37
    44
    32
    38
    31
    40
    42
    50
    51
    41
    51
    74
    95
   111
   118
   121
   127
   144
   146
   153
   164
   176
   187
   180
   181
   186
   187
   179
   177
   183
   187
   193
   139
   125
   153
   123
   153
   178
   184
   182
   188
   186
   186
   191
   187
   184
   187
   197
   198
   201
   207
   113
   155
   195
   193
   191
   193
   190
   186
   189
   185
   185
   182
   184
   183
   180
   175
   177
   175
   172
   172
   170
   171
   165
   159
   143
   145
   143
   119
    81
    78
    94
   100
   116
   128
   137
   151
   162
   169
   173
   176
   172
   174
   172
   169
   164
   155
   155
   156
   154
   163
   164
    45
    43
    40
    49
    44
    39
    36
    26
    27
    30
    38
    38
    38
    28
    33
    39
    48
    48
    52
    81
   106
   117
   125
   137
   143
   157
   168
   169
   171
   179
   182
   184
   184
   182
   178
   172
   170
   177
   167
   171
   168
   159
    83
   153
   165
   146
   134
   170
   186
   191
   191
   190
   189
   186
   188
   194
   196
   197
   200
   198
   200
   199
    90
   206
   204
   193
   192
   193
   193
   185
   175
   166
   166
   159
   148
   154
   158
   160
   165
   169
   170
   172
   171
   169
   167
   159
   142
   130
   130
   133
   132
   132
   152
   157
   158
   150
   152
   154
   159
   162
   168
   164
   163
   157
   160
   159
   164
   163
   166
   167
   166
   166
    42
    49
    45
    46
    45
    41
    21
    23
    30
    45
    38
    36
    38
    37
    47
    53
    65
    80
   103
   118
   130
   143
   155
   164
   175
   182
   181
   186
   185
   185
   182
   179
   178
   181
   180
   179
   172
   163
   155
   156
   159
   144
   103
   169
   186
   184
   152
   164
   185
   187
   186
   186
   183
   183
   191
   197
   197
   195
   198
   197
   199
   201
   123
   140
   203
   203
   195
   194
   191
   183
   164
   154
   146
   133
   125
   118
   146
   170
   176
   185
   190
   185
   177
   171
   161
   159
   151
   141
   131
   129
   135
   123
   118
   122
   135
   156
   156
   147
   148
   148
   151
   153
   156
   162
   162
   166
   169
   170
   166
   171
   169
   171
    47
    39
    44
    47
    42
    32
    33
    35
    40
    34
    36
    40
    40
    43
    48
    69
   101
   122
   136
   148
   160
   170
   176
   178
   186
   188
   190
   186
   184
   186
   187
   191
   189
   183
   183
   182
   179
   159
   154
   155
   160
   127
   118
   163
   174
   179
   159
   161
   183
   188
   191
   192
   193
   193
   194
   194
   199
   196
   196
   199
   201
   203
   205
   131
   195
   197
   189
   193
   191
   183
   172
   162
   160
   163
   173
   180
   188
   193
   193
   191
   188
   184
   186
   179
   168
   158
   158
   148
   135
   133
   124
   128
   135
   131
   124
   117
   141
   155
   156
   153
   152
   151
   152
   166
   170
   168
   166
   173
   176
   171
   172
   176
    47
    48
    49
    42
    39
    34
    36
    43
    40
    28
    35
    34
    34
    46
    71
   116
   140
   152
   164
   164
   165
   174
   175
   181
   186
   187
   185
   187
   193
   197
   197
   193
   196
   196
   194
   193
   190
   166
   155
   162
   159
   104
   132
   168
   175
   180
   162
   144
   167
   186
   185
   183
   187
   195
   198
   200
   200
   200
   197
   197
   207
   202
   207
   174
   179
   194
   184
   190
   191
   183
   173
   168
   171
   182
   191
   195
   195
   191
   194
   197
   197
   190
   185
   181
   174
   164
   155
   154
   140
   136
   124
   121
   130
   143
   135
   129
   114
   121
   151
   156
   152
   150
   155
   158
   162
   172
   174
   173
   175
   180
   183
   179
    43
    45
    47
    37
    33
    39
    40
    36
    24
    26
    27
    32
    34
    78
   128
   154
   163
   163
   167
   177
   172
   177
   182
   182
   185
   183
   188
   192
   197
   195
   196
   199
   198
   197
   196
   195
   182
   152
   148
   151
   156
    96
   140
   167
   181
   166
   139
   131
   170
   185
   182
   182
   179
   179
   195
   200
   196
   197
   197
   193
   194
   199
   202
   215
   164
   185
   184
   198
   191
   185
   179
   179
   186
   195
   198
   195
   195
   195
   190
   188
   184
   179
   174
   165
   160
   153
   150
   144
   144
   149
   147
   143
   129
   119
   114
   119
   133
   125
   112
   144
   157
   160
   156
   158
   155
   157
   167
   173
   175
   177
   180
   180
    39
    44
    38
    31
    43
    37
    35
    34
    22
    25
    33
    30
    72
   131
   150
   162
   165
   161
   167
   166
   168
   170
   165
   174
   183
   187
   192
   197
   198
   196
   198
   196
   200
   195
   196
   197
   180
   150
   145
   147
   155
    90
   145
   182
   189
   143
   125
   134
   162
   185
   183
   176
   180
   182
   181
   185
   186
   188
   187
   191
   193
   194
   194
   186
   145
   176
   174
   188
   186
   184
   181
   184
   185
   194
   191
   191
   180
   164
   172
   166
   157
   147
   154
   151
   138
   127
   126
   129
   138
   143
   137
   139
   141
   140
   133
   118
   103
   109
   118
   108
   133
   163
   146
   153
   159
   159
   155
   161
   173
   173
   180
   175
    45
    35
    38
    34
    40
    40
    35
    23
    26
    26
    29
    58
   133
   150
   162
   160
   156
   160
   161
   170
   176
   177
   181
   182
   186
   190
   193
   195
   193
   193
   196
   198
   196
   197
   192
   184
   166
   147
   131
   135
   161
    93
   168
   198
   173
   110
   116
   121
   147
   168
   173
   170
   181
   188
   191
   184
   184
   187
   181
   186
   184
   185
   183
   170
   121
   163
   166
   187
   186
   179
   174
   179
   183
   189
   183
   175
   165
   182
   183
   166
   155
   139
   127
   121
   117
   121
   123
   130
   137
   141
   145
   143
   146
   153
   144
   136
   141
   128
   113
   107
   102
   112
   164
   161
   158
   159
   162
   156
   161
   168
   174
   174
    40
    40
    28
    42
    39
    29
    27
    24
    17
    26
    49
   130
   141
   155
   162
   160
   168
   166
   177
   182
   182
   183
   184
   188
   191
   193
   195
   193
   193
   193
   188
   193
   195
   193
   189
   168
   148
   132
   126
   130
   164
    97
   167
   195
   158
   155
   105
   134
   148
   171
   183
   178
   166
   180
   189
   189
   181
   180
   179
   178
   179
   181
   186
   181
   124
   149
   155
   170
   182
   178
   166
   170
   176
   171
   165
   171
   165
   155
   152
   150
   148
   127
   118
   117
   111
   109
   114
   118
   131
   145
   146
   141
   143
   146
   143
   137
   124
   124
   128
   133
   103
    96
    98
   150
   156
   148
   150
   148
   145
   150
   156
   159
    44
    45
    39
    43
    39
    36
    28
    21
    22
    38
   119
   146
   153
   160
   154
   160
   167
   173
   179
   181
   183
   187
   187
   189
   191
   192
   193
   195
   190
   188
   189
   189
   190
   191
   184
   163
   146
   133
   114
   128
   169
   106
   168
   173
   165
   144
    89
   112
   147
   155
   177
   173
   166
   184
   182
   185
   184
   181
   177
   174
   177
   182
   185
   164
   123
   143
   153
   173
   176
   170
   169
   167
   165
   159
   165
   168
   147
   138
   156
   145
   130
   103
    96
   114
   123
   125
   133
   146
   156
   158
   157
   156
   157
   150
   141
   141
   138
   138
   134
   129
   128
   123
   113
    95
   133
   159
   149
   145
   146
   142
   138
   148
    43
    43
    51
    43
    29
    29
    22
    24
    28
    97
   140
   148
   152
   156
   162
   166
   171
   172
   176
   178
   184
   185
   188
   188
   189
   190
   191
   190
   192
   184
   187
   191
   192
   193
   187
   157
   140
   131
   115
   117
   174
   113
   148
   149
   168
    99
    86
   139
   134
   140
   161
   165
   152
   175
   186
   179
   174
   175
   175
   177
   180
   176
   178
   147
   134
   133
   156
   175
   171
   164
   167
   154
   152
   159
   167
   152
   132
   152
   151
   145
   130
    94
    91
   118
   119
   142
   155
   164
   160
   157
   154
   159
   160
   150
   141
   142
   143
   151
   138
   139
   127
   129
   119
   109
    93
   123
   151
   143
   136
   133
   131
   128
    40
    46
    43
    39
    41
    28
    24
    16
    66
   131
   142
   154
   156
   161
   165
   169
   176
   179
   181
   181
   183
   186
   186
   185
   186
   188
   191
   190
   189
   193
   190
   190
   192
   190
   180
   166
   148
   142
   123
   124
   171
   122
   143
   145
   155
   137
   196
   170
   144
   139
   154
   165
   145
   172
   181
   181
   181
   179
   176
   172
   178
   178
   187
   140
   140
   127
   160
   170
   173
   166
   158
   147
   151
   157
   156
   142
   148
   154
   148
   123
   117
    97
    78
   117
   132
   150
   159
   162
   163
   162
   160
   159
   162
   154
   144
   141
   141
   139
   136
   136
   142
   138
   126
   112
   103
    92
   117
   144
   138
   119
   115
   128
    57
    46
    42
    48
    40
    25
    19
    46
   115
   140
   147
   149
   154
   162
   165
   173
   175
   181
   183
   184
   186
   189
   187
   183
   182
   181
   185
   189
   190
   189
   188
   190
   192
   191
   186
   162
   139
   129
   117
   126
   159
   111
   125
   145
   148
    72
    93
    84
   129
   129
   142
   150
   131
   150
   181
   178
   179
   179
   173
   167
   178
   180
   189
   120
   148
   124
   165
   170
   174
   162
   153
   146
   147
   159
   157
   157
   159
   157
   147
   119
   120
   104
    50
   108
   146
   151
   155
   166
   168
   171
   169
   162
   163
   156
   152
   148
   144
   138
   139
   140
   138
   136
   136
   134
   123
   103
    82
   116
   139
   142
   129
   120
    39
    40
    52
    50
    51
    26
    26
    79
   132
   150
   152
   156
   155
   163
   172
   172
   178
   179
   185
   189
   188
   187
   187
   186
   185
   186
   185
   184
   188
   191
   192
   191
   186
   184
   179
   162
   144
   126
   112
   115
   155
   166
   126
   145
   138
    68
    66
    82
    75
   139
   145
   146
   134
   148
   175
   180
   180
   179
   170
   174
   178
   185
   184
   110
   156
   126
   177
   177
   173
   158
   145
   142
   158
   165
   169
   161
   163
   160
   142
   143
   132
   122
    56
   105
   158
   160
   165
   171
   172
   178
   177
   169
   161
   157
   148
   148
   147
   149
   155
   149
   157
   145
   137
   128
   123
   109
    91
    82
   150
   141
   144
   139
    40
    49
    56
    46
    33
    34
    51
   118
   146
   148
   151
   158
   162
   168
   176
   181
   185
   189
   191
   187
   186
   186
   189
   189
   189
   188
   187
   192
   192
   194
   195
   196
   199
   193
   182
   168
   151
   134
    98
   103
   150
   208
   141
   144
   144
    68
    28
    61
   109
   135
   149
   139
   114
   143
   165
   179
   184
   172
   183
   183
   178
   185
   157
   105
   147
   130
   176
   177
   172
   163
   145
   155
   163
   170
   174
   172
   175
   171
   173
   160
   144
   139
   141
    70
   152
   174
   169
   172
   178
   168
   164
   161
   153
   147
   142
   149
   154
   154
   153
   151
   145
   136
   137
   127
   134
   123
    99
    76
    88
   154
   147
   143
    40
    45
    51
    43
    40
    34
    81
   133
   148
   154
   156
   161
   165
   173
   180
   180
   184
   187
   187
   190
   192
   194
   192
   188
   182
   176
   180
   188
   195
   195
   195
   195
   192
   186
   186
   161
   136
   115
    91
    99
   136
   139
   119
   140
   138
    94
    40
    41
    86
   125
   139
   147
   125
   134
   161
   162
   179
   180
   178
   176
   181
   183
   116
   150
   140
   131
   172
   178
   168
   155
   157
   169
   181
   185
   182
   177
   177
   184
   166
   162
   146
   146
   162
   116
    91
   151
   174
   167
   162
   168
   170
   170
   169
   157
   150
   148
   143
   150
   160
   156
   152
   150
   136
   129
   128
   131
   113
    82
    66
   120
   154
   142
    37
    40
    48
    41
    35
    51
   104
   141
   153
   149
   156
   161
   168
   173
   178
   184
   190
   191
   188
   192
   193
   190
   184
   184
   186
   182
   188
   195
   194
   196
   197
   198
   197
   194
   183
   165
   138
   119
   102
   111
   141
   145
    96
   129
   128
    69
    58
    95
    89
   122
   133
   137
   118
   129
   163
   163
   176
   174
   173
   179
   179
   174
   100
   153
   130
   139
   172
   166
   166
   169
   166
   179
   188
   190
   188
   188
   182
   176
   174
   171
   154
   143
   172
   154
    92
   127
   144
   161
   160
   163
   163
   165
   158
   152
   151
   143
   143
   149
   151
   152
   148
   141
   140
   144
   122
   123
   115
    90
    67
    77
   129
   136
    28
    41
    53
    55
    44
    55
   117
   145
   150
   154
   156
   163
   170
   174
   178
   179
   185
   188
   188
   188
   188
   189
   189
   188
   189
   193
   192
   193
   194
   199
   199
   199
   201
   200
   196
   178
   149
   129
   107
   118
   135
   140
    79
   121
   114
    80
    60
    83
    95
   121
   128
   135
   118
   134
   158
   164
   173
   183
   177
   178
   185
   114
   139
   154
   122
   139
   165
   171
   172
   175
   179
   184
   190
   190
   187
   185
   175
   173
   165
   159
   150
   148
   170
   165
    98
   115
   140
   145
   158
   143
   150
   150
   151
   150
   149
   151
   148
   148
   152
   156
   155
   148
   143
   140
   124
   123
   114
   101
    75
    48
   114
   119
    26
    40
    42
    49
    48
    76
   115
   138
   150
   153
   160
   165
   168
   175
   180
   182
   184
   186
   184
   186
   186
   185
   186
   184
   188
   189
   193
   196
   196
   196
   197
   196
   199
   201
   197
   179
   146
   125
   113
   122
   133
   141
    92
   110
   103
    94
    84
   115
   136
   131
   124
   129
   115
   136
   155
   174
   185
   182
   182
   187
   167
   102
   164
   136
   124
   140
   158
   166
   176
   179
   184
   187
   187
   189
   188
   176
   176
   173
   163
   148
   148
   146
   172
   168
   107
   100
   144
   146
   146
   151
   130
   137
   145
   148
   144
   147
   150
   152
   159
   160
   159
   155
   145
   143
   142
   126
   112
   101
    76
    53
    73
   114
    28
    36
    47
    51
    53
    84
   129
   143
   150
   155
   162
   160
   167
   173
   176
   178
   183
   184
   187
   189
   186
   186
   188
   190
   191
   192
   193
   194
   196
   198
   196
   202
   203
   201
   199
   190
   167
   134
   121
   130
   135
   143
    76
   109
    95
   104
    78
   118
   132
   117
   124
   123
   112
   137
   166
   174
   185
   185
   177
   186
    80
   170
   161
   133
   133
   156
   167
   174
   174
   160
   164
   175
   185
   191
   189
   184
   181
   182
   177
   174
   163
   160
   170
   164
   108
    92
   122
   154
   148
   147
   140
   129
   136
   141
   141
   144
   151
   153
   159
   157
   160
   153
   153
   139
   132
   126
   116
    92
    72
    58
    51
   101
    23
    29
    44
    52
    56
    84
   125
   137
   149
   159
   157
   162
   165
   174
   177
   178
   181
   183
   184
   188
   187
   190
   189
   186
   188
   192
   195
   198
   195
   196
   199
   197
   199
   198
   197
   193
   168
   137
   121
   132
   136
   131
    93
   102
    94
    88
    83
    81
    93
   112
   118
   125
   134
   159
   162
   178
   185
   193
   204
    95
   165
   194
   153
   137
   164
   164
   155
   163
   168
   177
   182
   154
   157
   188
   188
   181
   185
   174
   161
   162
   168
   168
   170
   159
   104
    89
   103
   145
   144
   132
   130
   111
   115
   126
   129
   142
   148
   147
   155
   155
   154
   154
   146
   133
   132
   133
   114
   113
    83
    65
    46
    75
    24
    29
    40
    54
    61
    84
   118
   133
   152
   154
   158
   161
   171
   173
   176
   178
   182
   183
   185
   183
   185
   183
   186
   186
   188
   190
   193
   193
   193
   197
   201
   200
   201
   200
   194
   187
   172
   147
   140
   146
   144
   136
    74
    77
   105
    79
    89
    97
   194
   131
   133
   125
   143
   154
   165
   184
   195
   219
   106
   164
   208
   171
   165
   179
   171
   156
   153
   168
   197
   196
   175
   147
   113
   156
   197
   186
   177
   171
   157
   158
   149
   154
   169
   162
   107
    84
    79
   135
   146
   134
   123
   106
    94
   103
   121
   138
   143
   151
   158
   158
   161
   148
   134
   134
   121
   118
   103
    84
    62
    61
    47
    62
    18
    30
    36
    43
    63
    96
   117
   123
   149
   158
   159
   164
   170
   172
   169
   182
   186
   186
   185
   188
   190
   184
   189
   193
   190
   191
   190
   194
   192
   197
   200
   200
   199
   200
   198
   193
   183
   168
   153
   146
   146
   143
   122
    88
   106
    85
    91
    89
    82
   130
   141
   145
   146
   162
   185
   199
   203
    86
   129
   181
   169
   169
   157
   143
   135
   130
   160
   178
   171
   158
   148
   104
    90
    99
   161
   186
   176
   164
   151
   152
   155
   149
   152
   151
   106
    87
    78
   109
   143
   138
   124
   103
    74
    91
   105
   125
   143
   147
   155
   155
   149
   140
   145
   142
   131
   119
   106
   104
    78
    70
    48
    43
    24
    28
    30
    51
    52
    92
   103
   125
   154
   160
   160
   160
   164
   170
   175
   177
   180
   178
   186
   189
   190
   186
   188
   188
   184
   187
   192
   194
   196
   196
   198
   199
   196
   198
   199
   193
   185
   176
   168
   158
   150
   152
   123
    67
   143
   101
    92
   118
   111
   137
   154
   137
   155
   174
   202
   157
    58
   133
   161
   156
   155
   144
   144
   145
   155
   167
   187
   188
   200
   180
   141
   108
    90
   140
   151
   164
   171
   169
   157
   151
   142
   146
   158
   159
   110
    74
    66
    97
   137
   134
   127
   110
    64
    83
   103
   112
   130
   147
   153
   153
   148
   139
   131
   130
   135
   130
   120
   111
    92
    76
    51
    37
    22
    27
    38
    47
    55
    90
   111
   127
   153
   157
   161
   164
   167
   170
   170
   177
   180
   179
   181
   186
   188
   184
   186
   186
   186
   185
   186
   190
   190
   192
   194
   198
   198
   202
   198
   195
   191
   181
   173
   168
   167
   166
   135
    50
    86
   117
    83
   112
   166
   176
   152
   155
   173
   137
    86
    47
   131
   141
   131
   154
   174
   190
   188
   190
   195
   199
   201
   209
   217
   188
   137
   129
   132
   151
   149
   135
   138
   151
   149
   155
   144
   149
   159
   165
   131
    85
    75
    89
   141
   141
   125
   101
    51
    64
   103
   110
   118
   141
   151
   147
   147
   139
   133
   127
   123
   124
   115
   107
    97
    65
    48
    36
    21
    32
    31
    46
    66
    87
   102
   125
   148
   155
   159
   163
   168
   169
   171
   174
   179
   184
   187
   186
   187
   185
   188
   186
   185
   185
   187
   187
   190
   192
   194
   201
   200
   200
   200
   197
   191
   188
   184
   182
   175
   176
   141
    83
    54
    69
   144
   149
   170
   187
   166
   139
   100
    37
    16
   103
   152
   170
   188
   194
   186
   183
   185
   194
   195
   193
   196
   198
   196
   182
   155
   126
   129
   122
   120
   106
   109
   124
   132
   138
   134
   130
   148
   146
   131
    96
    56
    63
   129
   139
   122
   107
    66
    67
    97
   100
   115
   140
   147
   143
   134
   133
   133
   131
   133
   118
   110
   101
    88
    70
    42
    29
    22
    20
    35
    49
    56
    80
    97
   120
   145
   157
   160
   163
   162
   168
   165
   171
   177
   179
   180
   182
   189
   186
   183
   184
   187
   181
   184
   184
   186
   191
   196
   201
   203
   202
   197
   195
   192
   186
   185
   183
   180
   177
   142
    78
   161
   103
    49
    47
    51
    31
    66
    85
    56
    69
   127
   174
   186
   193
   196
   188
   190
   196
   199
   197
   187
   177
   182
   193
   182
   171
   162
   135
   115
   119
   100
    81
    89
    94
   113
   125
   128
   123
   117
   127
   139
   125
    87
    52
   117
   133
   120
   113
    83
    50
    88
    93
   109
   135
   140
   144
   134
   130
   135
   120
   125
   124
   112
   104
    79
    65
    40
    30
    20
    34
    31
    43
    54
    74
    95
   120
   144
   158
   163
   165
   167
   168
   174
   173
   179
   182
   178
   182
   181
   179
   180
   179
   180
   186
   184
   183
   184
   189
   190
   196
   203
   206
   206
   199
   190
   186
   181
   173
   174
   177
   152
    75
   155
   165
   151
   113
    97
   165
   172
   153
   159
   188
   191
   182
   186
   192
   192
   198
   189
   188
   181
   175
   179
   198
   218
   218
   195
   161
   156
   136
   102
    86
   104
    79
    53
    58
    79
   106
   110
    91
   105
   125
   145
   144
    79
    50
    98
   133
   127
   111
    80
    49
    75
    90
   110
   144
   142
   137
   135
   135
   128
   130
   127
   120
   119
   105
    83
    54
    47
    34
    23
    21
    28
    40
    49
    71
    88
   105
   144
   161
   165
   168
   167
   171
   171
   173
   176
   177
   183
   182
   182
   182
   184
   180
   177
   182
   185
   185
   183
   185
   187
   188
   198
   206
   205
   202
   195
   185
   179
   180
   176
   173
   157
    71
   166
   197
   199
   205
   215
   170
   152
   173
   195
   193
   183
   189
   195
   193
   194
   186
   194
   198
   207
   225
   224
   214
   208
   198
   183
   167
   140
   124
    94
    62
    58
    53
    52
    58
    66
    84
   107
   106
   116
   140
   154
   126
    64
    42
   104
   140
   127
   111
    71
    41
    81
   101
   106
   122
   139
   141
   138
   136
   134
   130
   119
   114
   111
   100
    87
    63
    48
    32
    16
    27
    33
    39
    47
    59
    69
    99
   138
   157
   160
   165
   169
   170
   172
   176
   178
   181
   184
   181
   181
   178
   180
   180
   179
   179
   181
   182
   185
   183
   184
   190
   191
   199
   203
   197
   186
   181
   178
   171
   172
   169
   160
    78
   170
   209
   207
   183
   188
   153
   158
   181
   190
   188
   187
   189
   190
   187
   198
   191
   196
   192
   187
   179
   171
   173
   169
   176
   176
   165
   150
   128
    95
    63
    62
    39
    43
    52
    53
    72
   103
   117
   139
   153
   151
    99
    61
    49
   108
   144
   125
   108
    80
    46
    80
    94
   113
   131
   134
   139
   134
   133
   130
   131
   125
   125
   119
   105
    83
    65
    43
    34
    23
    29
    31
    38
    45
    53
    70
    90
   131
   153
   159
   163
   166
   166
   169
   174
   179
   180
   181
   183
   182
   179
   181
   181
   178
   179
   180
   181
   179
   179
   185
   190
   195
   202
   204
   202
   199
   187
   183
   177
   169
   169
   164
    78
   157
   197
   184
   131
   172
   151
   172
   170
   179
   172
   168
   166
   176
   169
   175
   169
   166
   166
   168
   175
   172
   171
   167
   167
   175
   168
   157
   133
    99
    79
    80
    62
    48
    48
    45
    55
    89
   121
   151
   161
   138
    76
    58
    56
   108
   145
   122
   106
    82
    49
    82
   102
   111
   129
   130
   141
   141
   138
   130
   126
   116
   122
   111
    98
    86
    61
    40
    35
    17
    20
    26
    31
    37
    51
    63
    89
   133
   157
   161
   159
   161
   166
   173
   175
   177
   183
   181
   182
   178
   181
   181
   180
   179
   178
   179
   180
   181
   180
   177
   183
   186
   191
   199
   203
   200
   196
   184
   180
   175
   170
   166
    92
   156
   199
   168
   111
   158
   138
   170
   164
   157
   156
   175
   172
   173
   181
   172
   179
   189
   191
   188
   193
   193
   184
   189
   181
   177
   164
   151
   126
    94
    86
    86
    80
    79
    70
    65
    75
   106
   126
   139
   145
   119
    66
    65
    54
    99
   137
   115
   100
    86
    51
    88
   109
   121
   132
   142
   140
   146
   136
   136
   130
   128
   113
   109
    95
    82
    55
    44
    41
    22
    16
    24
    39
    50
    47
    58
    75
   120
   153
   163
   167
   162
   163
   164
   169
   175
   182
   182
   180
   179
   174
   174
   178
   181
   179
   180
   178
   178
   177
   180
   187
   189
   189
   194
   201
   202
   195
   191
   181
   170
   166
   160
    87
   130
   194
   170
   107
   141
   132
   159
   175
   179
   169
   176
   171
   168
   165
   183
   200
   186
   177
   167
   166
   166
   174
   179
   178
   181
   181
   155
   109
    93
    93
    98
    98
    82
    72
    80
    84
    98
   122
   131
   144
   135
    82
    63
    53
    96
   120
   106
   105
    83
    62
    88
   113
   121
   131
   132
   134
   142
   140
   133
   132
   128
   119
   102
    94
    66
    55
    40
    47
    21
    27
    31
    43
    42
    52
    56
    71
   122
   150
   163
   166
   166
   164
   167
   169
   172
   181
   177
   178
   183
   182
   182
   181
   181
   182
   179
   178
   178
   180
   184
   185
   187
   187
   187
   195
   193
   192
   178
   176
   170
   169
   166
    88
   118
   184
   180
   129
   139
   138
   132
   156
   176
   172
   193
   184
   190
   190
   189
   169
   160
   154
   165
   178
   176
   171
   171
   186
   209
   190
   143
   110
    94
    54
    81
    93
    96
    90
    94
   100
   104
   115
   112
   132
   143
    95
    68
    63
   103
   124
   111
   104
    83
    77
   100
   113
   124
   129
   132
   135
   147
   142
   145
   131
   123
   112
    99
    84
    68
    46
    37
    69
    24
    23
    23
    39
    55
    55
    71
    88
   115
   153
   160
   163
   164
   167
   173
   175
   174
   174
   177
   179
   179
   185
   185
   186
   184
   182
   181
   180
   180
   180
   183
   182
   188
   192
   198
   200
   197
   185
   180
   172
   169
   158
   160
   108
   110
   185
   196
   167
   114
   159
   118
    98
   110
    96
   105
   134
   159
   163
   152
   144
   133
   133
   140
   152
   164
   169
   169
   174
   184
   180
   142
   109
    76
    47
   104
   116
   107
    91
    91
    96
   118
   120
   120
   117
   139
   108
    70
    58
   104
   129
   114
   112
    83
    87
   115
   120
   122
   126
   129
   134
   134
   128
   127
   131
   125
   120
    93
    82
    75
    57
    35
    69
    19
    18
    24
    33
    49
    47
    62
    89
   118
   155
   165
   163
   165
   168
   170
   169
   176
   179
   180
   182
   183
   180
   180
   183
   183
   181
   181
   181
   184
   184
   184
   182
   185
   186
   192
   195
   197
   190
   179
   173
   168
   168
   164
    98
    97
   170
   185
   175
    96
   162
   154
   132
    83
    78
   175
    96
   127
   137
   142
   140
   146
   147
   146
   141
   144
   148
   153
   161
   170
   156
   133
   109
    63
    26
    60
   104
   115
   105
    99
   103
   102
   118
   112
   117
   136
   117
    69
    63
   105
   122
   118
   111
    89
    92
   118
   128
   130
   127
   125
   131
   135
   137
   138
   121
   119
   107
   105
    91
    80
    64
    41
    79
    14
    22
    25
    33
    48
    57
    81
    87
   113
   139
   156
   166
   167
   168
   170
   173
   176
   180
   181
   182
   180
   183
   183
   188
   187
   184
   181
   184
   187
   189
   187
   189
   190
   193
   199
   200
   192
   182
   180
   172
   170
   167
   163
   113
    87
   145
   152
   161
   107
    70
   117
   153
   157
   105
   164
    81
    63
    88
   110
   138
   149
   161
   156
   140
   130
   130
   139
   140
   136
   130
   116
   118
    91
    37
    59
    90
    93
   106
   115
   120
   132
   123
   122
   112
   134
   134
    80
    55
   105
   122
   118
    99
    86
   107
   130
   131
   120
   121
   121
   129
   133
   131
   136
   126
   113
   115
    87
    83
    75
    53
    45
    83
    24
    20
    22
    25
    44
    59
    80
   103
   116
   145
   160
   165
   167
   167
   166
   169
   174
   178
   178
   180
   181
   181
   181
   186
   187
   183
   185
   185
   185
   184
   187
   188
   196
   197
   200
   202
   196
   183
   175
   169
   165
   166
   158
   110
    87
   135
    94
    48
    60
    84
    82
    68
    57
    37
    24
    22
    76
   102
    91
    80
   101
   117
   139
   144
   139
   134
   140
   142
   152
   151
   147
   132
   110
    91
    79
    95
    99
   104
   115
   124
   133
   129
   125
   116
   125
   140
    96
    50
   110
   121
   116
   103
   104
   129
   136
   127
   118
   116
   114
   126
   133
   136
   129
   120
   121
    93
    87
    88
    82
    56
    64
    85
    14
    23
    21
    26
    39
    56
    69
    82
   115
   143
   155
   162
   159
   163
   164
   173
   177
   179
   180
   182
   181
   180
   179
   179
   180
   182
   184
   184
   185
   186
   187
   188
   190
   193
   195
   194
   191
   184
   177
   171
   162
   157
   152
   100
    65
    73
    65
   117
   131
   123
   136
   143
   157
   156
   111
    98
    58
    50
   122
   127
   105
   104
    94
    93
    95
   100
   101
   102
   113
   139
   155
   145
   136
   107
    77
    94
   108
   119
   125
   136
   139
   134
   135
   118
   125
   137
   104
    60
   105
   123
   112
    93
   117
   140
   140
   128
   123
   119
   118
   130
   136
   124
   125
   116
   102
   102
    96
    85
    59
    46
    86
    92
    17
    13
    20
    27
    37
    39
    76
    98
   115
   152
   159
   161
   165
   163
   166
   171
   178
   182
   182
   184
   182
   180
   181
   183
   185
   182
   184
   187
   183
   186
   185
   188
   193
   192
   193
   191
   184
   178
   177
   172
   159
   154
   145
   109
    49
    55
   118
   111
   101
    92
   133
   154
   134
   136
   146
   144
   146
   112
    38
    86
   130
   132
   135
   116
   103
    99
    94
   105
   114
   134
   146
   134
    87
    63
   100
   136
   144
   153
   149
   141
   145
   138
   126
   118
   122
   134
   115
    63
   107
   119
   104
   109
   132
   136
   134
   129
   120
   120
   119
   126
   133
   126
   117
   114
   107
   112
   101
    73
    61
    57
    98
   104
    14
    17
    19
    24
    33
    55
    68
    96
   131
   149
   157
   163
   163
   164
   162
   170
   175
   177
   176
   179
   181
   182
   180
   181
   182
   181
   185
   185
   183
   184
   186
   182
   183
   187
   188
   184
   184
   180
   173
   167
   160
   150
   142
   111
    48
    87
   108
    94
    62
   101
   155
   143
   106
   102
   124
   140
   159
   157
   182
   103
    41
   133
   135
   150
   139
   129
   129
   134
   145
   159
   170
   177
   183
   172
   173
   169
   162
   157
   160
   158
   151
   140
   135
   130
   117
   118
   109
    73
   112
   116
   108
   129
   147
   157
   134
   120
   128
   126
   124
   127
   129
   116
   115
   117
   116
    96
    83
    71
    51
   104
   118
   111
    20
    15
    14
    21
    30
    43
    71
    94
   126
   156
   159
   158
   156
   159
   166
   169
   174
   176
   180
   183
   177
   177
   180
   179
   182
   180
   179
   184
   184
   183
   188
   188
   190
   190
   190
   187
   183
   183
   172
   166
   158
   145
   129
   106
    54
    99
   104
    75
    74
   124
    93
   133
   117
    99
   106
   127
   139
   163
   182
   191
   155
    57
   123
   128
   143
   144
   148
   151
   164
   179
   183
   185
   170
   170
   172
   169
   164
   157
   157
   155
   141
   138
   128
   120
   108
   115
   104
    75
   125
   113
   120
   145
   149
   139
   132
   128
   133
   132
   126
   118
   119
   109
    99
   105
   108
    94
    81
    58
    85
   117
   114
   116
    18
    19
    19
    25
    33
    44
    72
    99
   128
   143
   155
   156
   157
   158
   160
   169
   172
   178
   176
   180
   177
   179
   177
   178
   177
   178
   179
   177
   182
   184
   185
   187
   188
   189
   186
   187
   182
   179
   172
   159
   144
   130
   122
    98
    59
   101
    88
    68
    92
    84
    88
   131
   129
   124
   138
   128
   139
   148
   167
   163
   169
   157
    70
   121
   129
   163
   172
   172
   171
   182
   185
   173
   165
   166
   176
   169
   169
   158
   158
   157
   154
   150
   139
   120
   108
    94
    69
    88
   130
   123
   141
   148
   146
   139
   131
   136
   135
   128
   127
   116
   105
   114
   113
   103
    91
    88
    45
    65
   120
   119
   116
   114
    20
    21
    25
    20
    30
    35
    57
   102
   130
   148
   154
   157
   159
   158
   163
   167
   170
   173
   178
   180
   181
   181
   178
   180
   178
   180
   179
   181
   179
   179
   181
   183
   183
   184
   189
   186
   185
   178
   168
   148
   137
   126
   116
    99
    57
   104
    99
    83
    94
    67
    87
   125
   129
   129
   138
   143
   141
   149
   150
   167
   165
   164
   151
    89
   127
   139
   178
   181
   181
   186
   184
   167
   155
   154
   152
   157
   164
   158
   152
   155
   159
   155
   143
   126
   104
    88
    58
    84
   142
   137
   142
   146
   145
   141
   142
   142
   135
   126
   115
   106
   108
   109
   105
   102
    87
    61
    71
   119
   120
   119
   115
   114
    20
    18
    14
    27
    30
    36
    56
    97
   130
   145
   155
   156
   157
   159
   162
   169
   173
   174
   172
   177
   180
   180
   178
   177
   176
   178
   181
   181
   187
   184
   183
   184
   185
   188
   189
   187
   186
   181
   171
   140
   120
   112
   108
    97
    70
   105
   107
    89
    89
    81
   137
   131
   128
   114
   122
   139
   144
   151
   160
   171
   168
   160
   163
   126
    98
   129
   161
   186
   185
   183
   177
   166
   154
   144
   147
   148
   157
   160
   160
   151
   152
   155
   142
   131
   114
   100
    79
    56
   129
   147
   148
   148
   141
   142
   140
   133
   131
   121
   113
    98
   101
   100
    95
    87
    59
    76
   121
   120
   115
   112
   113
   111
    16
    21
    18
    19
    29
    32
    46
    75
   114
   145
   149
   154
   157
   158
   163
   168
   170
   171
   173
   174
   177
   179
   179
   178
   180
   183
   178
   179
   181
   183
   189
   190
   191
   188
   186
   186
   182
   180
   168
   127
   102
   106
   106
   101
    62
   122
   115
   112
    87
   125
   163
   142
   131
   112
   115
   128
   127
   147
   161
   167
   168
   167
   159
   161
    95
   127
   126
   168
   175
   167
   170
   166
   154
   140
   136
   146
   149
   149
   151
   145
   143
   146
   144
   133
   117
    98
    92
    74
   113
   131
   140
   142
   143
   145
   139
   136
   129
   120
   112
   114
   109
    95
    89
    78
    79
   116
   112
   115
   113
   115
   115
   113
    15
    20
    21
    24
    26
    26
    43
    67
   103
   128
   146
   150
   151
   155
   160
   164
   164
   169
   169
   173
   173
   174
   176
   180
   179
   180
   183
   182
   184
   184
   182
   187
   188
   189
   189
   185
   183
   175
   161
   123
    97
    93
   101
    96
    71
   143
   119
   113
    81
   102
   151
   142
   134
   121
   110
   126
   142
   149
   154
   168
   166
   164
   162
   163
   151
    78
   118
   136
   164
   166
   166
   169
   155
   144
   142
   139
   145
   146
   144
   144
   137
   142
   151
   141
   124
   103
    89
    94
   113
   120
   129
   129
   129
   142
   131
   128
   119
   117
   114
   103
    94
    73
    61
    63
   107
   117
   112
   107
   113
   112
   109
   111
    16
    15
    18
    18
    19
    28
    32
    63
   100
   121
   142
   144
   151
   149
   152
   163
   168
   170
   173
   175
   179
   179
   176
   162
   172
   177
   178
   175
   178
   181
   186
   187
   185
   191
   188
   187
   183
   182
   167
   125
    94
    86
    89
   104
    78
   150
   128
   121
    63
    44
    50
   102
   129
   126
   111
   122
   138
   142
   144
   162
   169
   164
   160
   161
   155
    97
   102
   119
   164
   168
   167
   161
   156
   156
   155
   152
   153
   153
   156
   151
   136
   125
   136
   137
   124
   103
    96
   100
   109
   111
   129
   134
   132
   127
   137
   130
   126
   112
   112
    97
    79
    68
    77
    98
   100
    92
    91
    89
    87
    97
    98
   100
    17
    19
    18
    16
    23
    26
    40
    69
    93
   112
   126
   140
   144
   149
   153
   162
   162
   165
   170
   178
   179
   178
   179
   175
   178
   178
   179
   181
   180
   182
   183
   186
   190
   189
   187
   188
   184
   178
   157
   120
    87
    75
    89
   115
    87
   152
   142
   146
    77
    49
    92
   113
   140
   135
   111
   116
   141
   148
   152
   161
   163
   165
   166
   159
   163
   145
    85
   117
   144
   170
   171
   166
   159
   159
   152
   157
   156
   152
   154
   155
   154
   143
   128
   145
   136
   124
   109
   113
   113
   121
   131
   130
   130
   136
   135
   129
   116
   106
    92
    83
    80
    94
   117
   125
   119
   111
   109
   108
   111
   113
   110
   112
    20
    18
    17
    23
    24
    32
    33
    50
    77
   102
   123
   135
   144
   149
   151
   156
   164
   166
   169
   173
   174
   177
   174
   172
   172
   177
   179
   178
   182
   179
   181
   185
   189
   189
   186
   184
   180
   175
   158
   121
    94
    73
    82
   113
    98
   157
   153
   148
    86
    22
    52
    92
   132
   135
   122
   112
   139
   142
   155
   156
   157
   153
   164
   163
   162
   153
    81
   118
   133
   166
   166
   165
   165
   154
   151
   154
   158
   162
   160
   158
   155
   152
   145
   133
   133
   128
   129
   135
   131
   133
   131
   129
   127
   114
   115
   110
    98
    86
    89
    84
    94
    49
    49
    68
    91
   107
   121
   113
    91
    42
    18
    15
    19
    18
    22
    17
    25
    25
    33
    57
    83
   101
   117
   136
   141
   145
   150
   157
   161
   164
   169
   173
   172
   173
   172
   172
   176
   174
   171
   175
   178
   179
   181
   183
   186
   185
   187
   187
   177
   176
   159
   122
    94
    82
    85
   123
    74
   147
   140
   134
    91
    34
    75
    93
   120
   133
   127
   109
   136
   152
   148
   156
   159
   153
   154
   168
   166
   165
   104
   119
   131
   158
   168
   166
   163
   160
   152
   159
   163
   160
   162
   156
   151
   142
   143
   137
   134
   138
   146
   147
   144
   145
   143
   131
   122
   113
   106
    93
    81
    85
    85
    92
    38
    14
    11
     6
     9
    12
    25
    22
    17
    16
    10
    14
    18
    13
    16
    24
    17
    23
    27
    37
    70
    96
   117
   132
   137
   140
   147
   152
   163
   160
   164
   167
   169
   173
   170
   167
   167
   173
   172
   171
   177
   181
   183
   181
   182
   182
   183
   183
   177
   177
   167
   138
   108
    86
    77
   118
    77
   142
   152
   134
   111
    52
    59
    82
   126
   135
   127
   116
   139
   157
   156
   153
   160
   154
   161
   162
   165
   166
   128
   106
   131
   151
   163
   161
   157
   151
   151
   151
   160
   164
   165
   153
   153
   149
   145
   149
   153
   153
   154
   147
   146
   141
   134
   120
   108
    96
    82
    83
    85
    81
    83
    43
    12
    14
    14
    12
    16
     8
     8
     7
    15
    11
    19
    13
    18
    17
    20
    16
    19
    19
    24
    39
    58
    89
   106
   126
   134
   138
   146
   151
   162
   168
   167
   171
   173
   170
   171
   171
   174
   176
   179
   180
   174
   175
   178
   181
   181
   183
   185
   185
   182
   178
   167
   147
   113
    92
    83
   115
    81
   138
   152
   140
   129
    61
    71
   122
   136
   132
   123
   111
   137
   149
   153
   160
   158
   166
   160
   153
   166
   170
   143
    96
   133
   137
   164
   160
   159
   154
   147
   144
   142
   145
   157
   152
   151
   146
   148
   153
   154
   155
   151
   145
   137
   127
   110
   104
    95
    90
    93
    90
    90
    86
    49
    25
    20
    17
    19
    17
    14
    13
    11
    16
    12
    16
    10
    18
    18
    18
    16
    22
    27
    26
    31
    24
    52
    78
   106
   125
   133
   136
   144
   148
   151
   164
   171
   166
   169
   172
   171
   170
   171
   174
   175
   173
   176
   178
   173
   177
   185
   183
   179
   184
   182
   177
   167
   141
   123
   104
    87
   117
    80
   128
   161
   143
   136
    95
   107
   130
   136
   132
   117
   125
   147
   159
   155
   163
   164
   159
   164
   164
   173
   176
   152
   104
   138
   132
   159
   161
   155
   149
   139
   135
   136
   141
   147
   150
   152
   155
   154
   144
   137
   127
   117
   108
   104
   104
   105
   103
   109
   103
    96
    94
    71
    25
    23
    35
    24
    18
    14
    17
    20
    17
    18
    11
    13
    11
    11
    12
    20
    18
    24
    22
    17
    19
    21
    20
    26
    59
    96
   113
   123
   131
   135
   141
   149
   151
   155
   168
   170
   172
   172
   164
   162
   166
   169
   172
   173
   171
   174
   178
   175
   176
   177
   182
   179
   175
   165
   151
   134
   116
    98
   105
    90
   116
   169
   159
   148
   120
    60
   109
   138
   127
   123
   134
   153
   159
   163
   161
   157
   153
   152
   164
   175
   180
   163
   106
   148
   136
   141
   163
   156
   146
   140
   130
   127
   133
   138
   132
   139
   133
   123
   123
   123
   128
   130
   129
   131
   129
   133
   119
   104
   105
    97
    55
    25
    38
    34
    30
    31
    20
    18
    21
    13
    18
    17
    18
    16
    16
    17
    10
    20
    23
    17
    14
    23
    18
    16
    24
    22
    33
    72
   107
   120
   124
   126
   133
   139
   144
   148
   157
   165
   164
   171
   168
   165
   167
   173
   178
   173
   176
   175
   173
   177
   177
   177
   181
   184
   179
   155
   146
   128
   111
    97
   119
    92
    94
   163
   167
   142
   133
    81
   105
   127
   116
   112
   139
   157
   161
   164
   170
   169
   166
   168
   165
   167
   177
   167
   109
   145
   138
   144
   158
   158
   146
   143
   135
   128
   124
   120
   127
   124
   123
   134
   140
   148
   142
   148
   142
   139
   135
   117
   103
    98
    80
    37
    31
    33
    30
    33
    30
    32
    26
    18
    16
    19
    19
    18
    18
    17
    16
    14
    18
    16
    18
    25
    22
    16
    19
    20
    17
    20
    24
    54
    98
   112
   121
   126
   131
   137
   139
   142
   147
   155
   161
   164
   167
   165
   165
   165
   167
   172
   173
   174
   176
   175
   174
   170
   169
   168
   168
   149
   134
   127
   118
   111
   117
   106
    69
   152
   165
   151
   110
    95
    89
   112
   104
   132
   155
   159
   158
   161
   164
   169
   180
   173
   172
   180
   183
   168
   127
   158
   144
   141
   154
   159
   147
   139
   130
   120
   122
   121
   129
   145
   145
   150
   152
   147
   140
   139
   133
   121
   112
   104
    97
    76
    30
    32
    28
    33
    31
    33
    29
    35
    28
    20
    21
    17
    16
    16
    19
    21
    18
    19
    17
    23
    20
    22
    21
    23
    21
    21
    20
    19
    20
    31
    65
   105
   119
   127
   134
   135
   136
   139
   146
   147
   154
   158
   162
   165
   163
   157
   164
   169
   174
   175
   172
   175
   174
   171
   172
   176
   177
   155
   135
   125
   123
   114
   122
   120
    69
   120
   149
   154
   126
   103
    90
   104
   120
   142
   153
   161
   157
   162
   169
   173
   176
   176
   177
   175
   168
   113
   129
   164
   148
   142
   149
   152
   145
   138
   129
   121
   119
   116
   139
   146
   147
   144
   142
   142
   130
   123
   116
   108
   100
   102
    69
    28
    30
    31
    33
    31
    30
    30
    37
    34
    31
    27
    22
    21
    23
    18
    21
    21
    21
    24
    26
    29
    26
    16
    22
    20
    20
    20
    17
    20
    21
    15
    33
    79
   103
   123
   128
   139
   138
   140
   141
   148
   152
   148
   152
   157
   160
   165
   162
   165
   177
   178
   177
   178
   179
   174
   172
   174
   174
   168
   138
   123
   118
   116
   123
   131
    65
   101
   123
   132
   136
   118
   117
   107
   131
   153
   149
   151
   158
   165
   171
   170
   178
   172
   173
   176
   169
   156
   156
   165
   154
   145
   147
   153
   146
   127
   116
   118
   126
   127
   133
   139
   139
   136
   124
   115
   114
   109
   102
   107
   101
    50
    24
    29
    32
    32
    32
    29
    30
    28
    27
    31
    34
    21
    15
    16
    17
    19
    21
    18
    21
    21
    26
    30
    19
    18
    13
    18
    22
    12
    14
    16
    15
    17
    15
    41
    95
   115
   126
   133
   137
   135
   146
   147
   148
   150
   157
   157
   158
   158
   166
   168
   156
   172
   185
   180
   173
   173
   173
   173
   181
   177
   149
   118
   124
   117
   120
   122
    83
    98
   121
   118
   128
   136
   125
   112
   132
   153
   160
   148
   150
   162
   165
   170
   171
   176
   177
   179
   193
   166
   170
   159
   153
   145
   139
   144
   142
   137
   134
   130
   128
   137
   134
   127
   118
   113
   114
   113
   112
   118
   121
    84
    32
    26
    36
    38
    34
    32
    30
    33
    37
    38
    32
    29
    32
    34
    25
    23
    19
    26
    25
    28
    23
    24
    30
    30
    22
    17
    24
    18
    12
    26
    22
    21
    22
    15
    19
    18
    48
    97
   123
   127
   132
   134
   137
   140
   143
   143
   144
   149
   156
   160
   156
   160
   175
   177
   178
   178
   178
   173
   173
   170
   169
   174
   176
   141
   124
   117
   116
   121
    96
    79
   119
   128
   128
   135
   132
   107
   140
   151
   157
   144
   140
   156
   158
   163
   170
   175
   171
   168
   209
   131
   166
   160
   151
   148
   146
   143
   140
   134
   130
   119
   119
   113
   107
   112
   118
   121
   117
   120
   118
   107
    45
    25
    33
    35
    32
    32
    31
    33
    31
    33
    31
    29
    27
    37
    35
    37
    34
    33
    36
    30
    30
    31
    29
    35
    31
    34
    31
    23
    14
    18
    23
    19
    24
    17
    22
    21
    19
    18
    21
    51
    97
   117
   115
   117
   118
   125
   127
   135
   142
   147
   153
   154
   157
   158
   160
   165
   172
   173
   173
   170
   166
   160
   164
   160
   171
   154
   123
   106
   103
   121
   128
    67
   113
   132
   138
   142
   124
   127
   141
   140
   138
   141
   156
   154
   160
   156
   159
   157
   154
   167
   121
   145
   153
   149
   148
   146
   138
   133
   133
   127
   125
   121
   114
   119
   122
   122
   124
   129
   133
   110
    65
    21
    30
    31
    28
    30
    33
    32
    36
    28
    33
    34
    34
    28
    37
    28
    28
    32
    43
    39
    33
    37
    38
    31
    33
    34
    45
    37
    30
    29
    26
    23
    18
    16
    20
    26
    20
    16
    18
    16
    16
    19
    43
    84
   105
   117
   122
   123
   125
   129
   131
   137
   137
   144
   148
   149
   150
   157
   165
   163
   160
   157
   160
   157
   155
   148
   139
   143
   138
   119
   106
   114
   132
    77
   103
   129
   130
   129
   100
   115
   137
   141
   144
   150
   153
   149
   152
   154
   151
   147
   153
   151
   106
   151
   149
   141
   139
   132
   134
   128
   121
   117
   116
   120
   131
   134
   136
   132
   116
    86
    45
    24
    20
    31
    32
    32
    33
    32
    33
    32
    31
    35
    28
    31
    28
    33
    31
    32
    31
    35
    35
    43
    43
    39
    35
    35
    38
    43
    54
    36
    39
    28
    25
    21
    19
    21
    17
    17
    22
    24
    19
    15
    19
    21
    18
    32
    74
   103
   116
   119
   118
   124
   130
   130
   134
   138
   141
   140
   149
   151
   152
   157
   156
   154
   150
   148
   141
   138
   132
   132
   126
   113
   111
   120
   124
   114
    57
   119
   122
    87
    93
   123
   128
   129
   129
   131
   131
   131
   127
   127
   127
   140
   145
    88
   144
   144
   140
   137
   131
   134
   135
   133
   134
   135
   135
   130
   115
    94
    71
    41
    25
    20
    26
    32
    37
    34
    32
    35
    35
    32
    32
    34
    34
    32
    33
    32
    33
    30
    24
    29
    32
    27
    31
    34
    44
    42
    39
    39
    42
    45
    46
    38
    36
    34
    32
    25
    21
    19
    15
    17
    20
    23
    22
    25
    22
    20
    21
    19
    28
    57
    91
   117
   127
   127
   130
   134
   137
   141
   144
   145
   144
   147
   151
   150
   151
   156
   154
   141
   141
   140
   142
   139
   133
   126
   123
   120
   117
   125
    85
    78
   104
    93
   132
   136
   137
   141
   140
   145
   140
   131
   125
   122
   142
   133
    71
   125
   138
   131
   126
   117
   118
   113
    96
    75
    63
    55
    45
    33
    20
    18
    21
    30
    35
    35
    36
    32
    31
    31
    33
    32
    32
    30
    33
    33
    28
    32
    30
    33
    28
    30
    36
    34
    30
    29
    22
    28
    34
    46
    43
    44
    43
    54
    58
    43
    41
    40
    38
    34
    28
    28
    23
    17
    13
    19
    23
    20
    24
    22
    22
    21
    16
    19
    31
    63
    89
   112
   121
   125
   131
   142
   145
   152
   149
   152
   145
   142
   148
   151
   150
   142
   144
   141
   140
   129
   123
   130
   127
   135
   137
   136
   139
    75
    87
   112
    74
    61
    63
    63
    65
    58
    60
    90
   143
   155
    93
    65
   118
   121
   115
   118
   121
   124
   113
    73
    18
    19
    20
    21
    22
    26
    35
    34
    34
    31
    32
    36
    32
    34
    35
    33
    31
    34
    31
    32
    28
    30
    34
    35
    30
    29
    34
    35
    31
    29
    34
    28
    36
    27
    27
    35
    42
    50
    50
    58
    56
    34
    42
    39
    37
    36
    36
    26
    18
    20
    19
    20
    20
    24
    24
    23
    21
    22
    21
    18
    18
    23
    27
    51
    78
    90
   101
   107
   119
   127
   134
   136
   139
   136
   140
   140
   138
   138
   131
   131
   130
   133
   133
   130
   138
   142
   137
   136
   143
   100
    82
    99
   138
   114
    83
    75
    85
   111
   141
   140
    75
    43
    84
   119
   111
   122
   127
   131
   131
   135
   130
   114
    75
    33
    35
    40
    40
    34
    35
    33
    37
    34
    35
    34
    39
    36
    35
    34
    30
    29
    28
    30
    36
    34
    35
    31
    34
    29
    29
    23
    29
    26
    24
    32
    27
    35
    32
    29
    46
    49
    58
    55
    57
    41
    39
    40
    37
    42
    33
    28
    21
    18
    22
    21
    17
    18
    19
    27
    31
    28
    23
    25
    27
    25
    22
    26
    42
    63
    74
    86
    77
    76
    80
    89
    96
   105
   103
   101
   118
   131
   135
   138
   137
   132
   135
   134
   133
   129
   130
   134
   108
    89
   125
   114
    40
    68
   113
   131
   111
    85
    51
    41
    92
   131
   146
   157
   177
   167
   147
   137
   129
   133
   134
   130
   114
    62
    34
    30
    29
    32
    31
    37
    33
    35
    31
    34
    27
    32
    27
    28
    33
    37
    35
    33
    27
    30
    25
    25
    32
    31
    28
    33
    28
    38
    36
    33
    28
    30
    26
    29
    26
    47
    51
    56
    54
    38
    40
    41
    42
    41
    39
    31
    31
    27
    23
    22
    21
    15
    16
    13
    21
    26
    26
    29
    23
    22
    36
    26
    26
    32
    60
    64
    68
    64
    70
    72
    67
    72
    78
    72
    61
    61
    64
    72
    75
    78
    89
    82
    78
    76
    71
    63
    34
    60
    63
    64
    78
    59
    39
     7
    10
    26
    37
    69
   112
   149
   155
   142
   108
    81
    84
   127
   136
   129
   132
   134
   131
   103
    42
    34
    38
    35
    37
    30
    31
    31
    34
    33
    35
    30
    34
    37
    33
    31
    26
    32
    34
    33
    32
    34
    30
    29
    35
    32
    31
    25
    27
    24
    29
    27
    31
    32
    26
    32
    57
    59
    61
    39
    40
    41
    37
    39
    40
    41
    40
    36
    33
    31
    18
    18
    16
    22
    23
    26
    29
    23
    25
    27
    26
    32
    32
    45
    53
    63
    60
    65
    57
    59
    48
    48
    49
    59
    60
    49
    45
    39
    42
    41
    37
    39
    48
    62
    56
    42
    35
    59
    64
    58
    49
    48
    42
    34
    25
    34
    59
    91
   128
   144
   130
    98
    85
    92
    98
   126
   132
   142
   143
   133
   136
    98
    35
    34
    30
    34
    31
    35
    32
    34
    30
    33
    28
    29
    30
    27
    32
    28
    34
    28
    29
    29
    29
    31
    30
    28
    28
    29
    31
    32
    31
    28
    29
    31
    31
    27
    27
    21
    31
    59
    59
    40
    41
    39
    41
    40
    41
    41
    42
    43
    42
    34
    30
    23
    24
    19
    20
    18
    24
    41
    37
    29
    34
    36
    43
    42
    47
    59
    67
    59
    60
    60
    61
    59
    53
    54
    58
    52
    49
    45
    40
    39
    38
    37
    37
    40
    52
    37
    38
    41
    42
    45
    50
    56
   105
    84
    55
   112
   101
    99
    98
   103
    93
    87
    85
    92
   120
   140
   143
   141
   146
   144
   121
    44
    34
    33
    34
    35
    36
    29
    32
    30
    34
    33
    32
    31
    30
    31
    33
    31
    28
    33
    30
    30
    34
    28
    31
    33
    30
    32
    31
    28
    27
    28
    34
    28
    25
    30
    29
    29
    24
    36
    60
    39
    37
    36
    39
    39
    39
    43
    38
    40
    40
    38
    43
    37
    35
    35
    34
    30
    25
    23
    33
    36
    26
    25
    28
    34
    34
    35
    43
    56
    61
    61
    72
    73
    69
    77
    72
    75
    74
    74
    73
    62
    63
    60
    53
    58
    45
    44
    35
    30
    43
    43
    29
    41
    45
    84
   140
   146
   135
   124
   106
    88
    86
    92
   100
   119
   143
   111
    71
    39
    42
    42
    25
    27
    30
    31
    30
    31
    31
    34
    34
    35
    33
    29
    27
    29
    30
    32
    29
    31
    32
    29
    30
    31
    26
    30
    27
    28
    28
    30
    32
    31
    30
    26
    29
    30
    30
    30
    21
    30
    24
    20
    27
    36
    39
    41
    36
    39
    33
    35
    38
    38
    42
    45
    42
    46
    45
    42
    45
    47
    38
    34
    27
    31
    29
    31
    25
    22
    27
    27
    34
    44
    49
    46
    42
    42
    52
    53
    60
    68
    67
    66
    66
    75
    68
    62
    68
    59
    54
    48
    46
    52
    44
    41
    56
    80
   118
   148
   159
   153
   152
   145
   131
   120
   122
   141
   149
   136
    71
    18
    12
    24
    24
    27
    27
    31
    36
    32
    34
    31
    31
    30
    32
    31
    27
    34
    39
    32
    32
    29
    28
    33
    33
    32
    30
    27
    30
    33
    34
    33
    32
    31
    29
    30
    26
    28
    26
    23
    27
    26
    31
    24
    25
    24
    17
    37
    39
    33
    40
    40
    44
    46
    44
    44
    42
    38
    41
    41
    41
    47
    46
    46
    43
    47
    43
    35
    31
    31
    30
    27
    28
    36
    38
    43
    47
    45
    31
    34
    40
    39
    40
    46
    51
    50
    47
    39
    36
    38
    36
    40
    54
    66
    45
    40
    57
    89
   108
   110
    94
    82
    78
    97
   124
   154
   156
   154
   132
    93
    35
     8
    16
    31
    37
    35
    34
    31
    35
    35
    33
    28
    28
    32
    32
    34
    31
    31
    40
    32
    26
    29
    27
    36
    32
    27
    26
    25
    28
    30
    30
    21
    28
    31
    26
    31
    23
    26
    33
    28
    31
    30
    26
    26
    28
    25
    23
    28
    28
    42
    34
    43
    41
    34
    37
    37
    41
    40
    36
    42
    44
    41
    44
    45
    41
    45
    42
    48
    48
    45
    42
    41
    38
    38
    32
    29
    30
    25
    23
    25
    33
    34
    27
    29
    35
    38
    38
    40
    43
    40
    43
    38
    28
    26
    35
    41
    54
    78
    98
    91
    55
    47
    47
    47
    73
   102
    99
    41
    13
    12
    16
    19
    23
    28
    36
    33
    30
    31
    34
    30
    28
    24
    29
    37
    39
    35
    29
    25
    34
    31
    28
    31
    34
    29
    32
    28
    32
    30
    30
    33
    35
    30
    30
    33
    28
    26
    32
    28
    32
    27
    31
    30
    23
    24
    29
    26
    25
    32
    27
    20
    17
    31
    38
    39
    33
    44
    42
    36
    40
    45
    43
    43
    43
    46
    46
    43
    45
    44
    52
    45
    46
    49
    45
    44
    45
    45
    38
    32
    27
    32
    34
    32
    32
    37
    42
    42
    47
    40
    40
    38
    42
    36
    43
    42
    47
    49
    51
    48
    85
   115
   121
   113
   116
   114
   118
   117
    98
    63
    25
    24
    26
    29
    28
    29
    29
    32
    32
    34
    34
    34
    32
    32
    36
    37
    33
    30
    31
    32
    31
    35
    32
    35
    31
    32
    29
    29
    27
    27
    28
    31
    31
    28
    26
    32
    30
    32
    27
    31
    29
    27
    31
    30
    28
    27
    27
    25
    22
    23
    26
    20
    18
    24
    24
    44
    40
    39
    41
    36
    37
    39
    41
    38
    44
    40
    38
    40
    42
    42
    49
    48
    41
    46
    46
    43
    48
    47
    42
    41
    45
    44
    41
    36
    33
    34
    35
    36
    34
    31
    29
    34
    35
    32
    29
    34
    26
    30
    25
    33
    26
    27
    35
    52
    35
    40
    34
    31
    27
    26
    20
    17
    25
    32
    28
    29
    25
    34
    29
    30
    25
    28
    27
    30
    31
    34
    30
    28
    31
    30
    30
    27
    32
    29
    27
    26
    29
    32
    31
    29
    33
    32
    29
    29
    29
    29
    30
    28
    30
    27
    32
    27
    32
    34
    26
    26
    22
    28
    27
    26
    27
    29
    26
    29
    26
    24
    24
    35
    38
    45
    41
    41
    39
    37
    41
    44
    37
    46
    40
    44
    47
    45
    43
    41
    48
    44
    43
    46
    45
    45
    44
    42
    38
    40
    34
    39
    37
    39
    41
    36
    32
    34
    33
    30
    33
    32
    33
    29
    31
    28
    31
    25
    34
    32
    29
    24
    28
    25
    22
    29
    29
    29
    27
    31
    31
    31
    32
    30
    31
    26
    30
    26
    35
    34
    34
    34
    32
    29
    35
    28
    28
    28
    34
    35
    34
    33
    32
    29
    30
    28
    31
    35
    32
    29
    31
    29
    31
    34
    32
    31
    28
    30
    28
    30
    32
    29
    32
    29
    28
    29
    29
    27
    26
    23
    22
    20
    23
    28
    23
    41
    35
    34
    40
    42
    40
    42
    44
    40
    44
    37
    41
    48
    42
    40
    48
    48
    43
    44
    45
    47
    45
    44
    43
    41
    43
    44
    43
    37
    39
    37
    33
    32
    31
    27
    33
    32
    35
    36
    31
    33
    31
    35
    33
    36
    30
    31
    29
    30
    31
    32
    34
    28
    26
    36
    35
    31
    30
    29
    29
    31
    26
    30
    28
    34
    23
    25
    27
    27
    26
    25
    28
    31
    33
    29
    30
    26
    25
    28
    26
    31
    32
    31
    29
    24
    28
    33
    30
    29
    30
    28
    30
    28
    29
    28
    25
    31
    32
    30
    30
    27
    28
    25
    27
    22
    25
    20
    19
    23
    23
    16
    23
    32
    39
    41
    37
    38
    38
    41
    38
    44
    41
    43
    42
    31
    40
    42
    42
    49
    47
    48
    44
    44
    46
    45
    41
    44
    41
    37
    40
    40
    37
    29
    32
    32
    32
    37
    32
    33
    26
    29
    27
    22
    32
    25
    30
    27
    30
    33
    39
    30
    27
    31
    29
    32
    32
    21
    25
    33
    34
    29
    31
    30
    32
    30
    30
    29
    31
    32
    30
    32
    28
    30
    32
    33
    27
    32
    31
    29
    33
    29
    36
    32
    29
    30
    30
    34
    31
    29
    23
    29
    24
    28
    28
    31
    25
    30
    31
    24
    28
    29
    30
    29
    31
    30
    22
    24
    26
    26
    27
    28
    21
    26
    27
