    39
    48
    42
    47
    50
    53
    45
    49
    43
    46
    49
    51
    48
    46
    51
    42
    43
    41
    47
    49
    52
    44
    39
    41
    48
    51
    53
    59
    54
    50
    48
    59
    62
    66
    64
    63
    74
   140
   128
   109
   100
    85
    69
    64
    98
   162
   201
   192
   207
   201
   203
   188
   172
   179
   165
   161
   184
   207
   213
   216
   209
   202
   205
   206
   106
    52
    56
    54
    57
    55
    51
    61
    53
    53
    61
    57
    60
    55
    59
    55
    60
    54
    52
    58
    58
    52
    52
    59
    55
    60
    55
    52
    54
    60
    57
    56
    54
    55
    53
    51
    50
    52
    64
    62
    58
    60
    60
    56
    59
    60
    65
    52
    46
    44
    47
    37
    43
    41
    51
    44
    48
    51
    51
    52
    47
    50
    48
    48
    37
    32
    40
    42
    41
    36
    41
    47
    47
    51
    49
    53
    62
    65
    71
    64
    64
    62
    68
    66
    64
    64
    65
    82
   108
   136
   169
   204
   208
   187
   184
   209
   204
   199
   177
   175
   164
   148
   153
   170
   183
   193
   197
   197
   197
   200
   192
   183
   135
    62
    62
    62
    57
    53
    56
    53
    59
    52
    54
    55
    55
    58
    50
    54
    57
    56
    58
    52
    51
    50
    54
    52
    51
    51
    50
    53
    52
    51
    53
    57
    49
    53
    57
    56
    56
    59
    70
    63
    57
    56
    55
    50
    52
    53
    45
    55
    42
    45
    43
    53
    42
    53
    47
    50
    45
    44
    48
    48
    51
    44
    33
    28
    30
    37
    33
    29
    34
    38
    41
    46
    53
    57
    66
    63
    58
    50
    50
    55
    54
    66
    53
    69
    69
    60
    58
    74
   102
   117
   122
   144
   166
   152
   170
   148
   130
   127
   195
   204
   208
   182
   126
   107
   123
   160
   194
   199
   197
   196
   191
   180
   132
    69
    56
    52
    59
    60
    56
    59
    53
    60
    63
    49
    52
    49
    56
    55
    56
    54
    56
    53
    58
    54
    49
    53
    59
    56
    52
    52
    59
    55
    54
    58
    58
    50
    50
    52
    48
    63
    56
    57
    53
    52
    41
    48
    49
    48
    48
    54
    47
    50
    43
    42
    42
    39
    44
    43
    51
    51
    48
    49
    36
    32
    30
    34
    44
    41
    35
    42
    37
    41
    44
    49
    49
    62
    61
    89
    96
    97
    81
    77
    79
    68
    76
    74
    71
    63
    56
    48
    32
    24
    23
    34
    50
    57
    60
    40
    93
    99
   113
   204
   199
   206
   220
   199
   183
   182
   192
   193
   196
   198
   196
   182
   113
    57
    52
    51
    49
    47
    48
    49
    52
    48
    47
    58
    55
    53
    55
    46
    58
    54
    51
    55
    50
    52
    54
    55
    55
    56
    53
    56
    54
    53
    52
    54
    53
    56
    54
    53
    60
    64
    60
    48
    49
    43
    48
    48
    47
    48
    49
    32
    45
    49
    50
    47
    49
    54
    49
    50
    48
    41
    46
    37
    35
    34
    31
    37
    42
    30
    30
    34
    42
    41
    50
    56
    63
    77
    86
    80
    73
    63
    74
    79
    73
    76
    66
    52
    48
    40
    27
    39
    65
    71
    82
    71
    71
    61
    56
    47
    32
    23
    43
   201
   232
   229
   221
   223
   217
   199
   184
   186
   197
   200
   192
   140
    92
    56
    52
    52
    54
    52
    55
    53
    57
    55
    56
    51
    55
    59
    55
    58
    43
    48
    49
    48
    57
    53
    54
    57
    50
    51
    50
    50
    51
    53
    53
    54
    57
    53
    53
    50
    56
    60
    57
    48
    40
    42
    45
    39
    41
    34
    16
     8
    52
    46
    42
    47
    44
    42
    46
    47
    47
    49
    42
    36
    32
    42
    41
    40
    28
    31
    32
    29
    37
    56
    56
    59
    74
    85
    79
    86
    88
    85
    79
    81
    88
    74
    59
    65
    65
    65
    75
    51
    53
    79
    62
    62
    54
    39
    33
    58
   109
   121
    18
    63
    85
    98
   132
   181
   222
   217
   203
   195
   201
   205
   202
   159
    34
    20
    17
    17
    14
    16
    12
    14
    15
    13
    16
    20
    21
    24
    43
    48
    53
    54
    45
    45
    48
    49
    51
    56
    54
    41
    44
    47
    49
    53
    56
    51
    55
    55
    59
    56
    62
    62
    45
    45
    45
    40
    37
    37
    29
    12
    16
    63
    38
    41
    47
    43
    45
    50
    46
    52
    47
    42
    31
    37
    47
    35
    40
    36
    23
    23
    31
    52
    66
    66
    71
    80
    81
    77
    78
    82
    76
    68
    62
    63
    57
    54
    62
    63
    74
    77
    82
    86
    50
    60
    88
    93
    83
    70
    84
    65
    61
   143
   144
   118
   107
   101
    91
    68
    33
    76
   154
   193
   162
   162
   161
   169
   172
   130
   116
   120
   132
   143
   149
   154
   153
   149
   141
   133
    98
    65
    44
    15
    20
    42
    47
    54
    44
    48
    48
    37
    46
    50
    44
    49
    48
    47
    48
    54
    57
    54
    51
    52
    58
    55
    53
    40
    35
    39
    44
    24
     4
    13
    60
    64
    47
    48
    43
    44
    43
    46
    47
    44
    41
    41
    51
    47
    47
    43
    43
    24
    30
    52
    64
    62
    65
    65
    79
    76
    70
    75
    85
    88
   101
    79
    62
    49
    44
    51
    64
    73
    69
    65
    64
    65
    62
    57
    66
    75
    91
   150
   176
   140
   143
   113
   113
   141
   173
   185
   191
   194
   180
   136
    65
    93
   179
   164
   158
   164
   167
   172
   176
   176
   179
   182
   182
   186
   186
   183
   175
   175
   175
   178
   164
   137
    90
    45
    24
    27
    39
    50
    47
    51
    43
    46
    46
    45
    47
    51
    50
    52
    51
    58
    51
    52
    59
    50
    37
    43
    42
    34
     9
    10
    40
    82
   113
   132
    49
    47
    44
    48
    43
    43
    52
    43
    33
    36
    39
    50
    36
    48
    32
    31
    44
    51
    49
    70
    74
    74
    75
    69
    92
    97
    88
    84
    79
    83
    86
    78
    72
    74
    73
    60
    66
    83
    86
    99
   103
    88
   123
   160
   168
    90
   122
   138
   124
   147
   173
   190
   186
   179
   171
   171
   174
   183
   185
   116
    78
   191
   186
   187
   184
   184
   184
   186
   180
   180
   181
   172
   172
   177
   179
   179
   179
   178
   177
   174
   175
   157
   126
    77
    27
    21
    39
    45
    44
    41
    46
    46
    43
    51
    49
    54
    55
    57
    55
    56
    52
    37
    22
    10
    15
    14
    52
   127
   151
   156
   158
   159
    45
    47
    48
    42
    46
    45
    35
    33
    35
    39
    48
    43
    42
    37
    31
    38
    48
    48
    63
    62
    66
    54
    56
    94
   103
   105
   113
   105
   106
   108
    91
    93
    91
   123
   140
   154
   175
   184
   187
   192
   194
   177
   143
   171
   108
   144
   182
   185
   193
   192
   186
   177
   175
   174
   181
   188
   189
   194
   189
   196
   147
   103
   199
   187
   187
   179
   180
   183
   186
   177
   180
   179
   188
   185
   181
   181
   173
   180
   180
   172
   173
   175
   170
   164
   143
    96
    39
    24
    34
    45
    41
    34
    33
    32
    31
    27
    25
    18
    13
    11
    36
    48
    75
    95
   133
   158
   173
   162
   158
   154
   154
   161
    46
    44
    47
    51
    50
    40
    37
    26
    30
    46
    48
    38
    38
    41
    40
    44
    43
    55
    49
    56
    56
    61
    85
    90
   102
   106
   120
   120
   116
   121
   127
   150
   186
   197
   195
   195
   193
   192
   189
   197
   196
   199
   180
    98
   108
   186
   191
   182
   177
   180
   180
   180
   184
   188
   190
   192
   192
   190
   192
   193
   200
   134
   119
   190
   195
   190
   185
   182
   183
   190
   185
   190
   182
   179
   193
   189
   188
   182
   177
   177
   169
   171
   166
   166
   154
   154
   145
   107
    46
    30
    37
    46
    50
    65
    82
   104
   110
   134
   136
   162
   172
   177
   177
   178
   169
   164
   159
   158
   159
   162
   167
   169
    47
    44
    42
    44
    40
    38
    25
    29
    38
    39
    46
    38
    34
    33
    42
    43
    52
    56
    48
    55
    80
    96
   108
   115
   121
   124
   139
   145
   143
   153
   170
   189
   184
   181
   187
   187
   191
   187
   184
   187
   190
   191
   189
    97
   131
   136
   165
   180
   186
   187
   189
   190
   191
   193
   192
   189
   189
   194
   200
   199
   201
   200
    90
   172
   196
   192
   191
   184
   185
   188
   188
   181
   179
   178
   179
   173
   175
   169
   173
   174
   167
   169
   170
   169
   163
   153
   145
   146
   144
   134
   143
   162
   169
   163
   163
   166
   170
   168
   173
   169
   167
   166
   164
   163
   162
   166
   168
   167
   169
   167
   168
   167
    47
    42
    47
    37
    33
    29
    34
    36
    39
    43
    32
    33
    31
    39
    47
    51
    47
    49
    78
   106
   113
   127
   139
   139
   153
   160
   166
   163
   172
   180
   185
   182
   187
   183
   178
   176
   178
   184
   173
   173
   171
   169
   155
   101
   163
   135
   145
   182
   189
   191
   193
   191
   188
   190
   193
   195
   193
   192
   196
   196
   198
   203
   174
   111
   206
   203
   192
   190
   192
   188
   176
   168
   171
   169
   154
   148
   149
   163
   156
   156
   170
   166
   160
   163
   162
   161
   152
   136
   125
   122
   126
   115
   131
   164
   169
   159
   155
   156
   153
   158
   162
   162
   161
   166
   170
   167
   167
   169
   170
   170
   171
   170
    42
    51
    44
    37
    26
    21
    22
    33
    41
    39
    43
    41
    44
    49
    55
    60
    76
   105
   119
   119
   139
   145
   156
   165
   175
   180
   183
   187
   190
   185
   184
   183
   184
   185
   181
   179
   174
   163
   159
   162
   169
   171
   112
   136
   182
   172
   149
   173
   187
   189
   189
   189
   190
   190
   190
   192
   194
   195
   194
   197
   196
   200
   200
    98
   167
   201
   196
   184
   187
   187
   176
   161
   154
   151
   152
   149
   157
   166
   181
   183
   178
   185
   179
   168
   161
   155
   159
   152
   140
   132
   126
   132
   115
   106
   128
   152
   158
   151
   159
   159
   160
   156
   166
   171
   172
   172
   174
   172
   176
   172
   175
   175
    50
    48
    44
    29
    26
    33
    44
    45
    40
    45
    44
    35
    46
    54
    76
    98
   116
   121
   141
   152
   166
   172
   179
   181
   188
   187
   190
   188
   185
   185
   184
   187
   185
   180
   182
   180
   179
   170
   167
   160
   158
   173
    93
   143
   176
   176
   155
   164
   188
   193
   194
   194
   197
   191
   190
   190
   197
   193
   194
   196
   199
   200
   203
   177
   123
   202
   190
   176
   187
   188
   176
   169
   166
   168
   175
   185
   184
   187
   190
   183
   186
   179
   182
   179
   178
   161
   151
   150
   142
   138
   136
   126
   125
   130
   118
   109
   133
   163
   157
   156
   161
   161
   164
   171
   174
   178
   181
   178
   178
   181
   179
   176
    45
    43
    29
    24
    28
    48
    48
    34
    34
    39
    41
    42
    48
    73
   108
   132
   140
   156
   160
   160
   171
   179
   185
   189
   193
   193
   186
   188
   193
   195
   195
   194
   192
   191
   190
   189
   197
   183
   159
   154
   150
   166
    85
   153
   170
   180
   164
   155
   180
   187
   188
   188
   191
   194
   196
   197
   195
   196
   195
   194
   200
   203
   202
   215
   133
   187
   187
   183
   191
   189
   179
   171
   169
   179
   184
   193
   194
   191
   183
   186
   189
   188
   183
   177
   172
   165
   163
   160
   152
   136
   132
   124
   122
   125
   135
   125
   113
   116
   158
   162
   154
   163
   167
   163
   170
   175
   178
   178
   184
   184
   187
   185
    49
    33
    31
    39
    48
    43
    37
    30
    30
    38
    40
    42
    87
   125
   152
   160
   167
   172
   175
   174
   178
   181
   184
   186
   187
   185
   191
   193
   199
   197
   197
   195
   197
   197
   197
   201
   201
   188
   160
   157
   151
   151
    78
   176
   183
   172
   145
   135
   167
   189
   191
   188
   184
   186
   195
   201
   202
   197
   198
   192
   192
   200
   202
   203
   190
   184
   185
   176
   186
   183
   181
   179
   181
   190
   194
   192
   187
   194
   194
   190
   189
   187
   174
   179
   176
   167
   157
   144
   149
   139
   147
   145
   142
   133
   123
   109
   113
   116
   102
   133
   170
   159
   151
   160
   162
   163
   173
   179
   180
   178
   180
   178
    40
    33
    27
    44
    42
    31
    22
    20
    33
    26
    30
    83
   131
   150
   165
   171
   167
   173
   176
   176
   175
   181
   178
   183
   188
   191
   194
   199
   198
   198
   200
   201
   201
   199
   200
   202
   201
   179
   142
   142
   146
   159
    83
   178
   189
   166
   122
   129
   166
   187
   188
   189
   179
   176
   182
   183
   186
   183
   182
   185
   192
   196
   196
   197
   184
   159
   174
   170
   183
   181
   178
   172
   178
   186
   187
   182
   187
   184
   170
   170
   171
   167
   164
   155
   152
   146
   141
   143
   138
   141
   141
   143
   144
   141
   135
   133
   122
   106
   107
   101
   121
   160
   161
   155
   159
   160
   161
   164
   179
   176
   178
   181
    39
    36
    40
    36
    41
    35
    27
    24
    28
    33
    78
   134
   150
   162
   164
   164
   164
   162
   171
   171
   172
   168
   173
   185
   192
   192
   195
   198
   202
   201
   202
   201
   203
   203
   201
   204
   197
   186
   140
   130
   134
   160
    82
   192
   194
   132
   114
   133
   166
   184
   189
   183
   182
   193
   193
   186
   187
   189
   185
   184
   183
   187
   186
   190
   164
   142
   167
   166
   182
   183
   172
   169
   170
   176
   181
   178
   173
   154
   150
   155
   145
   141
   139
   147
   140
   129
   122
   115
   129
   144
   143
   140
   139
   147
   149
   148
   137
   140
   124
   109
    89
    96
   145
   176
   158
   157
   159
   156
   162
   167
   179
   180
    27
    28
    44
    46
    31
    23
    20
    27
    32
    57
   126
   150
   161
   170
   165
   166
   166
   170
   170
   181
   184
   188
   190
   188
   190
   197
   202
   199
   198
   198
   197
   199
   196
   197
   197
   194
   184
   162
   127
   117
   137
   186
    88
   201
   174
   105
   102
   123
   145
   170
   181
   180
   169
   176
   185
   190
   180
   175
   176
   178
   178
   183
   183
   188
   164
   127
   150
   144
   179
   179
   164
   166
   168
   172
   162
   155
   157
   163
   175
   161
   156
   144
   132
   119
   116
   106
   117
   121
   133
   138
   142
   141
   138
   139
   153
   155
   142
   135
   130
   124
   123
    98
    71
   117
   161
   151
   150
   146
   145
   155
   164
   164
    36
    43
    44
    34
    30
    22
    22
    21
    42
   116
   150
   155
   166
   166
   164
   168
   170
   173
   184
   185
   187
   191
   191
   194
   197
   199
   200
   202
   200
   196
   193
   196
   200
   197
   196
   190
   170
   148
   120
   122
   153
   193
    93
   187
   158
   142
   104
   136
   154
   170
   188
   185
   171
   179
   184
   187
   186
   180
   175
   170
   172
   179
   184
   185
   164
   130
   139
   148
   175
   160
   160
   159
   157
   160
   150
   155
   158
   139
   142
   145
   147
   134
   119
   121
   115
   116
   118
   120
   131
   135
   143
   150
   149
   153
   150
   148
   140
   146
   140
   145
   134
   132
   113
    90
   106
   154
   154
   140
   142
   137
   141
   155
    42
    45
    44
    45
    35
    26
    22
    34
    97
   147
   154
   163
   165
   160
   160
   167
   171
   178
   182
   185
   186
   186
   189
   193
   198
   199
   199
   199
   195
   194
   191
   190
   193
   194
   193
   185
   160
   139
   120
   114
   147
   198
   103
   180
   162
   133
    88
   113
   153
   166
   178
   178
   169
   180
   186
   181
   176
   173
   170
   172
   177
   178
   174
   180
   154
   123
   138
   149
   171
   160
   156
   151
   148
   150
   149
   159
   139
   122
   153
   148
   139
   115
   101
   120
   130
   130
   141
   153
   155
   164
   160
   154
   152
   154
   162
   150
   142
   146
   151
   153
   141
   145
   128
   125
    94
    92
   151
   148
   145
   148
   139
   139
    52
    53
    40
    30
    22
    20
    20
    66
   128
   146
   160
   164
   161
   168
   171
   170
   176
   177
   181
   182
   187
   189
   191
   192
   190
   191
   196
   193
   195
   188
   185
   190
   195
   195
   195
   186
   149
   141
   125
   115
   145
   193
    99
   155
   157
    89
    84
   149
   139
   146
   159
   165
   157
   167
   181
   177
   174
   166
   169
   173
   178
   178
   179
   182
   136
   126
   131
   147
   165
   159
   156
   142
   135
   140
   152
   145
   116
   142
   152
   150
   136
   110
    87
   121
   131
   138
   156
   161
   166
   163
   151
   149
   152
   156
   155
   152
   147
   148
   143
   143
   135
   138
   136
   136
   125
    98
    78
   143
   135
   119
   131
   134
    45
    42
    36
    33
    27
    24
    36
   113
   142
   156
   164
   163
   168
   171
   171
   178
   180
   184
   185
   185
   188
   189
   187
   188
   191
   193
   193
   193
   190
   192
   191
   194
   193
   193
   190
   180
   157
   140
   122
   108
   140
   179
   112
   144
   143
   135
   197
   178
   150
   154
   156
   158
   155
   159
   175
   174
   175
   176
   172
   166
   172
   181
   179
   181
   132
   131
   131
   149
   163
   155
   144
   128
   132
   142
   145
   121
   127
   149
   153
   125
   114
   106
    72
   118
   135
   142
   159
   161
   160
   162
   159
   162
   158
   155
   159
   153
   151
   150
   148
   142
   137
   144
   141
   138
   133
   129
   111
    93
   147
   132
   115
   127
    52
    51
    50
    31
    23
    25
    87
   137
   150
   156
   157
   163
   169
   168
   173
   183
   181
   184
   187
   186
   188
   192
   191
   188
   184
   183
   188
   192
   191
   193
   193
   192
   194
   196
   189
   188
   153
   137
   129
   114
   139
   165
    81
   132
   138
    81
   108
    94
   151
   155
   138
   149
   144
   146
   176
   177
   176
   169
   169
   166
   177
   183
   182
   182
   113
   136
   129
   150
   156
   142
   137
   129
   136
   143
   138
   132
   138
   152
   148
   120
   117
   111
    49
    87
   132
   153
   158
   158
   161
   164
   164
   163
   159
   153
   155
   148
   155
   156
   152
   151
   154
   154
   151
   152
   140
   127
   117
   102
    81
   147
   136
   127
    37
    47
    65
    42
    30
    48
   121
   146
   160
   163
   161
   165
   165
   177
   179
   174
   179
   184
   189
   189
   192
   192
   189
   186
   185
   185
   186
   189
   192
   193
   192
   190
   191
   187
   190
   178
   154
   131
   118
   117
   135
   166
   164
   130
   124
    69
    62
    78
    78
   138
   139
   141
   143
   142
   171
   168
   175
   172
   170
   171
   175
   180
   179
   177
   106
   146
   129
   150
   149
   142
   124
   125
   139
   146
   147
   147
   159
   157
   146
   151
   141
   132
    63
    53
   144
   170
   171
   168
   165
   167
   164
   171
   167
   161
   150
   149
   133
   144
   149
   153
   150
   152
   148
   145
   139
   134
   119
   117
    97
   108
   150
   142
    46
    59
    46
    41
    32
    94
   134
   151
   156
   153
   164
   168
   170
   177
   179
   184
   186
   191
   191
   190
   188
   187
   189
   187
   188
   191
   186
   189
   189
   193
   196
   199
   193
   195
   189
   181
   157
   145
   120
   106
   119
   170
   208
   131
   126
    50
    41
    67
    90
   144
   152
   141
   128
   133
   165
   164
   175
   172
   175
   180
   181
   179
   182
   159
   110
   139
   128
   151
   149
   131
   131
   136
   147
   148
   156
   154
   164
   173
   174
   164
   154
   149
   141
    35
    94
   156
   175
   178
   178
   175
   175
   166
   157
   153
   151
   144
   138
   135
   137
   138
   153
   157
   152
   152
   146
   135
   122
   112
   111
    85
   138
   145
    48
    63
    51
    40
    56
   114
   141
   155
   160
   159
   166
   173
   174
   179
   188
   186
   188
   187
   192
   192
   189
   191
   192
   193
   185
   184
   186
   188
   194
   196
   199
   196
   199
   193
   189
   181
   161
   134
   114
    89
   114
   164
   157
   123
   134
   104
    49
    35
    95
   141
   139
   134
   127
   132
   156
   152
   165
   175
   174
   175
   173
   182
   187
   128
   126
   134
   129
   148
   132
   131
   128
   141
   154
   165
   168
   173
   182
   185
   173
   177
   160
   157
   165
    78
    28
   104
   135
   167
   183
   183
   174
   167
   160
   161
   157
   158
   147
   141
   139
   136
   145
   149
   152
   145
   140
   132
   140
   126
   109
    92
    90
   152
    54
    51
    48
    46
    72
   115
   144
   157
   159
   160
   167
   170
   176
   180
   182
   184
   186
   190
   190
   192
   196
   195
   190
   190
   187
   178
   182
   193
   199
   198
   199
   200
   198
   196
   189
   184
   153
   133
   108
    88
   100
   154
   130
   101
   125
    60
    23
    58
    90
   125
   138
   132
   128
   127
   158
   157
   165
   170
   170
   176
   176
   177
   176
   106
   156
   130
   139
   148
   133
   131
   140
   153
   169
   174
   173
   174
   180
   178
   175
   168
   156
   175
   170
   105
    20
    56
   107
   129
   153
   177
   174
   172
   176
   163
   156
   144
   145
   150
   148
   145
   152
   144
   144
   150
   142
   140
   133
   124
    98
   104
    74
   123
    44
    59
    49
    46
    92
   129
   154
   159
   158
   163
   167
   173
   178
   184
   185
   183
   189
   192
   188
   190
   192
   191
   190
   185
   188
   187
   191
   194
   197
   199
   203
   203
   202
   195
   191
   184
   160
   135
   108
    97
   110
   155
   135
    85
   113
    77
    80
   103
    90
   134
   136
   124
   125
   135
   152
   157
   161
   172
   169
   167
   173
   184
   145
   118
   151
   107
   126
   138
   145
   145
   156
   171
   175
   178
   182
   187
   187
   181
   178
   172
   161
   182
   182
   112
    37
    41
   101
   132
   134
   141
   160
   172
   160
   160
   154
   147
   140
   140
   148
   154
   155
   157
   159
   159
   155
   145
   136
   134
   133
   101
    80
    75
    43
    50
    62
    63
    88
   131
   149
   159
   160
   165
   171
   173
   178
   180
   180
   182
   187
   190
   189
   188
   187
   189
   188
   188
   189
   192
   193
   195
   197
   200
   201
   198
   202
   204
   201
   192
   169
   144
   115
   101
   110
   147
   138
    73
    95
    77
    57
    79
   109
   137
   133
   123
   121
   139
   154
   156
   174
   176
   174
   177
   177
   176
   105
   161
   145
   121
   144
   145
   153
   159
   177
   176
   185
   182
   186
   186
   180
   178
   159
   152
   166
   186
   171
   104
    91
    91
    85
   121
   138
   138
   138
   148
   155
   150
   150
   143
   143
   144
   145
   151
   153
   157
   159
   153
   153
   148
   142
   135
   121
   109
    90
    57
    46
    44
    48
    61
   100
   130
   148
   158
   158
   163
   169
   171
   176
   180
   184
   186
   185
   187
   185
   185
   191
   187
   188
   187
   190
   192
   195
   196
   198
   198
   200
   203
   199
   200
   200
   193
   170
   137
   115
   100
   112
   133
   144
    90
    88
    95
    91
   126
   141
   146
   139
   119
   124
   141
   151
   164
   181
   184
   172
   170
   181
   130
   120
   171
   128
   126
   150
   157
   157
   159
   166
   183
   186
   184
   180
   178
   178
   171
   158
   163
   160
   185
   169
   102
    62
    59
    17
    69
   129
   144
   141
   139
   148
   148
   140
   137
   133
   136
   137
   149
   153
   158
   157
   157
   147
   143
   146
   134
   123
   118
    91
    60
    27
    42
    57
    78
   103
   137
   150
   158
   157
   166
   168
   169
   174
   179
   182
   179
   184
   185
   186
   189
   188
   187
   188
   191
   191
   193
   194
   197
   197
   201
   200
   202
   206
   206
   204
   201
   189
   154
   123
   110
   118
   130
   140
    76
    88
    97
    75
   110
   130
   132
   132
   126
   124
   138
   151
   169
   181
   183
   172
   177
   163
   100
   190
   157
   124
   135
   146
   151
   167
   174
   167
   158
   187
   191
   180
   180
   190
   186
   181
   170
   179
   185
   153
   103
    88
   140
   147
    62
    99
   128
   146
   140
   135
   150
   142
   130
   127
   126
   134
   146
   148
   150
   154
   157
   156
   152
   134
   126
   109
   116
    95
    79
    39
    42
    59
    66
   101
   138
   144
   149
   159
   167
   167
   170
   175
   179
   180
   184
   185
   188
   187
   189
   189
   189
   192
   191
   188
   193
   197
   197
   198
   198
   200
   198
   199
   201
   198
   199
   189
   159
   127
   114
   111
   122
   135
    93
    95
    84
    83
    86
   109
   124
   135
   129
   138
   152
   156
   172
   183
   190
   194
   196
   108
   178
   181
   151
   138
   142
   150
   177
   200
   199
   179
   140
   130
   183
   182
   184
   183
   161
   167
   177
   177
   178
   147
   102
    87
   118
   142
   111
    82
   120
   142
   148
   133
   126
   127
   114
   109
   113
   125
   140
   147
   155
   154
   153
   155
   151
   130
   136
   124
   120
    88
    65
    34
    39
    47
    64
    98
   128
   139
   154
   165
   163
   163
   171
   179
   180
   179
   179
   184
   186
   186
   187
   188
   190
   189
   187
   188
   190
   195
   196
   196
   197
   199
   203
   199
   200
   197
   191
   185
   163
   125
   124
   132
   126
   124
    59
    88
    70
    91
    87
   143
   126
   149
   139
   138
   155
   160
   180
   185
   203
   219
   115
   160
   190
   160
   160
   157
   147
   174
   198
   197
   202
   193
   154
   112
   138
   168
   179
   178
   166
   158
   161
   176
   179
   142
   102
    80
    87
   122
   116
    68
    86
   128
   147
   134
   123
   123
   110
    99
    99
   111
   138
   145
   144
   154
   149
   148
   140
   142
   141
   124
   119
    98
    76
    28
    37
    40
    73
    98
   126
   128
   138
   156
   166
   170
   172
   178
   178
   178
   186
   189
   188
   190
   193
   194
   194
   192
   193
   195
   196
   192
   196
   195
   195
   199
   200
   201
   201
   200
   198
   190
   169
   151
   139
   137
   126
   133
   101
    90
    90
    86
    91
    90
   136
   159
   149
   142
   151
   170
   185
   203
   211
   100
   120
   161
   142
   138
   141
   143
   174
   196
   188
   178
   162
   154
   152
   112
   132
   138
   160
   160
   150
   161
   154
   161
   168
   149
   100
    92
    40
    52
    80
    63
    91
   118
   141
   135
   125
   120
   101
    82
    94
   104
   122
   139
   153
   151
   151
   149
   142
   127
   128
   130
   125
   113
    92
    31
    33
    45
    72
   101
   122
   126
   145
   162
   165
   165
   170
   175
   176
   178
   179
   187
   187
   191
   193
   192
   190
   190
   191
   191
   192
   193
   196
   199
   198
   200
   201
   200
   197
   201
   195
   193
   181
   167
   150
   137
   135
   132
   118
    77
    99
    84
   107
   102
   124
   184
   164
   146
   164
   187
   208
   175
    76
   117
   153
   139
   159
   174
   173
   176
   186
   185
   185
   190
   193
   166
   136
   120
   144
   141
   133
   157
   157
   156
   149
   167
   161
   136
    99
    85
    86
   141
   157
   134
   127
   119
   132
   138
   125
   116
   102
    64
    84
   101
   115
   130
   144
   149
   145
   148
   149
   135
   129
   127
   123
   110
    98
    26
    33
    47
    62
   103
   116
   122
   140
   159
   167
   171
   171
   174
   179
   180
   180
   185
   182
   189
   198
   199
   197
   191
   192
   190
   189
   192
   197
   197
   198
   197
   200
   197
   197
   199
   197
   192
   184
   164
   158
   148
   144
   147
   114
    48
   122
    93
   106
   158
   168
   175
   145
   143
   158
   143
   132
    52
   115
   148
   136
   173
   194
   199
   198
   197
   197
   197
   201
   202
   209
   175
   133
   128
   133
   142
   129
   131
   143
   156
   149
   163
   174
   159
   100
    96
    87
   123
   140
   145
   124
   122
   126
   134
   128
   119
   105
    60
    69
    98
   107
   117
   140
   145
   146
   139
   130
   136
   129
   126
   117
   112
    84
    33
    26
    38
    65
    96
   114
   119
   140
   165
   165
   166
   169
   175
   175
   175
   180
   182
   185
   190
   190
   189
   189
   188
   190
   190
   192
   192
   194
   199
   194
   200
   198
   201
   200
   198
   199
   193
   188
   178
   172
   160
   158
   158
   132
    62
    23
   118
   131
   156
   194
   209
   199
   191
   160
    84
    15
    99
   144
   160
   186
   194
   196
   198
   198
   203
   196
   196
   202
   211
   210
   176
   136
   122
   128
   124
   117
   102
   101
   129
   139
   159
   172
   158
   121
    82
    62
    85
   108
   123
    67
    86
   123
   141
   121
   107
    97
    58
    63
    95
   105
   127
   142
   149
   147
   138
   136
   130
   130
   131
   124
   109
    88
    27
    38
    44
    65
    98
   100
   114
   139
   156
   166
   168
   171
   175
   175
   175
   177
   181
   184
   187
   193
   191
   195
   189
   190
   189
   190
   192
   190
   194
   200
   203
   204
   204
   199
   198
   196
   193
   188
   184
   175
   177
   167
   168
   127
    76
   106
    49
    89
   126
   134
   102
    52
    52
    33
    27
    77
   145
   178
   195
   200
   192
   191
   192
   193
   197
   193
   193
   193
   193
   188
   179
   157
   128
   126
   114
    96
   104
    83
    93
   121
   134
   147
   145
   131
    90
    54
    75
    91
   113
   119
   128
   122
   132
   125
   111
   101
    72
    52
    96
   104
   113
   132
   135
   141
   139
   135
   135
   133
   113
   118
   115
   104
    28
    28
    45
    50
    67
    98
   111
   129
   152
   163
   167
   170
   171
   177
   178
   178
   175
   184
   185
   188
   189
   189
   189
   185
   187
   189
   191
   195
   193
   197
   199
   201
   199
   199
   200
   198
   194
   188
   180
   181
   174
   172
   173
   138
    73
   153
   136
    81
    60
    27
    87
   139
   145
   123
   149
   178
   191
   192
   194
   195
   198
   198
   194
   194
   189
   187
   184
   187
   192
   188
   173
   162
   132
   114
   120
    94
    72
    63
    56
    82
   106
   131
   148
   148
   114
    70
    58
    87
   100
   110
   133
   121
   133
   122
   107
   107
    84
    53
    82
    94
   111
   141
   136
   135
   134
   137
   133
   130
   129
   118
   111
    96
    27
    38
    35
    54
    68
    91
   109
   133
   154
   169
   171
   172
   177
   176
   176
   177
   184
   182
   185
   183
   186
   186
   183
   184
   181
   185
   188
   191
   191
   196
   198
   203
   206
   209
   206
   203
   191
   188
   186
   177
   172
   173
   173
   149
    65
   164
   175
   176
   180
   152
   183
   152
   144
   165
   189
   179
   178
   187
   191
   190
   189
   182
   182
   184
   188
   187
   193
   213
   215
   195
   166
   153
   133
    99
    81
    95
    67
    58
    43
    44
    69
   117
   144
   150
   128
    68
    46
    57
    68
    78
   110
   122
   128
   123
   114
   106
    82
    40
    72
   102
   113
   135
   137
   139
   133
   133
   136
   131
   126
   117
   112
    95
    26
    26
    33
    51
    69
    84
   101
   121
   154
   172
   173
   178
   176
   176
   179
   178
   182
   182
   186
   187
   182
   184
   185
   188
   182
   186
   189
   188
   189
   190
   195
   195
   200
   206
   205
   200
   201
   186
   175
   174
   176
   179
   173
   157
    72
   179
   208
   208
   218
   210
   163
   152
   172
   187
   185
   176
   183
   189
   190
   188
   189
   197
   200
   198
   200
   195
   200
   204
   199
   179
   161
   141
   125
    86
    62
    55
    52
    48
    46
    43
    39
    90
   126
   154
   130
    64
    43
    55
    80
    74
    69
   111
   127
   127
   113
   107
    74
    41
    76
    98
   110
   123
   134
   135
   139
   132
   133
   139
   126
   112
   117
   101
    26
    33
    36
    47
    60
    77
    87
   112
   147
   164
   167
   171
   177
   178
   176
   182
   183
   184
   187
   188
   185
   184
   187
   184
   182
   182
   183
   187
   189
   187
   191
   192
   199
   205
   210
   203
   187
   178
   180
   176
   170
   171
   171
   162
    71
   182
   209
   206
   177
   184
   145
   161
   175
   183
   185
   184
   187
   184
   184
   197
   190
   196
   194
   189
   184
   183
   184
   182
   183
   174
   166
   147
   124
    91
    61
    55
    28
    31
    39
    48
    46
    64
   126
   152
   115
    63
    44
    65
    77
    85
   105
   122
   143
   138
   116
    98
    83
    47
    78
    98
   113
   134
   136
   137
   139
   130
   133
   130
   131
   115
   111
   102
    29
    26
    34
    42
    48
    66
    86
   102
   137
   162
   161
   171
   172
   176
   177
   181
   182
   186
   186
   186
   182
   187
   185
   184
   182
   181
   183
   186
   183
   186
   189
   196
   201
   204
   207
   200
   197
   191
   177
   177
   173
   163
   167
   164
    68
   163
   198
   195
   129
   162
   148
   167
   177
   183
   174
   166
   169
   174
   168
   169
   171
   161
   161
   166
   172
   171
   169
   165
   165
   177
   169
   154
   130
    94
    72
    60
    51
    49
    48
    53
    60
    85
   121
   141
    98
    67
    49
    61
    79
    93
   113
   124
   131
   127
   112
   104
    81
    50
    83
   103
   110
   127
   126
   138
   140
   135
   135
   134
   121
   112
   108
    97
    19
    25
    34
    45
    48
    53
    81
   103
   146
   166
   167
   166
   168
   171
   179
   180
   185
   187
   186
   189
   185
   185
   185
   186
   184
   184
   181
   182
   184
   185
   185
   189
   189
   195
   202
   208
   200
   192
   188
   182
   176
   171
   163
   166
    86
   167
   201
   184
   117
   146
   140
   168
   169
   159
   169
   176
   169
   173
   176
   170
   173
   181
   186
   182
   187
   184
   179
   182
   178
   176
   164
   153
   124
    85
    82
    84
    58
    33
    43
    45
    56
    83
   126
   137
    84
    65
    50
    64
    89
    89
    73
   105
   125
   134
   107
    97
    90
    55
    79
   105
   111
   129
   138
   140
   142
   138
   134
   132
   125
   122
   104
    97
    24
    30
    32
    43
    48
    62
    72
    93
   137
   164
   174
   172
   168
   170
   172
   175
   178
   189
   189
   183
   185
   181
   181
   185
   184
   183
   185
   182
   184
   187
   184
   186
   193
   196
   198
   203
   200
   199
   190
   182
   178
   167
   171
   163
    80
   145
   201
   184
   110
   134
   135
   159
   166
   166
   156
   166
   165
   169
   168
   172
   180
   176
   173
   170
   166
   171
   181
   178
   175
   176
   163
   150
   113
    98
    92
    86
    69
    77
    57
    63
    68
    70
   112
   119
    75
    70
    59
    62
    92
    83
    73
   107
   122
   118
   102
    97
    86
    63
    87
   108
   119
   133
   142
   138
   136
   138
   131
   132
   130
   124
   105
    88
    23
    23
    38
    47
    56
    58
    70
    91
   130
   160
   171
   176
   172
   172
   176
   177
   180
   187
   188
   184
   187
   188
   179
   182
   185
   183
   185
   189
   183
   182
   186
   192
   191
   193
   192
   195
   200
   191
   187
   181
   173
   171
   166
   163
    83
   119
   190
   181
   130
   136
   135
   134
   164
   177
   179
   182
   184
   179
   177
   190
   194
   186
   179
   172
   174
   173
   172
   177
   192
   196
   192
   145
   100
    94
    90
   103
    87
    72
    83
    75
    77
    86
   123
   134
    89
    66
    54
    41
    63
    88
   100
   111
   120
   117
   105
   102
    88
    81
    93
   113
   120
   128
   135
   140
   138
   143
   144
   134
   121
   114
   107
    93
    26
    30
    37
    56
    51
    67
    75
    88
   130
   162
   172
   172
   171
   172
   177
   179
   174
   176
   183
   180
   181
   189
   191
   188
   187
   184
   181
   178
   184
   184
   190
   188
   191
   197
   203
   202
   199
   188
   183
   174
   173
   163
   168
   167
    96
   113
   194
   197
   166
   123
   164
   114
   104
   124
   147
   174
   167
   178
   179
   170
   156
   148
   153
   170
   173
   175
   175
   173
   178
   199
   181
   132
   107
    81
    74
    96
   103
   106
    99
    90
    83
    90
   121
   145
   112
    68
    45
    46
    74
    78
    72
   113
   128
   122
   101
   105
    88
    94
    97
   101
   119
   127
   135
   134
   137
   132
   127
   129
   128
   117
   111
    71
    24
    26
    33
    44
    55
    60
    76
    98
   130
   161
   170
   170
   170
   174
   178
   179
   179
   179
   179
   186
   184
   184
   184
   189
   188
   189
   187
   187
   189
   190
   190
   194
   191
   193
   195
   201
   196
   188
   177
   175
   169
   165
   162
   164
   103
   103
   187
   195
   175
   102
   157
   137
   101
    81
    71
    73
   120
   146
   147
   141
   138
   138
   142
   145
   157
   165
   167
   172
   177
   182
   160
   128
   100
    68
    76
   121
   109
    94
    88
    97
   104
   104
   119
   146
   121
    73
    57
    51
    86
    54
    44
   111
   127
   122
   117
   110
    95
   104
   114
   118
   120
   131
   140
   138
   135
   131
   129
   127
   121
   119
   110
    78
    21
    30
    29
    41
    59
    60
    87
   105
   124
   157
   168
   174
   178
   175
   172
   174
   178
   185
   186
   186
   188
   185
   185
   187
   186
   183
   184
   186
   186
   192
   192
   190
   192
   197
   202
   201
   196
   193
   189
   180
   172
   170
   166
   159
   102
    86
   159
   164
   166
   116
   142
   190
   198
   161
   165
   198
    87
    79
   112
   134
   149
   153
   155
   153
   146
   146
   150
   158
   164
   167
   148
   123
   107
    55
    62
   114
   112
   108
   101
    81
    91
    96
   112
   138
   132
    82
    53
    71
   104
    52
    76
   116
   121
   113
   111
   105
    98
   101
   108
   124
   126
   127
   129
   138
   140
   127
   133
   130
   119
   107
    90
    70
    22
    22
    34
    40
    56
    86
    92
   103
   124
   148
   170
   172
   173
   174
   174
   176
   178
   183
   183
   181
   182
   185
   188
   190
   192
   189
   185
   188
   195
   195
   195
   193
   197
   199
   201
   201
   195
   185
   176
   172
   172
   169
   164
   156
   116
    86
   133
   144
   122
    63
    34
    27
    30
    68
    38
    12
    50
    93
    84
    88
   111
   137
   161
   154
   143
   136
   140
   138
   133
   129
   123
   117
   115
    72
    80
   120
   101
   116
   114
   113
    99
   111
   118
   144
   142
    91
    54
    27
     7
    16
    79
   116
   127
   117
   117
    96
   105
   109
   117
   117
   118
   130
   136
   137
   134
   138
   147
   128
   124
   110
    86
    54
    24
    28
    30
    33
    53
    74
    97
   116
   127
   153
   165
   171
   174
   175
   172
   175
   180
   182
   184
   187
   184
   184
   184
   187
   186
   187
   187
   189
   188
   194
   194
   197
   201
   203
   200
   198
   194
   189
   180
   174
   164
   163
   161
   149
    99
    74
   121
    61
    51
   100
   130
   142
   140
   120
    98
    62
    34
    43
   102
   107
    89
   100
   116
   133
   142
   142
   154
   167
   163
   153
   144
   138
   125
    97
    97
   113
   106
   108
   109
   107
   109
   121
   116
   134
   148
   110
    58
    44
    52
    41
   100
   124
   121
   117
   121
   113
   117
   123
   126
   125
   118
   123
   130
   134
   135
   132
   128
   124
   118
   100
    72
    54
    22
    17
    28
    45
    57
    73
    81
   100
   127
   151
   166
   171
   171
   170
   166
   175
   178
   182
   184
   187
   188
   183
   182
   184
   185
   184
   186
   186
   190
   193
   193
   191
   193
   195
   197
   196
   194
   185
   179
   170
   166
   156
   151
   138
    97
    58
    43
    91
   148
   129
   124
   142
   143
   146
   160
   136
   142
   102
    36
    89
   140
   110
   115
   106
    94
    98
   106
   122
   153
   169
   170
   155
   129
   124
    97
   110
   105
   104
   108
   122
   118
   116
   122
   126
   144
   127
    65
    55
    61
    65
   112
   119
   123
   121
   114
   124
   135
   132
   121
   125
   125
   127
   121
   137
   148
   147
   133
   121
   108
    83
    65
    72
    19
    23
    29
    26
    47
    65
    89
   105
   128
   159
   161
   171
   175
   171
   173
   178
   182
   182
   183
   181
   185
   187
   183
   182
   186
   185
   182
   186
   188
   187
   188
   191
   193
   192
   187
   189
   182
   182
   175
   171
   165
   152
   148
   134
    97
    44
    68
   120
   106
    81
   108
   160
   161
   139
   136
   150
   146
   147
   149
    81
    49
   118
   121
   120
   108
    97
    81
    68
    78
   112
   140
   142
   121
    82
   100
   106
   109
   115
   118
   118
   139
   136
   136
   126
   142
   134
    88
    27
    24
    56
   107
   122
   124
   121
   127
   129
   127
   132
   131
   123
   120
   124
   132
   151
   136
   118
   119
   111
    95
    88
    56
   103
    20
    24
    25
    42
    42
    64
    94
   116
   135
   158
   170
   171
   169
   168
   168
   171
   178
   180
   180
   184
   187
   183
   182
   185
   184
   182
   187
   189
   189
   187
   190
   188
   188
   188
   189
   185
   184
   180
   178
   169
   163
   154
   135
   122
   100
    56
    99
   103
    76
    80
   137
   149
   148
   118
   110
   128
   145
   152
   159
   172
   138
    65
   122
   132
   139
   129
   116
   118
   121
   124
   137
   131
   106
   103
   113
   128
   124
   140
   154
   150
   150
   146
   131
   121
   125
   127
    98
    33
    25
    67
   116
   129
   131
   131
   137
   142
   146
   129
   123
   125
   128
   133
   137
   135
   137
   130
   117
   110
    92
    60
    86
   115
    23
    22
    22
    31
    49
    71
    91
   111
   145
   166
   166
   169
   166
   169
   166
   171
   178
   180
   185
   183
   184
   183
   186
   183
   184
   184
   185
   187
   189
   189
   192
   190
   190
   191
   192
   188
   180
   183
   177
   163
   157
   146
   132
   119
    95
    54
    98
    82
    67
   107
   113
   124
   159
   131
    99
   108
   131
   149
   165
   178
   175
   164
    62
   132
   137
   151
   143
   136
   136
   145
   153
   161
   165
   164
   159
   155
   162
   161
   164
   167
   154
   140
   140
   139
   128
   121
    96
    37
    37
    98
   133
   136
   137
   142
   151
   145
   141
   123
   126
   138
   141
   134
   135
   137
   137
   119
   117
   101
    71
    55
   115
   115
    13
    23
    21
    30
    47
    75
    99
   118
   141
   160
   161
   162
   165
   165
   171
   173
   174
   180
   180
   181
   180
   179
   179
   179
   183
   184
   183
   184
   183
   186
   189
   192
   189
   190
   188
   185
   185
   174
   171
   163
   151
   137
   115
   106
    92
    56
    99
    70
    68
   101
    87
   123
   163
   138
   124
   125
   133
   139
   153
   163
   161
   164
   172
    65
   137
   125
   144
   139
   150
   153
   150
   153
   151
   160
   174
   170
   169
   164
   159
   153
   148
   147
   136
   126
   111
   112
    95
    30
    73
   138
   141
   139
   147
   147
   140
   139
   129
   127
   142
   146
   137
   137
   129
   120
   109
   100
    85
    72
    52
   117
   121
   117
    19
    20
    25
    26
    45
    72
   103
   125
   143
   148
   160
   164
   165
   165
   165
   171
   173
   180
   183
   181
   182
   182
   180
   179
   180
   183
   183
   183
   183
   183
   185
   185
   187
   186
   186
   187
   186
   181
   176
   157
   139
   126
   110
   101
    96
    62
    93
    84
    89
    89
    63
   119
   162
   141
   132
   137
   134
   140
   144
   159
   163
   159
   159
   150
    72
   133
   135
   159
   155
   153
   151
   145
   143
   145
   145
   152
   163
   156
   155
   157
   154
   151
   143
   127
   112
    85
    46
    28
   106
   146
   145
   149
   148
   152
   147
   139
   137
   143
   144
   140
   134
   131
   114
   110
   109
    95
    73
    50
   105
   124
   120
   114
    14
    17
    20
    24
    37
    55
    94
   130
   147
   156
   168
   168
   165
   165
   165
   174
   178
   177
   176
   177
   182
   182
   180
   182
   181
   180
   183
   185
   185
   186
   183
   182
   182
   185
   187
   189
   185
   179
   169
   163
   131
   113
   106
    99
    96
    61
   102
    85
   100
    73
    94
   127
   146
   118
   120
   136
   141
   146
   152
   162
   161
   155
   161
   162
   126
    89
   126
   142
   155
   154
   157
   151
   141
   135
   129
   135
   143
   150
   152
   146
   155
   153
   145
   123
   106
    95
    66
    33
   107
   151
   155
   147
   147
   139
   136
   134
   143
   143
   140
   133
   122
   111
   101
   104
    94
    79
    58
   110
   125
   121
   115
   120
    21
    20
    21
    28
    33
    49
    84
   123
   145
   157
   164
   164
   165
   167
   170
   170
   171
   175
   178
   177
   181
   182
   183
   177
   179
   178
   182
   182
   189
   186
   189
   190
   191
   189
   190
   185
   184
   183
   182
   156
   116
   105
   101
    95
    92
    61
   115
   103
    97
    83
   142
   149
   168
   124
   107
   125
   129
   138
   141
   152
   165
   162
   160
   156
   156
    90
   113
   119
   146
   159
   156
   148
   143
   133
   133
   136
   142
   141
   145
   139
   141
   146
   140
   134
   110
    86
    73
    69
   123
   142
   151
   149
   147
   146
   140
   146
   133
   135
   133
   125
   116
   103
   106
    94
    82
    66
   111
   124
   115
   111
   114
   110
    19
    19
    20
    26
    37
    41
    63
    98
   123
   147
   157
   164
   162
   164
   171
   170
   172
   172
   176
   178
   176
   176
   175
   177
   178
   186
   184
   182
   181
   186
   190
   190
   192
   190
   187
   191
   188
   181
   170
   148
   107
    93
    92
    85
    98
    67
   121
   112
   111
    96
   158
   155
   160
   132
   109
   117
   133
   139
   143
   153
   164
   167
   164
   159
   155
   146
    79
   115
   124
   161
   156
   155
   146
   139
   129
   130
   128
   131
   129
   131
   126
   141
   144
   129
   122
    96
    81
    91
   123
   130
   131
   136
   129
   131
   143
   134
   130
   128
   121
   118
   111
   108
    96
    82
    65
   106
   118
   115
   116
   117
   114
   116
    17
    21
    23
    22
    21
    36
    60
    92
   121
   139
   155
   163
   163
   157
   161
   170
   171
   170
   173
   172
   176
   177
   178
   179
   182
   181
   181
   182
   185
   184
   187
   188
   187
   188
   189
   185
   185
   181
   177
   149
   102
    88
    85
    91
   115
    76
   127
   115
    96
    59
    92
   131
   148
   134
   109
   112
   135
   143
   139
   145
   157
   160
   163
   166
   165
   164
    96
   110
   111
   145
   163
   163
   155
   143
   140
   134
   135
   133
   135
   130
   122
   130
   148
   132
   116
    97
    84
    98
   113
   118
   121
   124
   134
   127
   130
   131
   129
   122
   119
   112
   107
   101
    90
    62
    96
   119
   114
   107
   105
   112
   109
   107
    20
    12
    16
    23
    27
    40
    62
    95
   113
   132
   145
   151
   156
   159
   157
   170
   170
   175
   175
   176
   179
   179
   179
   170
   164
   178
   182
   179
   180
   185
   182
   186
   191
   191
   190
   189
   188
   183
   177
   148
   108
    81
    71
    91
   141
    78
   127
   126
   102
    47
    56
    84
   151
   138
   111
   109
   132
   143
   133
   145
   154
   163
   163
   158
   157
   155
   135
    84
   124
   136
   161
   162
   152
   147
   147
   146
   141
   139
   133
   138
   126
   110
   129
   145
   132
   119
   109
   107
   105
   109
   126
   129
   127
   133
   126
   130
   132
   124
   116
   111
   103
    83
    68
    86
   104
    93
    92
    95
    99
   105
   117
   121
    16
    20
    27
    18
    27
    31
    64
    92
   111
   121
   139
   151
   155
   159
   161
   163
   169
   168
   172
   177
   178
   179
   176
   179
   177
   177
   179
   181
   181
   181
   185
   187
   187
   193
   192
   187
   185
   180
   173
   141
   103
    76
    76
    89
   139
    94
   141
   152
   126
    52
    70
   103
   152
   139
   120
   108
   128
   137
   141
   149
   157
   160
   163
   160
   160
   162
   155
    80
   118
   121
   158
   168
   160
   153
   149
   146
   147
   149
   147
   142
   142
   129
   110
   129
   131
   123
   129
   126
   129
   127
   125
   129
   129
   125
   128
   130
   124
   122
   111
    94
    84
    91
    94
   119
   126
   134
   131
   124
   113
    79
    49
    47
    20
    18
    15
    26
    27
    44
    68
    90
   100
   116
   131
   144
   152
   157
   160
   166
   167
   170
   171
   176
   174
   178
   178
   174
   175
   176
   179
   180
   180
   180
   182
   189
   192
   193
   191
   190
   188
   178
   170
   137
    99
    75
    67
    88
   154
    99
   153
   148
   131
    44
    28
    77
   127
   135
   127
   112
   121
   138
   137
   148
   153
   151
   159
   165
   158
   162
   160
   100
   115
   123
   155
   167
   163
   160
   147
   148
   151
   156
   155
   148
   147
   139
   133
   122
   126
   133
   129
   133
   142
   138
   134
   130
   130
   124
   111
   113
   110
    99
    88
    83
    88
    57
    10
    15
    22
    33
    60
    58
    31
    12
     7
    10
    25
    19
    22
    20
    30
    39
    58
    78
    99
   111
   126
   143
   152
   156
   159
   160
   167
   167
   172
   173
   175
   170
   170
   169
   172
   175
   172
   175
   178
   183
   180
   184
   190
   190
   190
   189
   181
   177
   175
   137
   106
    78
    72
    91
   159
    85
   136
   136
   129
    51
    46
    90
   119
   132
   131
   117
   122
   145
   137
   139
   151
   154
   149
   158
   163
   164
   168
   128
   107
   129
   132
   165
   168
   161
   149
   150
   154
   153
   148
   149
   143
   141
   132
   129
   128
   133
   144
   148
   141
   140
   142
   140
   128
   120
   121
   107
    97
    85
    82
    91
    63
    11
    17
    13
     8
     7
     9
     2
     8
    17
    15
    11
    16
    22
    19
    24
    27
    33
    56
    86
   101
   117
   129
   140
   148
   150
   158
   164
   169
   167
   165
   169
   172
   177
   175
   174
   172
   172
   174
   171
   177
   184
   183
   184
   185
   189
   187
   187
   187
   176
   178
   154
   114
    93
    74
    83
   153
    90
   127
   143
   130
    76
    52
    65
   129
   142
   135
   117
   124
   144
   150
   151
   154
   156
   150
   161
   166
   162
   160
   144
    90
   130
   124
   156
   154
   157
   153
   144
   152
   158
   162
   157
   149
   148
   143
   140
   140
   145
   146
   145
   147
   145
   136
   127
   120
   108
    92
    85
    80
    85
    82
    53
     8
    13
    15
    16
    16
    11
    10
    11
    11
    14
    16
    18
    14
    15
    20
    25
    21
    24
    40
    75
   101
   110
   127
   142
   145
   149
   155
   158
   165
   169
   166
   169
   172
   172
   172
   173
   170
   175
   174
   179
   179
   176
   180
   184
   185
   185
   186
   187
   187
   182
   175
   155
   128
    92
    77
    84
   147
    91
   123
   143
   141
    95
    50
    91
   139
   142
   133
   120
   121
   140
   144
   152
   151
   158
   163
   155
   158
   168
   170
   155
   100
   134
   129
   142
   159
   161
   151
   144
   137
   145
   152
   156
   153
   151
   146
   143
   148
   147
   145
   145
   138
   134
   125
   113
   104
    97
    88
    89
    90
    89
    62
    22
    20
    19
    18
    16
    15
    18
    17
    16
    14
    13
    10
    16
    19
    19
    12
    18
    23
    33
    43
    70
    92
   109
   123
   133
   140
   144
   152
   156
   160
   176
   179
   174
   174
   178
   174
   172
   171
   174
   177
   178
   174
   181
   180
   181
   181
   190
   184
   191
   186
   183
   176
   153
   123
   106
    81
    87
   140
   100
   112
   157
   139
   118
    86
   127
   145
   143
   133
   120
   129
   149
   146
   155
   164
   161
   163
   158
   159
   168
   170
   162
    93
   137
   127
   142
   161
   157
   143
   134
   137
   129
   142
   151
   149
   150
   148
   145
   147
   136
   133
   129
   122
   109
   107
   104
    96
    96
    95
    96
    89
    48
    33
    37
    19
    18
    19
    15
    19
    16
    16
    12
    10
    11
    13
     9
    16
    22
    24
    24
    26
    30
    31
    54
    82
   104
   118
   132
   138
   145
   145
   150
   156
   161
   165
   173
   171
   172
   174
   172
   171
   173
   175
   174
   177
   172
   173
   179
   183
   184
   184
   182
   184
   183
   177
   155
   137
   115
    96
    90
   129
   114
   110
   161
   144
   145
    74
    90
   136
   145
   133
   127
   143
   155
   154
   158
   157
   157
   151
   157
   167
   176
   177
   169
    99
   147
   133
   127
   149
   151
   146
   134
   124
   128
   135
   138
   140
   143
   150
   141
   127
   126
   123
   120
   113
   114
   114
   113
   110
    97
   102
    90
    46
    33
    30
    31
    31
    23
    18
    24
    18
    17
    16
    19
    19
    15
    10
    12
    22
    23
    24
    23
    22
    20
    24
    37
    73
    96
   117
   129
   133
   140
   140
   145
   152
   153
   158
   167
   172
   174
   177
   171
   165
   169
   171
   177
   175
   176
   177
   177
   180
   183
   180
   187
   185
   180
   167
   156
   141
   118
    96
    96
   113
   125
    96
   164
   154
   156
   101
    79
   126
   130
   121
   131
   149
   150
   158
   162
   162
   160
   153
   155
   160
   173
   177
   175
   116
   150
   139
   131
   148
   154
   143
   142
   126
   127
   124
   129
   127
   134
   122
   117
   125
   132
   127
   132
   129
   121
   117
   109
    99
    99
    72
    29
    25
    29
    29
    30
    30
    19
    20
    14
    19
    24
    19
    20
    19
    16
    20
    16
    16
    20
    15
    14
    13
    20
    23
    19
    47
    85
   106
   121
   130
   131
   134
   137
   142
   148
   154
   163
   170
   172
   168
   172
   170
   171
   175
   177
   179
   178
   175
   175
   175
   180
   179
   185
   187
   183
   165
   145
   129
   114
   102
   106
   108
   120
    82
   162
   165
   124
   115
    91
   108
   117
   114
   141
   156
   158
   160
   166
   174
   173
   175
   170
   167
   179
   178
   186
   120
   154
   139
   129
   142
   155
   146
   140
   136
   120
   124
   120
   120
   127
   127
   138
   141
   140
   140
   137
   128
   117
   108
   105
   103
    73
    29
    32
    36
    36
    39
    35
    31
    26
    20
    27
    16
    12
    19
    18
    21
    18
    20
    21
    24
    19
    21
    19
    30
    19
    18
    28
    30
    59
   100
   120
   125
   134
   134
   139
   140
   144
   149
   150
   157
   160
   170
   171
   172
   171
   164
   169
   173
   177
   180
   175
   178
   180
   178
   174
   176
   175
   157
   132
   133
   116
   106
   114
   109
   118
    64
   143
   163
   133
   102
    90
   102
   112
   125
   150
   165
   160
   152
   161
   164
   172
   177
   171
   174
   175
   171
   143
   104
   160
   149
   136
   132
   149
   145
   140
   128
   125
   120
   117
   136
   147
   144
   141
   142
   139
   121
   116
   110
   104
   100
   101
    52
    25
    30
    33
    29
    29
    27
    30
    36
    36
    19
    18
    21
    24
    21
    21
    21
    24
    17
    23
    16
    22
    21
    20
    20
    24
    22
    19
    26
    41
    80
   108
   120
   126
   135
   138
   144
   144
   145
   152
   154
   160
   164
   165
   168
   169
   163
   162
   172
   176
   178
   178
   177
   182
   177
   174
   177
   185
   170
   143
   131
   120
   105
   109
   112
   112
    64
   114
   142
   149
   120
   106
   105
   125
   143
   152
   154
   164
   158
   162
   167
   169
   171
   168
   174
   174
   162
   158
   120
   163
   146
   142
   136
   138
   142
   134
   128
   118
   125
   116
   131
   136
   143
   133
   126
   117
   109
   103
   102
   107
    96
    40
    26
    30
    35
    31
    32
    32
    26
    31
    38
    33
    26
    19
    22
    17
    18
    21
    17
    23
    25
    25
    16
    16
    24
    21
    20
    20
    17
    22
    26
    24
    48
    89
   113
   125
   135
   141
   138
   140
   141
   143
   154
   154
   154
   155
   162
   163
   168
   170
   170
   184
   189
   188
   184
   182
   184
   178
   177
   179
   177
   144
   130
   118
   100
   115
   119
   111
    56
    92
   118
   128
   132
   120
   113
   112
   142
   152
   147
   149
   161
   169
   169
   165
   173
   162
   169
   172
   170
   185
   150
   166
   153
   146
   141
   143
   141
   127
   126
   127
   127
   129
   131
   128
   126
   120
   111
   109
   111
   112
   116
    88
    30
    29
    33
    35
    34
    33
    34
    31
    34
    35
    25
    31
    28
    21
    20
    24
    23
    24
    30
    23
    26
    29
    20
    21
    15
    23
    16
    16
    21
    16
    15
    18
    29
    59
   101
   119
   129
   134
   141
   141
   142
   152
   150
   154
   152
   156
   163
   167
   168
   173
   178
   164
   171
   185
   176
   175
   177
   181
   176
   184
   183
   167
   126
   120
   120
   115
   116
   118
    88
    88
   122
   124
   133
   140
   121
   124
   147
   156
   156
   142
   149
   157
   159
   163
   171
   183
   173
   169
   198
   174
   164
   157
   149
   144
   141
   135
   135
   135
   132
   128
   126
   131
   121
   115
   114
   115
   114
   115
   124
   113
    57
    17
    33
    34
    30
    33
    31
    32
    30
    34
    31
    30
    36
    39
    34
    32
    26
    24
    30
    29
    26
    29
    31
    33
    15
    15
    16
    18
    19
    20
    17
    19
    20
    18
    17
    34
    73
   114
   125
   130
   136
   139
   141
   139
   149
   150
   151
   158
   160
   166
   167
   165
   169
   175
   174
   173
   176
   176
   176
   174
   170
   169
   175
   184
   148
   120
   111
   109
   112
   119
   112
    69
   123
   129
   131
   132
   117
   128
   147
   151
   148
   146
   158
   161
   162
   159
   166
   165
   167
   164
   195
   133
   160
   158
   151
   148
   145
   139
   132
   132
   131
   121
   114
   110
   107
   113
   119
   121
   128
   115
    79
    31
    25
    33
    29
    29
    32
    32
    32
    33
    33
    33
    28
    32
    31
    30
    37
    36
    36
    37
    28
    34
    30
    33
    33
    34
    23
    18
    17
    12
    20
    24
    25
    18
    18
    20
    19
    18
    43
    82
   113
   125
   125
   125
   125
   134
   137
   144
   146
   150
   152
   157
   156
   157
   160
   163
   169
   170
   171
   174
   172
   169
   168
   173
   166
   173
   168
   130
   114
   100
   106
   122
   117
    69
   114
   131
   137
   133
   121
   135
   140
   140
   144
   153
   161
   159
   160
   156
   152
   149
   149
   165
   129
   127
   151
   145
   142
   137
   138
   138
   137
   129
   123
   117
   116
   125
   127
   134
   131
   123
    88
    42
    18
    25
    31
    28
    38
    39
    38
    32
    35
    34
    34
    29
    33
    31
    29
    32
    37
    42
    37
    41
    39
    33
    36
    35
    40
    48
    25
    17
    20
    23
    16
    17
    23
    28
    25
    15
    14
    16
    12
    33
    83
   104
   118
   121
   127
   125
   126
   131
   141
   142
   149
   148
   151
   152
   155
   155
   155
   162
   166
   165
   159
   162
   161
   153
   148
   147
   155
   145
   125
   104
   111
   125
   126
    78
    92
   128
   134
   111
   101
   130
   143
   145
   146
   152
   153
   152
   153
   149
   147
   146
   144
   152
   101
   154
   150
   146
   140
   136
   133
   127
   121
   118
   120
   131
   141
   138
   126
   104
    66
    35
    18
    23
    35
    37
    32
    37
    35
    30
    31
    34
    30
    32
    32
    31
    29
    30
    32
    30
    31
    39
    42
    39
    43
    40
    34
    45
    41
    53
    25
    20
    20
    18
    16
    19
    16
    18
    21
    23
    25
    23
    18
    15
    27
    73
    98
   114
   118
   120
   122
   123
   135
   138
   139
   139
   143
   147
   145
   148
   153
   156
   158
   151
   150
   150
   143
   144
   137
   130
   127
   135
   122
   111
   114
   124
   124
   123
    59
   114
    96
    79
   113
   127
   130
   133
   132
   132
   129
   129
   128
   134
   133
   132
   154
   107
   132
   142
   138
   134
   136
   142
   141
   136
   137
   135
   128
   105
    81
    55
    25
    17
    19
    26
    37
    36
    31
    33
    34
    27
    34
    34
    33
    31
    35
    30
    33
    34
    34
    32
    33
    33
    33
    28
    35
    46
    42
    40
    41
    43
    51
    49
    34
    21
    23
    17
    17
    18
    17
    19
    27
    30
    25
    19
    19
    23
    17
    21
    60
    94
   115
   126
   123
   124
   129
   137
   134
   142
   137
   141
   142
   150
   152
   152
   149
   154
   157
   151
   142
   138
   131
   132
   132
   130
   126
   112
   119
   111
   115
   126
    87
    94
    97
   126
   139
   143
   140
   140
   140
   145
   142
   129
   126
   109
   111
   146
    93
   128
   138
   131
   124
   123
   113
    99
    79
    62
    47
    34
    25
    18
    21
    26
    30
    35
    33
    36
    30
    31
    32
    38
    34
    35
    33
    33
    33
    35
    29
    34
    30
    29
    30
    30
    33
    29
    25
    28
    35
    38
    41
    44
    42
    45
    48
    58
    33
    34
    25
    16
    21
    22
    18
    15
    18
    26
    26
    26
    30
    19
    19
    18
    18
    40
    70
    95
   120
   127
   132
   134
   146
   142
   150
   149
   154
   147
   148
   147
   148
   148
   152
   152
   144
   141
   142
   145
   138
   128
   126
   131
   126
   134
   133
   135
   135
    57
   107
   105
    73
    73
    86
    95
    84
    71
    86
   113
   130
   146
   138
    62
    84
   119
   124
   116
   120
   101
    46
    12
    18
    20
    28
    29
    30
    37
    32
    37
    37
    38
    40
    31
    34
    32
    35
    28
    34
    33
    32
    30
    34
    32
    35
    32
    33
    33
    31
    32
    30
    37
    32
    29
    30
    28
    45
    40
    49
    52
    57
    56
    41
    37
    27
    32
    24
    18
    20
    21
    15
    20
    28
    28
    24
    23
    25
    24
    24
    19
    30
    48
    66
    85
   101
   109
   115
   128
   139
   146
   145
   148
   148
   146
   139
   149
   147
   145
   140
   138
   139
   131
   124
   130
   133
   135
   143
   141
   140
   139
   104
    87
    91
   124
   118
    68
    45
    32
    47
    83
   117
   152
   134
    66
    37
    90
   122
   127
   128
   135
   136
   131
   110
    49
    24
    36
    30
    29
    37
    33
    35
    35
    35
    31
    31
    39
    38
    37
    32
    38
    35
    32
    34
    36
    33
    33
    32
    31
    32
    28
    34
    32
    28
    27
    33
    29
    28
    30
    26
    51
    46
    54
    58
    55
    41
    38
    40
    34
    27
    23
    19
    17
    21
    19
    16
    25
    28
    27
    20
    15
    21
    23
    23
    20
    25
    44
    62
    84
    95
   104
   101
   102
   111
   119
   123
   124
   130
   130
   129
   138
   136
   137
   134
   143
   138
   139
   139
   144
   145
   138
   144
   126
    97
   132
   148
   104
    86
   122
   132
   139
   151
   150
   117
    62
    48
   100
   152
   170
   156
   140
   132
   128
   137
   134
   126
    94
    46
    31
    32
    35
    30
    39
    37
    32
    35
    36
    35
    38
    29
    27
    29
    27
    30
    32
    29
    30
    28
    30
    32
    32
    32
    30
    29
    26
    34
    33
    28
    31
    37
    27
    30
    27
    52
    52
    59
    62
    35
    40
    39
    35
    26
    22
    21
    17
    18
    18
    20
    19
    22
    26
    39
    32
    24
    23
    19
    25
    28
    26
    41
    60
    70
    74
    82
    76
    76
    79
    83
    86
    95
    96
    92
    96
   118
   124
   128
   125
   126
   121
   125
   116
   103
   106
    96
    61
    84
    81
    74
    84
    62
    27
    46
    61
    43
    31
    23
    76
   144
   169
   153
   110
    84
   118
   136
   130
   129
   131
   134
   121
    66
    35
    39
    37
    42
    35
    32
    34
    29
    30
    30
    26
    31
    36
    35
    35
    33
    33
    34
    34
    32
    37
    30
    34
    31
    36
    30
    33
    31
    30
    33
    30
    25
    31
    29
    29
    40
    61
    64
    56
    43
    47
    43
    40
    29
    23
    21
    26
    23
    21
    19
    19
    19
    21
    19
    26
    27
    22
    24
    23
    33
    31
    21
    30
    49
    67
    69
    72
    69
    66
    68
    66
    67
    75
    68
    66
    56
    52
    66
    61
    60
    67
    58
    63
    65
    55
    36
    31
    62
    71
    60
    54
    53
    58
    41
     8
    10
    48
   116
   146
   152
   129
    90
    83
    85
   104
   133
   132
   140
   134
   135
   130
    75
    32
    29
    32
    30
    37
    35
    37
    33
    30
    36
    38
    29
    29
    32
    29
    32
    28
    30
    26
    31
    28
    33
    27
    28
    26
    30
    34
    27
    30
    31
    29
    29
    24
    25
    25
    22
    44
    54
    56
    32
    34
    37
    38
    37
    39
    35
    30
    30
    24
    18
    18
    20
    18
    27
    28
    30
    30
    30
    31
    27
    35
    38
    35
    48
    56
    62
    57
    62
    61
    58
    49
    51
    51
    60
    56
    46
    43
    33
    36
    42
    36
    44
    49
    51
    50
    34
    43
    48
    43
    43
    45
    34
    45
    58
    52
    34
    78
   113
   130
   120
    95
    85
    87
   107
   129
   136
   140
   149
   144
   144
   117
    41
    35
    34
    35
    38
    28
    27
    32
    32
    32
    32
    30
    31
    32
    33
    31
    29
    34
    30
    31
    33
    32
    32
    30
    30
    34
    34
    32
    35
    32
    26
    30
    30
    30
    28
    30
    28
    22
    50
    63
    42
    40
    42
    40
    46
    38
    45
    44
    35
    25
    25
    18
    21
    21
    16
    21
    34
    39
    32
    28
    27
    34
    47
    45
    59
    61
    69
    76
    58
    53
    56
    61
    56
    48
    53
    56
    52
    43
    45
    36
    30
    41
    39
    38
    54
    48
    34
    43
    42
    43
    41
    38
    42
    41
    57
   112
    81
   107
    97
    88
    84
    82
    77
    89
   121
   138
   144
   130
   117
   122
    91
    33
    28
    36
    31
    33
    32
    35
    36
    36
    34
    38
    32
    34
    30
    28
    30
    29
    30
    27
    30
    36
    27
    33
    30
    31
    28
    32
    31
    25
    23
    30
    30
    30
    31
    22
    28
    25
    25
    29
    29
    45
    39
    37
    37
    38
    35
    40
    37
    37
    38
    42
    36
    35
    29
    28
    25
    21
    22
    41
    43
    40
    35
    30
    33
    44
    35
    44
    50
    55
    68
    70
    70
    67
    67
    77
    78
    70
    69
    76
    67
    66
    66
    56
    53
    44
    32
    37
    42
    34
    30
    33
    28
    32
    61
    92
   134
   136
   139
   118
   101
    85
    85
    95
   116
   135
   148
    88
    34
     9
    13
    14
    15
    26
    33
    27
    33
    32
    31
    36
    37
    34
    35
    26
    30
    30
    33
    33
    32
    33
    35
    29
    33
    26
    35
    27
    32
    32
    32
    26
    28
    37
    34
    27
    25
    32
    27
    33
    28
    30
    29
    20
    19
    19
    39
    40
    38
    40
    43
    41
    43
    43
    40
    40
    45
    40
    42
    43
    44
    38
    29
    21
    29
    39
    33
    31
    23
    22
    26
    31
    29
    45
    52
    56
    59
    58
    60
    65
    65
    72
    71
    69
    70
    64
    60
    65
    61
    54
    56
    49
    49
    39
    36
    37
    54
    86
   119
   149
   157
   154
   149
   139
   121
   116
   126
   144
   141
   115
    50
    16
    22
    27
    35
    33
    27
    29
    35
    33
    31
    30
    36
    34
    32
    30
    31
    36
    37
    34
    29
    35
    31
    29
    26
    35
    31
    30
    27
    29
    30
    30
    31
    33
    26
    27
    28
    32
    28
    27
    29
    28
    25
    26
    29
    28
    24
    19
    36
    42
    47
    42
    42
    46
    42
    40
    48
    45
    43
    44
    48
    41
    34
    39
    41
    39
    29
    28
    30
    27
    38
    34
    30
    35
    44
    50
    55
    50
    49
    42
    44
    47
    56
    52
    56
    58
    64
    59
    62
    49
    53
    53
    55
    63
    46
    39
    48
    72
   103
   125
   124
   123
   122
   129
   140
   158
   161
   154
   135
    87
    33
    12
    17
    33
    32
    33
    28
    29
    33
    36
    30
    30
    32
    37
    29
    35
    29
    31
    32
    27
    27
    29
    33
    28
    33
    31
    29
    28
    32
    33
    36
    30
    32
    31
    28
    25
    31
    34
    30
    27
    29
    27
    25
    26
    32
    30
    27
    26
    27
    25
