   105
   105
   108
   108
   107
   110
   108
   110
   110
   111
   105
   111
   109
   106
   107
   107
   107
   106
   111
   109
   102
   101
    99
    94
    88
    88
    85
    78
    77
    81
    76
    61
    52
    64
    80
    79
    79
    73
    70
    66
    72
    74
    72
    75
    72
    73
   114
   138
   125
    87
    55
    77
    72
    74
    82
    83
    89
   108
   121
   130
   118
   117
    99
    79
    73
    60
    64
    63
    62
    72
    68
    71
    72
    69
    69
    70
    69
    65
    69
    63
    64
    64
    63
    63
    64
    69
    66
    63
    64
    63
    62
    63
    65
    64
    64
    65
    63
    59
    60
    59
    65
    61
    59
    57
    58
    60
    67
    44
    24
    17
    24
    23
   110
   110
   109
   112
   109
   109
   109
   109
   108
   109
   109
   108
   105
   107
   105
   106
   105
   109
   102
   100
   103
   106
    99
    94
    92
    87
    86
    88
    84
    78
    65
    48
    42
    41
    37
    58
    72
    68
    66
    67
    67
    71
    76
    78
    79
    79
   115
   134
   115
    58
    49
    53
    58
    42
    41
    65
    77
    82
    93
    90
   101
   112
   124
   128
   121
   106
    90
    69
    59
    50
    57
    55
    56
    66
    70
    66
    67
    65
    67
    68
    66
    69
    68
    64
    69
    67
    65
    62
    65
    65
    61
    62
    62
    61
    61
    59
    66
    63
    58
    58
    59
    62
    62
    64
    65
    64
    37
    27
    20
    25
    23
    27
   106
   109
   109
   108
   109
   113
   109
   107
   109
   109
   106
   108
   110
   109
   111
   108
   107
   107
   105
   105
   104
   102
   103
    90
    83
    86
    85
    79
    75
    62
    46
    39
    38
    38
    30
    24
    26
    46
    71
    69
    67
    65
    58
    63
    71
    73
   104
   124
   105
    89
    63
    61
    60
    85
   107
   108
   112
   119
   112
   116
   106
   102
    90
    96
   103
   120
   131
   134
   123
   105
    90
    85
    72
    66
    63
    72
    70
    69
    68
    70
    71
    69
    67
    68
    66
    63
    65
    63
    65
    64
    68
    66
    65
    61
    62
    63
    60
    62
    64
    62
    59
    59
    59
    62
    60
    27
    20
    19
    21
    21
    28
    26
   107
   108
   109
   108
   107
   106
   109
   109
   108
   110
   110
   110
   108
   108
   111
   110
   109
   108
   100
   102
   100
    97
    90
    86
    81
    72
    68
    64
    61
    61
    54
    49
    33
    31
    28
    32
    39
    48
    54
    63
    55
    56
    59
    51
    48
    58
    84
   121
   108
    76
    62
    71
    80
    91
   117
   126
   126
   130
   132
   126
   133
   127
   120
   106
    93
    90
   102
   126
   143
   147
   140
   129
   119
   105
    80
    61
    71
    68
    70
    66
    62
    62
    67
    66
    65
    64
    66
    67
    66
    65
    67
    63
    65
    66
    64
    59
    65
    63
    61
    61
    63
    61
    64
    49
    27
    16
    21
    18
    22
    22
    21
    21
   108
   108
   109
   112
   112
   111
   109
   108
   107
   110
   107
   104
   108
   108
   111
   106
    96
    94
    86
    84
    93
    85
    68
    58
    61
    68
    58
    64
    72
    64
    50
    38
    36
    36
    38
    49
    48
    57
    57
    51
    52
    42
    42
    52
    43
    49
    70
   105
   125
    86
    50
    20
    30
    30
    33
    49
    43
    63
    84
    97
   111
   124
   130
   142
   141
   129
   116
    87
   119
   141
   142
   135
   125
   123
   112
    79
    55
    66
    65
    65
    69
    70
    69
    66
    68
    67
    64
    63
    66
    64
    65
    63
    61
    63
    66
    63
    61
    65
    62
    64
    63
    63
    57
    30
    20
    20
    21
    23
    23
    19
    24
    24
   112
   112
   110
   109
   109
   110
   111
   111
   113
   111
   110
   110
   109
   108
   106
    98
    82
    88
    81
    82
    75
    61
    51
    54
    65
    58
    55
    46
    48
    37
    21
    29
    46
    57
    54
    43
    58
    52
    45
    41
    46
    41
    27
    25
    38
    31
    33
    43
    81
    79
   137
    97
    99
   115
   129
   127
   125
   114
    93
    62
    54
    81
   124
   113
   118
   132
   144
   144
   125
   117
   127
   130
   126
   120
   112
   100
    80
    68
    66
    67
    54
    56
    54
    60
    66
    66
    67
    65
    64
    68
    64
    68
    64
    62
    62
    64
    66
    60
    63
    62
    59
    62
    34
    16
    22
    21
    24
    25
    27
    24
    23
    23
   108
   113
   112
   112
   109
   108
   111
   111
   110
   109
   107
   108
   108
   106
   102
    83
    70
    66
    69
    62
    65
    59
    56
    59
    57
    44
    41
    61
    54
    39
    46
    59
    66
    61
    55
    50
    56
    49
    39
    32
    31
    29
    22
    27
    24
    33
    39
    60
    46
    68
   116
   115
   105
    87
    84
    92
   104
   119
   128
   142
   135
    87
    48
   106
    91
    90
    99
   102
   101
    89
    96
   101
   101
    98
   101
   100
   101
   110
   112
   102
   103
    85
    79
    74
    58
    64
    61
    61
    66
    60
    67
    63
    64
    65
    63
    62
    62
    63
    64
    65
    62
    38
    22
    21
    26
    23
    21
    20
    27
    25
    34
    32
   114
   108
   109
   110
   111
   114
   111
   110
   110
   110
   111
   109
   108
   104
   103
    65
    47
    55
    53
    43
    53
    60
    51
    52
    50
    61
    71
    69
    71
    86
    86
    78
    78
    79
    83
    74
    64
    62
    70
    76
    78
    87
    99
    98
   108
   111
   122
   107
   112
   133
   110
    72
    48
    40
    34
    50
    62
    89
   100
   102
   112
   140
   138
    66
   123
   115
   105
   100
   100
   101
    98
   100
   107
   110
   106
   106
   113
   102
   102
   107
   108
   110
   104
    91
    88
    73
    64
    64
    64
    67
    61
    63
    65
    60
    63
    64
    68
    62
    66
    62
    54
    28
    19
    20
    21
    21
    23
    19
    13
    12
     1
     0
   109
   110
   111
   109
   111
   113
   108
   110
   109
   106
   105
   112
   111
    91
    74
    63
    46
    49
    50
    56
    53
    42
    49
    70
    96
   100
   105
   111
   112
   116
   112
   101
    97
   100
   101
   102
   109
   108
   112
   117
   117
   116
   117
   119
   118
   120
   117
    96
    69
    64
    86
    28
    28
    57
    78
    80
    82
    80
    98
   111
   108
    99
   121
   149
    72
   141
   127
   127
   121
   110
   104
    98
   109
   121
   128
   127
   126
   128
   125
   117
   116
   120
   118
   113
   103
    95
    85
    68
    54
    57
    66
    68
    63
    66
    61
    63
    62
    66
    66
    50
    26
    19
    28
    28
    26
    19
     8
     2
    14
    49
    80
    99
   109
   110
   111
   110
   110
   110
   110
   113
   112
   107
   107
   103
    94
    74
    68
    52
    47
    51
    67
    58
    60
    82
   105
   119
   127
   129
   128
   129
   129
   125
   126
   120
   121
   120
   118
   117
   117
   117
   119
   118
   118
   115
   119
   121
   123
   116
    97
    83
    77
    91
    93
   109
   113
   111
   111
   120
   124
   129
   124
   122
   129
   134
   128
   138
   169
    89
   144
   137
   129
   121
   113
   108
    97
   100
   121
   139
   144
   141
   148
   146
   143
   136
   137
   131
   121
   117
   106
    92
    84
    64
    56
    61
    65
    68
    67
    66
    69
    66
    64
    42
    19
    20
    14
     5
     0
     9
    28
    86
   133
   155
   162
   153
   112
   111
   112
   109
   110
   110
   110
   110
   110
   107
   110
    99
    81
    65
    50
    47
    43
    51
    61
    73
   100
   124
   135
   134
   138
   133
   134
   131
   128
   125
   122
   127
   123
   123
   122
   120
   124
   115
   115
   115
   120
   119
   110
   112
   116
   104
   118
   122
   133
   138
   137
   140
   146
   141
   134
   124
   129
   133
   137
   138
   136
   136
   135
   139
   154
   146
   120
   141
   140
   134
   133
   128
   108
    96
    97
   110
   129
   152
   162
   160
   165
   165
   154
   152
   144
   134
   133
   122
   104
    85
    64
    54
    59
    63
    66
    56
    58
    53
    31
    14
     8
     2
    23
    66
   106
   143
   162
   144
   116
    96
    88
   125
   111
   108
   108
   114
   110
   112
   113
   116
   112
   106
   105
    92
    75
    54
    51
    49
    49
    68
   105
   124
   137
   129
   126
   126
   121
   126
   121
   117
   121
   121
   122
   118
   120
   122
   121
   121
   117
   120
   117
   117
   114
   111
   111
   115
   105
   117
   127
   128
   128
   128
   128
   127
   135
   142
   144
   150
   148
   148
   146
   139
   137
   134
   132
   143
   142
   163
   114
   135
   136
   132
   129
   122
   118
   112
   103
   107
   110
   112
   118
   122
   125
   126
   128
   136
   145
   142
   139
   133
   122
   110
    97
    77
    55
    53
    60
    76
    66
    48
    22
    22
    66
   135
   192
   210
   216
   206
   209
   223
   234
   207
   162
   111
   110
   111
   112
   112
   115
   113
   110
   110
   109
   102
    87
    70
    65
    46
    42
    46
    96
   123
   131
   136
   129
   127
   125
   119
   122
   116
   121
   122
   122
   124
   124
   125
   122
   122
   126
   127
   127
   124
   123
   124
   119
   120
   120
   117
    88
   114
   112
   112
   120
   120
   126
   130
   133
   137
   151
   155
   155
   158
   163
   161
   143
   141
   137
   146
   149
   154
   163
    94
   135
   135
   133
   125
   124
   114
   117
   111
   114
   121
   128
   133
   128
   116
   121
   105
    95
   103
   113
   116
   111
   109
   107
   104
    80
    69
    51
    78
   113
   107
   104
   101
   107
   116
   117
   114
   116
   104
    99
   116
   160
   207
   244
   230
   108
   110
   112
   110
   111
   112
   115
   110
   108
    95
    89
    57
    29
    41
    67
   116
   132
   135
   139
   136
   137
   133
   130
   135
   130
   135
   135
   134
   136
   131
   135
   135
   137
   136
   134
   136
   139
   137
   139
   137
   136
   130
   133
   128
    97
   117
   107
    97
   104
   111
   110
   117
   135
   139
   147
   155
   158
   159
   169
   167
   168
   153
   155
   155
   154
   147
   163
   123
   124
   130
   125
   126
   125
   125
   122
   123
   124
   135
   147
   152
   163
   165
   169
   159
   135
   131
   128
   120
   117
   112
   105
   104
    98
    82
    74
    50
    62
    97
   105
   110
   104
   102
    97
   100
   100
   107
   108
   110
    98
    98
   145
   204
   111
   113
   113
   114
   114
   112
   111
   113
   111
    89
    63
    38
    38
    80
   129
   138
   136
   139
   140
   141
   141
   146
   147
   143
   146
   146
   146
   140
   143
   149
   148
   148
   146
   146
   147
   139
   138
   145
   154
   156
   143
   132
   126
   113
   101
   124
   118
   113
   107
   111
   114
   100
   113
   133
   142
   150
   152
   151
   165
   171
   179
   175
   170
   162
   159
   155
   152
   148
   111
   130
   136
   133
   125
   126
   129
   126
   128
   135
   140
   154
   159
   161
   155
   149
   150
   149
   147
   144
   130
   126
   120
   113
   105
   102
    86
    70
    53
    46
    70
    85
    92
    98
    98
    96
    99
   102
   104
   113
   121
   120
   100
    90
   115
   112
   113
   109
   111
   113
   115
   111
   106
    80
    38
    42
   104
   137
   144
   147
   146
   141
   143
   143
   141
   147
   147
   151
   149
   145
   144
   148
   145
   145
   149
   151
   152
   151
   151
   154
   158
   155
   165
   156
   152
   147
   132
   114
   100
   122
   125
   126
   131
   132
    99
    84
   100
   120
   138
   146
   147
   148
   159
   171
   186
   179
   171
   162
   159
   161
   160
   175
   106
   141
   138
   136
   131
   127
   126
   129
   126
   125
   138
   142
   143
   142
   141
   136
   130
   122
   121
   122
   124
   122
   114
   117
   117
   111
   104
    95
    77
    59
    45
    54
    66
    77
    85
    91
    92
    96
    99
   111
   112
   114
   115
   120
   110
   111
   112
   112
   112
   109
   110
   109
   104
    61
    50
   112
   145
   146
   146
   146
   146
   147
   149
   151
   154
   151
   149
   149
   151
   147
   153
   155
   155
   152
   157
   157
   155
   152
   156
   160
   160
   164
   165
   153
   155
   146
   139
   169
   122
   118
   130
   142
   135
   110
    86
    87
   104
   123
   138
   135
   145
   146
   150
   163
   179
   176
   171
   169
   169
   169
   156
   196
   109
   141
   141
   143
   134
   131
   131
   130
   131
   125
   138
   150
   150
   153
   160
   166
   160
   140
   131
   125
   115
   114
   118
   101
   102
   110
   113
   105
    99
    82
    55
    43
    45
    53
    68
    77
    85
    89
    94
    97
   107
   115
   112
   117
   112
   113
   111
   115
   114
   112
   112
   107
    95
    66
   116
   146
   151
   148
   152
   148
   150
   149
   154
   156
   153
   158
   156
   157
   157
   158
   155
   156
   159
   158
   153
   152
   156
   163
   161
   163
   167
   171
   172
   155
   148
   145
   138
   180
   136
   141
   144
   148
   130
   100
    91
    99
   117
   124
   135
   131
   142
   147
   161
   164
   169
   166
   171
   172
   171
   167
   158
   193
   111
   145
   141
   144
   142
   137
   134
   129
   128
   132
   153
   153
   152
   146
   145
   166
   179
   169
   157
   153
   140
   131
   119
   114
   106
   115
   116
   110
   103
   103
    86
    59
    41
    41
    48
    57
    67
    75
    80
    93
    98
   100
   109
   114
   113
   113
   115
   112
   109
   115
   111
   104
    79
   103
   149
   149
   152
   154
   150
   153
   153
   154
   156
   160
   160
   155
   159
   159
   158
   161
   161
   159
   158
   158
   162
   162
   164
   162
   164
   171
   172
   173
   178
   163
   149
   144
   135
   183
   130
   145
   153
   150
   119
   101
    74
    79
   137
   133
   141
   153
   153
   151
   174
   170
   173
   171
   165
   169
   164
   158
   160
   197
   128
   142
   150
   143
   143
   138
   134
   140
   135
   150
   155
   149
   146
   139
   120
   110
   129
   159
   171
   165
   155
   145
   132
   123
   116
   115
   116
   115
   112
   100
   100
    89
    59
    49
    47
    48
    57
    62
    71
    70
    75
    85
    94
    99
   112
   114
   112
   114
   113
   111
   112
    99
   105
   146
   154
   158
   156
   155
   157
   158
   163
   162
   162
   164
   167
   166
   160
   165
   168
   166
   162
   164
   167
   162
   162
   164
   164
   169
   173
   176
   175
   176
   182
   180
   158
   140
   143
   179
   125
   132
   149
   153
   114
    84
    85
   107
   133
   149
   146
   160
   152
   143
   174
   175
   182
   181
   182
   174
   171
   169
   166
   189
   129
   146
   148
   148
   146
   139
   140
   144
   147
   156
   156
   155
   156
   147
   138
   121
   110
   119
   142
   170
   154
   147
   139
   135
   132
   122
   117
   116
   116
   105
    96
    90
    72
    57
    47
    51
    49
    54
    58
    73
    71
    72
    79
    89
   112
   109
   112
   116
   114
   111
   104
    98
   144
   154
   163
   159
   161
   165
   166
   164
   165
   169
   168
   169
   168
   169
   171
   167
   168
   169
   171
   171
   165
   164
   165
   166
   174
   171
   173
   172
   174
   178
   177
   176
   160
   147
   139
   177
   135
   153
   163
   146
   107
    93
   139
   157
   144
   158
   149
   167
   157
   142
   173
   173
   180
   183
   175
   175
   170
   176
   170
   174
   142
   151
   148
   145
   148
   145
   140
   148
   158
   165
   161
   155
   152
   147
   135
   133
   117
   128
   127
   140
   144
   141
   133
   127
   126
   127
   126
   122
   121
   111
   103
    88
    72
    59
    51
    47
    49
    48
    50
    59
    62
    70
    73
    75
   115
   117
   114
   111
   113
   110
   100
   126
   158
   165
   162
   164
   168
   173
   170
   171
   171
   166
   166
   174
   175
   174
   175
   175
   175
   170
   171
   168
   167
   169
   169
   172
   172
   174
   175
   179
   180
   183
   179
   175
   148
   127
   125
   143
   136
   162
   185
   148
   101
    84
   119
   125
   154
   164
   153
   165
   157
   138
   171
   172
   173
   178
   179
   177
   177
   175
   178
   163
   143
   150
   153
   149
   141
   144
   147
   152
   158
   170
   160
   159
   158
   151
   137
   124
   123
   140
   146
   146
   144
   136
   138
   132
   125
   120
   119
   119
   122
   116
   102
    91
    75
    63
    50
    49
    46
    54
    54
    52
    57
    61
    68
    78
   110
   112
   116
   113
   111
   104
   118
   153
   164
   162
   164
   171
   173
   171
   173
   170
   174
   174
   175
   176
   174
   179
   175
   177
   178
   176
   173
   172
   174
   175
   174
   173
   176
   174
   179
   180
   184
   187
   188
   176
   160
   128
   124
   105
   122
   162
   186
   152
   102
    60
    59
    63
    87
   153
   145
   156
   151
   145
   174
   175
   169
   180
   178
   175
   173
   174
   172
   143
   143
   156
   151
   152
   146
   148
   154
   165
   169
   159
   153
   151
   153
   146
   131
   112
   110
   141
   153
   160
   156
   147
   141
   141
   144
   136
   128
   124
   130
   118
   109
   102
    90
    67
    48
    44
    46
    46
    46
    48
    51
    54
    62
    59
   113
   113
   112
   110
   107
   109
   140
   163
   169
   167
   168
   174
   175
   176
   176
   181
   180
   181
   182
   179
   175
   176
   183
   181
   180
   178
   176
   174
   175
   178
   179
   177
   179
   182
   182
   186
   185
   185
   190
   191
   172
   142
   132
   142
   114
   131
   171
   160
   101
    59
    56
    81
    84
   131
   155
   159
   156
   146
   169
   170
   167
   179
   184
   178
   176
   174
   177
   138
   149
   157
   158
   151
   150
   152
   157
   167
   170
   162
   154
   153
   150
   144
   118
    98
   101
   133
   151
   163
   159
   153
   145
   141
   147
   151
   145
   149
   140
   135
   131
   123
   114
    97
    68
    45
    42
    48
    50
    52
    51
    50
    55
    62
   116
   115
   114
   105
    99
   125
   158
   167
   165
   167
   172
   175
   177
   179
   178
   176
   181
   180
   183
   183
   181
   178
   181
   183
   182
   181
   180
   181
   183
   178
   178
   181
   184
   184
   187
   187
   184
   184
   190
   185
   174
   146
   126
   111
   107
   109
   138
   155
   108
    66
   103
    54
    87
   120
   156
   156
   152
   155
   165
   169
   173
   180
   176
   176
   177
   179
   163
   125
   159
   162
   155
   155
   152
   154
   157
   162
   167
   164
   161
   155
   141
   135
   116
    84
    74
   119
   147
   164
   159
   153
   138
   139
   142
   149
   151
   153
   148
   141
   134
   134
   128
   119
   101
    68
    43
    41
    47
    46
    46
    50
    51
    53
   114
   117
   114
   110
   104
   158
   166
   165
   166
   171
   173
   179
   183
   181
   180
   180
   182
   184
   182
   186
   185
   185
   186
   184
   183
   180
   179
   180
   182
   184
   181
   187
   186
   185
   187
   186
   185
   186
   179
   175
   172
   144
   130
   109
   100
   103
   132
   148
   107
    75
   133
   115
    85
   132
   156
   145
   150
   163
   168
   173
   173
   177
   179
   178
   179
   171
   132
   147
   167
   160
   154
   146
   144
   152
   160
   169
   163
   165
   166
   165
   151
   138
   116
    76
    61
   115
   149
   142
   146
   149
   144
   138
   141
   146
   156
   159
   156
   158
   151
   140
   137
   127
   113
   109
    80
    47
    43
    47
    47
    46
    47
    50
   117
   117
   110
    98
   135
   169
   169
   164
   170
   175
   183
   186
   184
   185
   185
   185
   184
   182
   190
   189
   188
   188
   189
   189
   186
   182
   184
   186
   186
   185
   189
   188
   188
   191
   191
   191
   190
   185
   180
   174
   167
   153
   121
   133
   110
    91
   119
   141
   107
    68
    56
    65
    86
   139
   154
   139
   146
   160
   162
   166
   178
   178
   180
   180
   180
   167
   121
   164
   163
   158
   147
   146
   148
   159
   167
   169
   168
   164
   161
   152
   151
   139
   124
    89
    54
   105
   137
   140
   139
   136
   133
   132
   134
   138
   148
   169
   172
   156
   155
   156
   146
   145
   130
   117
    99
    61
    42
    44
    48
    52
    49
    49
   114
   108
   103
   112
   152
   165
   169
   173
   178
   184
   184
   185
   181
   182
   188
   187
   184
   189
   188
   192
   189
   193
   191
   190
   189
   186
   187
   187
   186
   185
   186
   191
   190
   190
   191
   190
   190
   190
   191
   188
   179
   160
   132
   116
   104
    90
   100
   129
   100
    83
    76
    90
   134
   154
   144
   133
   150
   165
   164
   167
   173
   180
   182
   186
   185
   117
   144
   164
   159
   154
   148
   148
   155
   163
   169
   171
   173
   168
   166
   159
   144
   136
   122
   103
    68
    69
   135
   141
   140
   139
   134
   131
   121
   125
   138
   156
   173
   171
   168
   164
   152
   139
   136
   131
   113
    96
    61
    38
    47
    49
    48
    49
   113
   112
   101
   132
   159
   166
   172
   170
   175
   182
   181
   186
   188
   188
   191
   190
   188
   189
   190
   187
   190
   192
   193
   194
   193
   188
   188
   181
   183
   185
   189
   188
   189
   190
   188
   190
   187
   187
   189
   189
   185
   174
   146
   123
   109
    92
    86
    95
    64
    98
   110
   158
   170
   157
   145
   129
   152
   154
   148
   160
   177
   178
   180
   179
   141
   125
   165
   163
   156
   147
   133
   137
   156
   168
   174
   177
   177
   172
   168
   157
   153
   150
   136
   115
    81
    64
   116
   143
   143
   142
   132
   126
   126
   124
   127
   149
   165
   171
   173
   167
   159
   155
   134
   130
   125
   117
    88
    51
    34
    46
    53
    51
   112
   102
   108
   147
   158
   162
   172
   176
   181
   185
   187
   188
   190
   190
   187
   190
   190
   189
   188
   191
   195
   196
   198
   196
   193
   197
   194
   191
   189
   192
   190
   191
   193
   193
   193
   194
   190
   189
   187
   190
   190
   185
   160
   127
   110
   120
   129
   168
   126
    74
   107
   120
   147
   144
   145
   140
   159
   162
   162
   169
   174
   175
   179
   136
   106
   159
   157
   145
   137
   133
   128
   123
   128
   141
   157
   163
   176
   172
   171
   168
   158
   147
   141
   127
    96
    66
    96
   141
   144
   138
   139
   132
   124
   121
   117
   128
   151
   171
   175
   175
   165
   166
   157
   140
   132
   121
   100
    72
    52
    48
    51
    50
   104
    97
   119
   153
   160
   169
   175
   180
   183
   186
   187
   191
   194
   191
   191
   192
   193
   191
   191
   193
   195
   196
   199
   200
   199
   196
   197
   195
   192
   191
   191
   193
   194
   194
   196
   195
   193
   189
   188
   187
   189
   186
   176
   125
   109
   160
   218
   225
   169
    97
   109
   105
   150
   140
   140
   150
   160
   158
   170
   185
   178
   175
   131
   110
   156
   166
   149
   132
   123
   118
   119
   115
   104
   110
   140
   152
   165
   167
   168
   165
   158
   150
   143
   131
   113
    77
    86
   138
   153
   147
   143
   136
   117
   118
   122
   124
   133
   162
   175
   178
   167
   158
   145
   144
   136
   122
   108
    83
    52
    43
    48
    48
   109
   110
   136
   160
   166
   173
   178
   183
   184
   187
   193
   191
   191
   192
   190
   193
   194
   194
   193
   194
   194
   196
   198
   196
   196
   200
   201
   199
   197
   192
   196
   196
   196
   198
   196
   196
   195
   192
   190
   192
   188
   190
   181
   161
   110
   183
   213
   214
   182
   104
   104
   109
   108
   126
   143
   160
   159
   167
   183
   177
   161
   121
   105
   149
   158
   137
   133
   133
   134
   143
   150
   148
   124
    90
    93
   134
   150
   166
   162
   159
   157
   155
   147
   130
   117
    87
    77
   126
   150
   154
   141
   137
   123
   114
   123
   122
   132
   151
   169
   167
   168
   165
   156
   147
   137
   121
   112
    96
    68
    43
    45
    47
   109
   113
   150
   165
   164
   172
   179
   180
   187
   193
   191
   192
   193
   195
   194
   193
   191
   195
   196
   191
   192
   194
   197
   197
   199
   199
   202
   199
   198
   196
   196
   198
   199
   199
   199
   198
   195
   193
   193
   191
   191
   188
   186
   157
   116
   179
   209
   213
   165
   109
   102
   122
    96
   125
   149
   159
   165
   173
   164
   143
   101
    98
   141
   146
   136
   127
   133
   148
   154
   157
   157
   152
   140
    96
    63
    66
   111
   155
   159
   158
   156
   157
   142
   137
   121
    96
    76
   126
   145
   159
   156
   147
   123
   119
   123
   121
   129
   153
   169
   167
   165
   163
   157
   154
   147
   129
   120
    96
    73
    47
    47
    48
    96
   124
   150
   156
   161
   174
   182
   187
   191
   191
   199
   196
   199
   196
   197
   193
   193
   193
   192
   191
   196
   200
   199
   199
   197
   199
   198
   198
   197
   196
   198
   200
   200
   201
   200
   199
   200
   194
   196
   195
   193
   190
   186
   149
    97
   171
   202
   204
   142
    93
    90
   130
   123
   120
   146
   161
   157
   154
   147
   103
   118
   147
   142
   129
   132
   143
   157
   158
   164
   160
   163
   159
   144
   116
    57
    48
    73
   119
   150
   159
   163
   153
   149
   138
   123
   102
    80
   126
   138
   151
   151
   142
   131
   110
   117
   122
   127
   155
   169
   168
   166
   162
   159
   160
   150
   136
   124
   109
    85
    55
    41
    50
    98
   129
   142
   151
   167
   180
   185
   189
   193
   202
   202
   202
   198
   197
   193
   195
   194
   193
   192
   193
   195
   198
   198
   199
   200
   198
   197
   197
   195
   195
   195
   197
   198
   199
   201
   200
   199
   200
   195
   190
   191
   190
   187
   171
   111
   165
   204
   183
   149
   106
    69
    75
   120
   126
   130
   138
   144
   154
   138
   142
   152
   136
   126
   146
   156
   155
   145
   146
   142
   146
   144
   145
   135
   113
    73
    38
    55
    81
   130
   154
   155
   158
   146
   139
   124
   111
    84
   121
   146
   157
   160
   141
   122
   116
   115
   123
   131
   148
   167
   169
   165
   163
   157
   154
   151
   140
   120
   107
    85
    62
    42
    40
   108
   130
   144
   158
   165
   183
   187
   190
   197
   205
   205
   203
   196
   194
   193
   195
   194
   192
   195
   198
   196
   199
   200
   202
   200
   200
   197
   198
   196
   198
   195
   195
   195
   196
   199
   199
   199
   199
   195
   192
   193
   190
   187
   162
    79
   158
   201
   181
   148
   130
   100
    79
    84
   115
   120
   144
   134
    82
    78
   101
   117
   132
   149
   158
   154
   146
   147
   148
   145
   146
   143
   140
   134
   114
   100
    57
    42
    69
    99
   146
   151
   149
   147
   137
   124
   114
    93
   118
   157
   159
   161
   160
   135
   119
   114
   115
   126
   149
   172
   170
   167
   165
   157
   146
   150
   140
   128
   103
    89
    63
    49
    48
   120
   146
   162
   158
   170
   183
   187
   192
   200
   205
   208
   207
   202
   198
   193
   193
   194
   196
   197
   197
   202
   201
   201
   201
   199
   200
   203
   200
   199
   197
   200
   201
   202
   201
   200
   200
   200
   200
   199
   196
   195
   194
   189
   168
   102
   121
   187
   190
   170
   155
   157
   140
    98
    58
    69
    87
    79
    92
   116
   116
   120
   133
   142
   148
   147
   156
   159
   161
   164
   158
   162
   163
   153
   137
   118
    97
    59
    60
    76
   118
   154
   159
   148
   135
   121
   121
    99
   115
   176
   170
   171
   151
   133
   115
   113
   119
   126
   135
   168
   176
   169
   163
   162
   161
   156
   146
   129
   104
    79
    65
    43
    44
   121
   140
   155
   160
   171
   184
   187
   190
   204
   205
   211
   205
   202
   199
   197
   196
   197
   198
   198
   198
   201
   203
   201
   201
   200
   201
   199
   199
   196
   197
   196
   200
   199
   199
   197
   197
   198
   199
   201
   200
   197
   197
   191
   173
   125
   107
    69
    91
   105
   116
   100
    78
    72
    90
   112
   121
   119
   121
   122
   124
   135
   136
   135
   145
   164
   174
   175
   180
   179
   184
   184
   182
   168
   152
   138
   112
    81
    52
    70
   107
   142
   154
   152
   142
   129
   128
   107
   104
   167
   169
   162
   150
   135
   125
   117
   117
   126
   133
   155
   174
   167
   163
   152
   158
   158
   140
   127
   110
    92
    70
    49
    46
   116
   140
   160
   163
   170
   179
   188
   191
   203
   213
   206
   206
   200
   195
   193
   193
   193
   194
   195
   197
   203
   206
   204
   201
   201
   197
   197
   198
   197
   195
   195
   197
   197
   198
   197
   200
   198
   197
   198
   201
   201
   196
   194
   173
   128
   159
   156
   121
   104
    83
    84
   121
   161
   173
   176
   166
   164
   157
   148
   153
   158
   164
   163
   167
   177
   185
   185
   186
   190
   189
   193
   188
   181
   161
   146
   122
   101
    62
    58
    89
   130
   143
   144
   136
   135
   133
   111
    93
   154
   176
   170
   155
   135
   130
   123
   116
   125
   131
   148
   174
   174
   167
   155
   156
   149
   139
   128
   120
   100
    70
    50
    43
   140
   150
   158
   169
   178
   181
   188
   197
   207
   208
   208
   202
   199
   195
   193
   193
   194
   194
   197
   202
   201
   201
   202
   204
   200
   200
   198
   195
   197
   196
   198
   198
   197
   199
   200
   197
   195
   192
   196
   196
   196
   196
   192
   179
   133
   155
   190
   199
   186
   127
   144
   159
   190
   192
   188
   190
   192
   189
   184
   186
   186
   185
   183
   181
   186
   192
   197
   196
   193
   192
   192
   189
   185
   177
   156
   130
   110
    76
    55
    76
   127
   142
   144
   138
   136
   139
   112
    92
   149
   173
   170
   151
   138
   130
   120
   114
   131
   135
   135
   168
   170
   163
   157
   154
   151
   142
   130
   113
    95
    73
    42
    43
   139
   159
   167
   167
   176
   179
   186
   191
   201
   206
   203
   201
   197
   194
   195
   196
   193
   194
   197
   199
   202
   201
   200
   198
   199
   200
   198
   197
   195
   198
   199
   196
   197
   198
   198
   198
   196
   188
   192
   195
   191
   189
   182
   172
   140
   155
   178
   190
   186
   138
   166
   176
   193
   199
   200
   202
   203
   205
   207
   202
   204
   201
   196
   197
   194
   196
   199
   200
   196
   191
   192
   196
   192
   181
   167
   146
   114
    86
    64
    90
   132
   148
   143
   141
   138
   144
   131
   102
   143
   172
   169
   157
   143
   131
   120
   121
   132
   137
   136
   172
   173
   163
   162
   161
   152
   142
   132
   111
    93
    74
    51
    45
   146
   155
   168
   174
   175
   179
   184
   192
   196
   200
   199
   197
   198
   194
   193
   193
   195
   195
   196
   197
   197
   200
   199
   201
   200
   199
   200
   198
   199
   198
   196
   200
   198
   195
   197
   197
   198
   199
   198
   199
   201
   196
   191
   164
   127
   158
   174
   179
   179
   142
   153
   174
   188
   191
   192
   195
   193
   195
   196
   197
   195
   195
   196
   194
   194
   195
   197
   193
   191
   194
   189
   190
   189
   184
   164
   136
   123
    99
    77
   108
   138
   145
   143
   137
   134
   133
   126
   101
   144
   176
   171
   157
   148
   133
   122
   124
   130
   120
   132
   172
   176
   172
   163
   159
   151
   146
   132
   116
    99
    77
    51
    44
   156
   164
   171
   173
   179
   183
   187
   189
   190
   192
   197
   192
   184
   186
   191
   192
   191
   191
   191
   189
   196
   198
   201
   195
   196
   199
   199
   199
   197
   197
   197
   197
   196
   198
   197
   197
   197
   196
   197
   197
   199
   199
   197
   182
   135
   155
   182
   189
   181
   144
   146
   175
   184
   192
   191
   196
   193
   201
   198
   197
   197
   194
   192
   188
   189
   193
   194
   193
   188
   186
   184
   179
   179
   169
   146
   132
   123
    96
    96
   111
   135
   146
   135
   128
   136
   139
   119
    96
   137
   172
   168
   160
   148
   137
   128
   121
   121
   122
   133
   172
   181
   179
   173
   164
   156
   144
   135
   115
    95
    76
    51
    46
   154
   165
   174
   177
   178
   184
   187
   190
   187
   192
   188
   187
   178
   184
   189
   193
   194
   195
   195
   196
   196
   198
   201
   201
   198
   198
   196
   196
   198
   197
   200
   196
   197
   199
   199
   199
   198
   199
   200
   201
   198
   200
   196
   190
   161
   165
   186
   200
   195
   172
   135
   178
   181
   189
   188
   178
   181
   178
   181
   178
   180
   185
   186
   187
   187
   189
   189
   188
   184
   177
   174
   173
   165
   153
   130
   118
   100
    88
   102
   113
   132
   143
   136
   134
   125
   133
   118
    92
   129
   163
   162
   163
   145
   129
   122
   119
   128
   135
   150
   178
   177
   181
   170
   164
   155
   141
   131
   115
    99
    76
    48
    42
   157
   163
   172
   176
   178
   180
   183
   185
   188
   188
   193
   190
   185
   189
   190
   192
   193
   195
   196
   195
   199
   196
   198
   196
   198
   193
   197
   198
   199
   198
   198
   195
   195
   198
   197
   198
   198
   196
   196
   194
   195
   194
   193
   183
   139
   150
   170
   138
   100
   156
    88
    83
   116
   124
   146
   146
   146
   147
   136
   141
   146
   153
   166
   176
   176
   175
   180
   177
   177
   174
   165
   158
   156
   144
   123
   102
    79
    90
   114
   121
   133
   138
   139
   134
   129
   130
   111
    89
   121
   147
   160
   155
   147
   130
   118
   119
   133
   142
   157
   173
   171
   178
   177
   164
   150
   131
   126
   114
    94
    81
    53
    43
   158
   167
   170
   173
   181
   184
   182
   183
   189
   189
   189
   191
   193
   193
   195
   192
   192
   191
   190
   193
   192
   194
   193
   195
   194
   193
   194
   196
   195
   196
   195
   195
   195
   197
   198
   196
   198
   198
   197
   196
   197
   194
   189
   183
   142
   131
    85
    90
   106
   128
   145
   111
    83
    66
    58
    90
    85
    99
   131
   124
   120
   131
   138
   147
   169
   173
   165
   165
   165
   164
   162
   160
   157
   145
   122
    85
    82
   107
   114
   125
   138
   141
   136
   126
   132
   133
   105
    85
   122
   144
   149
   152
   139
   134
   128
   132
   133
   141
   154
   171
   168
   166
   163
   156
   143
   135
   125
   110
    98
    81
    52
    49
   157
   162
   172
   173
   175
   181
   184
   189
   188
   191
   190
   189
   191
   192
   194
   194
   192
   191
   190
   193
   194
   193
   193
   193
   192
   195
   196
   196
   197
   198
   195
   195
   194
   195
   195
   196
   195
   197
   198
   192
   189
   196
   191
   182
   140
    99
   118
   172
   184
   181
   164
   146
   131
   131
   108
    62
    81
    72
    63
   119
   124
   121
   142
   146
   145
   155
   165
   174
   170
   168
   164
   161
   156
   143
   110
    73
    91
   113
   124
   130
   140
   137
   129
   129
   126
   129
    95
    83
   116
   141
   151
   138
   137
   131
   128
   131
   133
   135
   145
   167
   172
   167
   154
   153
   144
   130
   131
   110
    93
    73
    52
    53
   156
   159
   170
   173
   180
   183
   186
   189
   192
   190
   191
   192
   193
   192
   191
   192
   186
   189
   190
   192
   191
   191
   189
   189
   193
   196
   195
   195
   196
   198
   199
   196
   199
   198
   197
   199
   198
   198
   197
   197
   196
   194
   188
   184
   125
    86
   139
   156
   153
   143
   125
   112
   114
   131
   155
   152
   123
   125
   141
   122
   147
   147
   123
   151
   153
   134
   132
   136
   147
   154
   157
   158
   150
   134
    93
    71
    99
   125
   132
   128
   129
   135
   130
   129
   127
   122
    87
    89
   113
   135
   142
   148
   141
   132
   129
   133
   132
   142
   154
   166
   175
   168
   160
   161
   144
   132
   114
   106
    91
    74
    49
    49
   157
   161
   174
   179
   176
   181
   183
   185
   188
   190
   188
   189
   189
   193
   193
   191
   189
   187
   188
   190
   188
   189
   189
   188
   189
   192
   192
   194
   194
   194
   194
   194
   193
   196
   196
   196
   199
   198
   198
   197
   195
   192
   189
   181
   136
   102
   131
   141
   141
   126
   104
    99
   120
   152
   155
   148
   140
   127
   127
   128
    75
   111
   151
   124
   149
   146
   133
   134
   140
   149
   146
   147
   145
   123
    86
    70
   107
   134
   133
   132
   129
   133
   133
   125
   125
   121
    87
    90
   114
   135
   146
   146
   138
   130
   131
   134
   133
   145
   158
   165
   165
   159
   158
   148
   145
   127
   112
   105
    93
    70
    44
    59
   160
   160
   167
   170
   175
   178
   184
   182
   189
   188
   187
   185
   187
   188
   190
   189
   189
   191
   189
   190
   191
   189
   186
   189
   191
   192
   194
   193
   193
   193
   195
   195
   196
   197
   196
   199
   198
   199
   197
   198
   196
   189
   188
   181
   133
   110
   131
   140
   132
   116
   104
   108
   129
   133
   110
   135
   136
   131
   141
   142
   139
    90
    77
   154
   145
   155
   152
   148
   152
   155
   153
   147
   136
   126
    90
    72
   116
   133
   124
   128
   132
   131
   130
   133
   130
   108
    76
    99
   118
   133
   138
   137
   130
   133
   130
   133
   136
   141
   156
   173
   169
   164
   155
   147
   134
   126
   121
   108
    90
    60
    52
    63
   148
   160
   171
   175
   177
   177
   181
   183
   185
   183
   188
   189
   189
   191
   192
   192
   190
   188
   192
   192
   191
   192
   188
   190
   193
   194
   194
   193
   192
   193
   194
   196
   196
   193
   193
   197
   198
   200
   198
   196
   192
   191
   189
   182
   119
   105
   127
   136
   125
   116
   105
   102
   119
   111
   123
   124
   129
   129
   141
   160
   158
   161
   123
    72
   157
   159
   157
   151
   145
   150
   155
   149
   139
   122
    96
    96
   132
   139
   135
   137
   138
   139
   139
   138
   129
   111
    80
   108
   127
   134
   134
   139
   136
   135
   132
   134
   136
   146
   154
   167
   164
   161
   159
   152
   140
   131
   120
   108
    86
    56
    59
    69
   148
   157
   165
   164
   174
   175
   178
   172
   183
   186
   185
   188
   190
   188
   190
   190
   191
   190
   189
   190
   191
   188
   188
   190
   191
   193
   193
   195
   194
   195
   193
   194
   194
   194
   195
   196
   196
   198
   196
   193
   191
   190
   187
   177
   179
   118
   124
   130
   121
   109
    85
   100
   115
   108
   115
   130
   130
   143
   144
   154
   168
   170
   170
   147
    69
   146
   155
   161
   148
   129
   126
   128
   118
   108
   104
   128
   138
   142
   152
   150
   150
   143
   135
   127
   123
   105
    81
   110
   124
   130
   133
   132
   134
   136
   133
   133
   135
   145
   157
   158
   158
   154
   151
   141
   130
   120
   115
   104
    74
    56
    64
    70
   145
   153
   159
   162
   170
   178
   175
   164
   176
   182
   183
   180
   182
   187
   187
   188
   189
   190
   188
   186
   188
   187
   188
   185
   188
   187
   190
   193
   193
   192
   193
   192
   191
   193
   195
   193
   192
   192
   194
   192
   191
   187
   188
   173
   139
   116
   120
   116
   120
   130
    83
   100
    95
   111
   122
   131
   127
   140
   150
   154
   165
   176
   176
   172
   162
    83
   140
   140
   151
   143
   124
   116
   117
   126
   144
   145
   147
   147
   147
   145
   141
   142
   132
   125
   117
    96
    86
   112
   124
   129
   130
   131
   133
   134
   130
   136
   143
   147
   152
   157
   158
   149
   145
   135
   122
   116
   112
    90
    65
    57
    63
    70
   146
   147
   165
   173
   171
   175
   180
   177
   173
   180
   181
   183
   186
   189
   189
   190
   191
   190
   193
   192
   188
   189
   189
   189
   190
   192
   192
   191
   192
   191
   193
   189
   189
   193
   195
   195
   195
   197
   196
   192
   194
   195
   190
   173
   135
   104
   106
   103
   123
   159
   104
   101
   128
   147
   142
   149
   139
   142
   154
   163
   162
   177
   178
   180
   184
   165
    90
   155
   143
   158
   140
   128
   129
   140
   142
   148
   143
   144
   144
   139
   136
   140
   132
   127
   118
    88
    77
   118
   125
   125
   127
   133
   135
   136
   137
   136
   149
   159
   156
   150
   148
   142
   132
   128
   119
   112
    94
    68
    59
    63
    67
    67
   132
   139
   153
   168
   170
   174
   177
   180
   178
   176
   185
   186
   187
   189
   189
   189
   190
   189
   188
   191
   191
   190
   191
   191
   192
   189
   190
   191
   189
   188
   189
   192
   196
   194
   192
   195
   194
   194
   194
   193
   190
   188
   188
   169
   144
   105
    96
    92
   120
   151
   105
   112
   151
   161
   161
   157
   145
   148
   146
   162
   160
   170
   183
   181
   183
   187
   163
   102
   143
   149
   151
   141
   135
   147
   160
   158
   158
   148
   144
   146
   144
   145
   138
   121
   103
    77
    94
   117
   128
   133
   134
   138
   143
   141
   137
   149
   153
   150
   145
   144
   138
   136
   131
   119
   113
   101
    79
    63
    63
    65
    72
    73
   125
   131
   140
   161
   176
   171
   172
   179
   176
   173
   176
   183
   185
   187
   187
   187
   189
   191
   190
   188
   191
   189
   187
   189
   192
   190
   191
   190
   193
   193
   190
   192
   190
   194
   196
   190
   193
   192
   194
   192
   194
   190
   180
   154
   133
   116
   113
    92
   121
   132
    99
    95
    92
    77
   132
   179
   155
   156
   138
   159
   154
   167
   181
   179
   183
   180
   185
   122
   133
   137
   149
   146
   134
   139
   159
   168
   167
   160
   155
   150
   151
   150
   135
   120
    98
    82
   115
   130
   132
   137
   143
   143
   139
   142
   144
   147
   147
   145
   144
   135
   131
   128
   115
   112
   102
    84
    73
    69
    68
    69
    68
    67
   122
   135
   143
   149
   157
   158
   156
   155
   155
   166
   178
   180
   181
   180
   186
   185
   184
   187
   188
   190
   186
   188
   191
   187
   184
   189
   189
   191
   186
   186
   188
   186
   191
   191
   192
   195
   193
   191
   190
   192
   191
   190
   183
   150
   142
   107
   106
    96
   134
   120
    92
    64
    71
    83
    81
   158
   154
   157
   137
   158
   157
   153
   177
   181
   181
   179
   179
   181
   102
   137
   153
   155
   144
   142
   146
   159
   166
   165
   157
   156
   147
   147
   135
   122
   101
    89
   121
   136
   138
   139
   149
   146
   144
   143
   143
   141
   141
   133
   135
   128
   125
   118
   105
    95
    86
    75
    72
    72
    71
    69
    76
    79
   117
   129
   127
   146
   150
   164
   161
   156
   148
   158
   175
   180
   185
   183
   183
   187
   188
   189
   185
   186
   186
   187
   187
   189
   189
   188
   187
   191
   185
   182
   185
   187
   188
   190
   188
   186
   183
   188
   192
   193
   191
   187
   175
   149
   134
   112
   111
    98
   144
   146
   106
    74
    87
    63
    85
   135
   154
   162
   145
   152
   165
   157
   174
   178
   181
   180
   179
   185
   142
   118
   148
   158
   143
   144
   148
   152
   164
   170
   160
   152
   155
   146
   136
   124
   110
    95
   116
   144
   144
   148
   145
   145
   135
   135
   135
   124
   124
   123
   122
   119
   110
   106
    95
    84
    78
    80
    73
    69
    70
    69
    77
    76
   106
   121
   131
   141
   151
   163
   161
   152
   155
   154
   165
   178
   181
   182
   184
   185
   187
   187
   188
   188
   186
   187
   184
   181
   183
   187
   186
   188
   187
   185
   183
   183
   186
   186
   190
   187
   190
   191
   189
   188
   191
   188
   171
   140
   108
   103
   116
   109
   145
   147
    95
    68
   147
    98
    84
   129
   164
   174
   158
   147
   166
   158
   174
   173
   177
   180
   179
   179
   166
   113
   142
   159
   153
   149
   144
   150
   150
   157
   162
   157
   149
   143
   122
   123
   122
   114
   114
   143
   145
   147
   140
   132
   126
   128
   121
   117
   115
   115
   110
   113
   105
    97
    93
    90
    88
    82
    69
    72
    71
    75
    83
    84
   108
   106
   129
   136
   145
   162
   162
   156
   150
   157
   171
   174
   177
   182
   184
   185
   185
   185
   185
   185
   183
   184
   187
   188
   181
   181
   182
   185
   179
   179
   180
   184
   181
   182
   184
   186
   187
   189
   189
   189
   189
   188
   173
   150
   160
   128
   126
   117
   149
   150
   105
    37
    66
    90
    91
   137
   150
   168
   159
   141
   159
   161
   172
   180
   177
   176
   174
   174
   175
   124
   134
   143
   151
   148
   146
   150
   154
   148
   149
   151
   152
   145
   130
   126
   132
   128
   129
   146
   147
   144
   141
   134
   127
   124
   125
   118
   115
   109
   108
   105
   103
    97
    91
    94
    84
    78
    76
    75
    76
    82
    82
    80
   118
   110
   117
   131
   151
   158
   167
   156
   155
   163
   164
   174
   181
   184
   185
   185
   186
   186
   180
   181
   186
   186
   184
   186
   189
   182
   181
   182
   186
   183
   178
   181
   180
   182
   185
   189
   189
   191
   190
   191
   192
   188
   171
   148
   136
   133
   131
   123
   149
   170
   205
   119
    31
    51
   104
   161
   160
   173
   165
   144
   160
   159
   168
   175
   179
   181
   182
   176
   172
   133
   125
   142
   154
   155
   155
   154
   152
   152
   144
   141
   145
   150
   145
   137
   133
   130
   138
   140
   135
   137
   139
   130
   136
   136
   126
   117
   113
   111
   117
   116
   110
   106
   103
    95
    86
    75
    72
    68
    81
    79
    74
    79
   113
   108
   109
   124
   135
   151
   148
   147
   158
   164
   176
   177
   180
   183
   186
   185
   184
   183
   182
   182
   182
   184
   183
   181
   182
   182
   179
   179
   178
   178
   175
   178
   180
   182
   185
   187
   188
   188
   189
   190
   191
   186
   165
   156
   130
   109
   131
   129
   147
   183
   222
   177
   127
   138
   150
   166
   158
   172
   172
   146
   157
   163
   177
   173
   177
   173
   172
   178
   174
   172
   110
   144
   157
   152
   150
   150
   150
   148
   148
   141
   126
   131
   139
   136
   130
   122
   116
   120
   140
   161
   162
   155
   143
   133
   120
   110
   113
   120
   119
   115
   115
   110
    98
    89
    71
    71
    72
    77
    73
    73
    76
    86
   113
   111
   106
   118
   136
   148
   152
   151
   163
   168
   175
   175
   177
   179
   179
   182
   182
   183
   183
   184
   179
   180
   176
   178
   180
   182
   181
   174
   172
   177
   176
   181
   185
   187
   189
   188
   187
   185
   185
   190
   189
   180
   156
   153
   137
   140
   133
   134
   142
   167
   225
   194
   105
   148
   148
   148
   153
   173
   166
   150
   154
   164
   177
   177
   180
   178
   173
   173
   172
   184
   102
   145
   151
   150
   155
   151
   150
   152
   150
   145
   136
   128
   121
   127
   132
   129
   143
   159
   169
   168
   166
   150
   135
   125
   112
   108
   112
   119
   122
   112
   107
   102
    92
    83
    75
    70
    75
    76
    77
    79
    88
    93
   119
   109
   110
   110
   122
   142
   160
   163
   163
   164
   165
   166
   172
   177
   178
   176
   176
   178
   180
   180
   181
   180
   182
   177
   179
   183
   179
   181
   180
   178
   177
   179
   183
   180
   180
   183
   183
   183
   179
   181
   183
   182
   167
   154
   153
   188
   143
   140
   139
   143
   169
   131
    98
    86
   119
   131
   147
   174
   166
   155
   161
   170
   181
   175
   174
   176
   173
   164
   158
   190
   106
   146
   150
   156
   153
   146
   145
   149
   150
   153
   154
   149
   149
   160
   168
   178
   183
   182
   170
   162
   147
   135
   120
   113
   107
   112
   117
   115
   113
   113
   104
    96
    80
    73
    70
    67
    67
    68
    77
    88
    95
    97
   122
   117
   114
   106
   117
   142
   149
   155
   151
   162
   171
   174
   177
   176
   176
   177
   179
   178
   179
   179
   180
   178
   175
   180
   178
   176
   177
   179
   175
   172
   174
   179
   180
   178
   176
   177
   182
   181
   184
   185
   179
   179
   167
   160
   140
   188
   157
   140
   136
   142
   139
   107
   113
    84
    97
   126
   145
   162
   160
   154
   163
   165
   179
   174
   168
   168
   167
   167
   165
   192
   104
   143
   160
   160
   160
   151
   147
   148
   154
   155
   148
   144
   153
   159
   168
   175
   172
   166
   156
   145
   137
   122
   112
   110
   108
   111
   110
   112
   109
   106
   104
    90
    76
    68
    63
    63
    72
    83
    93
    96
   100
   105
   117
   121
   117
   102
    99
   123
   136
   139
   142
   156
   171
   171
   174
   173
   174
   173
   170
   175
   171
   175
   177
   179
   178
   172
   171
   171
   173
   170
   173
   173
   176
   177
   178
   176
   179
   178
   175
   176
   178
   182
   178
   171
   162
   162
   153
   160
   144
   152
   137
   146
   167
   140
    99
   110
    90
   117
   139
   141
   139
   149
   164
   171
   177
   176
   167
   161
   161
   160
   161
   186
   119
   138
   146
   147
   149
   149
   144
   143
   146
   150
   149
   151
   153
   153
   157
   150
   148
   136
   131
   124
   112
   111
   110
   110
   112
   113
   117
   109
   108
    97
    88
    85
    65
    59
    62
    83
    93
    96
    96
   100
   108
   102
   118
   118
   121
   112
    89
    96
   129
   142
   147
   154
   160
   168
   172
   170
   172
   173
   173
   173
   174
   174
   173
   173
   170
   174
   175
   172
   174
   171
   168
   171
   177
   177
   174
   175
   175
   179
   177
   173
   177
   178
   177
   171
   158
   156
   153
   142
   131
   147
   141
   142
   157
   144
   128
    96
   105
   116
   134
   139
   148
   145
   160
   164
   175
   173
   167
   161
   158
   155
   162
   179
   120
   145
   148
   149
   147
   147
   144
   143
   142
   144
   147
   142
   134
   137
   137
   136
   130
   129
   124
   116
   118
   121
   116
   113
   113
   112
   106
    99
   100
    93
    80
    62
    58
    74
    91
    96
    98
    97
    91
    98
   100
   105
   120
   118
   115
   123
   118
    75
    91
   126
   144
   157
   161
   160
   168
   168
   168
   168
   167
   171
   168
   169
   169
   171
   170
   172
   171
   173
   171
   169
   167
   167
   168
   172
   172
   172
   171
   171
   173
   169
   172
   170
   175
   176
   160
   149
   146
   141
   115
   150
   141
   125
   132
   135
   131
   119
   101
   106
   116
   131
   144
   151
   152
   169
   170
   171
   168
   161
   154
   155
   167
   165
   133
   152
   155
   152
   149
   142
   137
   136
   135
   135
   135
   133
   133
   134
   133
   131
   129
   120
   121
   122
   124
   123
   115
   117
   109
   106
   105
    94
    89
    81
    60
    70
    82
    95
   104
   104
   108
   106
   108
   109
   111
   107
   120
   119
   123
   119
   116
   102
    93
   116
   134
   154
   163
   166
   169
   167
   168
   165
   164
   165
   164
   167
   164
   168
   169
   163
   167
   163
   167
   167
   169
   172
   170
   170
   170
   170
   172
   168
   168
   168
   166
   167
   169
   171
   161
   147
   138
   140
   110
   142
   143
   128
   129
   133
   124
   121
   108
   104
   118
   124
   134
   148
   151
   166
   167
   161
   157
   153
   147
   145
   178
   152
   143
   156
   155
   152
   149
   140
   135
   137
   134
   126
   129
   129
   133
   135
   132
   135
   131
   136
   138
   135
   130
   126
   121
   115
   109
   102
    95
    86
    70
    65
    79
    87
   100
   106
   109
   110
   113
   108
    99
    86
    71
    73
   118
   119
   119
   118
   118
   116
    97
    82
   117
   131
   154
   163
   164
   163
   167
   165
   162
   162
   166
   167
   153
   156
   167
   161
   161
   164
   165
   162
   160
   165
   169
   164
   167
   165
   163
   159
   159
   156
   156
   154
   157
   160
   161
   147
   141
   145
   114
   125
   135
   126
   121
   126
   127
   127
   121
   119
   120
   128
   136
   146
   151
   152
   160
   151
   146
   139
   134
   143
   192
   134
   144
   152
   151
   147
   141
   139
   132
   136
   126
   128
   133
   131
   130
   134
   132
   130
   135
   138
   137
   132
   129
   124
   111
   108
    99
    93
    85
    68
    69
    80
    96
    96
    83
    77
    71
    72
    68
    68
    70
    95
   137
   174
   123
   119
   120
   117
   121
   118
   121
   101
    96
   130
   135
   150
   157
   159
   162
   161
   160
   161
   161
   164
   165
   163
   167
   164
   159
   162
   166
   166
   162
   160
   163
   165
   161
   158
   159
   153
   148
   152
   147
   147
   143
   146
   148
   143
   137
   132
   132
   107
   128
   125
   119
   124
   129
   132
   135
   133
   132
   120
   132
   142
   150
   153
   151
   149
   149
   144
   137
   165
   180
   124
   146
   153
   147
   144
   141
   134
   131
   125
   127
   125
   133
   134
   135
   141
   140
   138
   140
   139
   134
   128
   118
   115
   108
    98
    89
    82
    84
    93
   103
   110
    93
    88
   101
   111
   124
   122
   134
   160
   194
   223
   218
   193
   121
   124
   118
   119
   119
   116
   116
   122
    91
    86
   131
   132
   148
   153
   153
   159
   159
   161
   161
   158
   161
   157
   158
   162
   159
   163
   159
   163
   164
   161
   159
   154
   150
   145
   145
   145
   139
   140
   142
   139
   135
   134
   133
   137
   132
   130
   129
   109
   126
   118
   117
   118
   122
   124
   128
   138
   137
   130
   128
   134
   141
   142
   153
   147
   137
   143
   148
   187
   124
   135
   158
   149
   138
   136
   136
   131
   126
   123
   122
   121
   132
   134
   134
   133
   137
   137
   134
   135
   125
   118
   114
   107
    96
    87
    72
    50
    35
    42
    46
    68
   115
   124
   118
   134
   149
   184
   188
   188
   171
   133
   106
    91
   119
   113
   121
   119
   121
   120
   121
   118
   114
    95
    91
   127
   139
   150
   154
   150
   152
   156
   155
   154
   151
   157
   157
   161
   161
   153
   157
   155
   153
   149
   148
   143
   139
   137
   139
   139
   135
   129
   130
   133
   128
   126
   128
   123
   123
   120
   121
   117
   102
   130
   125
   133
   128
   127
   135
   134
   134
   121
   118
   135
   138
   143
   143
   145
   142
   140
   171
   137
   130
   156
   150
   142
   131
   130
   131
   123
   121
   124
   122
   127
   131
   131
   130
   124
   128
   133
   130
   123
   116
   115
   106
    94
    84
    68
    68
    54
    17
     4
     9
     5
    13
    74
   129
   137
   130
   107
   104
    98
    99
   111
   124
   145
   119
   121
   120
   121
   123
   123
   119
   119
   121
   122
    97
    82
   123
   140
   148
   152
   150
   149
   150
   152
   151
   152
   155
   154
   153
   149
   142
   148
   140
   136
   134
   137
   136
   134
   137
   136
   134
   132
   128
   129
   129
   128
   128
   125
   120
   115
   112
   113
   102
   110
   132
   128
   131
   136
   133
   127
   125
   106
   107
   119
   137
   143
   140
   134
   133
   166
   144
   115
   156
   153
   137
   132
   128
   125
   123
   124
   120
   118
   124
   127
   129
   129
   124
   124
   127
   123
   124
   115
   111
   108
    93
    82
    65
    72
    69
    72
    67
    24
    13
    24
    17
     5
    19
    62
   116
   137
   131
   124
   118
   111
   110
   107
   118
   117
   121
   120
   120
   119
   120
   119
   117
   112
   119
    96
    68
    99
   120
   144
   153
   152
   145
   143
   145
   145
   147
   151
   149
   149
   140
   131
   135
   134
   131
   129
   133
   136
   129
   134
   133
   134
   132
   130
   123
   118
   113
   118
   124
   123
   124
   124
   123
    90
   104
   124
   109
   125
   131
   135
   130
   130
   132
   130
   120
   106
   104
   124
   154
   124
   105
   139
   127
   122
   125
   124
   127
   123
   122
   118
   120
   117
   118
   118
   118
   112
   113
   118
   113
   112
   108
   105
    95
    80
    71
    65
    71
    72
    77
    74
    74
    73
    24
    13
    20
    27
    22
    10
     6
    51
    93
   121
   132
   138
   136
   135
   122
   122
   120
   118
   118
   115
   118
   122
   119
   120
   116
   115
    82
    69
    93
   116
   138
   146
   149
   151
   145
   141
   139
   138
   134
   135
   141
   135
   138
   143
   136
   135
   133
   134
   132
   135
   137
   134
   135
   130
   128
   128
   127
   120
   118
   121
   116
   114
   125
   131
    99
    81
    91
    35
    27
    34
    44
    75
    85
    84
   105
   136
   153
   143
   105
   105
   137
   141
   132
   127
   122
   118
   114
   115
   116
   116
   115
   115
   115
   114
   111
   117
   113
   115
   116
   104
    95
    82
    68
    64
    66
    71
    76
    79
    73
    76
    79
    79
    72
    25
    20
    19
    21
    18
    18
     6
     6
    26
    42
    63
    88
    96
   117
   119
   119
   120
   119
   119
   119
   115
   123
   123
   118
   117
   109
    84
    58
    66
    82
   111
   130
   141
   152
   149
   147
   139
   134
   137
   133
   135
   133
   139
   137
   138
   142
   138
   139
   136
   130
   127
   128
   124
   125
   121
   120
   120
   122
   120
   118
   125
   121
   120
   128
   112
    89
   161
   112
   103
    95
    87
    99
   110
   127
   120
    93
    84
   105
   125
   118
   116
   113
   111
   110
   105
   108
   110
   105
   101
    96
    88
    87
    88
    86
    84
    90
    80
    63
    64
    59
    62
    73
    73
    77
    76
    76
    72
    78
    77
    76
    79
    74
    46
    13
    18
    19
    21
    17
    22
    22
    17
    10
     6
    10
    10
   122
   120
   122
   121
   120
   120
   121
   119
   118
   121
   117
   116
   110
   102
    77
    57
    57
    59
    71
    90
   111
   123
   138
   145
   153
   144
   144
   144
   143
   142
   136
   138
   137
   141
   137
   131
   133
   128
   121
   122
   120
   121
   123
   122
   122
   119
   122
   121
   122
   119
   118
   130
   125
   148
   118
    82
    93
   100
    93
    88
    93
    96
   113
   122
   118
   108
    95
    93
    93
    87
    83
    80
    77
    82
    84
    95
   100
   111
   117
   116
   114
    95
    60
    62
    68
    69
    72
    75
    76
    76
    77
    80
    82
    80
    78
    79
    77
    82
    79
    83
    56
    19
    22
    22
    29
    21
    25
    20
    21
    21
    21
    19
   118
   120
   119
   120
   120
   117
   119
   119
   121
   119
   120
   118
   116
   114
    91
    65
    52
    49
    42
    34
    36
    50
    73
   103
   116
   137
   137
   135
   138
   136
   138
   138
   133
   131
   130
   129
   122
   119
   116
   117
   119
   112
   102
    94
    96
   104
   103
    99
    87
    89
    89
    73
    77
    61
    37
    73
    93
   117
   126
   126
   128
   130
   116
   103
   100
    98
   103
   110
   109
   122
   127
   134
   148
   144
   140
   141
   142
   141
   134
   131
   117
    91
    74
    74
    78
    77
    76
    78
    76
    78
    79
    75
    74
    78
    76
    79
    83
    74
    81
    80
    77
    45
    14
    18
    17
    23
    21
    18
    23
    28
    20
    23
   121
   120
   120
   122
   122
   122
   122
   121
   119
   120
   121
   116
   116
   110
   109
    79
    61
    57
    58
    53
    56
    47
    48
    61
    78
    81
    93
   108
   102
   110
   111
   112
   116
   114
   112
   109
   104
   108
   106
   102
    90
    83
    78
    75
    67
    68
    65
    59
    51
    51
    60
    42
    38
    74
    81
    47
    51
    57
    65
    71
    54
    41
    67
    91
   103
   132
   145
   153
   153
   154
   148
   147
   167
   157
   137
   128
   128
   138
   132
   124
   111
    81
    74
    77
    77
    82
    78
    79
    82
    83
    82
    85
    83
    81
    84
    82
    78
    82
    76
    81
    77
    74
    49
    17
    20
    18
    20
    23
    20
    19
    22
    22
   122
   121
   121
   120
   119
   120
   120
   120
   120
   119
   121
   119
   123
   122
   114
    92
    63
    59
    70
    76
    54
    52
    49
    59
    69
    76
    73
    67
    78
    78
    93
    92
    91
    90
    91
    90
    93
    89
    82
    74
    68
    59
    56
    55
    51
    45
    42
    40
    41
    38
    39
    54
    47
    55
    45
    49
    55
    47
    42
    34
    35
    71
   103
   116
   123
   139
   143
   149
   139
   135
   119
   122
   119
   115
   122
   126
   130
   128
   127
   121
    92
    75
    78
    76
    80
    80
    82
    81
    77
    75
    85
    81
    80
    76
    83
    80
    81
    75
    83
    83
    79
    83
    78
    33
    17
    21
    18
    21
    22
    15
    19
    17
   119
   121
   118
   119
   121
   121
   120
   119
   119
   118
   119
   121
   118
   121
   120
   111
    87
    59
    43
    49
    76
    69
    49
    48
    47
    65
    64
    70
    74
    57
    58
    67
    79
    77
    64
    64
    61
    70
    63
    67
    58
    44
    35
    34
    40
    45
    43
    47
    46
    39
    33
    33
    41
    60
    64
    56
    54
    51
    49
    71
   119
   139
   133
   132
   127
   125
   135
   131
   125
   126
   139
   147
   130
   114
   127
   136
   136
   140
   127
   103
    82
    81
    82
    82
    79
    81
    76
    78
    86
    86
    82
    84
    84
    84
    81
    79
    81
    81
    76
    80
    78
    80
    79
    76
    24
    19
    23
    22
    20
    23
    26
    17
   119
   120
   122
   122
   124
   123
   124
   123
   124
   119
   122
   119
   122
   122
   118
   121
   113
    78
    65
    52
    46
    60
    64
    61
    55
    56
    66
    63
    69
    82
    59
    52
    50
    67
    69
    52
    40
    34
    46
    54
    59
    57
    49
    61
    59
    64
    54
    46
    40
    42
    41
    33
    36
   103
   129
   108
    86
   102
   112
   138
   153
   150
   136
   132
   128
   126
   126
   131
   137
   149
   150
   137
   122
   125
   142
   138
   137
   119
    96
    81
    80
    81
    81
    85
    82
    85
    88
    85
    82
    80
    80
    82
    83
    77
    82
    83
    80
    81
    79
    79
    83
    81
    79
    75
    63
    15
    19
    24
    22
    19
    19
    20
   118
   119
   116
   118
   120
   118
   121
   120
   117
   120
   121
   123
   119
   120
   119
   119
   120
   102
    73
    54
    51
    55
    68
    63
    66
    54
    57
    64
    72
    67
    77
    76
    71
    54
    52
    48
    37
    28
    23
    25
    35
    47
    49
    44
    52
    43
    51
    47
    46
    49
    46
    33
    62
   123
   140
   118
   115
   133
   141
   151
   154
   151
   149
   143
   141
   147
   155
   157
   154
   137
   121
   114
   122
   144
   135
   117
    89
    79
    79
    79
    87
    83
    86
    83
    84
    81
    77
    83
    81
    87
    87
    81
    80
    85
    80
    80
    77
    78
    79
    81
    77
    80
    74
    80
    80
    59
    14
    13
    19
    20
    18
    19
   116
   120
   119
   117
   121
   122
   120
   120
   119
   122
   120
   121
   121
   120
   124
   118
   115
   110
    79
    64
    52
    56
    50
    56
    52
    64
    57
    56
    53
    66
    63
    74
    82
    71
    55
    35
    45
    39
    30
    25
    27
    27
    32
    28
    39
    45
    43
    51
    39
    39
    28
    38
    97
   139
   137
   104
   122
   142
   149
   145
   151
   146
   148
   151
   147
   150
   155
   133
   114
   107
   107
   126
   139
   118
    98
    74
    79
    81
    84
    84
    80
    87
    83
    81
    82
    88
    89
    80
    85
    82
    84
    86
    84
    80
    83
    78
    78
    77
    79
    81
    79
    80
    75
    74
    73
    74
    43
    20
    18
    21
    21
    23
   126
   119
   121
   119
   117
   119
   121
   124
   122
   119
   123
   120
   120
   122
   117
   121
   120
   116
   107
    86
    80
    62
    47
    41
    51
    42
    42
    49
    52
    46
    47
    46
    55
    75
    59
    60
    40
    38
    40
    37
    32
    33
    35
    37
    24
    34
    41
    47
    44
    32
    48
    61
   115
   132
   117
    90
   115
   130
   132
   130
   128
   131
   133
   133
   125
   115
   101
    95
   112
   123
   139
   125
    95
    87
    75
    84
    89
    87
    87
    89
    85
    84
    86
    83
    87
    81
    81
    87
    83
    88
    85
    82
    78
    84
    79
    82
    81
    77
    79
    75
    82
    79
    80
    80
    81
    77
    70
    27
    19
    21
    21
    15
   116
   119
   120
   119
   120
   122
   121
   119
   121
   122
   118
   121
   123
   121
   124
   120
   125
   120
   117
   114
   113
    96
    79
    55
    27
    21
    28
    27
    25
    22
    16
    24
    29
    46
    54
    53
    46
    34
    31
    27
    25
    15
    15
    28
    44
    45
    34
    29
    57
    81
    95
    93
   120
   121
   111
    78
    87
    89
    90
    93
    89
    84
    85
    85
    88
   100
   117
   132
   133
   121
    98
    84
    84
    86
    91
    90
    90
    87
    86
    86
    91
    91
    88
    87
    83
    87
    86
    84
    82
    80
    85
    85
    84
    83
    84
    82
    78
    80
    78
    79
    78
    79
    79
    78
    77
    78
    75
    35
    22
    19
    19
    23
   121
   121
   122
   122
   118
   120
   122
   120
   122
   122
   120
   120
   120
   120
   117
   119
   118
   121
   115
   117
   110
   117
   106
   101
    96
    66
    49
    25
    30
    35
    36
    29
    37
    30
    28
    47
    46
    43
    29
    23
    17
    30
    57
    76
    86
    81
    68
    66
    97
   114
   111
   110
   124
   125
   109
    54
    88
    93
    87
    84
    89
   105
   112
   125
   129
   131
   130
   111
    98
    86
    89
    94
    96
    95
    90
    88
    86
    88
    88
    85
    86
    84
    87
    85
    88
    86
    84
    82
    82
    86
    84
    85
    86
    81
    79
    79
    81
    79
    80
    81
    80
    78
    79
    74
    74
    75
    79
    61
    27
    25
    19
    15
   119
   121
   119
   119
   122
   122
   119
   119
   118
   119
   122
   118
   122
   121
   120
   122
   124
   121
   114
   109
   103
   109
   116
   123
   122
   127
   116
   111
   106
    98
   102
    96
    79
    64
    51
    63
    72
    78
    83
    84
    85
    97
   114
   117
   113
   116
   118
   120
   115
   120
   112
   108
   116
   126
   109
    67
    76
    96
   110
   120
   139
   135
   130
   121
   109
    98
    89
    89
    96
    99
    97
    95
    96
    90
    93
    93
    91
    90
    87
    92
    84
    87
    87
    86
    87
    84
    88
    84
    84
    83
    83
    86
    79
    77
    81
    82
    81
    80
    82
    76
    81
    84
    78
    77
    77
    75
    76
    73
    39
    23
    23
    24
   120
   117
   120
   121
   120
   120
   123
   121
   119
   123
   119
   121
   120
   121
   122
   117
   120
   120
   121
   119
   119
   119
   118
   119
   120
   118
   124
   128
   124
   127
   120
   122
   120
   121
   115
   107
   111
   112
   113
   115
   117
   119
   115
   112
   114
   111
   112
   114
   111
   112
   117
   115
   110
   112
   125
   112
   126
   130
   126
   132
   109
   108
    96
    94
   105
    97
   104
   102
    98
   102
    97
    96
    94
    92
    87
    89
    87
    86
    85
    86
    89
    89
    85
    84
    87
    89
    86
    81
    90
    83
    83
    80
    83
    85
    82
    81
    84
    80
    78
    79
    79
    79
    77
    78
    78
    81
    77
    76
    55
    20
    20
    18
   118
   119
   119
   118
   120
   118
   121
   122
   119
   120
   120
   120
   124
   121
   117
   119
   116
   114
   121
   124
   123
   121
   120
   122
   122
   122
   119
   118
   122
   116
   123
   122
   119
   117
   123
   121
   112
   115
   117
   114
   117
   119
   115
   116
   112
   115
   118
   117
   116
   113
   111
   115
   113
   110
   102
   114
   105
   104
   104
    93
   104
   103
   109
   106
   102
   107
   104
   103
   102
    98
   100
    98
    95
    94
    95
    89
    92
    91
    90
    89
    88
    86
    88
    88
    87
    87
    86
    88
    84
    86
    83
    84
    84
    80
    80
    80
    77
    77
    79
    79
    79
    80
    80
    81
    78
    74
    77
    75
    71
    30
    24
    27
   119
   119
   122
   120
   119
   122
   122
   122
   124
   121
   121
   122
   121
   120
   122
   118
   117
   115
   118
   118
   120
   121
   119
   117
   117
   119
   122
   120
   120
   120
   118
   119
   119
   115
   113
   113
   117
   115
   113
   111
   112
   114
   115
   112
   113
   115
   113
   112
   112
   118
   113
   118
   116
   115
   118
   113
   115
   112
   109
   117
   111
   110
   110
   109
   108
   106
   102
   101
    97
    96
    96
    96
    93
    93
    92
    95
    89
    89
    88
    88
    85
    89
    90
    84
    83
    86
    87
    89
    85
    86
    83
    81
    82
    85
    84
    84
    83
    84
    81
    83
    79
    77
    79
    75
    79
    76
    77
    78
    74
    59
    20
    22
