   108
   111
   111
   111
   109
   108
   112
   110
   111
   112
   111
   107
   111
   111
   110
   108
   107
   108
   106
   107
   105
   107
    99
    89
    89
    92
    87
    79
    73
    68
    45
    34
    47
    39
    34
    44
    61
    68
    71
    72
    75
    75
    82
    78
    83
    77
   112
   150
   133
    86
    46
    63
    81
    95
   104
   109
   115
   118
   117
   115
   107
    97
    94
    93
   110
   123
   139
   139
   114
    85
    65
    57
    61
    62
    69
    72
    67
    74
    70
    64
    72
    70
    70
    68
    70
    63
    66
    66
    62
    63
    61
    63
    63
    65
    62
    65
    61
    65
    66
    65
    64
    60
    65
    65
    68
    58
    38
    19
    18
    23
    27
    25
   112
   110
   111
   109
   113
   113
   112
   111
   110
   110
   110
   110
   109
   108
   109
   112
   112
   108
   100
   103
    99
    97
    95
    85
    88
    80
    78
    66
    61
    52
    48
    42
    36
    35
    29
    28
    30
    44
    56
    63
    63
    59
    59
    63
    72
    83
    97
   130
   116
   104
    77
    72
    90
   119
   129
   126
   128
   127
   128
   129
   133
   131
   116
   105
    90
    87
   104
   129
   143
   149
   134
   113
   103
    75
    58
    71
    71
    71
    72
    75
    66
    69
    66
    65
    67
    71
    68
    65
    65
    64
    66
    67
    66
    66
    70
    61
    63
    65
    65
    64
    64
    66
    65
    65
    58
    31
    24
    20
    22
    23
    28
    25
   110
   113
   111
   111
   111
   111
   109
   113
   111
   112
   113
   114
   113
   116
   109
   107
   106
    94
    91
    99
    95
    75
    71
    70
    62
    52
    55
    49
    63
    57
    50
    37
    33
    31
    26
    28
    34
    46
    65
    57
    51
    49
    52
    45
    42
    47
    67
   114
   131
    99
    87
    72
    64
    91
   124
   132
   123
   120
   114
   107
   105
   122
   133
   142
   140
   122
   110
    88
   122
   135
   138
   139
   126
   122
   101
    64
    66
    70
    70
    65
    65
    65
    67
    67
    67
    67
    66
    63
    67
    68
    63
    65
    63
    68
    62
    65
    67
    65
    65
    65
    63
    63
    69
    64
    32
    16
    19
    23
    23
    20
    23
    19
   113
   111
   114
   111
   110
   111
   112
   110
   111
   112
   110
   106
   109
   111
   114
    88
    88
    85
    88
    88
    83
    60
    55
    57
    68
    64
    62
    71
    68
    57
    44
    35
    28
    28
    44
    50
    60
    61
    53
    53
    51
    54
    59
    50
    43
    50
    62
    92
   121
    97
    58
    68
    66
    67
    84
    95
   102
   111
   106
    95
    95
    99
   111
   116
   122
   136
   142
   108
    99
   129
   144
   137
   125
   124
   116
    88
    65
    72
    66
    68
    71
    68
    69
    65
    62
    64
    65
    67
    65
    65
    65
    65
    65
    64
    66
    65
    65
    65
    65
    66
    69
    67
    47
    23
    16
    22
    22
    23
    21
    26
    24
    25
   110
   110
   107
   112
   112
   112
   112
   112
   112
   108
   115
   112
   108
   103
    96
    85
    69
    74
    72
    67
    50
    57
    48
    64
    54
    57
    55
    50
    46
    36
    26
    38
    49
    56
    54
    52
    47
    49
    54
    54
    44
    35
    27
    36
    36
    42
    37
    34
    75
    61
    46
    30
    35
    31
    25
    28
    26
    41
    52
    72
    89
   101
   109
   108
   112
   116
   137
   155
   134
   105
   125
   136
   138
   131
   123
   107
    81
    68
    76
    76
    72
    69
    65
    72
    70
    68
    68
    68
    67
    68
    70
    70
    65
    65
    65
    68
    68
    66
    62
    61
    64
    60
    25
    23
    19
    24
    20
    25
    26
    26
    22
    23
   107
   110
   114
   113
   114
   111
   113
   113
   112
   113
   109
   109
   111
   108
    88
    61
    59
    58
    49
    52
    64
    57
    62
    62
    54
    46
    51
    65
    45
    40
    51
    57
    58
    57
    43
    58
    62
    56
    42
    37
    42
    33
    32
    26
    28
    22
    23
    18
    12
    16
    33
    63
    63
    78
    83
    88
    86
    77
    73
    68
    85
    93
   105
   114
   113
   116
   129
   146
   145
   108
   102
   114
   126
   127
   124
   109
    74
    61
    58
    58
    57
    61
    66
    64
    67
    66
    71
    66
    68
    64
    64
    68
    67
    67
    65
    64
    67
    62
    67
    68
    64
    35
    17
    23
    21
    23
    23
    27
    27
    27
    32
    32
   114
   111
   112
   109
   111
   113
   111
   112
   111
   109
   107
   109
    96
    91
    74
    45
    45
    49
    44
    50
    58
    60
    53
    56
    51
    55
    64
    62
    68
    63
    65
    71
    74
    70
    67
    62
    53
    33
    42
    44
    46
    57
    58
    68
    71
    77
    86
    98
    92
    90
    35
    67
    93
    97
    97
    96
    97
    93
   101
   113
   110
    95
    86
    87
    85
    85
    82
    90
    95
    98
   101
    96
    94
    98
    98
   101
    92
    86
    89
    80
    81
    77
    61
    68
    58
    56
    61
    63
    71
    68
    69
    65
    66
    68
    65
    64
    63
    68
    67
    61
    39
    26
    22
    23
    23
    21
    26
    24
    26
    20
    12
    12
   115
   117
   114
   117
   114
   114
   111
   109
   110
   106
   112
   109
    96
    72
    54
    53
    47
    56
    60
    59
    50
    47
    57
    75
    87
    94
    90
   100
    99
   108
   102
    96
    93
    94
    90
    87
    82
    95
   104
   109
   113
   116
   122
   125
   125
   130
   131
   135
   131
   147
   126
   113
   114
   106
   108
   111
   115
   119
   106
    84
    80
   106
   108
    91
    95
    92
    91
    91
    93
    97
    96
   102
   103
   104
   105
   109
   115
   114
   115
   118
   107
   104
   105
    93
    91
    80
    72
    69
    57
    64
    68
    67
    68
    67
    69
    69
    69
    66
    66
    66
    26
    23
    22
    26
    24
    25
    13
     6
     4
    16
    31
    45
   112
   111
   114
   110
   112
   112
   115
   113
   113
   115
   108
    98
    80
    58
    58
    42
    45
    56
    60
    49
    52
    69
    93
   117
   123
   122
   129
   124
   125
   127
   115
   105
   105
   110
   112
   116
   117
   120
   121
   121
   122
   121
   124
   122
   121
   128
   137
   118
   104
   104
    88
    51
    62
    74
    80
    81
    90
    95
   108
   128
   121
    81
    98
   126
   111
   109
   105
   105
   102
   101
   102
   102
   108
   103
   106
   104
   104
   109
   109
   113
   114
   114
   107
   104
   102
    96
    86
    71
    68
    66
    68
    64
    67
    66
    67
    62
    69
    68
    51
    26
    29
    26
    21
    15
    10
     6
     4
    65
   102
   131
   135
   136
   112
   115
   113
   113
   110
   114
   111
   115
   107
   104
   102
    89
    69
    55
    44
    49
    47
    56
    60
    70
   104
   124
   133
   138
   134
   136
   132
   131
   132
   126
   122
   121
   124
   121
   121
   115
   119
   121
   123
   120
   122
   122
   124
   127
   128
   130
   118
   110
   111
   102
    91
    95
   102
   114
   122
   127
   122
   121
   115
   103
   122
   145
    92
    95
   134
   126
   121
   112
   112
   113
   113
   115
   115
   116
   111
   111
   110
   114
   112
   113
   112
   116
   117
   118
   104
   103
   100
    89
    76
    64
    59
    68
    71
    69
    61
    65
    63
    62
    45
    17
     4
     3
    12
    27
    47
    74
   101
   111
   110
   118
   143
   159
   111
   111
   112
   112
   115
   110
   111
   112
   111
    99
    83
    71
    51
    48
    51
    44
    51
    78
   106
   130
   140
   141
   141
   140
   140
   136
   133
   136
   128
   127
   131
   130
   127
   125
   121
   123
   117
   121
   123
   125
   120
   119
   116
   122
   131
   110
   108
   128
   134
   138
   140
   145
   131
   120
   116
   115
   121
   124
   120
   128
   119
   126
   154
   109
   109
   132
   128
   122
   124
   128
   129
   127
   129
   132
   133
   127
   127
   126
   126
   125
   125
   119
   120
   121
   120
   112
   108
   107
    95
    87
    76
    59
    61
    64
    69
    58
    50
    27
     8
     5
    52
    99
   148
   182
   216
   229
   222
   200
   172
   134
    99
    95
   115
   116
   116
   115
   111
   115
   114
   114
   103
    98
    70
    53
    44
    49
    34
    63
   100
   127
   140
   141
   137
   133
   130
   129
   129
   127
   127
   126
   127
   126
   126
   128
   127
   126
   128
   125
   126
   121
   121
   122
   126
   118
   120
   122
   107
    95
   124
   138
   139
   136
   139
   137
   141
   140
   135
   128
   132
   128
   138
   133
   130
   132
   129
   161
   100
   126
   133
   132
   136
   131
   135
   132
   129
   126
   128
   131
   135
   134
   133
   139
   130
   135
   134
   128
   124
   121
   118
   111
   112
   100
    85
    80
    56
    61
    85
    93
    94
    78
    77
    80
   112
   148
   171
   163
   145
   132
   150
   198
   222
   229
   220
   183
   111
   117
   117
   115
   113
   113
   116
   116
   101
    85
    60
    37
    26
    37
    81
   127
   140
   139
   132
   128
   129
   128
   127
   124
   125
   122
   123
   125
   127
   126
   125
   125
   131
   126
   124
   127
   124
   121
   122
   121
   118
   115
   115
   110
    92
   117
   129
   125
   125
   128
   130
   131
   137
   144
   147
   151
   147
   145
   138
   134
   136
   131
   132
   134
   182
   119
   137
   143
   139
   143
   143
   132
   134
   129
   128
   131
   136
   137
   142
   143
   143
   138
   142
   141
   139
   141
   134
   125
   121
   112
   104
    89
    86
    59
    52
    97
   116
   113
   113
   104
    98
    87
    79
    79
    82
    86
    81
    84
   107
   159
   206
   241
   115
   113
   109
   110
   112
   115
   115
   111
   101
    66
    44
    29
    50
   106
   140
   143
   140
   139
   143
   143
   137
   134
   129
   132
   131
   133
   135
   132
   128
   129
   132
   131
   125
   131
   133
   131
   133
   129
   134
   126
   123
   126
   126
   102
    93
   115
   113
   123
   127
   124
   132
   139
   140
   149
   155
   160
   159
   164
   167
   152
   129
   132
   128
   136
   154
   154
   126
   140
   140
   143
   150
   148
   152
   144
   139
   129
   133
   136
   138
   143
   141
   136
   126
   135
   139
   147
   146
   138
   132
   119
   107
   108
    96
    91
    65
    50
    72
    98
    98
   103
   102
   105
    97
    98
   104
   104
   108
   107
   105
    86
    93
   149
   114
   113
   113
   116
   114
   110
   108
   110
    86
    49
    32
    73
   127
   144
   143
   140
   143
   143
   143
   143
   148
   145
   143
   145
   147
   147
   146
   147
   144
   140
   145
   142
   146
   145
   147
   143
   141
   144
   144
   143
   135
   138
   142
    99
   113
   111
   103
   106
   117
   114
   114
   128
   140
   145
   158
   161
   167
   173
   175
   169
   155
   142
   144
   139
   144
   160
   117
   136
   143
   147
   149
   139
   129
   139
   138
   140
   135
   140
   144
   145
   151
   149
   136
   129
   133
   110
   115
   127
   128
   125
   116
   109
   108
    99
    94
    68
    39
    46
    74
    77
    87
    91
    95
    94
    97
   100
   101
   109
   111
   117
   111
    81
   110
   115
   116
   112
   113
   115
   109
   106
    79
    37
    80
   130
   147
   146
   149
   146
   147
   145
   148
   148
   148
   152
   155
   152
   151
   149
   145
   146
   151
   154
   151
   151
   155
   148
   144
   142
   147
   157
   160
   151
   140
   135
   129
    92
   130
   125
   118
   110
   113
   115
   109
   107
   128
   143
   145
   152
   159
   167
   176
   174
   171
   157
   149
   149
   146
   158
   129
   125
   138
   137
   148
   143
   138
   139
   136
   138
   138
   137
   140
   149
   155
   155
   162
   158
   159
   143
   128
   130
   135
   135
   128
   121
   119
   104
    98
    87
    71
    40
    40
    58
    69
    80
    84
    91
    95
    98
   100
   102
   110
   113
   116
   125
   118
   115
   114
   117
   113
   112
   114
   105
    74
    89
   137
   147
   148
   149
   152
   149
   147
   147
   149
   149
   153
   153
   151
   152
   149
   148
   150
   154
   150
   150
   159
   159
   155
   157
   158
   161
   164
   168
   161
   151
   145
   131
   128
   106
   131
   119
   126
   130
   132
   122
    99
   101
   118
   140
   149
   153
   158
   161
   174
   180
   181
   177
   163
   161
   155
   151
   173
    95
   145
   141
   139
   134
   132
   137
   141
   143
   143
   149
   151
   149
   155
   155
   160
   166
   162
   156
   155
   149
   144
   136
   131
   125
   118
   122
   115
   102
    92
    73
    52
    38
    44
    50
    69
    75
    82
    90
    92
    98
   108
   114
   112
   118
   116
   115
   116
   114
   116
   112
   106
    87
    76
   124
   149
   152
   154
   154
   153
   154
   156
   157
   157
   155
   158
   155
   154
   157
   156
   160
   160
   158
   156
   157
   159
   159
   157
   160
   162
   166
   166
   170
   160
   160
   154
   142
   162
   129
   127
   132
   135
   140
   132
    96
    86
   100
   125
   140
   149
   153
   156
   160
   164
   175
   184
   184
   173
   167
   157
   151
   174
   108
   147
   143
   144
   143
   139
   134
   134
   145
   148
   144
   145
   149
   150
   151
   154
   157
   157
   154
   151
   147
   140
   141
   133
   126
   120
   108
   113
   114
   105
    92
    71
    52
    46
    46
    48
    60
    64
    71
    85
    90
    92
    96
   106
   109
   114
   116
   115
   115
   113
   115
   108
    80
   124
   149
   153
   158
   156
   155
   154
   154
   156
   155
   159
   160
   161
   162
   161
   159
   158
   157
   158
   161
   159
   159
   160
   159
   162
   163
   167
   168
   172
   172
   156
   154
   149
   144
   178
   143
   130
   142
   149
   141
   110
    92
    90
   106
   116
   136
   148
   150
   160
   162
   165
   167
   179
   176
   170
   164
   160
   153
   179
   136
   149
   149
   149
   148
   144
   144
   141
   141
   144
   147
   144
   146
   146
   146
   148
   148
   151
   151
   147
   139
   142
   140
   134
   135
   132
   114
   105
   113
   109
    96
    83
    65
    46
    47
    48
    47
    60
    64
    68
    75
    78
    88
    97
   102
   117
   113
   118
   117
   116
   111
    93
   121
   150
   153
   159
   159
   161
   160
   161
   163
   161
   161
   162
   161
   161
   160
   164
   163
   165
   164
   162
   164
   163
   164
   162
   167
   170
   168
   169
   174
   176
   179
   162
   148
   151
   144
   177
   149
   148
   147
   151
   142
   114
   102
    83
   123
   133
   127
   141
   155
   168
   167
   168
   169
   162
   165
   163
   169
   168
   159
   178
   149
   146
   145
   156
   154
   147
   140
   140
   149
   147
   151
   150
   148
   151
   147
   144
   145
   148
   155
   156
   143
   136
   140
   142
   135
   131
   128
   119
   117
   116
   109
    89
    74
    62
    51
    50
    50
    46
    57
    60
    69
    68
    76
    81
    86
   117
   116
   113
   113
   108
   103
   109
   146
   161
   162
   162
   163
   162
   163
   165
   164
   168
   169
   166
   170
   165
   168
   169
   172
   168
   170
   170
   167
   166
   163
   169
   170
   170
   173
   178
   176
   176
   184
   175
   155
   145
   140
   167
   144
   139
   174
   156
   128
   104
    87
    83
   114
   152
   133
   148
   159
   174
   176
   178
   173
   170
   169
   165
   169
   170
   163
   183
   154
   154
   157
   151
   149
   149
   150
   149
   149
   153
   155
   153
   154
   153
   151
   150
   149
   140
   145
   158
   160
   152
   140
   139
   141
   134
   130
   126
   118
   114
   112
   106
    86
    60
    58
    45
    51
    52
    49
    50
    59
    62
    69
    75
    81
   112
   114
   115
   117
   115
    98
   133
   158
   165
   165
   167
   171
   174
   174
   170
   171
   170
   167
   173
   173
   174
   173
   171
   171
   170
   169
   169
   171
   164
   166
   167
   168
   173
   173
   178
   178
   180
   181
   182
   165
   145
   139
   117
   128
   138
   191
   175
   129
   106
    95
   141
   138
   154
   145
   151
   159
   174
   176
   169
   167
   175
   172
   172
   173
   169
   158
   179
   148
   157
   154
   161
   159
   150
   150
   150
   155
   161
   162
   161
   158
   155
   151
   151
   147
   132
   118
   115
   132
   139
   155
   141
   132
   131
   129
   135
   127
   121
   116
   112
    99
    82
    53
    48
    45
    48
    49
    53
    54
    58
    62
    71
    74
   115
   116
   110
   105
    98
   118
   156
   168
   168
   163
   168
   173
   174
   172
   170
   175
   171
   168
   176
   177
   176
   177
   175
   176
   172
   175
   175
   171
   168
   169
   172
   175
   174
   179
   178
   181
   182
   180
   174
   157
   143
   134
   114
   138
   146
   198
   171
   123
    99
   111
   149
   160
   155
   156
   149
   163
   170
   171
   173
   167
   174
   177
   174
   177
   172
   168
   186
   139
   156
   153
   155
   152
   150
   148
   151
   157
   166
   166
   161
   160
   157
   156
   153
   148
   141
   134
   118
   108
   117
   130
   148
   139
   134
   127
   123
   126
   125
   126
   123
   112
    87
    65
    46
    50
    49
    50
    51
    53
    50
    52
    59
    66
   117
   114
   113
   103
   101
   152
   163
   168
   169
   168
   174
   177
   175
   175
   177
   175
   181
   181
   180
   179
   178
   177
   178
   180
   178
   176
   171
   177
   175
   177
   175
   178
   178
   180
   183
   182
   186
   185
   177
   158
   126
   122
   109
   132
   140
   183
   172
   114
    78
    66
    58
    93
   162
   165
   151
   164
   173
   176
   169
   160
   170
   178
   179
   176
   175
   175
   181
   131
   161
   164
   162
   154
   144
   159
   164
   163
   166
   169
   170
   170
   163
   154
   149
   146
   142
   133
   125
   121
   123
   121
   131
   143
   138
   138
   131
   128
   124
   114
   119
   113
   104
    87
    54
    41
    40
    42
    46
    47
    49
    53
    56
    59
   118
   117
   112
    98
   129
   163
   170
   168
   167
   171
   176
   178
   178
   180
   180
   182
   183
   185
   182
   177
   181
   184
   183
   182
   182
   177
   178
   176
   180
   179
   175
   177
   181
   183
   185
   189
   191
   191
   184
   164
   132
   122
   102
   119
   129
   161
   166
   117
    70
    53
    82
    81
   129
   157
   142
   167
   170
   180
   174
   168
   166
   176
   181
   178
   175
   182
   169
   146
   161
   163
   160
   158
   154
   153
   166
   175
   173
   169
   172
   168
   157
   157
   153
   150
   147
   134
   121
   121
   135
   136
   131
   136
   138
   140
   146
   140
   129
   130
   127
   123
   112
    99
    78
    46
    41
    49
    46
    50
    51
    52
    53
    56
   116
   113
    97
   115
   149
   169
   170
   167
   169
   175
   177
   179
   182
   181
   178
   182
   183
   185
   183
   181
   180
   184
   187
   185
   185
   182
   182
   183
   181
   177
   177
   183
   183
   187
   187
   186
   186
   191
   186
   176
   143
   131
   126
   114
   117
   164
   172
   127
    75
    61
    60
    84
   101
   163
   147
   164
   165
   180
   168
   156
   165
   179
   183
   177
   171
   175
   144
   153
   163
   163
   158
   152
   152
   162
   169
   175
   180
   178
   168
   160
   156
   152
   157
   155
   142
   129
   116
   111
   141
   146
   148
   141
   136
   137
   136
   147
   144
   145
   144
   132
   128
   121
   106
    82
    53
    38
    46
    50
    47
    47
    48
    51
   112
   106
   102
   136
   165
   168
   165
   164
   173
   179
   185
   185
   185
   182
   181
   183
   185
   185
   187
   187
   187
   188
   184
   186
   184
   182
   183
   184
   184
   182
   186
   183
   185
   189
   189
   187
   188
   190
   186
   175
   147
   127
   125
   112
   102
   147
   176
   129
    83
   136
    82
    87
   109
   158
   149
   168
   168
   176
   165
   157
   169
   179
   177
   176
   176
   171
   135
   164
   162
   164
   161
   159
   156
   166
   175
   173
   173
   176
   171
   166
   159
   155
   158
   154
   143
   128
   107
   103
   136
   151
   154
   149
   137
   133
   137
   144
   143
   151
   144
   139
   133
   127
   121
   100
    70
    46
    46
    50
    51
    46
    48
    49
   117
   109
   115
   155
   165
   172
   173
   174
   183
   186
   189
   189
   187
   188
   186
   187
   185
   190
   191
   188
   189
   192
   189
   188
   185
   184
   186
   188
   186
   186
   190
   192
   190
   191
   190
   189
   185
   179
   176
   174
   144
   124
    84
   100
   102
   135
   158
   116
    80
    69
    95
    83
   126
   164
   138
   160
   177
   186
   167
   162
   174
   182
   179
   177
   177
   153
   141
   170
   169
   163
   158
   152
   159
   170
   175
   178
   172
   173
   174
   169
   164
   152
   149
   152
   147
   117
    96
   111
   148
   159
   155
   152
   145
   133
   133
   138
   149
   152
   158
   156
   146
   138
   126
   114
    99
    72
    45
    43
    48
    52
    54
    55
   103
   103
   133
   159
   164
   172
   173
   179
   186
   188
   185
   183
   185
   190
   190
   185
   187
   189
   190
   191
   190
   191
   192
   191
   186
   188
   189
   186
   186
   189
   189
   190
   192
   191
   192
   191
   189
   186
   177
   169
   151
   126
   151
   113
    91
   110
   129
    82
    70
    39
    53
   108
   150
   157
   133
   149
   174
   171
   159
   156
   178
   178
   182
   184
   180
   120
   156
   170
   167
   159
   154
   154
   159
   170
   176
   176
   175
   170
   169
   174
   171
   167
   162
   151
   133
   112
    81
   116
   154
   161
   148
   150
   143
   136
   134
   142
   148
   164
   167
   155
   157
   148
   147
   134
   119
    88
    48
    42
    52
    50
    48
    45
    98
   105
   148
   162
   165
   173
   174
   180
   184
   186
   191
   194
   191
   192
   189
   189
   187
   191
   189
   189
   193
   193
   194
   191
   189
   190
   185
   187
   185
   188
   193
   191
   190
   193
   192
   192
   193
   193
   188
   175
   161
   130
   138
   121
    89
   100
   146
   154
   104
    99
   147
   188
   157
   139
   121
   151
   175
   166
   158
   160
   175
   182
   184
   188
   144
   138
   165
   167
   160
   159
   149
   156
   168
   174
   173
   173
   171
   168
   170
   170
   165
   161
   154
   141
   131
   114
    79
   114
   149
   150
   138
   144
   137
   131
   129
   131
   145
   165
   171
   164
   165
   159
   140
   131
   129
   108
    81
    42
    39
    49
    54
    55
   108
   125
   150
   164
   167
   175
   178
   182
   188
   191
   190
   195
   196
   191
   192
   191
   191
   193
   192
   195
   198
   197
   198
   197
   197
   193
   187
   189
   193
   193
   194
   194
   194
   191
   195
   192
   191
   191
   191
   190
   172
   148
   122
   118
   104
   112
   200
   206
   140
   102
   130
   159
   141
   143
   129
   159
   166
   155
   143
   165
   183
   181
   184
   155
   111
   165
   175
   163
   157
   149
   145
   153
   161
   174
   177
   172
   174
   176
   172
   171
   161
   153
   145
   146
   128
   105
    79
    90
   146
   146
   154
   147
   142
   134
   127
   131
   141
   156
   172
   175
   171
   165
   156
   139
   121
   114
   108
    68
    42
    42
    49
    51
   109
   132
   157
   164
   172
   179
   182
   186
   192
   191
   193
   197
   194
   192
   192
   192
   193
   193
   194
   195
   196
   198
   196
   197
   199
   193
   195
   192
   193
   192
   194
   196
   194
   197
   193
   192
   191
   189
   191
   192
   182
   160
   133
   128
   133
   160
   209
   225
   151
   118
   104
   173
   127
   137
   130
   164
   165
   158
   160
   176
   177
   183
   168
   104
   150
   168
   162
   154
   150
   149
   150
   156
   164
   174
   175
   179
   180
   182
   179
   171
   165
   161
   154
   143
   132
   115
    81
    76
   129
   150
   151
   151
   144
   131
   123
   125
   137
   159
   172
   174
   174
   165
   160
   162
   140
   125
   110
    83
    52
    39
    45
    42
   114
   148
   162
   163
   169
   180
   183
   186
   190
   199
   200
   194
   195
   193
   192
   194
   194
   192
   191
   194
   197
   200
   202
   200
   199
   202
   195
   194
   193
   193
   195
   193
   198
   196
   197
   192
   189
   191
   190
   190
   188
   172
   133
   122
   138
   162
   202
   203
   119
   106
   108
   175
   172
   143
   147
   161
   158
   162
   177
   178
   176
   151
   100
   147
   163
   158
   140
   130
   124
   129
   137
   125
   121
   132
   156
   177
   181
   177
   171
   172
   167
   162
   155
   156
   137
   116
    93
    77
   124
   145
   144
   138
   138
   130
   125
   126
   126
   142
   157
   177
   178
   174
   162
   148
   137
   130
   120
    86
    58
    42
    50
    54
   122
   149
   160
   165
   171
   183
   185
   189
   199
   200
   199
   199
   198
   196
   193
   194
   194
   196
   194
   195
   196
   199
   200
   199
   200
   200
   202
   197
   197
   200
   198
   199
   198
   199
   197
   197
   193
   192
   190
   190
   189
   182
   149
   123
   149
   158
   133
   109
   101
   101
   113
    81
   118
   152
   157
   158
   165
   177
   180
   174
   138
   100
   133
   160
   156
   139
   133
   129
   128
   125
   124
   117
   105
   101
   138
   164
   167
   164
   166
   170
   168
   162
   156
   154
   147
   122
    87
    79
   119
   142
   151
   143
   141
   130
   120
   126
   131
   138
   156
   177
   177
   172
   168
   151
   146
   132
   112
    96
    69
    44
    42
    44
   122
   142
   151
   164
   176
   184
   187
   193
   199
   206
   204
   201
   198
   195
   196
   192
   193
   193
   192
   190
   195
   196
   200
   201
   199
   202
   200
   201
   195
   196
   199
   200
   200
   201
   201
   198
   194
   194
   194
   193
   191
   185
   157
   113
   150
   184
   168
    91
   103
   101
   131
   113
   126
   157
   160
   162
   172
   170
   154
   117
    97
   124
   147
   139
   128
   121
   128
   138
   142
   147
   148
   137
   106
    88
    86
   133
   165
   175
   170
   162
   166
   164
   161
   149
   142
   133
   104
    75
   116
   130
   155
   149
   137
   122
   110
   118
   124
   140
   161
   178
   177
   175
   167
   160
   148
   145
   123
   101
    80
    51
    41
    50
   133
   145
   154
   167
   178
   188
   193
   197
   204
   206
   206
   201
   199
   197
   195
   193
   194
   190
   192
   197
   198
   198
   196
   200
   201
   199
   197
   196
   197
   197
   201
   201
   201
   200
   201
   200
   199
   195
   197
   192
   187
   185
   139
   102
   149
   189
   185
   117
    87
    94
   130
   150
   131
   153
   158
   165
   159
   149
   121
   112
   141
   147
   130
   127
   130
   140
   149
   151
   152
   154
   153
   144
   110
    76
    73
    85
   139
   171
   166
   163
   163
   167
   155
   153
   144
   136
   114
    77
   128
   130
   149
   154
   142
   126
   106
   118
   124
   134
   160
   182
   180
   174
   166
   158
   153
   144
   130
   105
    88
    60
    42
    42
   141
   156
   157
   166
   179
   185
   190
   197
   205
   207
   206
   200
   196
   196
   195
   194
   194
   194
   193
   193
   198
   199
   200
   200
   200
   198
   198
   197
   196
   196
   197
   197
   202
   201
   199
   197
   197
   196
   191
   194
   192
   186
   152
   100
   153
   170
   170
   132
    96
    71
    83
   111
   138
   132
   143
   143
   141
   143
   139
   145
   140
   129
   133
   143
   151
   154
   152
   148
   153
   157
   157
   149
   116
    63
    58
    66
   106
   151
   163
   167
   167
   165
   157
   147
   144
   136
   114
    71
   120
   139
   141
   150
   143
   125
   105
   107
   120
   133
   160
   181
   179
   174
   168
   163
   152
   146
   132
   109
    88
    63
    44
    45
   135
   152
   158
   172
   180
   191
   193
   200
   206
   207
   205
   202
   199
   194
   193
   193
   194
   197
   199
   199
   202
   200
   201
   201
   201
   202
   200
   197
   200
   199
   200
   200
   199
   201
   201
   201
   200
   196
   194
   193
   190
   189
   179
   105
   142
   163
   154
   143
   126
    96
    72
    76
   110
   137
   121
    76
    76
    82
   113
   134
   137
   137
   156
   161
   157
   144
   147
   149
   150
   150
   153
   140
   118
    71
    34
    53
    76
   132
   166
   161
   165
   168
   165
   158
   143
   143
   121
    62
   117
   139
   148
   152
   147
   128
   106
   108
   114
   128
   155
   183
   184
   183
   169
   162
   146
   146
   129
   112
    90
    70
    46
    41
   129
   155
   160
   168
   179
   185
   190
   202
   205
   209
   206
   199
   199
   196
   194
   197
   196
   197
   197
   200
   197
   200
   199
   199
   198
   198
   198
   196
   196
   197
   200
   199
   197
   198
   200
   201
   199
   197
   200
   198
   197
   188
   160
    78
   146
   172
   172
   152
   147
   145
   142
   124
   112
    82
    71
    64
    73
   116
   113
   118
   145
   151
   158
   148
   142
   152
   152
   151
   147
   146
   144
   133
   116
    98
    50
    52
    69
   105
   155
   167
   158
   160
   156
   143
   138
   141
   121
    64
   109
   154
   148
   152
   148
   128
   108
   106
   106
   120
   149
   184
   186
   185
   174
   167
   155
   150
   137
   114
    91
    53
    40
    47
   149
   161
   167
   172
   178
   187
   190
   197
   211
   207
   203
   200
   197
   194
   194
   196
   194
   196
   198
   199
   202
   202
   202
   201
   201
   200
   197
   199
   196
   196
   200
   200
   198
   197
   195
   199
   200
   202
   199
   199
   196
   192
   167
   124
    79
   153
   184
   179
   164
   164
   118
    72
    46
    98
   122
   124
   129
   115
   131
   138
   139
   142
   140
   154
   164
   163
   166
   162
   162
   163
   161
   154
   129
   121
    98
    50
    56
    92
   129
   159
   162
   163
   156
   143
   134
   144
   130
    69
   104
   157
   159
   157
   136
   119
   108
   111
   107
   116
   131
   171
   186
   184
   174
   160
   154
   153
   137
   114
    92
    70
    45
    39
   151
   159
   167
   179
   180
   188
   193
   201
   203
   206
   202
   199
   196
   193
   193
   193
   194
   196
   198
   201
   203
   202
   202
   200
   198
   197
   197
   198
   196
   197
   197
   198
   199
   197
   200
   198
   198
   199
   202
   202
   197
   195
   171
   141
   146
    93
    85
    99
    98
    80
    99
   123
   148
   158
   157
   149
   149
   142
   140
   142
   140
   143
   156
   173
   178
   178
   183
   179
   184
   185
   173
   163
   153
   131
   112
    72
    55
    78
   123
   155
   163
   166
   154
   148
   145
   153
   130
    77
   100
   146
   162
   158
   136
   116
   109
   109
   105
   114
   122
   154
   180
   181
   174
   157
   154
   143
   129
   115
    96
    74
    48
    44
   153
   166
   165
   175
   176
   183
   189
   193
   199
   198
   196
   195
   195
   193
   193
   194
   196
   197
   198
   198
   200
   201
   200
   201
   197
   196
   194
   196
   196
   196
   199
   197
   198
   198
   196
   197
   193
   196
   196
   197
   196
   193
   171
   138
   165
   204
   197
   174
   113
   127
   153
   184
   197
   191
   186
   182
   165
   162
   170
   172
   173
   171
   174
   184
   189
   190
   189
   192
   192
   195
   192
   176
   157
   146
   123
    99
    57
    66
   107
   136
   155
   156
   156
   142
   154
   151
   130
    79
    92
   139
   151
   155
   136
   121
   121
   108
   104
   113
   125
   144
   180
   180
   172
   162
   155
   145
   132
   111
    96
    76
    48
    43
   158
   169
   174
   175
   177
   182
   188
   192
   193
   195
   194
   195
   194
   190
   194
   194
   193
   196
   195
   197
   198
   196
   199
   200
   199
   198
   197
   196
   198
   197
   196
   197
   196
   197
   198
   195
   189
   192
   195
   191
   188
   183
   168
   137
   154
   185
   192
   190
   130
   163
   176
   197
   196
   200
   200
   200
   202
   197
   194
   195
   191
   188
   187
   190
   195
   194
   195
   197
   197
   195
   189
   186
   168
   149
   130
   103
    76
    56
    99
   134
   146
   150
   150
   145
   156
   161
   141
   101
    89
   144
   157
   159
   140
   124
   118
   111
   107
   118
   126
   142
   179
   181
   169
   160
   157
   148
   136
   119
    90
    68
    52
    41
   160
   168
   172
   178
   185
   186
   187
   189
   191
   192
   191
   191
   191
   192
   193
   193
   192
   192
   194
   194
   197
   198
   198
   200
   199
   198
   196
   197
   198
   196
   199
   198
   196
   196
   196
   196
   195
   196
   197
   198
   197
   189
   163
   140
   163
   179
   181
   181
   136
   156
   174
   190
   198
   196
   199
   199
   203
   204
   202
   200
   200
   199
   197
   195
   197
   198
   196
   191
   190
   192
   195
   192
   183
   160
   140
   106
    82
    69
   108
   132
   143
   149
   146
   144
   153
   156
   148
   115
    98
   153
   169
   164
   139
   127
   117
   113
   110
   114
   117
   139
   175
   178
   171
   165
   161
   149
   134
   120
    99
    77
    49
    44
   162
   174
   176
   175
   179
   184
   187
   185
   189
   191
   187
   174
   181
   190
   192
   193
   192
   192
   192
   192
   195
   197
   195
   194
   198
   195
   198
   197
   197
   198
   198
   196
   200
   199
   200
   200
   201
   199
   200
   202
   199
   199
   169
   123
   159
   185
   183
   167
   127
   133
   175
   185
   191
   192
   193
   196
   195
   195
   195
   195
   195
   194
   194
   196
   196
   197
   194
   193
   190
   192
   191
   191
   182
   163
   138
   119
    93
    82
   113
   134
   145
   143
   135
   137
   146
   154
   137
   102
    94
   135
   153
   157
   145
   127
   117
   111
   111
   115
   118
   138
   181
   186
   183
   172
   158
   144
   137
   118
    98
    77
    51
    42
   163
   169
   173
   180
   181
   181
   184
   186
   186
   187
   186
   181
   184
   190
   191
   193
   193
   194
   192
   197
   198
   198
   198
   199
   197
   196
   196
   196
   198
   196
   194
   196
   196
   195
   195
   196
   199
   198
   197
   199
   198
   195
   189
   152
   161
   184
   196
   192
   185
   143
   190
   186
   193
   200
   198
   199
   204
   200
   199
   198
   195
   192
   189
   191
   192
   193
   190
   187
   187
   185
   184
   182
   171
   144
   134
   117
    96
   106
   111
   129
   147
   147
   136
   136
   135
   150
   140
    84
    88
   120
   145
   159
   144
   138
   116
   104
   110
   122
   128
   160
   184
   187
   185
   173
   157
   152
   133
   123
   101
    73
    51
    41
   165
   169
   170
   176
   180
   179
   182
   187
   189
   189
   191
   191
   193
   192
   192
   190
   192
   192
   195
   192
   190
   195
   194
   193
   192
   195
   195
   195
   196
   196
   196
   194
   195
   196
   198
   195
   195
   198
   198
   195
   197
   195
   186
   162
   159
   188
   172
   134
   183
   120
   134
   149
   163
   161
   158
   161
   156
   157
   161
   170
   179
   183
   186
   185
   188
   188
   185
   181
   175
   174
   169
   166
   143
   127
   123
   100
    87
   115
   124
   128
   138
   145
   138
   133
   134
   136
   121
    81
    97
   126
   144
   157
   149
   130
   118
   114
   116
   128
   140
   169
   175
   178
   181
   174
   160
   143
   126
   107
    95
    69
    50
    42
   153
   163
   171
   174
   178
   185
   186
   187
   188
   190
   189
   188
   192
   193
   192
   191
   188
   192
   189
   190
   194
   193
   193
   193
   192
   195
   196
   196
   196
   195
   192
   195
   197
   199
   198
   198
   196
   198
   195
   197
   193
   189
   184
   153
   143
   115
    92
    78
   105
    87
    60
    59
    70
    95
   121
   115
   143
   137
   127
   132
   144
   157
   169
   176
   177
   177
   180
   173
   170
   164
   157
   150
   139
   123
   104
    81
   101
   118
   124
   132
   141
   138
   136
   132
   136
   146
   120
    71
    93
   111
   143
   159
   140
   130
   120
   118
   122
   128
   139
   158
   176
   176
   172
   169
   152
   137
   124
   113
    93
    76
    52
    47
   152
   169
   173
   178
   180
   182
   187
   188
   187
   190
   192
   192
   194
   192
   192
   190
   192
   188
   191
   192
   189
   191
   191
   190
   194
   195
   195
   196
   198
   195
   195
   195
   195
   195
   198
   198
   200
   199
   192
   193
   196
   190
   184
   153
   102
   105
   154
   167
   165
   167
   148
   122
    97
    61
    45
    65
    46
   101
   120
   117
   120
   129
   139
   155
   167
   167
   164
   163
   162
   157
   154
   152
   134
   114
    75
    93
   110
   119
   125
   137
   144
   139
   132
   130
   134
   137
   110
    70
    96
   111
   136
   152
   146
   133
   119
   119
   122
   124
   135
   158
   175
   172
   169
   152
   149
   135
   121
   116
    95
    65
    46
    47
   161
   165
   168
   171
   175
   183
   184
   189
   189
   189
   187
   190
   189
   190
   191
   184
   186
   189
   188
   188
   188
   186
   189
   191
   192
   194
   194
   195
   197
   195
   194
   194
   194
   197
   196
   193
   194
   196
   196
   195
   195
   190
   184
   147
    97
   147
   173
   165
   151
   130
   113
   122
   153
   163
   126
   127
   104
    79
   124
   142
   129
   129
   141
   139
   140
   156
   165
   167
   164
   163
   160
   156
   136
    96
    69
    94
   104
   128
   127
   131
   134
   137
   128
   127
   129
   130
   104
    69
    97
   111
   133
   149
   145
   133
   121
   124
   126
   130
   141
   157
   175
   179
   169
   152
   148
   137
   121
   103
    87
    69
    43
    45
   151
   162
   165
   174
   176
   180
   181
   187
   186
   188
   186
   186
   189
   190
   188
   187
   188
   186
   188
   184
   185
   187
   182
   187
   192
   191
   192
   191
   190
   192
   194
   195
   194
   195
   198
   200
   197
   197
   196
   194
   191
   187
   180
   142
   101
   139
   150
   143
   126
   103
   101
   123
   156
   150
   153
   143
   137
   150
   126
   124
   149
   125
   126
   137
   132
   120
   131
   141
   149
   152
   153
   145
   127
    88
    71
    93
   114
   133
   134
   132
   125
   129
   129
   129
   132
   129
   104
    69
    98
   116
   131
   138
   140
   129
   120
   123
   122
   131
   143
   160
   168
   168
   159
   153
   141
   135
   118
    99
    88
    53
    44
    56
   152
   163
   167
   172
   173
   181
   182
   181
   182
   185
   187
   186
   191
   191
   189
   187
   189
   190
   191
   192
   189
   186
   191
   190
   190
   193
   191
   194
   194
   193
   196
   194
   197
   199
   196
   199
   198
   198
   197
   194
   191
   188
   178
   129
   100
   135
   142
   131
   109
   101
   106
   127
   124
   118
   134
   142
   135
   134
   132
    81
    85
   141
   135
   127
   142
   135
   126
   128
   141
   141
   140
   134
   119
    90
    77
    97
   124
   133
   127
   128
   130
   130
   136
   141
   136
   127
   101
    70
   105
   117
   137
   140
   136
   131
   128
   125
   128
   131
   140
   159
   174
   168
   163
   149
   138
   121
   111
   105
    88
    60
    48
    69
   148
   155
   153
   164
   173
   174
   172
   180
   184
   185
   189
   190
   189
   188
   191
   190
   187
   191
   190
   188
   190
   187
   188
   191
   193
   192
   192
   191
   193
   192
   195
   194
   190
   195
   196
   195
   197
   196
   198
   190
   190
   185
   170
   101
   100
   136
   146
   121
   100
    87
   102
   117
   108
   123
   127
   130
   137
   136
   153
   156
   116
    54
   140
   163
   132
   154
   137
   127
   132
   144
   145
   134
   127
    98
    80
    99
   126
   138
   139
   138
   139
   136
   137
   140
   135
   128
    98
    73
   101
   120
   130
   135
   134
   129
   131
   124
   123
   131
   148
   158
   164
   167
   157
   150
   140
   130
   124
   101
    84
    50
    50
    69
   142
   153
   165
   168
   172
   173
   163
   171
   180
   184
   180
   184
   186
   188
   187
   189
   191
   188
   189
   187
   186
   184
   185
   187
   187
   190
   193
   194
   191
   192
   193
   196
   192
   191
   192
   193
   194
   195
   189
   192
   188
   184
   176
   162
    99
   127
   131
   118
   136
   108
   106
   111
   110
   110
   125
   126
   142
   143
   150
   160
   178
   174
    71
   111
   175
   142
   163
   150
   135
   118
   121
   121
   111
   106
   121
   144
   147
   148
   147
   149
   146
   144
   136
   132
   127
   127
   107
    75
   105
   122
   134
   134
   132
   127
   127
   128
   129
   138
   143
   148
   156
   153
   151
   142
   132
   116
   104
    98
    64
    48
    62
    59
   124
   149
   164
   165
   172
   175
   175
   170
   177
   181
   183
   182
   188
   186
   188
   188
   189
   191
   186
   187
   186
   186
   185
   189
   188
   192
   191
   194
   193
   189
   190
   192
   192
   194
   194
   191
   192
   190
   189
   189
   188
   183
   165
   196
   126
   125
   124
   121
   142
   120
   101
    94
   111
   124
   134
   125
   143
   151
   151
   156
   172
   178
   176
    96
   117
   179
   151
   164
   155
   148
   131
   120
   123
   134
   143
   145
   147
   150
   143
   143
   134
   135
   141
   134
   134
   118
   104
    75
   103
   128
   134
   130
   131
   132
   126
   124
   125
   139
   148
   155
   154
   156
   144
   135
   130
   111
   102
    79
    51
    52
    65
    73
   127
   131
   153
   170
   168
   171
   175
   174
   174
   177
   183
   185
   187
   187
   188
   189
   187
   188
   189
   186
   187
   186
   190
   190
   190
   189
   190
   190
   189
   192
   188
   188
   193
   193
   192
   194
   192
   195
   191
   193
   191
   190
   166
   155
   108
   109
   105
   118
   137
   113
   107
   139
   170
   146
   148
   134
   141
   165
   163
   154
   168
   177
   177
   185
   105
   137
   174
   167
   173
   169
   155
   148
   142
   147
   145
   150
   153
   148
   145
   147
   145
   146
   146
   140
   123
   116
   104
    81
   120
   136
   134
   135
   140
   138
   134
   132
   134
   151
   153
   150
   146
   136
   137
   127
   113
   106
    90
    56
    52
    65
    67
    69
   122
   138
   147
   162
   162
   162
   171
   176
   171
   177
   181
   186
   185
   189
   186
   189
   189
   187
   188
   188
   189
   189
   186
   191
   188
   186
   188
   186
   185
   186
   191
   193
   191
   191
   193
   193
   192
   192
   189
   189
   188
   188
   163
   170
   105
    95
    96
   116
   111
    98
   106
   125
   134
   161
   166
   141
   143
   154
   160
   154
   161
   177
   181
   185
   186
    97
   163
   155
   167
   170
   160
   154
   155
   154
   155
   152
   152
   153
   149
   148
   145
   148
   148
   138
   128
   118
   114
    91
   129
   144
   140
   135
   136
   134
   128
   134
   137
   142
   142
   143
   135
   130
   124
   119
   107
    92
    69
    52
    60
    66
    71
    74
   114
   120
   134
   144
   150
   151
   153
   147
   157
   173
   176
   177
   181
   182
   183
   187
   187
   188
   189
   189
   188
   190
   191
   188
   192
   190
   188
   190
   190
   189
   187
   187
   191
   191
   189
   191
   192
   193
   191
   191
   184
   177
   140
   169
   107
    98
    96
   125
   116
    95
    66
    72
    53
   104
   178
   152
   151
   146
   163
   158
   151
   171
   179
   177
   182
   168
    88
   166
   155
   158
   164
   167
   163
   159
   159
   162
   160
   155
   156
   150
   144
   140
   141
   140
   135
   122
   114
    93
   111
   130
   135
   136
   139
   134
   134
   133
   136
   135
   134
   130
   126
   125
   117
   102
    90
    73
    55
    61
    67
    62
    77
    76
   104
   115
   129
   142
   159
   158
   149
   147
   156
   168
   180
   181
   181
   184
   185
   185
   186
   186
   185
   186
   186
   188
   187
   185
   186
   191
   190
   187
   185
   188
   190
   189
   189
   192
   193
   193
   191
   189
   193
   192
   190
   181
   122
   149
   109
   102
    98
   142
   134
   108
    64
    58
    85
    79
   142
   151
   157
   155
   165
   165
   149
   162
   175
   177
   180
   182
   139
   127
   158
   155
   166
   169
   160
   164
   164
   170
   166
   167
   161
   155
   153
   151
   140
   133
   130
   122
   127
   113
   114
   132
   135
   138
   136
   131
   122
   122
   123
   117
   119
   117
   118
   112
   108
    95
    75
    65
    65
    64
    63
    72
    78
    83
   107
   112
   125
   145
   152
   156
   150
   147
   148
   158
   174
   180
   179
   183
   184
   185
   185
   184
   181
   183
   186
   183
   184
   188
   186
   184
   188
   180
   176
   181
   179
   186
   189
   186
   183
   182
   186
   189
   191
   190
   186
   175
   107
   112
    72
    94
   101
   151
   142
    99
    43
   116
    58
    76
   130
   152
   158
   155
   159
   169
   157
   165
   172
   170
   176
   177
   175
   110
   157
   158
   161
   163
   158
   161
   162
   165
   167
   164
   166
   161
   153
   143
   137
   121
   125
   127
   127
   124
   128
   138
   133
   136
   129
   123
   117
   122
   117
   116
   120
   114
   112
   110
    93
    82
    71
    66
    66
    62
    74
    80
    77
    75
   113
   103
   114
   129
   151
   164
   154
   143
   152
   164
   170
   175
   183
   182
   182
   184
   185
   184
   186
   182
   183
   184
   179
   180
   183
   184
   185
   185
   181
   179
   183
   182
   184
   185
   185
   187
   188
   188
   188
   188
   183
   166
    99
   184
    98
   109
   107
   150
   148
   138
   103
   105
   108
    87
   124
   160
   162
   155
   157
   165
   158
   157
   171
   172
   173
   171
   171
   132
   129
   153
   152
   153
   153
   156
   160
   161
   166
   164
   167
   166
   154
   149
   141
   138
   129
   130
   129
   123
   127
   132
   128
   125
   124
   124
   125
   126
   126
   124
   112
   113
   106
   101
    85
    75
    74
    68
    63
    67
    72
    74
    76
    81
   109
   109
   104
   132
   148
   151
   153
   152
   159
   162
   168
   174
   180
   184
   188
   185
   184
   183
   181
   184
   185
   186
   188
   183
   180
   185
   185
   179
   177
   183
   182
   179
   181
   185
   187
   187
   188
   189
   190
   189
   187
   169
   113
   194
   138
   121
   119
   156
   172
   208
   164
    58
    74
    90
   143
   146
   154
   159
   157
   157
   160
   161
   176
   174
   176
   174
   174
   167
   117
   154
   144
   151
   150
   156
   165
   167
   163
   165
   164
   164
   163
   154
   141
   138
   132
   126
   120
   115
   119
   124
   133
   137
   131
   125
   131
   125
   120
   112
   110
   107
   103
    95
    87
    79
    73
    64
    65
    71
    72
    71
    77
    87
   114
   111
   112
   117
   136
   145
   136
   147
   158
   167
   172
   179
   181
   184
   179
   180
   182
   175
   179
   182
   182
   181
   181
   183
   179
   175
   175
   181
   182
   174
   178
   175
   179
   182
   186
   190
   190
   188
   190
   191
   186
   170
   124
   199
   148
   131
   121
   158
   179
   216
   206
    97
    70
   130
   171
   158
   161
   164
   165
   159
   158
   159
   166
   169
   172
   169
   166
   174
   113
   148
   152
   159
   154
   152
   159
   164
   165
   166
   159
   158
   154
   152
   151
   137
   134
   132
   132
   128
   132
   139
   143
   148
   139
   135
   127
   122
   115
   112
   111
   111
   105
    96
    88
    85
    66
    64
    72
    69
    78
    82
    92
    99
   115
   115
   107
   104
   125
   145
   148
   160
   163
   167
   171
   175
   175
   178
   179
   180
   181
   180
   182
   175
   178
   177
   179
   179
   180
   177
   173
   173
   173
   172
   179
   180
   181
   186
   184
   184
   187
   188
   188
   187
   181
   164
   145
   186
   159
   142
   124
   149
   163
   187
   179
   119
   148
   157
   160
   155
   161
   160
   159
   158
   159
   163
   169
   173
   176
   171
   164
   166
   144
   131
   153
   160
   151
   153
   156
   158
   158
   156
   158
   153
   155
   155
   154
   151
   155
   160
   158
   164
   161
   150
   145
   142
   138
   126
   128
   120
   113
   109
   113
   107
    97
    92
    89
    72
    66
    66
    66
    74
    82
    88
    97
   101
   120
   119
   110
   104
   119
   145
   155
   152
   161
   161
   164
   168
   175
   175
   175
   173
   177
   180
   179
   179
   180
   176
   173
   177
   179
   181
   175
   171
   175
   174
   177
   182
   185
   186
   184
   184
   181
   181
   189
   189
   174
   151
   148
   154
   153
   143
   127
   147
   157
   143
   103
    95
   120
   138
   141
   141
   161
   162
   167
   156
   156
   163
   171
   170
   171
   170
   166
   153
   164
   106
   145
   157
   155
   155
   157
   151
   147
   152
   154
   159
   155
   151
   145
   154
   160
   160
   164
   158
   153
   150
   142
   140
   131
   129
   125
   121
   116
   114
   114
   107
    96
    88
    73
    59
    52
    62
    80
    85
    94
    96
   103
   108
   119
   117
   114
   104
    97
   123
   135
   144
   155
   166
   170
   169
   171
   174
   173
   173
   173
   177
   176
   175
   175
   174
   174
   172
   176
   179
   176
   174
   173
   175
   178
   183
   178
   177
   178
   183
   180
   180
   184
   184
   183
   165
   151
   157
   139
   150
   131
   138
   150
   163
   112
   111
    64
   101
   127
   140
   154
   162
   161
   167
   168
   170
   173
   170
   166
   165
   157
   158
   173
   116
   151
   152
   154
   155
   155
   155
   151
   150
   152
   153
   153
   147
   148
   146
   146
   149
   142
   143
   141
   137
   136
   133
   127
   123
   121
   116
   113
   112
   105
   100
    95
    83
    60
    58
    70
    84
    95
    98
    99
   109
   110
   100
   121
   120
   117
   112
    85
    98
   132
   129
   142
   157
   165
   172
   171
   172
   168
   169
   175
   170
   174
   175
   174
   171
   171
   171
   169
   171
   172
   172
   171
   172
   175
   175
   171
   169
   175
   176
   180
   179
   180
   179
   174
   165
   155
   133
   108
   152
   135
   133
   148
   175
   130
   114
   107
    85
   121
   133
   146
   149
   158
   163
   169
   172
   171
   173
   165
   155
   150
   147
   176
   110
   143
   146
   144
   149
   146
   153
   151
   148
   147
   150
   149
   145
   135
   130
   133
   136
   137
   132
   136
   138
   127
   121
   122
   120
   116
   114
   111
   104
   104
    95
    76
    59
    58
    76
    92
    98
    96
   100
    95
    98
   106
   106
   120
   122
   122
   118
   101
    73
    98
   140
   153
   152
   158
   160
   164
   166
   169
   172
   169
   170
   170
   172
   172
   172
   172
   170
   169
   169
   168
   166
   169
   173
   172
   173
   175
   176
   173
   177
   174
   175
   178
   172
   164
   157
   159
   153
   106
   152
   140
   132
   141
   157
   141
   102
   102
    96
   106
   136
   137
   142
   152
   157
   164
   171
   172
   162
   159
   153
   149
   150
   175
   109
   146
   152
   154
   153
   151
   144
   140
   143
   142
   139
   135
   134
   135
   136
   140
   140
   142
   141
   132
   133
   131
   127
   128
   119
   118
   109
   105
   101
    93
    80
    60
    65
    86
    96
   103
   104
   106
   102
   103
   110
    97
    86
   119
   119
   121
   119
   125
   103
    89
   117
   145
   158
   161
   164
   166
   165
   164
   164
   167
   165
   165
   164
   165
   168
   167
   174
   171
   175
   166
   164
   171
   169
   176
   172
   169
   172
   178
   173
   171
   172
   177
   174
   173
   159
   152
   149
   114
   140
   144
   136
   125
   133
   141
   137
    97
   107
   109
   124
   136
   139
   146
   145
   166
   165
   171
   169
   164
   153
   148
   152
   168
   113
   147
   154
   155
   155
   150
   143
   139
   138
   143
   138
   136
   137
   136
   141
   142
   143
   144
   138
   130
   128
   128
   126
   121
   115
   113
   107
   106
    92
    70
    65
    80
    92
   103
   111
   115
   114
   115
   109
    93
    69
    70
    98
   121
   120
   121
   119
   116
   120
   107
    90
   122
   144
   163
   162
   157
   161
   161
   158
   161
   162
   161
   161
   167
   162
   164
   163
   162
   163
   164
   164
   164
   165
   169
   169
   168
   168
   168
   166
   167
   166
   166
   171
   172
   155
   149
   147
   122
   130
   145
   134
   123
   126
   130
   128
   130
   104
   103
   114
   125
   138
   143
   155
   168
   174
   167
   156
   158
   145
   131
   158
   196
   134
   141
   153
   153
   146
   146
   143
   142
   148
   138
   135
   137
   138
   134
   135
   140
   133
   131
   129
   135
   138
   129
   123
   121
   114
   105
    99
    91
    78
    74
    84
    98
    92
    77
    69
    67
    68
    64
    73
   101
   143
   195
   222
   121
   122
   121
   119
   121
   118
   119
   101
    90
   124
   143
   153
   158
   160
   159
   157
   157
   160
   163
   148
   151
   161
   157
   160
   160
   162
   160
   160
   165
   163
   164
   164
   165
   163
   158
   162
   163
   163
   164
   166
   167
   158
   141
   138
   130
   119
   145
   140
   128
   124
   127
   119
   116
   114
   111
   115
   125
   135
   147
   153
   160
   163
   154
   144
   137
   132
   128
   173
   171
   128
   139
   152
   148
   144
   140
   142
   136
   134
   130
   132
   134
   138
   134
   131
   131
   128
   130
   133
   131
   133
   125
   122
   111
   105
   105
    99
    97
   102
   110
   108
    94
    95
   116
   134
   149
   158
   165
   188
   218
   234
   207
   152
   120
   120
   118
   120
   119
   114
   119
   120
   105
    94
   126
   144
   146
   150
   156
   156
   154
   152
   158
   162
   157
   160
   159
   153
   160
   161
   163
   157
   157
   161
   165
   166
   160
   158
   157
   152
   151
   149
   149
   147
   151
   155
   143
   138
   134
    96
   132
   131
   123
   122
   130
   130
   125
   120
   120
   126
   122
   131
   138
   147
   156
   154
   147
   147
   143
   135
   140
   191
   121
   130
   148
   149
   139
   139
   138
   133
   129
   129
   127
   123
   127
   126
   128
   127
   127
   134
   131
   130
   124
   120
   116
   109
   106
    97
    77
    46
    25
    25
    35
    80
   122
   132
   121
   126
   138
   161
   168
   157
   134
    96
    80
    95
   122
   122
   121
   121
   122
   122
   118
   120
   115
   103
    92
   121
   149
   145
   149
   149
   154
   156
   150
   152
   152
   155
   155
   156
   154
   157
   160
   163
   160
   158
   157
   150
   148
   149
   147
   141
   141
   144
   138
   135
   137
   138
   137
   128
   131
   110
   122
   123
   123
   118
   121
   126
   128
   127
   124
   124
   122
   124
   126
   141
   148
   150
   152
   139
   136
   129
   152
   184
   111
   134
   146
   147
   135
   131
   135
   132
   125
   125
   122
   127
   128
   126
   129
   122
   126
   128
   129
   127
   118
   117
   111
   103
    90
    74
    69
    45
     5
    11
    10
     9
    41
    96
   148
   147
   128
   116
   114
   112
   111
   125
   142
   147
   119
   120
   120
   117
   120
   120
   121
   119
   119
   120
   100
    87
   115
   148
   144
   149
   150
   148
   150
   149
   150
   150
   154
   156
   152
   153
   157
   152
   154
   146
   142
   146
   136
   138
   133
   132
   131
   130
   134
   131
   128
   126
   125
   128
   127
   119
   114
   120
   117
   119
   127
   127
   131
   137
   138
   132
   121
   112
   121
   121
   126
   130
   123
   124
   120
   125
   190
   142
   134
   144
   137
   133
   130
   127
   126
   126
   125
   118
   124
   124
   127
   125
   114
   119
   122
   116
   124
   114
   114
   105
    99
    85
    71
    73
    74
    72
    38
    11
    20
    23
    13
     9
    37
    93
   130
   142
   134
   121
   122
   116
   111
   106
   121
   122
   119
   121
   118
   117
   117
   119
   118
   117
   121
    93
    64
    91
   137
   152
   147
   144
   141
   142
   146
   148
   150
   150
   150
   141
   139
   137
   131
   133
   137
   134
   133
   132
   133
   132
   126
   127
   124
   125
   122
   123
   122
   117
   112
   112
    90
   125
   122
   131
   135
   137
   139
   140
   147
   138
   124
   123
   128
   129
   126
   119
   111
   113
   117
   169
   168
   100
   129
   130
   128
   127
   130
   126
   117
   120
   118
   115
   111
   108
   107
   110
   115
   116
   118
   114
   104
   103
    93
    85
    69
    68
    75
    74
    77
    85
    83
    60
    11
    18
    25
    24
     7
     9
    37
    75
   111
   135
   141
   141
   142
   144
   124
   121
   122
   120
   119
   121
   122
   123
   124
   121
   119
   115
    85
    61
    75
   124
   147
   148
   145
   140
   136
   144
   142
   143
   140
   136
   133
   135
   130
   129
   122
   129
   134
   129
   133
   133
   134
   129
   127
   123
   119
   115
   115
   121
   117
   122
   113
    96
   116
   117
   121
   118
   125
   129
   130
   127
   132
   128
   129
   129
   117
   109
   117
   129
   151
   173
   102
   123
   128
   132
   129
   126
   116
   112
   117
   111
   106
   110
   111
   110
   108
   110
   112
   107
   100
    93
    90
    76
    71
    65
    73
    76
    73
    75
    75
    78
    79
    76
    47
    12
    18
    26
    25
    13
     8
     5
    17
    28
    54
    85
    97
   106
   116
   120
   119
   120
   119
   119
   120
   121
   116
   117
   121
   116
   116
    94
    45
    44
    81
   118
   141
   152
   147
   139
   132
   128
   128
   131
   132
   130
   134
   135
   140
   135
   133
   131
   133
   133
   127
   129
   128
   126
   122
   121
   119
   117
   120
   119
   122
    95
    88
    53
    38
    36
    30
    20
    13
    32
    61
    76
    74
    95
   128
   142
   156
   169
   172
   104
   126
   135
   124
   119
   109
    97
   100
    99
    94
    94
    94
    90
    90
    94
    91
    92
    84
    77
    70
    68
    64
    69
    70
    77
    79
    78
    83
    78
    79
    81
    78
    81
    83
    51
    18
    19
    20
    28
    29
    25
    18
    12
    11
     6
     8
     7
   122
   119
   120
   120
   122
   122
   118
   113
   118
   119
   117
   112
   114
   106
    78
    53
    43
    41
    65
   103
   133
   142
   149
   143
   141
   131
   134
   134
   134
   135
   134
   136
   139
   136
   133
   128
   129
   127
   123
   125
   122
   124
   121
   119
   123
   116
   119
   128
    93
    86
    68
    21
    30
    28
    75
    59
    45
    44
    88
   131
   142
   147
   172
   144
    85
   104
   107
    95
    88
    76
    81
    79
    75
    90
    96
   101
   109
   115
   122
   125
   108
    69
    63
    67
    71
    73
    76
    72
    80
    78
    77
    76
    80
    83
    78
    79
    78
    80
    80
    71
    30
     8
    23
    19
    18
    20
    24
    22
    17
    16
    19
    25
   116
   119
   117
   121
   121
   120
   119
   121
   119
   122
   120
   118
   113
   108
    94
    66
    49
    42
    25
    17
    28
    57
    92
   121
   137
   143
   138
   139
   141
   138
   136
   130
   131
   136
   129
   132
   122
   117
   117
   121
   116
   113
   112
   115
   114
   121
   115
   111
   116
    91
    93
   120
   105
    91
   145
   111
   116
   115
   129
   141
   157
   145
    84
    66
    98
    93
    97
   103
   118
   142
   137
   158
   172
   156
   148
   144
   148
   148
   137
   126
   104
    83
    78
    78
    77
    81
    81
    80
    83
    83
    81
    79
    80
    78
    77
    81
    82
    80
    83
    85
    84
    45
    14
    22
    25
    26
    20
    22
    25
    25
    23
    18
   124
   118
   120
   120
   122
   124
   120
   121
   119
   120
   120
   119
   116
   111
   105
    76
    68
    72
    64
    55
    46
    47
    61
    70
    79
   100
   113
   115
   119
   121
   127
   129
   123
   119
   124
   119
   118
   115
   113
   114
   105
    93
    79
    77
    79
    78
    77
    63
    69
    75
    46
    64
   208
   134
   135
   129
   138
   147
   132
   109
    60
    43
    80
   108
   122
   144
   157
   155
   157
   142
   131
   138
   143
   134
   123
   128
   133
   137
   127
   120
    95
    78
    79
    85
    80
    84
    79
    81
    79
    81
    85
    81
    81
    81
    85
    83
    81
    83
    78
    79
    83
    69
    21
    15
    17
    17
    22
    25
    23
    20
    21
    21
   119
   121
   121
   120
   122
   120
   122
   125
   121
   115
   120
   123
   121
   122
   117
    96
    76
    53
    64
    69
    55
    47
    56
    76
    72
    69
    68
    70
    68
    83
    84
    90
    90
    91
    83
    89
    87
    78
    70
    58
    57
    61
    56
    46
    51
    48
    42
    40
    31
    49
    49
    52
    78
    30
    23
    34
    52
    40
    27
    20
    49
    99
   130
   127
   125
   137
   145
   136
   126
   132
   140
   138
   118
   116
   136
   138
   139
   128
   129
   105
    76
    84
    82
    80
    77
    78
    85
    85
    83
    83
    81
    83
    81
    82
    83
    82
    86
    78
    82
    80
    79
    81
    67
    30
    21
    23
    21
    16
    17
    20
    21
    17
   118
   120
   117
   119
   118
   122
   118
   120
   120
   122
   117
   119
   121
   119
   119
   116
    93
    69
    55
    60
    69
    61
    47
    42
    64
    69
    66
    75
    65
    55
    77
    84
    84
    73
    73
    68
    79
    72
    65
    65
    41
    33
    33
    35
    40
    35
    43
    45
    42
    30
    48
    39
    38
    67
    78
    52
    38
    34
    53
    92
   132
   144
   133
   133
   129
   128
   134
   135
   143
   155
   153
   145
   120
   126
   138
   144
   141
   132
   102
    80
    84
    82
    84
    86
    88
    84
    81
    82
    84
    82
    83
    84
    83
    82
    79
    79
    79
    83
    79
    82
    81
    83
    86
    58
    21
    19
    22
    25
    23
    20
    24
    20
   124
   119
   124
   121
   122
   120
   122
   120
   122
   121
   124
   122
   119
   116
   122
   120
   109
    81
    62
    52
    56
    70
    63
    64
    54
    67
    70
    75
    76
    68
    44
    43
    62
    67
    52
    37
    36
    49
    56
    60
    55
    42
    54
    61
    62
    59
    45
    39
    44
    43
    39
    26
    98
   134
   127
   101
   105
   106
   128
   149
   158
   152
   143
   146
   144
   150
   155
   160
   157
   140
   126
   112
   124
   153
   146
   117
   102
    81
    82
    84
    84
    88
    86
    84
    89
    84
    86
    86
    85
    88
    85
    87
    83
    85
    81
    84
    82
    82
    83
    76
    80
    82
    80
    83
    51
    18
    21
    22
    23
    24
    23
    23
   118
   122
   120
   121
   121
   122
   118
   118
   121
   121
   117
   121
   119
   121
   118
   123
   119
    95
    69
    57
    61
    60
    62
    56
    70
    65
    64
    67
    76
    77
    81
    74
    55
    55
    51
    41
    33
    25
    30
    38
    48
    51
    50
    53
    56
    47
    47
    41
    37
    33
    31
    56
   117
   141
   128
   111
   134
   146
   153
   153
   151
   148
   153
   152
   152
   158
   150
   132
   113
   106
   117
   133
   148
   113
    86
    78
    75
    80
    81
    88
    86
    83
    86
    82
    81
    90
    86
    84
    87
    84
    87
    81
    84
    84
    82
    83
    80
    78
    81
    85
    83
    80
    78
    80
    83
    41
    14
    22
    16
    17
    17
    18
   119
   121
   120
   119
   124
   120
   123
   121
   122
   118
   122
   126
   123
   121
   122
   117
   116
   117
    92
    82
    72
    50
    38
    48
    58
    56
    61
    54
    62
    69
    77
    79
    76
    56
    48
    47
    43
    28
    23
    28
    32
    35
    36
    23
    26
    46
    47
    36
    30
    44
    70
    91
   124
   132
   108
   102
   127
   136
   140
   138
   137
   137
   142
   133
   125
   114
   100
   101
   116
   136
   141
   118
    94
    81
    87
    81
    85
    83
    89
    87
    89
    91
    86
    87
    87
    88
    85
    85
    86
    86
    89
    84
    84
    85
    81
    80
    77
    79
    82
    79
    79
    82
    84
    79
    76
    76
    35
    16
    21
    22
    22
    25
   120
   117
   118
   120
   118
   120
   121
   124
   120
   121
   119
   119
   120
   119
   121
   123
   120
   115
   118
   113
   104
    90
    69
    45
    19
    19
    27
    38
    27
    20
    23
    44
    65
    65
    56
    38
    39
    40
    39
    35
    26
    25
    22
    27
    26
    31
    48
    65
    88
   112
   103
   116
   128
   122
    91
    83
    94
    93
    89
    85
    79
    80
    78
    84
    92
   103
   123
   132
   133
   109
    95
    90
    81
    87
    85
    93
    92
    92
    85
    87
    90
    87
    86
    87
    89
    86
    86
    88
    85
    86
    82
    85
    82
    82
    85
    84
    86
    84
    79
    82
    82
    80
    81
    81
    78
    76
    68
    28
    22
    16
    22
    21
   123
   122
   120
   121
   124
   121
   122
   122
   124
   123
   121
   123
   123
   122
   119
   121
   122
   119
   118
   118
   111
   111
   113
   103
    91
    64
    46
    41
    39
    48
    41
    26
    22
    23
    42
    43
    31
    24
    14
    13
    17
    29
    66
    89
    94
   101
    92
   100
   104
   106
   110
   112
   132
   118
    69
    73
    85
    86
    79
    86
   102
   107
   125
   122
   132
   135
   119
   113
    95
    89
    89
    89
    95
    94
    92
    87
    90
    89
    90
    90
    86
    88
    90
    84
    84
    90
    86
    87
    85
    84
    84
    85
    82
    83
    82
    80
    82
    79
    83
    80
    83
    81
    80
    78
    78
    78
    74
    46
    26
    22
    16
    22
   118
   122
   122
   120
   116
   121
   120
   122
   120
   120
   118
   119
   119
   120
   125
   121
   120
   117
   116
   110
   105
   116
   114
   122
   126
   128
   130
   119
   118
   114
   112
   112
   103
    87
    82
    83
    86
    68
    71
    55
    63
    92
   108
   114
   117
   112
   116
   115
   119
   117
   109
   120
   119
   123
    86
    65
    91
   104
   120
   130
   136
   136
   119
   122
   107
    94
   100
    87
    94
    90
    90
    95
    91
    91
    91
    90
    93
    92
    91
    88
    88
    88
    87
    89
    89
    85
    88
    85
    81
    86
    83
    83
    87
    85
    82
    82
    82
    82
    82
    81
    78
    81
    78
    79
    81
    77
    79
    65
    23
    23
    23
    16
   122
   118
   119
   122
   123
   120
   123
   121
   123
   119
   120
   122
   123
   121
   119
   119
   122
   123
   112
   106
   113
   116
   122
   120
   119
   121
   119
   126
   123
   125
   121
   120
   122
   126
   125
   119
   111
   113
   110
   115
   123
   120
   120
   112
   113
   117
   114
   115
   116
   115
   115
   110
   115
   114
   112
   115
   120
   131
   125
   118
   106
   102
   103
    93
    99
    99
    95
   100
    97
    96
    95
    92
    91
    92
    89
    89
    86
    86
    87
    92
    90
    92
    89
    86
    86
    90
    87
    88
    88
    88
    84
    81
    85
    83
    82
    82
    81
    81
    79
    85
    85
    83
    81
    79
    80
    83
    78
    75
    45
    25
    23
    22
   119
   121
   119
   119
   120
   119
   119
   121
   122
   121
   120
   123
   120
   122
   122
   116
   116
   118
   121
   123
   125
   121
   121
   120
   120
   119
   120
   119
   122
   119
   120
   116
   118
   121
   119
   119
   118
   116
   118
   116
   121
   118
   116
   116
   113
   111
   117
   111
   112
   115
   114
   114
   111
   111
   113
   113
   112
   101
   104
   101
   101
   104
    98
   103
   104
   106
   102
   100
    98
   100
    95
    93
    92
    90
    93
    88
    88
    91
    88
    84
    86
    86
    86
    89
    88
    82
    83
    88
    83
    85
    89
    86
    85
    80
    81
    85
    86
    84
    82
    76
    80
    80
    79
    79
    82
    74
    75
    78
    66
    23
    24
    22
   119
   120
   119
   122
   122
   124
   121
   123
   120
   121
   122
   120
   121
   122
   120
   121
   118
   120
   121
   121
   120
   121
   120
   118
   120
   118
   122
   121
   119
   120
   120
   121
   113
   112
   116
   116
   115
   119
   115
   116
   112
   116
   116
   116
   116
   114
   115
   114
   114
   113
   114
   114
   116
   115
   115
   114
   111
   115
   112
   112
   109
   108
   108
   102
   103
   100
   103
    97
    97
    94
    96
    96
    93
    93
    92
    89
    89
    92
    91
    91
    89
    90
    87
    86
    84
    92
    86
    82
    86
    85
    83
    87
    84
    85
    82
    80
    80
    82
    80
    81
    79
    80
    83
    83
    77
    78
    78
    76
    72
    35
    20
    30
   122
   120
   120
   118
   123
   121
   121
   120
   122
   120
   123
   123
   125
   119
   123
   122
   122
   123
   123
   121
   120
   122
   121
   118
   120
   123
   123
   118
   115
   120
   119
   119
   122
   118
   120
   116
   118
   114
   114
   116
   116
   112
   115
   118
   115
   118
   115
   114
   113
   114
   118
   121
   113
   116
   114
   113
   115
   115
   111
   112
   110
   110
   110
   108
   109
   104
    99
    99
   100
   103
    97
    94
    95
    92
    92
    93
    90
    89
    92
    91
    86
    85
    89
    91
    86
    86
    87
    87
    87
    86
    86
    84
    84
    86
    83
    86
    81
    79
    79
    84
    82
    80
    80
    75
    79
    83
    81
    81
    77
    62
    27
    20
