   113
   112
   113
   112
   112
   112
   112
   112
   110
   109
   111
   110
   111
   108
   111
   110
   107
   109
   109
   106
   103
   105
   104
   104
    96
    92
    92
    84
    87
    85
    69
    72
    75
    79
    90
    80
    83
    83
    76
    78
    83
    80
    83
    76
    72
   109
   102
    93
    90
    84
    66
    82
    84
    81
    85
    84
    87
    82
    83
    81
    77
    72
    72
   106
   167
    45
    68
    71
    73
    76
    68
    70
    75
    70
    68
    69
    72
    69
    72
    73
    66
    69
    71
    67
    69
    67
    66
    64
    68
    65
    63
    65
    64
    65
    64
    66
    66
    66
    62
    60
    64
    64
    64
    61
    60
    59
    65
    68
    53
    28
    20
    24
   110
   110
   111
   109
   110
   111
   109
   113
   112
   114
   111
   110
   110
   113
   111
   110
   109
   108
   110
   109
   108
   104
   102
    94
    94
    92
    82
    83
    84
    76
    55
    48
    42
    60
    80
    84
    76
    75
    78
    80
    69
    77
    69
    68
    86
    99
    91
    83
    84
    83
    64
    76
    80
    81
    80
    79
    76
    82
    79
    78
    80
    78
    74
    79
   158
   121
    57
    66
    64
    62
    63
    62
    61
    58
    65
    64
    64
    62
    63
    63
    62
    66
    62
    65
    68
    66
    67
    70
    67
    68
    68
    66
    64
    65
    61
    64
    62
    63
    64
    64
    62
    63
    66
    66
    66
    73
    68
    45
    31
    24
    23
    23
   110
   111
   113
   112
   113
   112
   112
   106
   111
   106
   110
   114
   111
   113
   113
   108
   110
   107
   106
   104
   104
   107
   102
    99
    92
    89
    85
    77
    79
    65
    55
    40
    37
    32
    31
    45
    55
    59
    69
    69
    65
    59
    68
    65
    98
    88
    85
    85
    81
    75
    69
    79
    80
    88
    85
    69
    67
    61
    60
    59
    50
    56
    54
    51
    68
   191
   102
    84
    91
    89
    83
    81
    84
    79
    71
    69
    69
    71
    72
    70
    64
    57
    54
    55
    59
    61
    62
    65
    71
    66
    61
    68
    69
    70
    68
    64
    62
    65
    64
    63
    62
    60
    59
    62
    66
    52
    36
    15
    18
    21
    27
    21
   112
   109
   110
   111
   110
   110
   113
   114
   113
   112
   107
   110
   114
   113
   112
   109
   110
   110
   111
   108
   105
    98
   101
    86
    82
    85
    87
    84
    65
    42
    30
    33
    42
    54
    49
    49
    56
    44
    26
    25
    30
    24
    17
    51
    89
    82
    83
    82
    77
    73
    48
    56
    50
    33
    43
    66
    70
    81
    91
    95
   102
    97
    95
    96
    93
   152
   134
    94
   111
   106
   111
   106
   104
   108
   110
   105
   106
   105
   101
   103
   105
   105
    98
    96
    78
    67
    64
    58
    56
    62
    70
    63
    64
    62
    62
    68
    75
    62
    65
    66
    67
    66
    68
    70
    53
    27
    17
    24
    19
    21
    17
    21
   111
   110
   114
   115
   112
   111
   111
   110
   111
   113
   114
   113
   109
   111
   114
   111
   107
   109
   105
   103
   105
    99
    93
    80
    76
    75
    64
    51
    43
    36
    44
    49
    49
    46
    43
    39
    29
    21
    21
    22
    26
    36
    45
    60
    61
    62
    54
    60
    64
    86
    54
    62
    78
    86
   100
   110
   123
   126
   126
   118
   116
   111
   112
   117
   116
   143
   178
    85
   116
   110
   108
   108
   111
   104
   100
   107
   109
   113
   115
   116
   113
   113
   120
   112
   113
   101
    92
    80
    71
    60
    61
    61
    65
    66
    63
    67
    66
    67
    65
    67
    64
    62
    69
    57
    31
    19
    19
    16
    20
    20
    20
    20
   112
   115
   112
   109
   111
   110
   110
   113
   112
   113
   113
   112
   111
   111
   111
   115
   112
   108
   106
   114
   109
    99
    87
    69
    63
    36
    30
    46
    60
    75
    75
    71
    74
    78
    79
    73
    75
    80
    78
    91
    89
   100
    92
    76
    75
    71
    76
    75
    96
   116
   115
   124
   133
   137
   143
   139
   146
   149
   156
   153
   131
   131
   129
   121
   123
   128
   198
    82
   111
   109
   110
   113
   108
   104
   107
   100
   105
   110
   115
   119
   120
   113
   109
   110
   112
   114
   110
   107
    94
    84
    68
    64
    62
    60
    67
    65
    65
    65
    61
    65
    65
    67
    59
    33
    13
    19
    17
    20
    20
    17
    17
    23
   111
   110
   112
   113
   111
   115
   113
   113
   112
   110
   106
   110
   111
   113
   111
   103
    92
    95
   100
    84
    85
    68
    45
    53
    58
    78
    89
   106
   114
   117
   117
   119
   118
   120
   114
   120
   118
   121
   124
   117
   118
   114
    92
   100
   106
   108
   103
   113
   116
   111
   119
   125
   134
   142
   146
   156
   158
   162
   169
   165
   164
   148
   137
   131
   128
   123
   191
    87
   115
   114
   122
   111
   107
   111
   108
   112
   110
   116
   120
   127
   132
   133
   120
   123
   120
   105
   108
   112
   115
    99
    93
    80
    62
    65
    67
    70
    69
    68
    68
    69
    67
    56
    23
    19
    17
    21
    19
    24
    15
    22
    19
    17
   114
   115
   111
   113
   112
   113
   114
   113
   114
   112
   111
   110
   110
   110
   105
    93
    78
    83
    69
    57
    40
    49
    67
    82
   105
   113
   122
   119
   117
   116
   118
   119
   119
   120
   125
   120
   123
   128
   132
   132
   124
   121
    92
    99
   112
   104
    98
    94
    93
   102
   102
   106
   120
   130
   137
   139
   147
   156
   169
   172
   167
   157
   143
   141
   138
   134
   184
   109
   129
   128
   126
   122
   114
   109
   111
   117
   120
   120
   126
   133
   139
   143
   153
   150
   151
   139
   124
   118
   115
   115
   106
    99
    91
    74
    60
    56
    66
    62
    59
    62
    64
    42
    20
    23
    25
    20
    23
    23
    21
    21
    21
    27
   112
   108
   115
   107
   114
   112
   113
   112
   113
   112
   108
   111
   112
   111
   106
    91
    66
    64
    59
    44
    67
    86
   109
   119
   117
   123
   123
   125
   128
   127
   130
   131
   134
   134
   127
   137
   134
   144
   141
   136
   134
   126
   101
   104
   103
   104
   107
   116
   121
   107
    85
    83
   110
   124
   132
   141
   146
   148
   160
   164
   165
   160
   155
   145
   139
   140
   172
   114
   136
   132
   133
   128
   126
   120
   115
   119
   122
   125
   126
   128
   130
   136
   137
   141
   139
   134
   133
   130
   131
   120
   109
   103
    91
    90
    78
    59
    51
    69
    70
    67
    53
    26
    20
    18
    13
    23
    26
    20
    28
    18
    18
     9
   110
   114
   112
   119
   115
   114
   113
   115
   113
   112
   113
   115
   115
   110
   102
    85
    60
    40
    62
    96
   118
   130
   126
   127
   134
   132
   133
   131
   133
   136
   140
   139
   135
   137
   146
   146
   151
   155
   138
   140
   134
   127
   101
   119
   126
   120
   136
   128
   107
    81
    67
    76
    97
   122
   134
   137
   147
   153
   149
   146
   152
   156
   151
   153
   153
   150
   171
   119
   139
   141
   140
   137
   130
   128
   123
   127
   130
   133
   128
   127
   125
   126
   126
   131
   136
   140
   131
   116
   118
   122
   116
   116
   113
    82
    88
    82
    68
    55
    64
    60
    23
    19
    26
    30
    25
    18
    17
     8
     4
    12
    21
    27
   111
   113
   112
   112
   111
   112
   117
   113
   112
   113
   110
   112
   107
    92
    80
    57
    43
    70
   108
   122
   133
   133
   138
   137
   135
   136
   137
   140
   143
   140
   145
   145
   146
   149
   149
   154
   155
   165
   157
   139
   131
   127
   111
   108
   125
   141
   142
   133
    93
    80
    67
    97
   108
   114
   131
   140
   155
   159
   156
   147
   146
   150
   152
   156
   160
   159
   157
   120
   146
   143
   143
   136
   136
   132
   128
   139
   139
   140
   135
   135
   135
   129
   125
   125
   120
   131
   146
   139
   131
   123
   125
   124
   115
   109
    94
    95
    83
    56
    51
    41
    18
    18
     9
    10
     1
     0
     0
     7
    50
    97
   131
   142
   117
   114
   116
   111
   112
   112
   113
   113
   113
   109
   109
   106
    98
    73
    57
    46
    87
   125
   129
   136
   135
   139
   141
   140
   143
   139
   144
   147
   144
   151
   145
   150
   150
   155
   159
   161
   162
   169
   172
   158
   138
   124
   139
   121
   122
   135
   151
   127
   100
    78
    83
   101
   141
   126
   132
   146
   165
   159
   151
   154
   154
   158
   152
   152
   157
   154
   146
   125
   151
   150
   143
   142
   135
   133
   140
   140
   151
   146
   141
   138
   132
   135
   134
   126
   117
   100
   109
   128
   140
   139
   128
   122
   120
   117
   117
    97
    92
    81
    54
    37
     9
     7
    40
    82
   119
   148
   144
   132
   115
    99
   101
   126
   111
   112
   115
   114
   115
   112
   112
   112
   114
   114
   114
   105
    84
    58
    57
   115
   134
   135
   141
   139
   141
   140
   144
   149
   146
   155
   149
   150
   152
   146
   151
   155
   156
   161
   159
   167
   168
   172
   172
   158
   135
   117
   100
    93
   135
   146
   156
   122
    93
    68
    69
   100
   139
   143
   133
   144
   154
   158
   157
   152
   163
   164
   165
   163
   158
   156
   133
   136
   151
   147
   149
   140
   133
   140
   145
   149
   151
   153
   153
   152
   145
   142
   137
   132
   125
   120
    98
   100
   108
   130
   134
   126
   120
   110
   109
   114
   107
    97
    87
    57
    49
    84
   157
   190
   203
   196
   211
   225
   217
   188
   137
    92
   113
   115
   113
   114
   112
   116
   115
   114
   113
   110
   108
   100
    69
    75
   117
   136
   135
   139
   143
   148
   147
   147
   149
   151
   153
   156
   157
   158
   153
   151
   153
   159
   161
   164
   168
   168
   171
   172
   169
   157
   117
   109
   138
    86
   127
   143
   160
   119
    88
    49
    65
    69
   106
   150
   134
   143
   154
   154
   156
   149
   156
   165
   162
   164
   163
   158
   120
   148
   153
   155
   146
   138
   136
   143
   155
   158
   150
   153
   158
   155
   145
   138
   137
   133
   128
   119
   112
   101
   111
   107
   124
   128
   124
   121
   117
   111
   108
   100
    97
    86
    59
    67
    99
   103
    99
   102
   108
   124
   154
   195
   220
   213
   110
   112
   115
   114
   113
   116
   113
   114
   115
   112
   105
    70
    76
   127
   141
   144
   145
   147
   152
   153
   155
   157
   158
   157
   161
   159
   160
   160
   161
   158
   164
   162
   164
   167
   169
   175
   179
   181
   182
   169
   136
   116
   187
   102
   109
   143
   162
   125
    92
    53
    75
    86
    82
   137
   119
   142
   159
   158
   158
   155
   149
   160
   163
   161
   160
   149
   122
   157
   153
   152
   146
   139
   141
   147
   160
   161
   168
   162
   156
   151
   146
   146
   144
   140
   129
   119
   107
   110
   131
   130
   117
   125
   120
   127
   128
   125
   116
   109
   113
   101
    79
    47
    46
    86
    88
    81
    86
    89
    82
    80
   118
   180
   119
   115
   110
   112
   115
   116
   114
   116
   113
   108
    84
    89
   129
   141
   146
   149
   152
   153
   154
   162
   161
   165
   166
   168
   168
   164
   161
   160
   163
   170
   164
   166
   168
   170
   174
   179
   176
   183
   184
   181
   143
   126
   185
   122
   107
   130
   166
   135
   100
    34
     8
    67
    72
   129
   134
   148
   157
   161
   161
   156
   150
   163
   166
   165
   159
   133
   129
   155
   158
   153
   145
   141
   144
   160
   164
   167
   164
   165
   156
   150
   146
   139
   141
   144
   132
   115
   101
   103
   130
   137
   137
   129
   129
   122
   123
   134
   130
   132
   123
   113
   110
    97
    66
    40
    70
    79
    87
    92
    97
    95
    65
    48
   111
   113
   114
   112
   112
   111
   114
   110
   109
    91
    91
   127
   149
   152
   150
   156
   157
   160
   163
   163
   168
   164
   169
   171
   168
   167
   167
   169
   171
   168
   167
   170
   172
   178
   180
   177
   175
   179
   177
   176
   149
   128
   169
   110
   101
   110
   147
   136
   114
    88
    74
    84
    84
   139
   131
   148
   159
   160
   157
   147
   147
   157
   163
   163
   163
   115
   147
   161
   152
   151
   144
   141
   152
   164
   169
   162
   158
   160
   159
   158
   155
   147
   143
   136
   128
   108
    93
    94
   130
   144
   144
   138
   129
   118
   122
   125
   133
   133
   137
   137
   124
   119
   106
    71
    47
    66
    78
    80
    90
    92
    97
    92
   114
   114
   117
   116
   114
   116
   116
   112
   111
   106
   129
   147
   154
   159
   163
   161
   162
   163
   167
   167
   161
   170
   169
   171
   175
   171
   166
   169
   172
   168
   173
   180
   177
   179
   180
   180
   179
   172
   165
   166
   158
   124
   157
    93
    88
   126
   141
   126
   124
   108
   139
    76
   121
   165
   134
   146
   156
   165
   153
   148
   149
   166
   161
   168
   132
   127
   156
   163
   158
   152
   144
   145
   155
   167
   164
   165
   160
   158
   159
   158
   152
   149
   142
   137
   120
    97
    68
    92
   133
   150
   137
   138
   135
   127
   121
   132
   141
   147
   147
   144
   138
   132
   123
   110
    78
    48
    56
    74
    78
    85
    90
    89
   114
   116
   115
   114
   115
   116
   112
   111
   111
   132
   152
   154
   161
   161
   165
   169
   173
   173
   176
   175
   175
   173
   176
   177
   173
   172
   175
   176
   176
   173
   178
   180
   184
   183
   185
   185
   182
   183
   178
   172
   162
   133
   152
   103
   108
   141
   147
   122
   127
   116
   128
   148
   165
   162
   136
   138
   156
   162
   155
   150
   154
   163
   174
   142
   106
   152
   161
   161
   156
   150
   144
   150
   158
   149
   147
   149
   152
   158
   155
   160
   156
   147
   141
   134
   113
    97
    64
    83
   136
   134
   130
   130
   127
   124
   122
   124
   135
   157
   161
   152
   148
   144
   132
   117
   111
    75
    42
    44
    49
    63
    70
    80
   117
   116
   116
   115
   116
   112
   112
   109
   131
   146
   155
   158
   163
   167
   167
   169
   171
   175
   177
   176
   177
   178
   179
   178
   174
   173
   176
   178
   178
   176
   182
   183
   182
   184
   182
   183
   181
   184
   185
   181
   173
   151
   159
   113
   117
   163
   141
   126
   121
   122
   159
   186
   175
   157
   127
   132
   154
   154
   151
   141
   160
   176
   150
   111
   141
   169
   165
   159
   149
   141
   137
   140
   148
   147
   140
   139
   145
   156
   159
   159
   153
   150
   146
   139
   120
    99
    76
    60
   125
   135
   131
   131
   127
   120
   115
   121
   132
   148
   164
   163
   159
   154
   147
   135
   113
    99
    70
    46
    48
    55
    57
    67
   113
   114
   114
   116
   112
   116
   117
   113
   140
   160
   159
   167
   171
   171
   170
   171
   172
   176
   180
   180
   182
   182
   180
   180
   181
   177
   177
   173
   177
   177
   181
   184
   184
   184
   184
   185
   182
   181
   180
   182
   181
   162
   150
   112
   122
   154
   126
   121
   107
   124
   129
   173
   179
   157
   118
   128
   154
   151
   139
   142
   164
   153
   104
   131
   166
   168
   158
   150
   137
   128
   128
   122
   107
   125
   137
   138
   143
   153
   158
   161
   161
   154
   146
   143
   136
   107
    76
    50
   102
   132
   133
   123
   122
   118
   113
   116
   123
   144
   161
   167
   164
   159
   149
   144
   129
   105
    94
    55
    46
    49
    54
    54
   117
   115
   117
   116
   116
   116
   114
   138
   157
   154
   164
   170
   176
   178
   182
   178
   180
   180
   183
   183
   183
   183
   181
   183
   182
   182
   180
   177
   182
   182
   182
   183
   185
   187
   188
   185
   183
   181
   182
   183
   181
   175
   160
   100
   109
   108
   100
   113
    97
   123
   104
   137
   161
   163
   133
   144
   154
   147
   138
   149
   130
    90
   126
   160
   161
   157
   145
   126
   117
   129
   136
   125
    87
    64
   107
   139
   143
   142
   143
   154
   155
   150
   151
   144
   138
   125
    96
    55
    93
   120
   139
   131
   123
   111
   108
   116
   120
   136
   151
   171
   170
   164
   155
   142
   134
   123
   102
    71
    47
    48
    47
    47
   116
   118
   114
   113
   115
   108
   123
   148
   155
   162
   171
   177
   174
   177
   180
   181
   179
   182
   184
   183
   185
   185
   190
   190
   186
   188
   184
   184
   185
   182
   183
   187
   188
   189
   188
   189
   187
   183
   183
   180
   185
   181
   183
   163
   108
   111
   107
   112
   102
   107
   110
   126
   139
   153
   142
   154
   157
   145
   141
   115
    94
   123
   158
   155
   149
   136
   124
   115
   124
   136
   136
   129
    98
    58
    52
   105
   119
   128
   144
   148
   151
   156
   150
   144
   136
   125
   112
    61
    96
   113
   140
   140
   127
   111
    97
   109
   120
   132
   147
   167
   169
   163
   157
   148
   137
   125
   106
    80
    52
    47
    48
    46
   114
   113
   119
   117
   116
   119
   140
   154
   159
   171
   178
   177
   177
   178
   181
   183
   182
   183
   184
   187
   187
   188
   188
   188
   189
   191
   192
   188
   186
   187
   187
   191
   191
   189
   190
   188
   188
   186
   186
   188
   185
   182
   187
   184
   109
   124
   121
   101
   101
    85
   113
   104
   133
   145
   149
   161
   159
   129
    94
    86
   135
   151
   145
   135
   124
   110
   115
   123
   131
   134
   137
   129
   110
    86
    55
    42
    67
   105
   131
   149
   155
   153
   153
   148
   140
   130
   111
    64
    94
   123
   133
   140
   134
   115
    93
   103
   119
   134
   153
   173
   171
   165
   160
   149
   143
   137
   120
    89
    59
    41
    46
    55
   117
   116
   113
   113
   108
   124
   157
   160
   165
   174
   175
   178
   183
   184
   183
   184
   187
   185
   184
   184
   189
   186
   188
   190
   191
   192
   194
   193
   191
   189
   193
   192
   193
   194
   194
   194
   187
   186
   190
   187
   183
   183
   183
   179
   118
   129
   128
   112
    89
    78
    98
    99
   106
   128
   153
   162
   121
    84
    93
   127
   136
   130
   125
   122
   124
   135
   145
   154
   161
   168
   164
   154
   138
   121
    95
    52
    54
    86
   118
   141
   153
   159
   150
   149
   143
   134
   130
    72
    90
   125
   129
   140
   135
   121
    93
    91
   111
   125
   151
   170
   172
   165
   159
   154
   146
   139
   126
   106
    79
    52
    47
    45
   117
   117
   119
   115
   106
   145
   158
   163
   169
   175
   176
   181
   183
   182
   183
   184
   188
   191
   189
   187
   187
   190
   187
   190
   192
   191
   194
   192
   192
   190
   191
   194
   196
   197
   195
   194
   194
   191
   186
   186
   188
   184
   183
   131
   110
   145
   158
   173
   117
    83
    87
    98
    86
   121
   128
   105
    61
    56
   117
   118
   120
   113
   121
   132
   144
   160
   170
   176
   181
   182
   181
   176
   157
   139
   116
    75
    53
    66
    99
   141
   147
   153
   152
   145
   135
   131
   128
    78
    77
   126
   132
   138
   140
   128
   102
    97
   109
   124
   149
   176
   174
   170
   161
   158
   145
   138
   129
   106
    79
    52
    40
    43
   111
   116
   116
   113
   131
   150
   164
   163
   173
   175
   179
   183
   184
   189
   189
   185
   189
   190
   188
   186
   189
   192
   190
   192
   190
   194
   192
   192
   190
   192
   191
   191
   192
   197
   198
   197
   196
   193
   189
   185
   186
   184
   185
   128
    69
   156
   215
   223
   193
   123
    96
    94
    81
    75
    62
    55
    75
    65
    90
    88
    99
   116
   131
   148
   172
   179
   179
   185
   190
   192
   188
   182
   171
   153
   132
    95
    65
    57
    80
   124
   146
   155
   152
   147
   135
   139
   142
    84
    73
   141
   139
   144
   139
   127
   109
    97
   102
   117
   144
   177
   181
   176
   168
   165
   157
   143
   134
   115
    93
    67
    47
    44
   115
   116
   115
   113
   130
   158
   162
   169
   175
   179
   187
   183
   186
   188
   188
   189
   189
   190
   189
   188
   191
   192
   193
   194
   194
   192
   195
   193
   191
   192
   190
   194
   196
   194
   196
   196
   199
   193
   189
   190
   190
   188
   183
   148
    78
   120
   194
   243
   232
   150
   102
    71
    57
    60
    69
    82
    90
   104
   106
   116
   139
   144
   154
   173
   185
   192
   194
   194
   193
   193
   189
   185
   179
   164
   143
   110
    73
    49
    72
   115
   137
   151
   150
   148
   143
   147
   140
    95
    74
   140
   161
   151
   141
   118
   104
   103
   100
   108
   132
   166
   183
   180
   171
   158
   154
   146
   137
   116
    92
    61
    43
    43
   116
   115
   114
   118
   145
   155
   167
   172
   179
   184
   183
   184
   188
   189
   189
   189
   187
   189
   191
   191
   193
   194
   195
   196
   195
   193
   197
   194
   193
   192
   195
   197
   198
   196
   197
   197
   194
   197
   195
   192
   191
   189
   184
   161
   133
   148
   133
   163
   138
    78
    74
    88
   113
   135
   148
   146
   143
   148
   157
   169
   177
   184
   185
   190
   192
   200
   199
   196
   194
   192
   195
   194
   188
   172
   148
   123
    92
    58
    70
   119
   134
   141
   145
   144
   143
   157
   146
   103
    71
   135
   161
   153
   137
   114
   106
   106
   102
   113
   122
   151
   181
   176
   170
   163
   154
   147
   136
   117
    89
    63
    43
    46
   117
   115
   111
   125
   149
   162
   171
   175
   176
   182
   186
   188
   190
   190
   189
   190
   193
   194
   195
   195
   194
   198
   202
   200
   200
   199
   198
   199
   194
   197
   194
   198
   200
   201
   199
   201
   199
   195
   195
   194
   193
   193
   186
   148
   128
   166
   168
   121
    92
    60
   121
   148
   172
   181
   187
   184
   195
   194
   193
   196
   194
   197
   198
   198
   199
   197
   198
   195
   194
   192
   194
   196
   187
   162
   147
   132
   110
    76
    88
   117
   137
   145
   144
   144
   150
   159
   152
   115
    77
   124
   154
   162
   143
   120
   113
   106
   101
   113
   130
   140
   178
   182
   177
   167
   156
   148
   137
   111
    98
    71
    49
    40
   114
   108
   111
   139
   153
   160
   172
   179
   184
   185
   187
   188
   188
   189
   189
   192
   191
   192
   192
   194
   197
   200
   197
   199
   200
   197
   198
   196
   196
   192
   195
   195
   197
   197
   195
   196
   196
   195
   194
   194
   193
   191
   188
   174
   126
   160
   184
   187
   175
   125
   160
   175
   191
   190
   191
   200
   202
   202
   201
   197
   199
   199
   198
   194
   194
   196
   195
   193
   189
   184
   183
   182
   173
   150
   136
   127
   109
    91
   105
   127
   137
   144
   140
   142
   140
   156
   154
   133
    88
   116
   157
   161
   145
   122
   118
   113
   107
   111
   127
   132
   168
   179
   177
   160
   154
   149
   137
   117
    95
    71
    44
    45
   114
   112
   116
   140
   150
   168
   177
   182
   185
   186
   190
   190
   190
   191
   191
   190
   193
   191
   190
   192
   197
   198
   200
   200
   200
   198
   197
   195
   196
   196
   197
   196
   196
   199
   196
   196
   190
   185
   190
   192
   187
   185
   180
   192
   143
   159
   183
   178
   174
   134
   170
   183
   197
   198
   198
   198
   200
   198
   196
   196
   193
   194
   190
   192
   193
   191
   196
   191
   186
   182
   181
   174
   161
   141
   129
   112
   103
    91
   103
   121
   136
   140
   132
   126
   133
   141
   146
   127
    90
   112
   159
   162
   146
   128
   116
   117
   113
   116
   128
   128
   169
   177
   171
   161
   158
   148
   137
   118
    94
    66
    49
    42
   109
   107
   114
   141
   155
   171
   179
   183
   187
   191
   192
   194
   194
   191
   189
   191
   190
   192
   193
   195
   199
   199
   201
   203
   202
   200
   198
   194
   196
   199
   198
   197
   198
   194
   196
   194
   192
   189
   190
   192
   191
   187
   179
   196
   164
   164
   178
   177
   180
   137
   172
   180
   199
   193
   197
   196
   198
   200
   193
   189
   191
   183
   187
   187
   188
   189
   179
   185
   182
   178
   169
   166
   158
   134
   119
    92
   104
   104
   113
   116
   132
   139
   135
   128
   125
   137
   143
   121
    87
   114
   150
   157
   152
   136
   119
   112
   114
   122
   126
   127
   165
   180
   175
   170
   164
   149
   136
   122
   102
    80
    52
    41
   109
   108
   124
   147
   161
   174
   179
   177
   185
   196
   198
   200
   201
   197
   195
   193
   192
   192
   196
   198
   199
   202
   200
   200
   197
   200
   200
   197
   197
   198
   197
   198
   198
   197
   195
   196
   197
   194
   197
   194
   195
   193
   190
   186
   161
   164
   186
   194
   190
   142
   177
   188
   197
   201
   197
   196
   194
   188
   183
   181
   178
   183
   178
   179
   176
   178
   179
   177
   176
   171
   168
   168
   162
   136
   106
    97
   105
   114
   126
   126
   133
   142
   140
   132
   129
   135
   142
   113
    75
   105
   140
   162
   154
   141
   121
   105
   105
   119
   130
   136
   176
   185
   185
   179
   160
   151
   139
   123
   104
    75
    47
    45
   110
   107
   136
   152
   163
   171
   180
   182
   188
   198
   205
   207
   205
   200
   196
   195
   193
   196
   196
   198
   204
   203
   200
   199
   201
   200
   198
   198
   199
   198
   199
   198
   197
   196
   198
   197
   195
   194
   195
   194
   195
   194
   191
   177
   144
   169
   194
   185
   158
   118
   139
   157
   176
   189
   184
   172
   172
   166
   164
   166
   168
   168
   169
   173
   174
   173
   172
   177
   171
   172
   173
   171
   161
   131
    92
    92
   101
   118
   128
   130
   139
   142
   141
   133
   132
   138
   136
   107
    77
   110
   139
   154
   157
   143
   126
   116
   112
   124
   141
   153
   182
   184
   187
   180
   167
   153
   139
   124
   106
    82
    56
    41
   101
   107
   139
   156
   163
   174
   182
   185
   197
   201
   208
   209
   205
   199
   194
   193
   195
   193
   195
   198
   199
   208
   205
   202
   199
   200
   201
   201
   200
   200
   197
   197
   197
   196
   199
   196
   198
   197
   196
   195
   192
   193
   192
   176
   143
   160
   145
   113
    93
    81
    85
    88
    97
   115
   134
   147
   135
   135
   134
   144
   152
   155
   154
   160
   163
   167
   171
   168
   171
   168
   169
   167
   155
   127
    81
    91
   110
   122
   129
   134
   144
   146
   142
   136
   134
   143
   144
   101
    76
   107
   132
   158
   158
   140
   126
   115
   124
   124
   141
   162
   184
   182
   184
   184
   171
   153
   139
   124
   107
    79
    54
    40
   109
   120
   149
   156
   166
   177
   186
   193
   200
   204
   207
   206
   205
   200
   196
   193
   194
   193
   194
   197
   203
   204
   208
   204
   203
   199
   199
   201
   201
   200
   197
   198
   197
   199
   197
   199
   197
   196
   196
   192
   192
   190
   189
   184
   140
   104
   100
   141
   157
   157
   150
   137
   114
    89
    81
    84
   103
   121
   131
   132
   131
   147
   155
   153
   153
   150
   150
   158
   158
   161
   166
   165
   151
   119
    71
   105
   110
   126
   135
   135
   142
   146
   137
   137
   136
   139
   137
    94
    77
   106
   123
   150
   158
   146
   131
   122
   119
   129
   141
   160
   186
   184
   182
   177
   166
   151
   135
   123
   108
    91
    58
    42
   104
   123
   157
   163
   176
   176
   184
   191
   199
   207
   205
   208
   201
   193
   195
   194
   195
   196
   195
   198
   201
   205
   204
   201
   203
   196
   197
   199
   196
   196
   197
   198
   196
   197
   199
   196
   196
   196
   195
   190
   193
   189
   187
   179
   103
   101
   146
   179
   181
   175
   173
   159
   147
   142
   127
    94
    83
    82
    93
   140
   143
   135
   158
   160
   154
   144
   138
   139
   147
   152
   155
   157
   146
   113
    69
   112
   109
   121
   143
   144
   139
   142
   144
   132
   136
   144
   137
    89
    76
   107
   121
   152
   157
   149
   132
   120
   123
   129
   137
   152
   179
   183
   183
   173
   160
   153
   135
   123
   113
    89
    59
    41
    96
   123
   156
   164
   172
   178
   183
   190
   195
   202
   210
   201
   189
   188
   191
   193
   194
   195
   197
   196
   202
   201
   203
   202
   200
   200
   198
   196
   195
   195
   194
   195
   195
   195
   196
   198
   199
   196
   193
   188
   188
   191
   187
   175
    65
   125
   159
   166
   172
   166
   159
   142
   131
   133
   137
   129
    80
    71
    78
    76
   132
   141
   135
   155
   155
   154
   150
   148
   153
   160
   156
   153
   142
   112
    68
   107
   106
   133
   147
   144
   142
   140
   138
   140
   134
   136
   130
    91
    75
   106
   123
   148
   155
   152
   133
   128
   129
   131
   142
   159
   178
   185
   185
   170
   159
   152
   138
   119
   107
    84
    56
    42
   107
   135
   161
   168
   177
   179
   187
   190
   192
   199
   201
   198
   189
   193
   194
   193
   194
   192
   193
   194
   197
   202
   203
   204
   202
   198
   198
   197
   198
   198
   195
   196
   197
   196
   197
   197
   197
   198
   195
   194
   191
   191
   187
   192
    94
   127
   143
   150
   153
   146
   135
   119
   120
   125
   120
   124
   123
   102
   126
   121
    95
   113
   131
   139
   151
   154
   145
   150
   155
   159
   160
   154
   141
   123
    91
    96
   104
   138
   146
   144
   142
   140
   141
   145
   147
   145
   131
    97
    80
   109
   130
   147
   146
   145
   137
   126
   130
   134
   142
   164
   181
   183
   176
   167
   160
   149
   139
   119
   103
    87
    57
    45
   116
   142
   165
   168
   177
   184
   189
   191
   190
   195
   199
   195
   195
   195
   195
   196
   196
   195
   192
   194
   196
   196
   199
   198
   200
   199
   198
   198
   195
   196
   195
   196
   198
   197
   198
   200
   199
   198
   198
   199
   196
   193
   190
   194
   117
   132
   139
   144
   139
   129
   110
   109
   115
   128
   144
   133
   129
   136
   140
   149
   135
   109
   109
   138
   143
   150
   155
   149
   155
   159
   161
   152
   144
   124
   105
    87
   110
   145
   150
   144
   145
   144
   145
   148
   149
   144
   133
    92
    80
   112
   131
   152
   153
   145
   141
   132
   131
   139
   146
   161
   179
   186
   176
   167
   158
   141
   128
   116
   102
    88
    55
    42
   117
   149
   166
   173
   177
   181
   182
   185
   193
   193
   191
   193
   195
   197
   196
   191
   190
   193
   193
   194
   195
   197
   195
   197
   196
   197
   195
   195
   196
   195
   195
   195
   196
   196
   200
   198
   200
   197
   197
   196
   193
   190
   188
   195
   144
   135
   129
   137
   130
   118
   112
   114
   130
   157
   157
   150
   140
   144
   147
   153
   148
   148
   114
   110
   152
   148
   158
   153
   142
   148
   150
   148
   138
   126
   111
   101
   127
   146
   151
   152
   154
   155
   148
   147
   142
   141
   136
    99
    79
   108
   133
   147
   149
   143
   138
   139
   136
   140
   146
   161
   173
   181
   178
   167
   154
   148
   129
   121
   108
    86
    51
    46
   127
   154
   172
   174
   179
   182
   184
   186
   186
   189
   193
   192
   193
   193
   193
   193
   189
   187
   190
   190
   190
   192
   193
   194
   195
   195
   194
   194
   195
   194
   195
   196
   195
   197
   197
   198
   197
   199
   198
   197
   192
   193
   190
   187
   134
   135
   130
   134
   129
   113
   104
   105
   133
   146
   136
   141
   140
   138
   154
   159
   158
   153
   159
   126
   103
   162
   147
   161
   162
   145
   130
   128
   124
   117
   112
   135
   146
   148
   154
   155
   154
   151
   153
   149
   145
   136
   127
   101
    82
   111
   135
   146
   150
   145
   139
   137
   135
   135
   149
   164
   172
   178
   174
   164
   160
   146
   137
   124
   107
    85
    45
    50
   142
   159
   165
   173
   179
   183
   184
   189
   193
   193
   194
   192
   193
   195
   193
   193
   191
   191
   192
   193
   192
   192
   193
   194
   198
   197
   195
   193
   193
   194
   193
   195
   198
   194
   198
   198
   197
   199
   199
   195
   195
   195
   188
   178
   128
   132
   127
   125
   123
   111
   102
   110
   126
   126
   118
   132
   138
   142
   149
   167
   166
   168
   165
   169
   139
   102
   170
   146
   163
   157
   148
   136
   125
   121
   124
   145
   151
   156
   159
   151
   151
   147
   150
   155
   148
   137
   124
   106
    79
   110
   140
   148
   146
   144
   143
   138
   140
   139
   149
   162
   165
   167
   168
   160
   152
   144
   127
   112
   104
    77
    53
    61
   152
   154
   172
   173
   175
   183
   188
   193
   191
   192
   190
   192
   191
   192
   195
   194
   192
   193
   193
   194
   192
   194
   192
   194
   195
   194
   194
   196
   197
   196
   195
   195
   196
   195
   196
   198
   197
   198
   196
   195
   196
   194
   190
   177
   139
   126
   114
   119
   119
   113
    96
   104
   110
    97
   114
   136
   144
   152
   147
   160
   176
   182
   185
   176
   179
   146
   124
   178
   154
   172
   168
   152
   144
   145
   149
   150
   152
   160
   157
   159
   154
   149
   156
   160
   150
   133
   124
   106
    79
   110
   141
   147
   146
   148
   147
   142
   139
   138
   153
   162
   170
   170
   169
   159
   151
   136
   121
   109
    95
    69
    55
    69
   145
   158
   169
   174
   177
   183
   185
   188
   190
   190
   192
   190
   190
   192
   193
   192
   192
   190
   193
   194
   193
   192
   190
   192
   193
   193
   195
   195
   193
   193
   193
   191
   192
   193
   196
   196
   194
   197
   197
   196
   197
   194
   191
   173
   151
   110
   107
   108
   126
   112
    81
    91
    94
   103
   114
   135
   134
   153
   150
   151
   162
   179
   181
   185
   182
   187
   143
   146
   164
   165
   172
   167
   156
   151
   163
   165
   166
   165
   165
   159
   162
   162
   169
   164
   155
   136
   121
   112
    82
   118
   147
   154
   153
   153
   152
   148
   144
   146
   159
   164
   168
   164
   159
   152
   136
   128
   118
    99
    83
    54
    59
    71
   152
   156
   168
   175
   177
   181
   182
   182
   188
   186
   188
   192
   190
   192
   192
   193
   194
   195
   190
   191
   192
   190
   191
   192
   194
   195
   195
   193
   192
   192
   194
   192
   193
   195
   196
   196
   197
   196
   197
   196
   193
   195
   188
   166
   148
   101
   101
    98
   120
   107
    75
    85
   100
   120
   135
   149
   133
   141
   156
   155
   151
   170
   179
   184
   184
   187
   184
   151
   164
   160
   169
   167
   164
   161
   158
   169
   175
   175
   169
   169
   173
   165
   164
   162
   153
   137
   126
   117
    90
   130
   151
   154
   149
   152
   149
   144
   141
   150
   160
   163
   156
   152
   151
   142
   136
   123
   114
    98
    66
    51
    65
    77
   157
   162
   177
   177
   178
   178
   180
   182
   186
   189
   191
   192
   195
   192
   193
   192
   192
   193
   194
   191
   190
   193
   191
   193
   194
   194
   192
   193
   192
   190
   192
   194
   195
   196
   197
   199
   197
   200
   197
   195
   195
   192
   185
   150
   147
    87
   104
    92
   117
   113
    83
    69
    68
    78
   105
   164
   141
   135
   149
   161
   152
   161
   183
   184
   186
   188
   185
   189
   157
   158
   160
   165
   173
   164
   163
   163
   170
   172
   175
   173
   167
   164
   161
   162
   155
   143
   127
   112
    94
   128
   153
   155
   155
   156
   152
   145
   145
   150
   152
   157
   155
   147
   140
   134
   129
   114
   102
    87
    64
    62
    66
    73
   158
   155
   170
   170
   177
   178
   186
   180
   186
   186
   187
   187
   190
   192
   193
   192
   192
   192
   193
   195
   193
   192
   192
   193
   197
   194
   192
   193
   194
   195
   193
   196
   196
   195
   197
   194
   198
   194
   198
   199
   198
   199
   184
   148
   178
    93
   112
   101
   122
   124
    94
    67
    83
    84
    80
   156
   156
   139
   146
   157
   156
   151
   174
   186
   186
   185
   184
   190
   148
   160
   162
   171
   171
   168
   165
   165
   169
   178
   176
   175
   168
   167
   167
   159
   153
   143
   130
   128
   113
   114
   148
   157
   156
   159
   154
   145
   141
   146
   147
   149
   143
   144
   138
   131
   119
   104
    96
    73
    60
    63
    71
    75
   159
   154
   163
   167
   171
   177
   181
   173
   179
   184
   187
   188
   187
   192
   190
   194
   194
   192
   189
   192
   195
   196
   196
   193
   193
   195
   194
   192
   192
   193
   194
   193
   193
   197
   197
   198
   195
   195
   197
   198
   197
   191
   182
   152
   204
   102
   107
   101
   134
   141
    93
    66
    53
    47
    78
   134
   159
   138
   143
   163
   160
   152
   165
   180
   183
   188
   182
   178
   167
   144
   159
   166
   171
   164
   167
   163
   167
   168
   176
   179
   173
   170
   163
   154
   135
   138
   136
   131
   116
   118
   144
   151
   157
   156
   146
   135
   134
   141
   135
   133
   133
   134
   127
   123
   109
    95
    83
    69
    63
    70
    73
    79
   156
   160
   169
   161
   178
   180
   181
   178
   172
   182
   185
   185
   188
   189
   191
   189
   191
   192
   192
   191
   190
   193
   190
   194
   192
   190
   193
   193
   190
   186
   191
   190
   192
   193
   193
   189
   190
   194
   195
   196
   195
   189
   172
   148
   201
   119
   111
   107
   139
   184
   121
    80
    76
    46
    91
   122
   156
   145
   153
   159
   172
   158
   160
   176
   180
   185
   184
   179
   175
   136
   167
   162
   167
   164
   161
   166
   165
   169
   171
   171
   169
   165
   161
   153
   143
   142
   139
   136
   134
   131
   149
   147
   151
   148
   141
   135
   136
   133
   123
   124
   131
   126
   123
   113
   102
    94
    83
    66
    70
    68
    78
    83
   152
   161
   166
   165
   170
   183
   181
   184
   179
   180
   185
   189
   192
   192
   192
   189
   192
   191
   192
   193
   192
   190
   192
   192
   192
   193
   191
   195
   191
   189
   191
   190
   194
   195
   193
   193
   192
   194
   195
   198
   198
   196
   175
   143
   145
   119
   125
   112
   144
   197
   143
    97
   146
   125
    86
   131
   168
   153
   162
   163
   176
   169
   160
   175
   179
   181
   183
   178
   182
   135
   152
   155
   164
   159
   166
   172
   174
   173
   174
   176
   173
   170
   161
   159
   154
   143
   143
   140
   136
   138
   148
   147
   144
   144
   139
   137
   137
   136
   132
   133
   124
   121
   119
   115
   103
    88
    74
    71
    70
    73
    76
    76
   148
   149
   161
   172
   170
   177
   181
   185
   179
   174
   181
   185
   185
   191
   193
   191
   187
   191
   190
   188
   187
   189
   191
   187
   191
   191
   192
   193
   191
   192
   191
   192
   194
   192
   194
   197
   197
   196
   196
   197
   197
   194
   177
   151
   128
   112
   132
   121
   147
   200
   147
   116
    95
    87
   104
   177
   172
   159
   165
   168
   173
   174
   166
   174
   182
   184
   183
   181
   186
   148
   145
   154
   161
   164
   160
   168
   173
   172
   173
   173
   172
   170
   163
   153
   156
   149
   143
   139
   129
   137
   139
   143
   142
   141
   132
   135
   134
   136
   135
   129
   123
   125
   118
   104
    96
    89
    78
    71
    69
    77
    80
    80
   141
   147
   157
   170
   175
   172
   175
   179
   172
   170
   184
   180
   186
   185
   185
   189
   191
   192
   191
   189
   191
   188
   189
   188
   186
   189
   192
   191
   189
   185
   189
   192
   189
   189
   192
   189
   193
   195
   196
   196
   196
   192
   173
   153
   142
   116
   138
   128
   149
   176
   155
   135
   127
   146
   156
   176
   174
   164
   173
   174
   176
   174
   165
   173
   177
   182
   177
   174
   175
   185
   114
   161
   162
   160
   156
   160
   167
   170
   170
   165
   166
   166
   162
   159
   151
   147
   141
   138
   130
   123
   138
   144
   156
   146
   134
   142
   137
   131
   127
   121
   123
   114
   108
    98
    85
    83
    83
    74
    76
    70
    78
    88
   148
   150
   157
   172
   176
   174
   170
   163
   156
   167
   181
   187
   189
   186
   187
   188
   189
   190
   191
   192
   189
   192
   190
   192
   189
   187
   187
   189
   191
   189
   185
   187
   186
   191
   190
   194
   194
   195
   194
   194
   197
   192
   175
   163
   144
   110
   142
   138
   153
   175
   157
   141
   124
   165
   172
   175
   170
   174
   175
   177
   173
   178
   172
   173
   181
   181
   180
   173
   171
   184
   103
   161
   167
   159
   156
   162
   167
   166
   170
   170
   168
   163
   165
   165
   155
   151
   155
   154
   150
   151
   153
   154
   152
   147
   142
   138
   137
   131
   126
   126
   120
   114
   106
   101
    88
    82
    72
    69
    75
    76
    84
    91
   141
   143
   147
   153
   172
   174
   167
   158
   155
   156
   168
   180
   184
   186
   187
   190
   192
   192
   189
   188
   189
   189
   189
   192
   193
   188
   186
   188
   188
   187
   185
   187
   189
   189
   193
   194
   195
   197
   196
   198
   194
   185
   167
   165
   156
   101
   142
   141
   151
   171
   163
   133
   117
   137
   158
   167
   167
   176
   177
   174
   173
   171
   172
   175
   177
   184
   187
   179
   171
   182
    92
   155
   164
   165
   162
   164
   162
   162
   166
   166
   167
   165
   166
   163
   166
   165
   168
   170
   171
   172
   159
   158
   152
   153
   142
   140
   133
   124
   122
   122
   124
   120
   109
    99
    94
    83
    72
    74
    75
    78
    91
    92
   144
   141
   135
   145
   159
   162
   172
   168
   167
   162
   172
   182
   181
   187
   188
   191
   189
   190
   186
   184
   187
   188
   187
   187
   188
   189
   188
   184
   183
   185
   186
   190
   192
   193
   194
   194
   194
   192
   192
   194
   197
   186
   170
   162
   170
   118
   140
   147
   150
   154
   171
   128
   116
   104
   136
   154
   156
   176
   178
   175
   170
   166
   169
   177
   183
   182
   182
   175
   163
   179
    90
   157
   158
   167
   166
   167
   164
   160
   160
   165
   170
   173
   160
   155
   156
   165
   165
   167
   166
   162
   161
   154
   154
   151
   140
   136
   131
   128
   122
   124
   120
   112
   110
    99
    86
    82
    74
    73
    80
    89
    90
    88
   136
   143
   140
   148
   156
   167
   169
   160
   159
   163
   171
   179
   183
   187
   189
   188
   188
   188
   183
   186
   186
   186
   186
   186
   189
   191
   188
   186
   183
   185
   185
   187
   190
   191
   193
   192
   191
   193
   190
   192
   190
   193
   174
   164
   160
   133
   141
   147
   147
   139
   153
   126
   112
    96
   116
   144
   143
   173
   175
   175
   168
   168
   166
   176
   181
   176
   173
   163
   161
   185
   105
   158
   159
   157
   161
   152
   160
   159
   159
   158
   163
   159
   164
   159
   158
   158
   156
   155
   156
   156
   152
   151
   148
   143
   136
   135
   130
   126
   122
   122
   119
   112
   104
    98
    88
    68
    66
    72
    77
    83
    90
    93
   128
   139
   142
   151
   161
   167
   174
   168
   158
   162
   172
   181
   185
   184
   189
   187
   188
   188
   188
   187
   187
   186
   183
   183
   186
   189
   189
   187
   187
   186
   185
   190
   191
   188
   187
   190
   191
   192
   194
   190
   188
   184
   178
   172
   162
   134
   136
   159
   148
   135
   188
   182
   105
   115
    97
   133
   147
   167
   169
   166
   168
   163
   164
   175
   181
   172
   168
   153
   159
   187
   113
   157
   158
   156
   156
   154
   156
   158
   160
   159
   159
   163
   157
   156
   151
   152
   155
   151
   149
   152
   151
   147
   143
   139
   136
   133
   130
   126
   124
   120
   116
   113
    96
    90
    87
    72
    72
    75
    83
    85
    86
    88
   124
   139
   140
   144
   146
   158
   167
   157
   156
   170
   180
   181
   183
   187
   187
   187
   186
   188
   190
   190
   185
   188
   188
   187
   186
   186
   186
   186
   183
   181
   185
   186
   189
   187
   186
   188
   188
   188
   188
   192
   187
   179
   172
   168
   170
   157
   126
   163
   151
   153
   213
   206
   129
   116
   101
   118
   136
   159
   159
   161
   161
   167
   171
   180
   179
   177
   168
   156
   164
   192
   129
   162
   165
   164
   163
   160
   156
   147
   151
   154
   153
   155
   156
   148
   142
   144
   149
   157
   155
   151
   150
   147
   137
   140
   134
   131
   129
   123
   125
   122
   112
   105
    99
    89
    71
    71
    77
    82
    88
    92
    88
    85
   112
   136
   142
   138
   146
   163
   164
   154
   169
   176
   183
   184
   183
   183
   183
   184
   183
   183
   184
   185
   187
   184
   184
   184
   184
   182
   183
   182
   182
   183
   186
   184
   185
   189
   189
   187
   188
   187
   190
   190
   188
   184
   171
   167
   161
   165
   101
   161
   153
   156
   218
   218
   156
   108
   117
   117
   142
   158
   155
   156
   159
   165
   167
   175
   177
   167
   162
   157
   173
   188
   142
   161
   162
   163
   161
   158
   155
   148
   149
   151
   152
   149
   147
   149
   149
   153
   158
   158
   160
   151
   148
   145
   135
   136
   131
   128
   125
   120
   113
   114
   108
    98
    94
    82
    68
    71
    73
    86
    89
    88
    86
    94
   112
   126
   142
   146
   154
   159
   161
   162
   168
   174
   178
   178
   177
   181
   187
   183
   183
   182
   185
   185
   185
   185
   186
   183
   182
   180
   181
   182
   179
   181
   184
   185
   185
   186
   184
   188
   189
   187
   183
   184
   186
   184
   171
   168
   159
   164
   111
   140
   150
   130
   193
   216
   162
   120
   108
   118
   133
   151
   150
   154
   157
   167
   176
   173
   171
   169
   164
   151
   182
   163
   147
   158
   167
   161
   159
   155
   155
   152
   148
   151
   151
   143
   144
   145
   148
   154
   150
   153
   155
   149
   146
   143
   137
   134
   134
   128
   124
   120
   115
   115
   104
    98
    83
    77
    70
    69
    76
    80
    79
    82
    84
    94
   115
   120
   130
   134
   143
   159
   163
   167
   166
   171
   172
   180
   181
   184
   183
   182
   183
   185
   181
   181
   184
   184
   183
   185
   187
   186
   188
   185
   180
   185
   184
   185
   184
   182
   184
   184
   180
   180
   183
   182
   184
   185
   172
   164
   159
   161
   153
   111
   144
   136
   132
   144
   146
   139
   111
   111
   122
   141
   147
   158
   161
   170
   185
   174
   168
   158
   161
   147
   175
   131
   148
   159
   156
   159
   158
   157
   153
   149
   151
   150
   148
   147
   148
   149
   147
   151
   154
   153
   152
   148
   146
   146
   144
   142
   132
   125
   124
   117
   115
   104
   101
    94
    84
    70
    70
    70
    76
    82
    92
    97
   101
   105
   115
   113
   133
   130
   134
   160
   173
   169
   172
   178
   178
   180
   183
   181
   181
   180
   179
   182
   183
   184
   183
   182
   181
   182
   182
   184
   184
   180
   178
   176
   179
   182
   183
   184
   183
   180
   180
   177
   180
   180
   182
   181
   179
   163
   153
   156
   158
   196
   144
   138
   146
   132
   140
   138
   130
   116
   121
   129
   146
   158
   170
   179
   179
   170
   158
   146
   145
   159
   147
   119
   154
   161
   157
   154
   154
   152
   154
   151
   149
   147
   144
   143
   151
   145
   139
   148
   148
   145
   143
   142
   147
   145
   137
   132
   128
   123
   115
   108
   111
   100
    93
    85
    77
    67
    62
    76
    89
    88
    91
    93
    93
   103
   112
   116
   122
   135
   131
   140
   156
   163
   159
   167
   178
   181
   181
   182
   182
   183
   179
   183
   179
   181
   178
   174
   177
   178
   182
   178
   179
   179
   178
   178
   180
   180
   181
   178
   180
   175
   174
   171
   171
   171
   176
   175
   175
   163
   153
   152
   155
   196
   171
   142
   150
   139
   132
   129
   131
   133
   135
   140
   149
   164
   172
   172
   173
   158
   153
   149
   151
   164
   113
   143
   164
   163
   161
   153
   154
   149
   150
   143
   141
   139
   139
   143
   145
   143
   142
   144
   145
   133
   143
   147
   149
   143
   134
   131
   128
   122
   117
   114
   101
    89
    86
    81
    70
    62
    71
    75
    77
    87
    86
    94
   100
   104
   117
   111
   111
   133
   145
   142
   149
   154
   151
   154
   175
   178
   180
   180
   177
   178
   179
   178
   177
   176
   177
   184
   180
   177
   175
   178
   177
   178
   176
   179
   178
   180
   179
   178
   176
   171
   169
   169
   166
   165
   162
   167
   168
   163
   150
   150
   148
   139
   156
   138
   139
   131
   131
   136
   132
   137
   144
   142
   149
   171
   176
   176
   169
   169
   158
   163
   168
   117
   137
   167
   159
   157
   155
   150
   141
   148
   145
   141
   139
   139
   139
   135
   142
   143
   142
   137
   141
   146
   141
   146
   138
   137
   134
   123
   120
   116
   111
   103
    98
    91
    81
    73
    65
    73
    82
    89
    98
    96
   101
    97
   104
   111
   118
   117
   106
   117
   136
   145
   155
   155
   154
   161
   164
   173
   178
   179
   179
   176
   173
   174
   181
   179
   173
   176
   185
   177
   177
   174
   177
   178
   171
   173
   177
   179
   178
   175
   172
   167
   164
   165
   161
   161
   161
   157
   160
   160
   152
   147
   142
   140
   134
   135
   140
   143
   134
   134
   136
   137
   147
   131
   128
   151
   168
   176
   172
   173
   177
   167
   129
   131
   156
   163
   155
   151
   148
   146
   140
   141
   146
   140
   139
   139
   136
   138
   137
   135
   139
   134
   141
   143
   141
   140
   130
   129
   127
   122
   118
   110
   104
   100
    91
    89
    72
    58
    65
    80
    89
    97
   100
   107
   105
   110
   111
   108
   118
   116
   115
   110
   125
   140
   142
   154
   154
   163
   172
   172
   177
   179
   180
   176
   175
   177
   177
   180
   169
   162
   173
   175
   170
   174
   177
   180
   176
   173
   175
   174
   173
   168
   166
   164
   157
   155
   156
   151
   148
   148
   148
   149
   153
   149
   146
   140
   140
   132
    91
   122
   149
   139
   127
   137
   135
   123
   120
   141
   160
   165
   175
   181
   161
   116
   118
   161
   162
   158
   160
   151
   140
   140
   141
   144
   141
   139
   135
   135
   135
   135
   137
   135
   135
   130
   136
   135
   140
   133
   129
   123
   122
   114
   110
   109
   100
    92
    90
    71
    54
    65
    81
    91
    94
    96
   102
   102
    98
    98
   108
   108
   120
   121
   110
   107
   111
   126
   134
   147
   151
   159
   169
   171
   173
   172
   176
   172
   175
   175
   174
   177
   179
   175
   179
   178
   174
   175
   174
   174
   175
   173
   169
   166
   160
   156
   157
   157
   154
   148
   146
   144
   142
   142
   143
   140
   141
   141
   142
   136
   132
   127
   119
    87
    99
   131
   140
   144
   143
   119
   128
   154
   165
   165
   151
   127
   114
   129
   152
   155
   152
   155
   143
   137
   133
   138
   141
   135
   132
   133
   129
   131
   134
   135
   138
   135
   133
   136
   134
   135
   135
   131
   125
   127
   119
   110
   104
    90
    89
    84
    77
    59
    68
    86
    98
   100
   103
   103
   103
   103
    98
    99
   108
   108
   121
   120
   119
   110
   101
   106
   109
   133
   150
   158
   172
   176
   176
   172
   172
   176
   174
   172
   171
   176
   176
   176
   170
   174
   175
   170
   171
   173
   173
   172
   169
   163
   159
   157
   152
   151
   152
   145
   144
   145
   143
   142
   145
   141
   136
   132
   129
   126
   127
   130
   134
   123
    95
   124
   119
   138
   148
   141
   136
   136
   127
   118
   106
   112
   135
   162
   158
   147
   140
   137
   135
   129
   133
   136
   136
   136
   132
   135
   135
   129
   132
   132
   132
   126
   129
   129
   130
   132
   132
   124
   121
   118
   111
   101
    97
    93
    87
    69
    53
    68
    92
    99
    96
    99
   105
   108
   112
   112
   107
   108
   109
   105
   121
   124
   118
   121
   112
    95
   105
   121
   140
   155
   164
   175
   175
   174
   175
   173
   172
   172
   173
   171
   168
   169
   170
   171
   172
   168
   171
   172
   168
   163
   157
   151
   155
   154
   152
   151
   144
   144
   139
   142
   142
   139
   138
   138
   137
   126
   121
   122
   124
   127
   129
   131
   132
   130
   106
   103
   108
   110
   104
    87
    99
   109
   130
   151
   161
   152
   147
   143
   139
   138
   136
   139
   136
   133
   133
   133
   126
   126
   126
   127
   118
   119
   122
   123
   126
   129
   128
   126
   122
   123
   112
   105
   102
    93
    93
    88
    75
    59
    76
   100
   104
   108
    99
   100
   108
   110
   113
   114
   111
   112
   114
   114
   120
   118
   118
   118
   114
   106
   101
   111
   127
   137
   154
   163
   166
   168
   169
   169
   170
   174
   172
   168
   169
   171
   170
   171
   170
   167
   161
   161
   161
   152
   148
   153
   149
   148
   144
   146
   146
   147
   147
   145
   144
   138
   130
   131
   132
   135
   134
   132
   129
   128
   130
   133
   139
   103
    44
   135
   124
   102
   117
   149
   158
   160
   156
   148
   142
   145
   148
   146
   144
   136
   134
   134
   132
   130
   124
   123
   123
   122
   123
   120
   128
   121
   121
   125
   123
   123
   120
   111
   117
   106
   106
    99
    99
    94
    89
    75
    67
    87
   103
   105
   104
   100
   106
   106
   107
   111
   110
   110
   112
   115
   118
   124
   123
   118
   118
   116
   118
   108
   106
   117
   126
   137
   136
   149
   159
   166
   168
   167
   168
   166
   169
   173
   164
   166
   169
   170
   167
   167
   160
   149
   154
   150
   147
   143
   147
   150
   149
   147
   149
   147
   145
   141
   138
   134
   130
   127
   128
   126
   129
   131
   136
   135
   137
   139
   142
   107
    67
   135
   130
   116
   135
   148
   152
   149
   149
   143
   138
   131
   136
   136
   136
   137
   129
   130
   122
   119
   121
   120
   121
   120
   116
   117
   121
   120
   122
   124
   125
   120
   116
   113
   106
   101
   103
   103
    99
    92
    76
    72
    87
    98
    98
    96
   100
   104
   100
   102
   105
   107
   111
   111
   115
   112
    95
    71
   121
   123
   121
   122
   126
   121
   102
   109
   120
   134
   145
   144
   153
   164
   163
   168
   168
   169
   169
   165
   168
   167
   167
   167
   166
   164
   161
   151
   152
   153
   149
   144
   146
   151
   147
   151
   152
   146
   146
   145
   140
   139
   134
   133
   129
   133
   133
   126
   126
   136
   141
   137
   143
   114
    80
   130
   119
   127
   140
   144
   140
   146
   139
   140
   135
   133
   131
   129
   132
   129
   124
   120
   116
   116
   117
   120
   118
   119
   118
   118
   116
   116
   119
   115
   112
   112
   110
   110
   105
   100
    98
    87
    75
    70
    81
    99
    98
   107
   110
   113
   109
   115
   109
   102
   103
   111
   114
   109
    90
    69
    87
   127
   115
   117
   126
   118
   118
   115
   117
    95
   101
   121
   140
   152
   145
   150
   163
   162
   164
   164
   161
   162
   161
   160
   164
   162
   161
   155
   157
   156
   152
   154
   152
   156
   152
   147
   146
   146
   147
   146
   143
   142
   140
   141
   140
   137
   136
   130
   129
   130
   131
   134
   140
   140
   141
   114
    78
   136
   122
   129
   145
   144
   140
   137
   133
   129
   131
   126
   123
   119
   118
   116
   117
   115
   110
   112
   117
   119
   115
   113
   119
   117
   116
   112
   111
   108
   110
   109
   108
   104
   102
   101
    91
    95
    98
   109
   122
   113
   105
    85
    71
    61
    61
    56
    56
    55
    61
    65
    64
    65
    90
   151
   202
   228
   119
   119
   119
   122
   120
   116
   117
   110
    95
   105
   125
   132
   142
   148
   158
   163
   163
   164
   162
   160
   159
   156
   156
   156
   152
   154
   155
   151
   152
   152
   156
   155
   154
   155
   152
   147
   148
   142
   143
   139
   139
   135
   134
   133
   133
   132
   132
   134
   135
   132
   134
   135
   139
   123
    86
   131
   119
   133
   142
   138
   136
   136
   131
   122
   122
   122
   118
   114
   116
   115
   116
   111
   114
   117
   118
   115
   122
   122
   122
   116
   120
   117
   110
   109
   108
   111
   104
   107
   101
    89
    91
    87
    94
    86
    77
    79
   109
   148
   162
   159
   160
   163
   163
   162
   153
   127
   124
   167
   213
   225
   206
   157
   122
   122
   122
   118
   123
   120
   121
   125
   115
   101
   108
   119
   127
   146
   144
   153
   166
   168
   161
   164
   163
   160
   155
   154
   149
   146
   148
   151
   149
   154
   149
   149
   150
   153
   155
   151
   147
   145
   137
   136
   136
   133
   132
   128
   133
   130
   128
   127
   129
   130
   128
   134
   132
   120
    94
   119
   124
   140
   143
   143
   134
   127
   128
   128
   124
   122
   124
   124
   117
   115
   115
   122
   117
   114
   117
   120
   114
   114
   115
   118
   114
   115
   110
   110
   108
    96
    81
    61
    54
    50
    45
    51
    52
    55
    22
    10
    36
   101
   151
   174
   168
   176
   182
   195
   199
   206
   210
   203
   176
   125
    87
    74
   122
   117
   122
   121
   120
   120
   118
   121
   119
   100
   100
   120
   119
   124
   130
   135
   141
   153
   159
   158
   161
   163
   162
   161
   157
   154
   155
   154
   155
   154
   157
   149
   151
   151
   148
   144
   142
   140
   136
   131
   133
   130
   132
   134
   127
   127
   130
   130
   135
   134
   132
   133
   133
   118
    83
    94
   108
   132
   135
   135
   132
   135
   128
   127
   122
   125
   120
   115
   116
   114
   120
   112
   117
   115
   115
   115
   114
   110
   106
    93
    82
    80
    89
    79
    67
    46
    36
    38
    42
    42
    51
    51
    52
    61
    61
    24
    12
     6
    34
    89
   124
   107
    93
    84
    88
    97
   101
    91
    83
   100
   138
   177
   118
   120
   122
   123
   121
   119
   121
   118
   123
   114
    89
    91
   114
   110
   113
   129
   134
   142
   148
   150
   156
   157
   160
   160
   163
   161
   161
   158
   157
   154
   152
   153
   151
   147
   144
   141
   134
   137
   131
   128
   128
   131
   126
   116
   114
   119
   124
   130
   120
   118
   125
   112
   111
   103
    66
    67
    90
   109
   127
   130
   127
   124
   124
   121
   119
   112
   111
   111
   110
   111
   110
   108
   103
   107
   107
    94
    93
    93
    89
    98
   112
   110
    87
    41
    38
    38
    43
    48
    50
    52
    62
    66
    69
    70
    73
    42
    15
    19
     5
    14
    73
   135
   152
   146
   139
   139
   133
   139
   144
   142
   134
   116
   122
   120
   117
   121
   122
   118
   123
   122
   121
   117
   111
    94
    91
   100
   105
   116
   118
   115
   120
   131
   140
   148
   142
   148
   160
   161
   160
   153
   154
   152
   149
   144
   142
   137
   134
   130
   130
   124
   127
   125
   121
   115
   104
   104
    98
   102
   104
   100
    91
    84
    79
    91
    65
    59
    52
    80
   104
   100
   105
   117
   109
   104
   120
   117
   102
    96
    86
    86
    87
    90
    99
   100
   102
    96
    89
   105
   111
   128
   142
   146
   155
   141
   112
    67
    48
    50
    54
    57
    58
    65
    67
    69
    77
    70
    78
    67
    23
    14
    24
    18
     8
    27
    96
   139
   139
   117
   117
   108
   107
   114
   117
   125
   121
   121
   121
   116
   117
   123
   119
   119
   118
   120
   124
   118
    93
    92
   105
    95
    84
    85
    95
    98
    95
    85
    89
   102
   116
   133
   138
   138
   131
   133
   134
   135
   141
   136
   132
   130
   125
   123
   113
   117
   114
    99
    92
    96
    92
    81
    77
    61
    56
    58
    51
    54
    60
    48
    48
    49
    61
    72
    65
    61
    75
    74
    55
    75
   104
   116
   125
   125
   129
   126
   121
   121
   110
   130
   153
   145
   152
   153
   148
   149
   134
   130
   107
    70
    49
    57
    56
    61
    71
    69
    72
    74
    70
    76
    79
    77
    62
    18
    17
    27
    19
    12
     3
    33
    86
   133
   142
   146
   142
   133
   131
   129
   119
   121
   122
   122
   118
   122
   123
   119
   119
   122
   120
   119
   111
    86
    95
    92
    91
    82
    75
    71
    61
    67
    68
    67
    77
    96
   108
   113
   112
   109
   115
   115
   113
   117
   122
   117
   113
   110
   112
   109
   102
    93
    89
    77
    80
    70
    57
    48
    52
    50
    38
    36
    37
    52
    56
    59
    68
    68
    59
    56
    53
    52
    62
    95
   122
   137
   138
   139
   146
   142
   135
   134
   132
   146
   160
   146
   143
   143
   145
   141
   138
   127
   106
    66
    61
    66
    70
    70
    69
    73
    75
    73
    76
    74
    72
    77
    80
    68
    20
    15
    24
    26
    19
    12
     6
    33
    57
    79
   100
   119
   126
   126
   117
   118
   123
   118
   121
   124
   122
   123
   118
   119
   120
   122
   115
   104
    77
    92
    80
    77
    63
    57
    58
    50
    49
    60
    59
    68
    74
    87
    93
    88
   104
   108
   104
   103
    95
   104
   103
   105
   102
    87
    88
    81
    63
    56
    52
    58
    57
    58
    55
    50
    46
    35
    40
    45
    46
    46
    50
    52
    48
    35
    38
    43
    75
   106
   142
   158
   155
   147
   142
   145
   166
   175
   146
   157
   169
   152
   143
   141
   145
   145
   135
   127
    95
    74
    67
    74
    74
    71
    77
    77
    72
    70
    76
    74
    83
    80
    83
    85
    63
    20
    20
    22
    24
    20
    19
    13
     4
     5
    13
    20
    22
    22
   120
   124
   118
   122
   122
   120
   120
   122
   123
   120
   121
   120
   121
   108
   102
    65
    82
    72
    68
    59
    46
    43
    43
    42
    59
    65
    63
    59
    67
    70
    52
    68
    86
    84
    76
    64
    61
    52
    67
    75
    70
    61
    56
    57
    60
    64
    77
    55
    46
    43
    45
    40
    33
    36
    40
    44
    42
    41
    61
    63
    75
    91
    88
    86
   116
   136
   148
   170
   171
   168
   170
   169
   144
   151
   147
   128
   128
   130
   138
   139
   130
   120
    86
    70
    77
    73
    75
    76
    77
    75
    78
    82
    80
    83
    78
    75
    72
    78
    82
    59
    12
    18
    19
    20
    26
    27
    26
    22
    20
    18
    18
    14
   116
   118
   118
   118
   122
   118
   122
   116
   119
   118
   121
   122
   119
   113
    98
    79
    63
    63
    65
    60
    70
    68
    58
    44
    45
    61
    76
    70
    69
    73
    78
    57
    50
    58
    71
    66
    52
    40
    32
    44
    61
    64
    63
    62
    67
    67
    56
    58
    52
    51
    40
    41
    46
    41
    46
    48
    53
    86
   104
   111
   138
   164
   156
   104
   105
   107
   118
   130
   147
   152
   148
   139
   131
   121
   109
   115
   132
   140
   140
   134
   129
   106
    70
    77
    78
    77
    75
    77
    77
    79
    82
    73
    80
    79
    82
    82
    81
    82
    78
    77
    37
    12
    19
    20
    22
    23
    19
    23
    21
    22
    26
    23
   120
   119
   120
   122
   121
   123
   121
   123
   122
   120
   119
   123
   119
   114
   118
    86
    75
    58
    53
    53
    59
    73
    68
    50
    47
    35
    53
    72
    68
    68
    70
    73
    65
    50
    55
    65
    69
    51
    40
    34
    32
    50
    65
    48
    44
    49
    50
    57
    56
    47
    43
    54
    42
    39
    55
   102
   102
   109
   121
   119
   166
   186
   168
   139
   124
   125
   134
   139
   143
   135
   133
   125
   127
   138
   126
   131
   136
   138
   137
   143
   113
    88
    79
    77
    77
    79
    80
    80
    76
    78
    78
    84
    84
    79
    79
    79
    81
    80
    79
    79
    82
    45
    22
    22
    22
    19
    23
    25
    21
    24
    23
    23
   121
   119
   120
   121
   120
   121
   123
   119
   121
   121
   121
   120
   120
   119
   117
   115
    89
    69
    57
    45
    35
    39
    55
    68
    58
    61
    50
    57
    63
    74
    79
    73
    83
    83
    66
    48
    39
    39
    35
    31
    26
    27
    43
    52
    56
    53
    48
    50
    55
    51
    55
    50
    44
    30
    74
   129
   142
   122
   100
   123
   138
   148
   146
   143
   136
   125
   121
   128
   133
   126
   123
   136
   148
   154
   131
   123
   142
   144
   145
   114
    92
    74
    74
    80
    81
    79
    78
    78
    82
    86
    84
    82
    82
    83
    79
    84
    81
    80
    83
    82
    80
    66
    15
    18
    18
    19
    18
    17
    21
    20
    17
    15
   119
   122
   121
   117
   120
   121
   121
   120
   121
   120
   118
   121
   121
   120
   123
   118
   115
    73
    60
    56
    38
    34
    56
    57
    51
    58
    58
    45
    49
    52
    51
    56
    61
    75
    76
    62
    56
    52
    41
    31
    37
    32
    31
    33
    49
    57
    55
    39
    49
    52
    40
    36
    32
    39
   109
   141
   131
   110
   116
   141
   149
   152
   147
   140
   132
   130
   125
   124
   130
   133
   146
   153
   151
   136
   123
   135
   146
   136
   102
    82
    71
    82
    85
    81
    80
    83
    80
    82
    81
    81
    80
    84
    84
    83
    82
    81
    81
    83
    80
    77
    81
    83
    55
    19
    20
    20
    25
    20
    23
    22
    20
    24
   123
   123
   121
   120
   121
   117
   123
   121
   120
   122
   122
   120
   120
   119
   117
   121
   113
    96
    74
    60
    65
    50
    48
    53
    55
    47
    54
    58
    54
    44
    49
    59
    57
    61
    91
    62
    52
    37
    45
    40
    35
    29
    34
    29
    24
    30
    45
    39
    35
    40
    33
    37
    30
    56
   135
   152
   128
   113
   145
   149
   150
   159
   163
   155
   146
   139
   134
   146
   152
   162
   165
   147
   134
   118
   129
   153
   135
    85
    77
    75
    89
    81
    80
    84
    86
    85
    82
    83
    83
    84
    83
    83
    86
    80
    85
    84
    83
    83
    82
    80
    82
    86
    88
    55
    13
    23
    19
    27
    21
    21
    25
    17
   120
   119
   120
   122
   119
   121
   119
   120
   117
   123
   119
   122
   121
   122
   123
   120
   123
   111
    83
    59
    43
    56
    51
    58
    59
    54
    48
    47
    56
    64
    57
    52
    51
    48
    43
    68
    59
    48
    32
    30
    23
    25
    23
    38
    41
    42
    44
    56
    49
    43
    51
    37
    27
    77
   141
   139
   107
   120
   148
   153
   155
   158
   161
   157
   165
   160
   158
   165
   161
   151
   125
   114
   118
   134
   148
   108
    84
    78
    80
    91
    78
    87
    86
    81
    82
    83
    84
    88
    87
    87
    88
    85
    81
    84
    78
    80
    80
    80
    81
    83
    79
    76
    76
    78
    43
    13
    19
    19
    23
    23
    20
    21
   121
   119
   120
   120
   123
   123
   120
   120
   124
   123
   121
   118
   124
   120
   119
   119
   115
   122
   108
    82
    52
    44
    65
    50
    41
    53
    50
    42
    45
    40
    41
    48
    51
    60
    50
    48
    57
    58
    41
    34
    31
    26
    25
    29
    47
    45
    45
    51
    45
    44
    36
    34
    33
    96
   140
   133
    96
   116
   137
   148
   153
   154
   151
   152
   153
   151
   151
   144
   128
   109
   112
   123
   142
   135
   104
    82
    76
    82
    86
    88
    88
    88
    90
    89
    83
    85
    89
    82
    82
    85
    81
    84
    82
    82
    83
    81
    81
    81
    76
    80
    85
    83
    76
    81
    77
    30
    19
    21
    18
    20
    21
    21
   118
   118
   120
   120
   119
   119
   122
   123
   122
   121
   121
   123
   123
   123
   119
   123
   121
   117
   111
    90
    52
    50
    48
    34
    36
    38
    35
    34
    19
    25
    21
    23
    25
    24
    39
    47
    51
    45
    55
    42
    34
    28
    31
    30
    38
    49
    49
    46
    49
    49
    45
    46
    49
   105
   145
   127
    94
   108
   119
   121
   121
   128
   130
   130
   137
   126
   117
   106
   103
   122
   136
   140
   127
    99
    88
    85
    87
    86
    86
    85
    85
    85
    89
    85
    91
    90
    86
    94
    88
    82
    85
    83
    86
    84
    81
    83
    76
    83
    85
    82
    76
    78
    81
    75
    75
    64
    23
    21
    22
    17
    16
    20
