   111
   108
   113
   112
   111
   111
   111
   113
   111
   111
   107
   111
   113
   112
   109
   109
   110
   111
   109
   109
   106
   108
   101
    99
    95
    93
    91
    88
    87
    85
    70
    49
    42
    59
    80
    82
    84
    76
    69
    74
    82
    76
    79
    82
    77
    69
    74
   112
    98
    86
    75
    73
    83
    84
    82
    80
    83
    83
    82
    83
    80
    74
   109
   183
    61
    71
    75
    79
    74
    72
    72
    75
    73
    72
    74
    68
    66
    72
    73
    72
    66
    67
    69
    66
    70
    64
    65
    65
    63
    65
    64
    66
    63
    62
    67
    62
    64
    62
    64
    66
    62
    62
    63
    59
    68
    67
    64
    31
    25
    21
    24
    24
   112
   114
   109
   111
   107
   109
   110
   111
   111
   109
   112
   113
   112
   111
   114
   110
   107
   109
   106
   108
   107
   105
   103
    98
    99
    89
    84
    82
    80
    76
    53
    45
    40
    37
    35
    50
    59
    64
    70
    76
    69
    70
    68
    68
    74
    68
   101
    95
    84
    81
    75
    71
    77
    82
    82
    80
    81
    80
    80
    76
    81
    79
    76
   117
   151
    49
    63
    56
    71
    67
    69
    63
    68
    75
    72
    73
    72
    66
    70
    68
    74
    69
    72
    74
    65
    71
    69
    67
    69
    70
    65
    67
    67
    69
    63
    66
    66
    69
    67
    64
    66
    66
    64
    70
    68
    50
    31
    20
    22
    23
    23
    20
   110
   110
   112
   113
   115
   113
   111
   113
   113
   115
   115
   110
   107
   109
   111
   117
   111
   107
   110
   110
   105
   105
   104
   104
    87
    89
    85
    89
    79
    67
    54
    42
    34
    34
    33
    47
    49
    58
    63
    58
    61
    51
    59
    61
    52
    79
    99
    83
    87
    84
    69
    67
    82
    81
    84
    78
    75
    82
    76
    76
    77
    73
    70
    79
   136
   107
   101
    88
    75
    80
    78
    82
    72
    56
    65
    61
    63
    68
    58
    64
    54
    55
    62
    60
    72
    70
    70
    68
    67
    64
    65
    63
    67
    65
    66
    67
    64
    63
    61
    69
    66
    64
    66
    67
    38
    25
    19
    26
    23
    23
    21
    22
   112
   110
   110
   114
   112
   115
   114
   112
   112
   113
   108
   115
   114
   117
   111
   110
   112
   112
   105
   105
   107
   102
    98
    86
    75
    78
    79
    67
    67
    44
    28
    34
    40
    53
    54
    42
    53
    51
    31
    28
    20
    31
    17
    11
    42
    91
    88
    87
    83
    75
    75
    75
    71
    65
    61
    65
    67
    58
    66
    65
    60
    68
    65
    63
    69
   168
    88
    91
   105
    96
   100
   102
    96
   100
    88
    93
    88
    86
    97
    80
    85
    80
    71
    67
    54
    59
    62
    66
    71
    67
    71
    70
    68
    64
    71
    66
    63
    63
    64
    63
    63
    65
    67
    34
    21
    19
    20
    19
    24
    22
    23
    19
   112
   113
   112
   112
   113
   113
   111
   112
   112
   109
   112
   112
   109
   110
   111
   112
   111
   110
   110
   104
   111
    98
    90
    77
    72
    63
    46
    32
    34
    35
    51
    56
    54
    57
    51
    48
    38
    33
    27
    28
    34
    28
    40
    50
    61
    80
    63
    76
    68
    90
    80
    32
    41
    38
    64
    83
    89
   100
    94
   101
   105
    99
   101
    92
    97
   140
   152
    85
   108
   109
   103
   103
   108
   107
   110
   105
   107
   107
    98
   103
   103
   101
    93
    92
    85
    70
    66
    60
    61
    66
    61
    68
    68
    67
    64
    66
    68
    67
    65
    66
    68
    71
    44
    18
    19
    18
    18
    19
    23
    21
    21
    24
   109
   110
   112
   114
   112
   111
   114
   115
   115
   113
   111
   112
   112
   110
   111
   110
    97
    94
    97
    90
    87
    83
    65
    53
    57
    38
    49
    63
    72
    83
    86
    85
    83
    84
    83
    85
    83
    81
    86
    94
    95
   102
   105
   108
    78
    41
    44
    34
    62
   100
    98
    89
   103
   118
   121
   121
   127
   128
   135
   125
   117
   121
   109
   118
   108
   112
   184
    78
   122
   112
   113
   112
   109
   107
   104
   113
   116
   117
   122
   119
   113
   116
   117
   113
   107
   100
    90
    78
    66
    59
    70
    67
    65
    68
    69
    70
    66
    67
    64
    67
    67
    40
    23
    16
    17
    21
    25
    20
    14
    23
    23
    18
   113
   113
   112
   112
   112
   112
   113
   112
   112
   115
   114
   113
   113
   112
   109
   106
    83
    74
    76
    63
    61
    53
    50
    51
    62
    90
   100
   110
   119
   118
   123
   117
   117
   117
   118
   117
   115
   119
   114
   114
   114
   108
   110
    94
    86
    98
    98
   110
   122
   120
   125
   135
   139
   142
   143
   147
   149
   154
   153
   153
   138
   127
   131
   123
   132
   124
   180
   102
   113
   116
   114
   115
   121
   116
   110
   104
   107
   111
   119
   127
   122
   118
   118
   123
   125
   124
   120
   109
    92
    84
    60
    60
    68
    65
    63
    66
    68
    65
    69
    65
    41
    16
    14
    22
    20
    20
    17
    24
    21
    22
    15
    22
   111
   115
   114
   115
   113
   111
   115
   112
   116
   114
   114
   115
   112
   112
   108
   103
    85
    65
    62
    57
    44
    48
    74
    98
   117
   121
   123
   119
   116
   120
   116
   119
   115
   116
   115
   118
   117
   114
   116
   120
   120
   117
   114
    91
   106
   109
   108
   102
   100
   105
   110
   119
   129
   135
   145
   150
   155
   159
   167
   168
   163
   153
   141
   133
   130
   124
   164
   110
   115
   113
   119
   116
   106
   109
   112
   114
   111
   114
   123
   127
   129
   130
   110
   112
   110
   100
   111
   111
   111
    96
    85
    72
    60
    63
    69
    67
    65
    68
    66
    60
    28
    19
    25
    22
    18
    23
    19
    24
    26
    26
    27
    26
   111
   112
   113
   112
   112
   115
   112
   114
   112
   110
   112
   113
   114
   114
   104
    95
    73
    53
    54
    59
    77
   106
   120
   122
   119
   117
   122
   121
   122
   121
   125
   125
   126
   128
   129
   129
   127
   130
   139
   143
   135
   126
   119
    95
   110
   117
   103
    99
    93
   104
   102
    99
   120
   128
   135
   140
   150
   152
   163
   173
   173
   164
   149
   142
   141
   135
   154
   137
   121
   123
   127
   119
   117
   113
   112
   113
   115
   121
   119
   132
   140
   143
   152
   150
   149
   127
   114
   118
   114
   112
   100
    92
    80
    66
    55
    65
    71
    63
    58
    33
    21
    25
    19
    30
    31
    19
    23
    14
     8
     5
     8
    10
   115
   114
   116
   115
   111
   113
   112
   113
   115
   111
   108
   106
   110
   104
    80
    64
    54
    39
    54
    97
   118
   124
   128
   126
   128
   131
   132
   133
   132
   135
   136
   139
   139
   138
   139
   140
   143
   150
   152
   145
   145
   138
   130
   105
   114
   103
   112
   123
   126
   118
    87
    76
    87
   107
   129
   132
   142
   145
   158
   169
   170
   171
   157
   150
   142
   141
   163
   147
   137
   133
   130
   130
   125
   120
   114
   119
   123
   123
   128
   130
   138
   141
   150
   150
   147
   143
   139
   132
   129
   115
   112
   104
    97
    87
    67
    61
    63
    70
    50
    19
    24
    23
    24
     8
    10
    13
     6
    21
    38
    51
    72
    90
   110
   109
   111
   114
   113
   110
   112
   113
   112
   115
   113
   112
   107
    86
    76
    61
    36
    71
   108
   129
   132
   135
   138
   135
   138
   135
   136
   139
   138
   139
   138
   144
   144
   143
   142
   146
   150
   155
   157
   141
   141
   134
   128
    99
   124
   127
   130
   134
   127
    95
    79
    72
    82
   108
   124
   133
   140
   147
   153
   155
   160
   159
   158
   154
   149
   146
   160
   144
   136
   137
   141
   136
   129
   127
   125
   124
   126
   128
   127
   128
   130
   131
   132
   137
   141
   130
   126
   128
   124
   123
   111
   108
    93
    89
    85
    67
    54
    45
    29
    14
     8
    11
     2
     0
     6
    15
    41
    96
   134
   160
   155
   135
   112
   116
   117
   113
   116
   118
   114
   114
   117
   114
   108
   112
    95
    81
    53
    48
    87
   123
   135
   134
   138
   136
   137
   141
   143
   144
   138
   143
   147
   146
   150
   150
   148
   150
   151
   158
   158
   164
   168
   154
   140
   133
   125
   117
   124
   134
   139
   146
   124
   102
    89
    94
   119
   112
   122
   128
   147
   154
   154
   151
   147
   151
   151
   156
   158
   155
   167
   133
   139
   142
   142
   143
   134
   131
   127
   131
   133
   136
   137
   137
   131
   129
   130
   128
   132
   144
   140
   122
   125
   128
   121
   121
   118
    91
    93
    91
    70
    41
    15
    13
    40
    97
   142
   182
   200
   189
   167
   120
    96
    92
   121
   156
   113
   114
   112
   113
   113
   112
   112
   113
   116
   112
   112
   109
    93
    70
    48
    96
   134
   136
   136
   145
   141
   145
   146
   146
   149
   147
   151
   150
   152
   154
   148
   151
   155
   158
   162
   165
   165
   164
   173
   174
   154
   136
   128
   143
   117
   132
   148
   149
   120
    95
    70
    75
   140
   134
   128
   140
   156
   166
   157
   158
   154
   157
   155
   157
   160
   158
   163
   126
   149
   149
   145
   141
   139
   138
   136
   141
   144
   145
   140
   137
   136
   133
   126
   125
   114
   122
   142
   144
   134
   129
   130
   124
   117
   113
   100
    97
    88
    74
    53
    74
   151
   194
   200
   171
   170
   200
   217
   223
   191
   145
    93
    73
   113
   115
   116
   114
   115
   115
   114
   113
   115
   113
   109
    95
    57
    58
   108
   137
   143
   139
   143
   144
   149
   147
   147
   150
   153
   155
   155
   155
   157
   153
   153
   153
   158
   163
   163
   165
   168
   170
   175
   172
   155
   137
   127
   169
   121
   131
   146
   149
   115
    90
    80
   105
   123
   149
   135
   142
   148
   163
   159
   159
   159
   163
   168
   161
   159
   154
   151
   124
   152
   151
   148
   143
   137
   137
   139
   144
   156
   152
   143
   144
   140
   141
   137
   129
   122
   102
   101
   118
   137
   143
   128
   124
   118
   119
   114
   105
    94
    84
    63
    59
    89
   101
    99
    94
    95
    96
   107
   150
   193
   226
   216
   178
   117
   112
   111
   115
   111
   115
   115
   112
   113
   112
    96
    80
    56
   108
   143
   142
   141
   148
   144
   151
   154
   156
   156
   154
   156
   156
   160
   161
   161
   158
   154
   159
   162
   164
   166
   169
   174
   176
   175
   171
   150
   122
   102
   109
   106
   137
   151
   147
   107
    88
   123
   144
   135
   151
   138
   143
   147
   158
   159
   154
   157
   168
   163
   165
   161
   160
   151
   128
   156
   152
   149
   145
   136
   143
   147
   149
   151
   154
   158
   152
   150
   139
   138
   134
   125
   123
   105
   101
   103
   122
   139
   125
   120
   113
   116
   113
   109
   103
    85
    51
    49
    75
    80
    87
    84
    96
    95
    72
    70
   117
   183
   216
   116
   116
   117
   115
   114
   110
   113
   118
   115
   106
    82
    68
   119
   151
   145
   148
   154
   155
   158
   160
   163
   162
   165
   164
   166
   165
   161
   161
   164
   164
   165
   164
   166
   170
   168
   174
   175
   178
   184
   176
   162
   123
   119
   188
    86
   124
   155
   150
   111
    95
   129
   149
   150
   148
   137
   141
   156
   158
   160
   157
   151
   161
   166
   165
   163
   164
   140
   133
   154
   155
   151
   142
   140
   141
   154
   164
   159
   158
   160
   159
   146
   144
   138
   138
   131
   120
   110
   114
   116
   113
   123
   131
   128
   127
   118
   113
   107
   107
   104
    83
    45
    40
    71
    79
    81
    86
    94
   101
    90
    64
    51
    79
   117
   115
   115
   113
   113
   113
   111
   110
   113
   109
    75
   116
   147
   147
   152
   157
   157
   159
   159
   160
   167
   169
   169
   170
   171
   170
   166
   165
   163
   167
   168
   163
   168
   171
   174
   178
   179
   180
   185
   187
   172
   140
   125
   220
   105
   108
   143
   154
   112
    72
    76
    72
   131
   158
   137
   138
   150
   160
   167
   162
   156
   159
   165
   165
   163
   164
   129
   144
   158
   154
   151
   142
   143
   151
   160
   165
   171
   167
   161
   150
   147
   144
   151
   139
   132
   118
   103
   112
   133
   132
   120
   127
   125
   127
   132
   130
   119
   116
   117
    97
    83
    43
    35
    63
    75
    82
    92
    93
    94
    98
    84
    63
   114
   115
   117
   119
   117
   115
   115
   111
   114
   105
   122
   151
   151
   160
   162
   161
   162
   165
   166
   171
   170
   170
   168
   171
   173
   174
   173
   169
   173
   170
   170
   172
   175
   175
   178
   183
   181
   180
   183
   180
   179
   142
   132
   199
   103
   107
   139
   147
   111
    53
    56
    84
    79
   145
   146
   145
   156
   158
   161
   153
   146
   160
   165
   171
   163
   150
   114
   156
   157
   153
   148
   144
   144
   157
   165
   168
   164
   164
   162
   155
   148
   143
   141
   144
   134
   111
    99
   103
   131
   138
   141
   131
   122
   123
   129
   135
   132
   134
   123
   119
   110
   102
    61
    38
    54
    61
    60
    78
    84
    85
    87
    93
   116
   117
   114
   113
   116
   114
   114
   117
   107
   121
   147
   155
   160
   164
   167
   168
   171
   171
   173
   176
   171
   168
   172
   174
   179
   175
   173
   174
   175
   176
   172
   179
   180
   181
   182
   184
   180
   178
   176
   171
   168
   148
   122
   170
    91
   112
   156
   149
   117
    65
    67
    74
    87
   131
   149
   134
   154
   161
   159
   152
   146
   163
   170
   159
   169
   131
   140
   159
   160
   152
   148
   145
   151
   159
   168
   166
   163
   161
   163
   162
   161
   150
   149
   141
   127
   106
    87
   103
   135
   149
   146
   139
   129
   117
   124
   134
   140
   142
   138
   132
   126
   116
    97
    57
    37
    50
    56
    60
    69
    76
    82
    82
   112
   114
   114
   114
   118
   121
   115
   109
   117
   140
   156
   157
   163
   167
   169
   173
   172
   175
   176
   177
   180
   177
   179
   177
   177
   173
   176
   177
   177
   181
   175
   180
   185
   184
   186
   185
   184
   181
   180
   171
   164
   154
   126
   167
    90
   122
   156
   136
   120
    80
   131
    69
    80
   119
   152
   135
   151
   166
   164
   155
   153
   165
   167
   171
   153
   109
   153
   164
   162
   152
   147
   147
   154
   168
   166
   163
   165
   161
   161
   162
   157
   152
   143
   137
   122
    93
    66
   104
   145
   149
   135
   139
   134
   125
   126
   136
   145
   148
   147
   141
   140
   135
   124
   100
    66
    43
    49
    50
    60
    68
    72
    79
   119
   117
   117
   118
   113
   110
   118
   115
   126
   159
   161
   164
   169
   170
   172
   173
   172
   177
   180
   180
   181
   182
   181
   182
   182
   179
   175
   178
   184
   180
   181
   183
   184
   183
   184
   184
   185
   186
   186
   187
   177
   162
   132
   167
    90
   130
   137
   124
   113
    79
    87
   101
    78
   131
   141
   124
   155
   164
   155
   148
   155
   168
   176
   168
   110
   140
   165
   165
   156
   150
   144
   148
   162
   160
   159
   162
   160
   164
   163
   160
   157
   149
   141
   133
   114
    98
    66
    95
   138
   139
   131
   133
   122
   121
   120
   125
   145
   164
   160
   155
   152
   138
   129
   118
    99
    53
    37
    45
    49
    52
    63
    65
   118
   116
   113
   111
   114
   112
   110
   120
   155
   159
   158
   166
   172
   179
   178
   180
   180
   177
   179
   186
   185
   183
   182
   182
   183
   181
   178
   181
   177
   180
   179
   183
   185
   186
   184
   186
   185
   183
   183
   184
   184
   178
   152
   172
    94
   117
   103
   114
   103
    90
    52
    52
    95
   142
   135
   123
   151
   158
   147
   147
   155
   176
   176
   119
   130
   171
   168
   159
   150
   143
   137
   141
   149
   151
   141
   145
   155
   164
   164
   164
   154
   148
   145
   134
   120
    96
    67
    69
   132
   133
   135
   132
   129
   121
   115
   125
   141
   154
   167
   163
   158
   153
   144
   124
   105
    85
    55
    51
    52
    49
    42
    53
   118
   115
   115
   117
   115
   117
   112
   135
   159
   158
   164
   174
   177
   178
   178
   180
   182
   182
   183
   185
   183
   186
   186
   186
   187
   185
   184
   180
   179
   183
   184
   183
   183
   187
   185
   187
   185
   183
   178
   182
   185
   179
   160
   144
    90
   110
    99
   108
    89
   101
    81
   110
   142
   152
   138
   131
   152
   157
   135
   137
   166
   173
   115
   110
   160
   167
   160
   157
   141
   129
   131
   124
   114
   126
   138
   138
   149
   161
   164
   168
   159
   159
   149
   147
   133
   106
    74
    62
   114
   138
   133
   128
   124
   118
   117
   115
   135
   157
   170
   169
   167
   158
   153
   145
   118
   105
    77
    44
    45
    54
    50
    54
   114
   117
   115
   114
   117
   112
   128
   154
   158
   164
   174
   181
   180
   177
   181
   187
   185
   185
   186
   185
   187
   188
   188
   190
   192
   188
   191
   185
   185
   185
   185
   187
   191
   189
   192
   192
   188
   184
   183
   187
   184
   186
   172
   170
    80
   109
   106
    96
    93
    84
   106
   133
   152
   151
   146
   141
   164
   158
   148
   158
   157
   104
   110
   162
   163
   162
   144
   122
   111
   125
   136
   135
   104
    66
   108
   145
   145
   149
   152
   158
   160
   152
   153
   145
   139
   119
    90
    57
   102
   129
   139
   128
   122
   110
   112
   118
   124
   139
   162
   171
   171
   159
   149
   136
   127
   112
    94
    46
    42
    44
    51
    44
   116
   117
   116
   118
   113
   106
   143
   163
   162
   170
   177
   177
   182
   183
   184
   184
   187
   186
   184
   187
   190
   190
   191
   193
   190
   190
   190
   193
   190
   186
   189
   187
   188
   192
   191
   191
   191
   188
   186
   185
   187
   186
   179
   189
   129
   116
   117
    99
    98
    69
   100
   107
   132
   135
   148
   156
   166
   153
   153
   141
    93
   115
   151
   157
   147
   131
   125
   125
   129
   139
   146
   137
   114
    78
    59
   100
   123
   133
   146
   150
   153
   155
   152
   146
   137
   128
   104
    64
   102
   120
   143
   136
   126
   103
    99
   110
   124
   136
   157
   174
   169
   165
   155
   144
   135
   116
    92
    65
    49
    43
    50
    47
   117
   118
   117
   113
   114
   123
   158
   166
   170
   170
   180
   177
   180
   185
   184
   184
   185
   187
   188
   187
   187
   190
   190
   192
   191
   191
   195
   193
   195
   191
   188
   195
   195
   195
   195
   195
   190
   187
   186
   189
   187
   184
   180
   194
   146
   115
   137
   131
    94
    69
    96
    99
   112
   126
   156
   165
   160
   139
   106
    76
   118
   145
   145
   131
   125
   118
   119
   120
   134
   136
   132
   129
   109
    79
    39
    42
    67
   108
   132
   148
   156
   157
   152
   143
   139
   129
   109
    63
   105
   118
   133
   144
   133
   116
    93
   111
   122
   141
   159
   173
   167
   161
   157
   146
   135
   130
    98
    72
    50
    49
    44
    49
   113
   113
   114
   113
   110
   141
   160
   163
   166
   176
   179
   184
   184
   187
   188
   189
   188
   193
   193
   192
   190
   191
   194
   190
   193
   193
   194
   193
   194
   193
   192
   193
   195
   198
   196
   198
   199
   194
   194
   192
   189
   187
   183
   186
   142
   121
   183
   225
   185
    83
    77
   103
    81
   109
   146
   161
   149
   137
   109
   124
   142
   129
   126
   124
   129
   134
   138
   144
   142
   145
   150
   145
   129
   113
    85
    44
    53
    79
   116
   147
   155
   159
   157
   151
   139
   131
   121
    66
   104
   132
   135
   139
   132
   107
    93
   103
   119
   131
   160
   178
   170
   167
   159
   152
   146
   135
   118
    89
    56
    43
    45
    51
   120
   116
   116
   112
   121
   149
   155
   167
   174
   179
   181
   185
   188
   188
   191
   191
   190
   189
   191
   190
   190
   192
   193
   193
   194
   191
   192
   195
   192
   192
   190
   192
   194
   198
   199
   199
   197
   196
   192
   185
   188
   189
   185
   182
    94
   129
   214
   220
   226
   137
    86
    91
    88
    99
   117
   115
   114
    74
   102
   117
   125
   119
   127
   136
   138
   148
   159
   167
   171
   174
   179
   170
   151
   137
   112
    79
    49
    65
   101
   140
   152
   154
   153
   149
   138
   137
   125
    69
    91
   131
   136
   141
   140
   121
    98
   100
   113
   133
   162
   178
   173
   166
   165
   157
   145
   137
   117
    92
    70
    47
    46
    44
   115
   118
   114
   116
   123
   155
   162
   171
   176
   180
   185
   186
   185
   189
   192
   190
   189
   189
   190
   190
   192
   194
   195
   193
   195
   196
   194
   194
   194
   191
   193
   193
   193
   192
   196
   196
   198
   197
   193
   191
   187
   185
   185
   183
    94
    84
   208
   208
   207
   183
   123
    96
    92
    78
    61
    61
    77
    68
    79
    86
    95
   108
   121
   134
   159
   170
   177
   179
   183
   188
   186
   181
   169
   146
   132
   101
    63
    58
    78
   126
   148
   154
   152
   144
   132
   134
   130
    72
    85
   140
   134
   145
   143
   123
   101
    96
   111
   130
   158
   180
   180
   173
   163
   153
   142
   136
   123
   100
    73
    47
    43
    44
   115
   111
   110
   105
   139
   155
   163
   174
   176
   180
   185
   186
   188
   192
   190
   191
   192
   191
   194
   194
   194
   198
   200
   198
   198
   196
   195
   197
   194
   194
   194
   195
   199
   199
   196
   199
   199
   198
   196
   194
   193
   192
   187
   184
   139
   110
   169
   230
   235
   172
   118
    82
    55
    53
    80
    89
    93
   107
   116
   115
   121
   137
   144
   161
   180
   185
   189
   193
   192
   194
   191
   183
   178
   167
   135
   114
    79
    54
    66
   114
   140
   153
   154
   148
   139
   143
   134
    81
    90
   152
   157
   151
   135
   113
   103
   104
   102
   116
   141
   181
   183
   178
   167
   165
   152
   143
   129
   101
    74
    52
    46
    44
   119
   117
   111
   123
   150
   155
   166
   175
   183
   187
   189
   190
   193
   189
   193
   191
   193
   193
   193
   196
   195
   198
   200
   199
   200
   200
   200
   199
   197
   195
   193
   197
   199
   200
   199
   199
   199
   198
   199
   197
   195
   193
   188
   187
   142
   143
   151
   184
   126
    50
    66
    85
   112
   137
   154
   153
   149
   146
   144
   159
   170
   177
   176
   180
   186
   194
   197
   195
   195
   191
   194
   190
   183
   174
   154
   124
    89
    53
    59
   112
   134
   146
   149
   144
   148
   156
   143
    90
    80
   151
   166
   153
   136
   110
   108
   103
   103
   115
   132
   175
   183
   179
   170
   156
   150
   144
   125
   101
    75
    46
    44
    42
   112
   111
   108
   121
   149
   156
   173
   180
   183
   187
   191
   192
   189
   194
   192
   191
   191
   193
   193
   195
   195
   197
   199
   201
   200
   201
   198
   198
   196
   194
   196
   195
   197
   200
   197
   198
   200
   197
   195
   196
   195
   194
   195
   184
   127
   139
   175
   146
   135
   108
   106
   138
   173
   183
   184
   187
   189
   195
   195
   194
   193
   193
   196
   195
   197
   199
   200
   198
   194
   195
   192
   197
   193
   179
   158
   134
   101
    69
    73
   110
   134
   141
   145
   141
   145
   156
   142
    98
    80
   137
   159
   155
   136
   110
   110
   105
   100
   118
   126
   162
   182
   178
   169
   160
   153
   142
   122
   103
    82
    50
    40
    44
   112
   108
   102
   127
   147
   160
   172
   182
   187
   189
   193
   195
   200
   193
   193
   194
   192
   194
   195
   194
   196
   200
   201
   200
   202
   200
   200
   198
   197
   196
   194
   195
   196
   196
   198
   197
   195
   192
   192
   194
   194
   189
   190
   190
   160
   131
   169
   195
   186
   158
   148
   163
   189
   194
   193
   195
   203
   203
   204
   200
   199
   199
   197
   198
   196
   197
   196
   192
   192
   193
   189
   188
   187
   166
   145
   137
   119
    87
    92
   124
   138
   143
   141
   142
   145
   161
   154
   122
    79
   130
   153
   159
   142
   119
   114
   106
   106
   120
   129
   145
   176
   182
   172
   159
   151
   141
   129
   104
    84
    58
    43
    47
   113
   108
   109
   138
   149
   162
   175
   179
   184
   188
   196
   202
   201
   200
   197
   191
   192
   192
   192
   195
   198
   200
   200
   201
   202
   200
   199
   197
   194
   197
   198
   197
   197
   197
   196
   196
   195
   188
   184
   191
   189
   188
   182
   180
   174
   138
   172
   182
   175
   163
   153
   173
   194
   198
   200
   197
   199
   199
   197
   199
   196
   197
   195
   191
   191
   191
   195
   193
   189
   186
   182
   178
   170
   153
   133
   127
   108
    91
   101
   128
   136
   140
   138
   135
   141
   147
   145
   124
    87
   130
   161
   165
   141
   124
   117
   115
   111
   121
   130
   145
   179
   180
   167
   162
   155
   144
   127
   105
    77
    58
    42
    35
   109
   106
   106
   148
   157
   167
   179
   186
   182
   193
   204
   207
   205
   204
   199
   197
   194
   194
   194
   197
   201
   203
   202
   201
   201
   199
   201
   200
   199
   199
   199
   198
   197
   198
   194
   196
   195
   194
   195
   196
   194
   192
   190
   187
   177
   149
   170
   184
   182
   169
   147
   177
   191
   197
   193
   199
   197
   198
   200
   192
   192
   188
   188
   189
   192
   194
   189
   189
   186
   178
   177
   175
   165
   144
   123
   112
   102
    99
   107
   114
   133
   141
   131
   126
   135
   139
   139
   116
    85
   126
   154
   155
   148
   130
   115
   115
   114
   123
   126
   142
   175
   177
   171
   161
   155
   139
   128
   110
    81
    56
    44
    44
   111
   105
   125
   152
   156
   166
   178
   185
   193
   198
   205
   208
   207
   204
   198
   197
   195
   194
   193
   200
   202
   204
   204
   203
   201
   201
   200
   198
   196
   197
   198
   198
   200
   195
   197
   198
   197
   194
   196
   196
   196
   194
   192
   192
   169
   151
   176
   194
   195
   175
   146
   182
   188
   197
   196
   194
   194
   193
   187
   182
   179
   180
   181
   182
   181
   185
   180
   180
   179
   177
   168
   162
   160
   141
   118
    93
    98
   106
   122
   119
   132
   148
   137
   132
   126
   136
   140
   106
    81
   118
   147
   162
   150
   133
   114
   106
   112
   124
   129
   150
   181
   184
   177
   166
   158
   144
   130
   108
    86
    58
    41
    38
   104
   102
   131
   156
   166
   172
   176
   186
   193
   203
   207
   207
   206
   203
   200
   194
   194
   196
   196
   196
   200
   202
   210
   203
   199
   198
   201
   198
   200
   198
   199
   198
   196
   198
   198
   197
   196
   198
   196
   198
   195
   196
   194
   190
   155
   142
   180
   196
   177
   139
   118
   154
   167
   187
   189
   172
   167
   165
   163
   168
   165
   167
   171
   171
   172
   172
   172
   174
   172
   174
   170
   168
   165
   141
   108
    87
    98
   114
   126
   129
   134
   139
   140
   134
   129
   135
   125
    97
    77
   117
   138
   158
   153
   136
   119
   110
   112
   130
   141
   163
   185
   185
   187
   175
   156
   145
   131
   115
    94
    58
    38
    44
    96
   101
   129
   158
   164
   180
   180
   186
   193
   202
   208
   207
   205
   201
   197
   195
   195
   196
   196
   195
   198
   202
   206
   207
   203
   202
   198
   199
   200
   200
   198
   198
   196
   197
   199
   196
   199
   196
   199
   197
   194
   194
   194
   193
   163
   147
   148
   117
    93
    82
    75
    82
    74
    90
   114
   144
   138
   135
   129
   132
   148
   152
   146
   161
   169
   171
   170
   173
   177
   171
   168
   170
   162
   144
    94
    83
   100
   120
   126
   131
   142
   144
   140
   131
   133
   143
   134
    90
    86
   116
   139
   160
   154
   133
   120
   113
   121
   133
   146
   177
   186
   183
   185
   176
   159
   143
   122
   108
    92
    64
    44
    38
   108
   110
   144
   160
   166
   175
   180
   186
   193
   200
   206
   207
   202
   193
   189
   192
   194
   196
   195
   197
   200
   205
   205
   204
   200
   201
   195
   197
   197
   199
   199
   198
   199
   196
   197
   199
   198
   197
   198
   195
   195
   195
   189
   190
   169
   122
    87
   127
   159
   167
   163
   149
   130
   103
    78
    73
    95
   111
   135
   136
   127
   140
   155
   152
   150
   156
   160
   164
   166
   168
   169
   163
   154
   131
    78
    88
   111
   123
   132
   136
   143
   146
   139
   137
   135
   142
   132
    83
    82
   112
   128
   152
   151
   137
   128
   121
   125
   131
   148
   174
   185
   181
   179
   175
   157
   141
   132
   110
    93
    64
    48
    44
   106
   125
   149
   169
   171
   179
   182
   186
   192
   195
   201
   205
   196
   183
   187
   193
   194
   197
   198
   198
   199
   202
   202
   203
   200
   200
   198
   200
   198
   194
   195
   194
   195
   196
   197
   198
   198
   200
   198
   193
   187
   191
   191
   184
   153
    83
   125
   165
   182
   182
   174
   164
   148
   142
   144
   122
    82
    74
    73
   129
   150
   132
   151
   161
   157
   146
   138
   140
   145
   152
   157
   159
   150
   125
    76
    98
   109
   123
   135
   132
   135
   141
   134
   130
   134
   142
   124
    79
    84
   107
   129
   155
   149
   141
   126
   118
   128
   132
   143
   164
   182
   181
   175
   160
   151
   139
   126
   118
    93
    62
    43
    41
   102
   129
   151
   168
   175
   181
   184
   188
   190
   191
   194
   194
   193
   191
   194
   197
   193
   192
   193
   193
   194
   198
   200
   198
   201
   198
   199
   195
   195
   197
   198
   198
   195
   195
   196
   194
   195
   195
   196
   193
   187
   190
   188
   187
   162
    62
   138
   158
   161
   162
   155
   141
   125
   130
   124
   128
   111
    77
    82
    75
   119
   146
   131
   155
   159
   149
   143
   142
   149
   153
   149
   149
   141
   120
    79
    96
   103
   129
   147
   145
   140
   137
   140
   134
   134
   138
   124
    78
    86
   110
   129
   152
   156
   143
   125
   124
   126
   129
   147
   165
   184
   187
   178
   163
   156
   141
   123
   113
    90
    64
    39
    46
   105
   137
   158
   170
   173
   181
   182
   183
   191
   193
   195
   194
   195
   195
   197
   197
   195
   195
   195
   194
   197
   197
   195
   200
   199
   196
   197
   198
   197
   197
   196
   196
   197
   198
   197
   199
   200
   197
   199
   198
   199
   195
   193
   187
   189
    86
   138
   148
   149
   144
   132
   116
   114
   118
   126
   131
   125
   114
   123
   124
    94
   101
   135
   133
   148
   161
   146
   149
   149
   158
   158
   149
   140
   123
    83
    87
   105
   140
   143
   141
   136
   138
   135
   142
   140
   139
   122
    81
    88
   115
   132
   142
   144
   139
   127
   126
   132
   136
   150
   172
   180
   180
   172
   158
   152
   143
   126
   103
    91
    70
    45
    48
   111
   144
   163
   174
   178
   182
   186
   186
   186
   191
   192
   193
   194
   195
   194
   195
   192
   193
   193
   193
   192
   193
   194
   190
   194
   196
   197
   195
   195
   196
   195
   198
   197
   196
   198
   199
   200
   200
   199
   199
   198
   193
   190
   188
   202
   106
   138
   138
   141
   132
   110
   109
   115
   138
   162
   150
   138
   137
   141
   149
   142
   109
    90
   143
   138
   152
   154
   145
   148
   154
   161
   152
   140
   128
   101
    81
   111
   142
   147
   139
   141
   143
   142
   146
   148
   140
   121
    81
    95
   114
   140
   151
   146
   141
   133
   131
   130
   141
   152
   172
   181
   176
   167
   164
   145
   134
   120
   103
    90
    62
    47
    53
   124
   155
   162
   167
   174
   179
   181
   183
   191
   191
   192
   192
   192
   194
   194
   193
   194
   186
   190
   191
   193
   192
   195
   198
   194
   194
   194
   192
   192
   193
   194
   193
   195
   196
   199
   201
   199
   196
   198
   197
   193
   191
   191
   184
   210
   138
   129
   135
   133
   121
   112
   109
   120
   146
   152
   148
   139
   140
   149
   152
   150
   152
   125
    93
   153
   142
   152
   154
   142
   149
   146
   145
   138
   127
   108
   106
   127
   146
   148
   151
   150
   148
   145
   142
   140
   135
   125
    79
    91
   117
   135
   146
   146
   140
   137
   135
   136
   138
   149
   166
   180
   181
   169
   156
   146
   134
   119
   111
    92
    54
    42
    58
   132
   154
   161
   174
   174
   180
   184
   189
   192
   192
   193
   193
   193
   193
   194
   194
   193
   193
   192
   193
   192
   194
   193
   191
   195
   195
   196
   196
   193
   194
   195
   196
   196
   196
   194
   196
   198
   200
   199
   199
   194
   194
   191
   189
   183
   126
   130
   131
   131
   120
   117
   112
   124
   133
   111
   127
   133
   132
   151
   163
   158
   157
   160
   134
    93
   164
   144
   158
   155
   138
   129
   129
   123
   114
   111
   131
   145
   146
   150
   156
   153
   152
   149
   141
   139
   133
   120
    82
    93
   119
   141
   144
   142
   138
   134
   137
   131
   140
   154
   166
   174
   175
   165
   160
   147
   135
   126
   107
    90
    53
    51
    64
   141
   156
   162
   173
   175
   177
   185
   185
   190
   192
   194
   191
   191
   192
   194
   194
   192
   192
   191
   193
   194
   196
   193
   191
   195
   197
   196
   196
   197
   195
   194
   196
   198
   198
   196
   198
   196
   199
   200
   198
   195
   196
   196
   182
   158
   110
   130
   122
   125
   122
   109
   105
   115
   115
   115
   124
   132
   145
   140
   166
   172
   175
   173
   168
   148
    81
   184
   147
   163
   157
   143
   127
   120
   116
   130
   144
   150
   158
   156
   150
   148
   148
   153
   145
   145
   132
   117
    86
    91
   118
   142
   146
   149
   141
   140
   135
   135
   141
   155
   163
   170
   168
   162
   153
   146
   134
   117
   107
    86
    53
    61
    65
   148
   159
   164
   175
   178
   180
   181
   186
   186
   191
   188
   191
   191
   190
   191
   194
   194
   192
   192
   192
   193
   192
   193
   192
   191
   192
   192
   193
   195
   194
   194
   193
   193
   193
   197
   199
   197
   195
   196
   195
   195
   194
   192
   182
   171
   112
   121
   108
   120
   124
   106
    95
   112
   113
   119
   128
   129
   150
   148
   150
   168
   180
   183
   180
   177
   159
   101
   173
   154
   165
   165
   154
   140
   145
   146
   150
   152
   154
   154
   151
   149
   144
   153
   152
   138
   127
   117
    88
    93
   127
   141
   142
   137
   142
   138
   136
   136
   145
   157
   162
   166
   166
   161
   149
   142
   120
   106
    97
    73
    52
    66
    76
   147
   158
   166
   174
   179
   181
   179
   180
   181
   186
   186
   187
   190
   192
   192
   192
   193
   192
   191
   189
   191
   193
   190
   189
   193
   193
   194
   192
   195
   195
   193
   194
   190
   193
   195
   196
   197
   195
   198
   195
   194
   196
   192
   187
   165
   114
   112
    98
   116
   126
    95
    93
    96
   114
   124
   141
   130
   144
   150
   148
   152
   173
   183
   184
   183
   186
   130
   143
   163
   164
   173
   161
   153
   151
   159
   161
   162
   163
   161
   157
   157
   157
   165
   158
   147
   124
   115
    88
    98
   128
   148
   150
   148
   149
   148
   143
   135
   148
   163
   166
   165
   160
   154
   142
   129
   118
   108
    83
    57
    56
    68
    88
   157
   160
   160
   172
   174
   180
   180
   186
   185
   188
   189
   191
   192
   193
   192
   194
   192
   194
   196
   196
   193
   191
   193
   193
   193
   195
   193
   194
   193
   192
   189
   194
   195
   195
   197
   197
   199
   198
   199
   197
   195
   194
   193
   179
   161
   112
   109
    92
   109
   134
    93
    94
   100
   124
   132
   156
   136
   131
   155
   162
   150
   167
   179
   184
   186
   185
   183
   108
   167
   161
   166
   166
   160
   155
   157
   166
   173
   172
   169
   165
   169
   163
   164
   155
   149
   129
   120
    93
   110
   144
   153
   150
   148
   152
   144
   139
   145
   152
   162
   158
   151
   150
   143
   132
   124
   112
   103
    70
    53
    66
    74
    74
   148
   160
   157
   168
   170
   174
   179
   184
   177
   182
   185
   187
   183
   188
   191
   191
   193
   192
   192
   193
   193
   193
   193
   191
   194
   195
   194
   193
   191
   194
   194
   193
   195
   196
   196
   199
   198
   197
   196
   199
   197
   194
   190
   173
   154
   126
   116
    97
   105
   124
    90
    95
   136
   165
   162
   162
   142
   137
   146
   153
   153
   157
   177
   186
   187
   187
   187
   171
   134
   156
   158
   164
   169
   160
   162
   166
   175
   172
   173
   171
   167
   158
   161
   157
   147
   133
   120
   102
   111
   142
   152
   150
   153
   150
   143
   139
   144
   150
   151
   154
   150
   137
   136
   133
   116
   104
    88
    63
    59
    62
    72
    74
   143
   156
   163
   171
   168
   178
   179
   179
   173
   176
   185
   185
   188
   189
   191
   192
   189
   193
   193
   190
   193
   193
   193
   194
   192
   194
   195
   194
   193
   193
   193
   193
   192
   195
   197
   195
   196
   195
   196
   196
   198
   196
   189
   172
   168
   159
   119
    99
   114
   141
   101
    96
   138
   145
   178
   180
   157
   146
   143
   157
   157
   149
   169
   182
   182
   184
   178
   180
   139
   152
   157
   165
   166
   162
   162
   161
   168
   175
   173
   170
   163
   163
   163
   150
   148
   131
   125
   113
   102
   135
   149
   152
   154
   153
   148
   141
   141
   143
   144
   141
   140
   133
   129
   117
   104
    94
    73
    57
    63
    68
    73
    75
   144
   151
   166
   165
   162
   172
   182
   180
   182
   174
   178
   183
   186
   189
   191
   189
   192
   192
   193
   193
   192
   191
   192
   192
   191
   192
   193
   192
   193
   189
   190
   191
   192
   192
   195
   196
   192
   192
   195
   196
   196
   194
   185
   160
   156
   156
   121
    95
   122
   178
   124
    78
    85
    73
   112
   185
   158
   146
   146
   164
   165
   153
   161
   179
   182
   186
   183
   182
   153
   152
   157
   167
   169
   158
   162
   165
   165
   169
   175
   173
   167
   160
   157
   145
   133
   138
   131
   124
   112
   130
   146
   150
   150
   144
   138
   129
   141
   132
   132
   131
   131
   127
   128
   112
    96
    89
    70
    61
    67
    74
    77
    83
   137
   148
   146
   165
   177
   173
   178
   183
   183
   181
   182
   184
   189
   192
   192
   193
   190
   192
   191
   192
   192
   192
   193
   190
   192
   191
   191
   193
   193
   190
   189
   191
   190
   193
   193
   191
   189
   195
   194
   199
   199
   196
   184
   159
   147
   154
   120
   107
   125
   188
   138
    78
    56
    80
    79
   136
   170
   150
   159
   159
   173
   162
   162
   174
   177
   182
   182
   177
   189
   117
   164
   165
   163
   161
   160
   161
   165
   172
   170
   175
   171
   164
   154
   148
   141
   140
   141
   137
   132
   140
   147
   146
   150
   140
   129
   131
   128
   121
   123
   128
   122
   119
   106
   100
    90
    71
    65
    68
    68
    74
    74
    82
   135
   147
   154
   165
   176
   173
   175
   177
   186
   177
   172
   182
   185
   185
   187
   189
   190
   190
   191
   188
   188
   188
   188
   189
   187
   192
   192
   191
   192
   191
   189
   190
   193
   193
   193
   193
   194
   194
   196
   194
   195
   195
   189
   164
   138
   131
   133
   115
   130
   177
   142
    94
    99
    60
    74
   109
   173
   167
   162
   164
   173
   167
   165
   177
   180
   182
   183
   178
   184
   141
   147
   153
   160
   159
   164
   169
   166
   167
   168
   171
   168
   164
   158
   158
   146
   138
   135
   133
   136
   139
   145
   143
   139
   136
   136
   135
   136
   131
   129
   123
   120
   120
   115
   102
    81
    76
    71
    68
    74
    76
    76
    80
   137
   147
   149
   155
   171
   180
   174
   169
   169
   163
   176
   184
   184
   187
   185
   189
   191
   191
   192
   192
   190
   190
   188
   191
   188
   187
   190
   194
   192
   188
   188
   191
   192
   191
   190
   192
   193
   194
   196
   196
   194
   193
   185
   163
   140
    97
   133
   124
   136
   168
   140
    83
   133
   116
    86
   112
   161
   162
   167
   169
   164
   167
   164
   175
   182
   181
   181
   180
   177
   161
   131
   152
   159
   160
   159
   165
   168
   169
   172
   165
   169
   167
   157
   150
   147
   145
   140
   131
   129
   134
   135
   139
   141
   130
   131
   132
   133
   131
   127
   122
   122
   112
   101
    93
    84
    77
    67
    70
    69
    79
    88
    86
   132
   142
   140
   145
   158
   168
   170
   167
   156
   150
   159
   175
   185
   187
   185
   186
   189
   190
   190
   192
   190
   188
   188
   189
   192
   186
   186
   187
   189
   189
   184
   187
   186
   185
   190
   191
   192
   194
   195
   193
   196
   196
   184
   164
   152
   107
   128
   132
   139
   172
   160
   102
    55
    92
    92
   125
   163
   169
   173
   171
   170
   172
   169
   176
   179
   180
   174
   174
   171
   176
   130
   154
   161
   158
   155
   165
   169
   168
   166
   162
   164
   158
   157
   151
   145
   139
   138
   125
   121
   131
   145
   154
   149
   136
   137
   138
   129
   123
   119
   119
   116
   107
    97
    85
    82
    74
    71
    66
    69
    75
    87
    90
   128
   140
   142
   140
   147
   158
   163
   169
   166
   164
   160
   172
   180
   186
   188
   191
   191
   191
   189
   188
   189
   190
   189
   191
   191
   192
   186
   185
   188
   189
   188
   185
   189
   188
   190
   193
   194
   195
   194
   196
   194
   197
   177
   164
   158
   114
   126
   143
   145
   166
   162
   118
    42
    45
    85
   156
   169
   171
   174
   174
   170
   174
   170
   176
   179
   184
   181
   172
   170
   181
   126
   159
   164
   158
   160
   165
   164
   164
   164
   165
   168
   163
   165
   163
   149
   153
   151
   150
   155
   151
   153
   153
   154
   144
   134
   137
   128
   123
   121
   116
   114
   108
    97
    94
    82
    73
    73
    74
    79
    87
    85
    90
   116
   135
   139
   140
   155
   159
   170
   169
   162
   162
   164
   177
   182
   183
   189
   187
   189
   189
   187
   184
   183
   187
   188
   187
   189
   190
   187
   186
   183
   184
   184
   185
   185
   189
   193
   193
   193
   190
   193
   194
   197
   189
   173
   158
   162
   134
   124
   145
   139
   152
   154
   110
    71
    91
   133
   160
   163
   175
   172
   172
   171
   165
   172
   177
   181
   182
   182
   175
   157
   180
   126
   157
   164
   162
   162
   161
   158
   159
   164
   163
   163
   162
   163
   160
   163
   165
   167
   171
   168
   164
   152
   149
   149
   140
   137
   128
   123
   123
   122
   122
   117
   107
    98
    90
    80
    72
    73
    81
    89
    92
    87
    91
   108
   127
   140
   145
   151
   158
   170
   175
   162
   155
   164
   171
   182
   185
   186
   188
   188
   188
   188
   184
   187
   182
   185
   183
   185
   186
   189
   188
   182
   182
   182
   183
   189
   191
   193
   194
   191
   192
   187
   189
   193
   192
   180
   167
   162
   151
   118
   148
   144
   136
   163
   142
    91
   104
   144
   147
   147
   174
   174
   174
   166
   164
   166
   181
   180
   175
   176
   169
   158
   170
   123
   155
   157
   165
   162
   164
   159
   154
   159
   163
   167
   162
   153
   150
   160
   160
   163
   161
   159
   155
   153
   151
   147
   141
   133
   130
   127
   119
   121
   119
   114
   103
   100
    86
    73
    69
    70
    74
    79
    87
    87
    91
   109
   123
   142
   138
   142
   147
   157
   171
   158
   158
   168
   176
   180
   184
   188
   189
   185
   188
   187
   188
   189
   190
   186
   184
   184
   187
   190
   188
   187
   187
   186
   188
   190
   191
   186
   189
   190
   192
   192
   191
   186
   190
   184
   169
   159
   150
   107
   154
   142
   142
   197
   200
   109
    88
   105
   134
   140
   168
   171
   169
   168
   167
   168
   177
   182
   172
   173
   164
   158
   168
   131
   154
   159
   156
   157
   152
   160
   158
   158
   159
   160
   164
   157
   154
   152
   154
   154
   150
   150
   151
   147
   148
   143
   136
   134
   125
   126
   121
   122
   118
   110
   102
    93
    87
    65
    69
    74
    80
    88
    82
    85
    82
   115
   113
   138
   144
   148
   156
   167
   163
   159
   168
   177
   182
   184
   184
   184
   186
   186
   185
   187
   188
   187
   183
   186
   186
   183
   186
   189
   184
   183
   182
   182
   183
   186
   186
   185
   183
   188
   188
   188
   190
   190
   181
   172
   171
   168
   158
   112
   156
   146
   150
   206
   218
   135
   117
    80
   119
   136
   160
   161
   162
   165
   170
   169
   174
   177
   173
   164
   151
   154
   173
   132
   158
   159
   154
   158
   157
   158
   152
   157
   152
   156
   154
   151
   148
   144
   152
   148
   146
   146
   146
   149
   139
   135
   132
   125
   130
   120
   124
   117
   112
   110
    93
    90
    77
    71
    71
    81
    83
    85
    84
    86
    99
   117
   117
   119
   137
   142
   153
   159
   157
   161
   172
   177
   182
   184
   181
   183
   184
   184
   182
   184
   185
   183
   185
   185
   184
   184
   182
   181
   184
   182
   180
   182
   183
   183
   186
   184
   185
   185
   186
   183
   187
   189
   181
   171
   163
   161
   167
   102
   155
   150
   145
   205
   225
   144
   108
   113
   114
   140
   154
   152
   157
   163
   168
   169
   176
   176
   168
   161
   153
   158
   175
   136
   154
   161
   164
   160
   156
   153
   150
   150
   148
   148
   150
   146
   140
   138
   143
   148
   151
   147
   143
   143
   135
   135
   127
   127
   121
   123
   119
   117
   109
   103
    94
    80
    65
    68
    74
    81
    85
    84
    80
    92
    91
   114
   114
   123
   134
   131
   149
   161
   169
   170
   167
   169
   174
   178
   182
   181
   182
   184
   183
   181
   183
   185
   187
   184
   182
   182
   181
   180
   182
   178
   179
   183
   185
   184
   185
   186
   186
   188
   185
   185
   186
   185
   180
   176
   168
   163
   163
   136
   117
   151
   131
   157
   185
   147
   108
   106
   118
   137
   150
   153
   154
   161
   165
   168
   173
   169
   168
   161
   154
   169
   179
   131
   159
   164
   162
   160
   158
   148
   145
   144
   151
   145
   142
   142
   146
   150
   149
   154
   155
   149
   142
   140
   135
   132
   134
   125
   126
   119
   113
   113
   105
    95
    89
    80
    71
    67
    76
    81
    80
    85
    88
    95
    97
   116
   114
   111
   128
   131
   136
   157
   166
   166
   171
   175
   174
   180
   182
   185
   183
   177
   182
   182
   183
   183
   184
   181
   180
   183
   183
   183
   185
   181
   177
   182
   182
   182
   180
   181
   183
   184
   182
   180
   183
   182
   189
   178
   166
   158
   158
   170
   134
   145
   138
   122
   132
   140
   134
   107
   113
   125
   145
   146
   154
   156
   174
   186
   172
   170
   166
   155
   145
   190
   168
   138
   156
   159
   156
   155
   156
   152
   148
   150
   149
   146
   142
   144
   144
   146
   151
   149
   151
   148
   145
   142
   138
   139
   129
   126
   122
   115
   113
   103
   100
    95
    78
    69
    66
    74
    76
    77
    88
    90
    94
   100
    99
   119
   116
   112
   118
   137
   137
   145
   159
   161
   158
   171
   183
   183
   182
   181
   182
   181
   180
   181
   180
   183
   181
   182
   181
   180
   183
   181
   180
   178
   176
   176
   179
   182
   183
   181
   179
   180
   178
   176
   176
   179
   181
   180
   166
   150
   155
   155
   199
   146
   141
   156
   140
   144
   139
   125
   112
   122
   132
   142
   152
   166
   174
   180
   171
   155
   148
   152
   142
   185
   121
   145
   156
   160
   156
   155
   151
   150
   150
   150
   145
   142
   142
   148
   142
   147
   149
   149
   146
   140
   143
   141
   137
   132
   125
   124
   117
   112
   108
   100
    91
    85
    77
    65
    62
    70
    80
    86
    85
    92
   100
   101
   108
   121
   121
   111
   108
   130
   139
   147
   153
   154
   147
   160
   173
   180
   181
   178
   180
   182
   181
   179
   180
   180
   176
   176
   176
   177
   176
   178
   177
   177
   178
   177
   178
   178
   179
   177
   175
   170
   172
   172
   173
   173
   179
   177
   170
   154
   150
   148
   165
   153
   147
   157
   138
   132
   131
   131
   123
   126
   132
   143
   159
   166
   175
   172
   163
   155
   143
   140
   154
   155
   125
   153
   161
   158
   152
   147
   150
   150
   140
   138
   139
   139
   140
   141
   134
   138
   141
   136
   139
   137
   140
   144
   137
   135
   129
   119
   115
   104
   102
    92
    85
    84
    68
    66
    75
    79
    86
    92
    96
    95
   104
   106
   103
   119
   117
   113
   108
   114
   137
   143
   151
   152
   156
   161
   170
   175
   178
   179
   176
   177
   175
   175
   173
   178
   183
   182
   179
   175
   175
   176
   175
   173
   175
   175
   175
   177
   176
   171
   174
   171
   169
   164
   165
   161
   163
   166
   166
   152
   151
   148
   139
   102
   138
   132
   133
   129
   130
   130
   138
   145
   144
   145
   161
   167
   166
   172
   159
   148
   150
   154
   167
   106
   147
   159
   164
   157
   146
   149
   143
   139
   141
   139
   133
   133
   138
   143
   142
   139
   141
   135
   137
   142
   144
   134
   129
   122
   115
   119
   113
   109
   101
    87
    78
    67
    61
    66
    75
    93
    98
   103
   103
   103
   109
   109
   106
   120
   121
   118
   111
   106
   126
   139
   151
   152
   153
   167
   168
   172
   180
   179
   177
   176
   175
   178
   181
   175
   159
   173
   176
   174
   174
   171
   177
   174
   168
   172
   177
   178
   173
   172
   168
   163
   160
   162
   159
   158
   158
   161
   156
   153
   147
   142
   140
   122
   121
   136
   122
   129
   134
   135
   136
   143
   134
   136
   154
   166
   169
   165
   165
   159
   160
   169
   123
   132
   163
   157
   155
   151
   143
   140
   142
   141
   132
   135
   133
   133
   133
   136
   137
   135
   138
   142
   138
   138
   135
   129
   128
   124
   116
   107
   107
    92
    92
    86
    71
    58
    70
    85
    93
   100
    99
   103
   103
   102
   108
   103
   108
   123
   121
   117
   115
   101
   102
   121
   127
   152
   153
   164
   172
   173
   176
   172
   177
   171
   173
   176
   175
   179
   167
   170
   180
   172
   170
   176
   176
   178
   172
   175
   171
   174
   168
   165
   162
   159
   156
   155
   152
   149
   149
   148
   147
   148
   143
   142
   142
   140
   133
   132
   148
   128
   127
   130
   137
   139
   130
   120
   139
   160
   170
   173
   168
   172
   175
   128
   118
   160
   161
   158
   148
   143
   139
   137
   142
   140
   134
   134
   135
   133
   135
   130
   134
   133
   135
   139
   138
   131
   128
   124
   120
   117
   117
   109
    97
    96
    89
    63
    55
    73
    89
   100
   100
   106
   101
   100
    92
    99
   109
   108
   111
   118
   120
   120
   122
   119
   102
    88
   105
   131
   152
   163
   170
   177
   173
   170
   171
   172
   171
   171
   173
   175
   176
   171
   170
   174
   170
   169
   169
   171
   168
   169
   164
   159
   151
   152
   156
   150
   146
   144
   141
   139
   138
   138
   137
   142
   140
   137
   134
   133
   119
    97
   107
   145
   137
   133
   130
   133
   114
   111
   130
   147
   149
   156
   168
   159
   113
   115
   161
   157
   158
   148
   134
   133
   136
   136
   134
   134
   128
   126
   126
   131
   133
   135
   131
   126
   129
   129
   133
   131
   126
   125
   118
   111
   105
    91
    82
    80
    65
    56
    76
    96
    97
   100
   106
   104
   112
   112
   110
   106
   109
   107
   116
   122
   120
   118
   122
   119
   112
   100
   106
   126
   139
   153
   167
   172
   171
   172
   174
   173
   171
   173
   172
   170
   169
   170
   168
   171
   173
   169
   171
   170
   169
   165
   160
   157
   156
   150
   148
   147
   143
   144
   141
   144
   140
   142
   139
   131
   131
   125
   130
   126
   127
   119
    87
    87
   129
   139
   160
   144
   121
   125
   149
   163
   166
   156
   122
   100
   119
   149
   148
   144
   141
   133
   131
   131
   135
   132
   131
   134
   130
   129
   131
   131
   134
   127
   123
   129
   130
   131
   130
   122
   118
   118
   110
    98
    88
    90
    84
    60
    63
    89
   104
   105
   100
   101
   109
   111
   110
   112
   110
   115
   115
   124
   116
   122
   122
   117
   118
   118
   115
   102
   116
   117
   131
   137
   150
   163
   167
   172
   173
   170
   174
   171
   167
   170
   170
   168
   171
   172
   167
   166
   168
   164
   156
   154
   152
   153
   149
   149
   146
   144
   143
   144
   141
   141
   138
   134
   135
   134
   125
   122
   119
   121
   126
   128
   126
   109
   114
   137
   124
   144
   134
   142
   141
   125
   108
    99
   103
   132
   153
   151
   145
   139
   134
   136
   134
   133
   133
   129
   125
   122
   123
   126
   122
   122
   118
   120
   126
   125
   125
   123
   121
   122
   114
   108
   105
    95
    93
    83
    66
    73
    91
   101
   105
   108
   104
   108
   108
   110
   111
   117
   113
   118
   116
    91
    78
   120
   118
   123
   118
   120
   121
   109
    92
   114
   129
   138
   138
   148
   162
   163
   161
   166
   166
   171
   170
   167
   163
   166
   170
   166
   168
   160
   152
   157
   152
   147
   143
   142
   146
   141
   143
   142
   143
   143
   140
   138
   136
   128
   129
   129
   129
   131
   127
   127
   129
   127
   137
   138
   134
   109
    76
    86
    90
    79
    82
    91
   108
   128
   149
   148
   144
   142
   140
   138
   131
   133
   132
   131
   124
   127
   125
   123
   123
   117
   121
   115
   116
   121
   121
   123
   117
   112
   113
   106
   101
    93
    96
    90
    79
    72
    75
    93
   103
   104
   103
   103
   102
   100
   100
   111
   115
   109
   102
    85
    74
    93
   146
   116
   120
   121
   123
   122
   118
   116
   107
    88
   116
   133
   147
   146
   158
   163
   164
   163
   166
   164
   163
   165
   162
   163
   162
   166
   164
   161
   149
   145
   146
   145
   142
   141
   147
   147
   147
   149
   145
   143
   142
   138
   132
   127
   124
   126
   126
   129
   129
   131
   131
   135
   135
   143
   123
    44
   117
   123
   103
   120
   137
   148
   155
   153
   142
   134
   134
   134
   136
   135
   133
   130
   126
   117
   119
   115
   117
   118
   111
   115
   115
   117
   118
   119
   119
   114
   115
   112
   108
    98
   100
    98
    87
    81
    80
    87
    95
    92
    89
    86
    82
    88
    86
    80
    87
    88
    87
    76
    70
    97
   151
   200
   218
   120
   121
   120
   119
   120
   119
   119
   115
   101
   100
   123
   138
   147
   145
   154
   165
   161
   159
   163
   160
   158
   161
   161
   165
   162
   160
   160
   156
   154
   151
   150
   143
   143
   145
   144
   145
   146
   146
   143
   138
   140
   137
   135
   133
   128
   130
   128
   126
   125
   131
   136
   132
   136
   122
    66
   119
   124
   117
   136
   144
   143
   142
   139
   133
   133
   129
   127
   125
   126
   125
   123
   112
   111
   112
   117
   117
   116
   115
   111
   115
   114
   112
   113
   112
   113
   108
   106
   103
    99
   107
    90
    97
    98
   114
   121
   117
   104
    91
    83
    74
    65
    65
    63
    63
    63
    69
   114
   165
   211
   228
   209
   160
   120
   119
   120
   125
   121
   120
   116
   126
   120
   101
    98
   121
   126
   142
   150
   156
   162
   166
   160
   162
   159
   156
   151
   155
   155
   156
   149
   149
   150
   148
   154
   157
   156
   148
   151
   144
   144
   141
   142
   141
   138
   140
   138
   134
   131
   129
   128
   127
   132
   135
   134
   135
   137
   117
    84
   127
   121
   127
   138
   133
   140
   135
   126
   127
   121
   120
   122
   119
   115
   113
   107
   109
   111
   113
   114
   111
   110
   110
   115
   114
   111
   109
   108
   108
   107
   107
   107
   103
    97
    77
    73
    71
    72
    52
    43
    70
   130
   171
   189
   197
   209
   211
   216
   210
   204
   213
   222
   207
   178
   124
    70
    69
   118
   119
   119
   121
   124
   124
   121
   119
   122
   111
    88
   104
   119
   128
   140
   140
   156
   160
   161
   162
   163
   160
   156
   153
   144
   143
   147
   149
   148
   147
   150
   152
   151
   154
   151
   151
   144
   142
   138
   136
   135
   131
   128
   127
   128
   127
   125
   129
   132
   123
   130
   133
   133
   117
    83
   120
   113
   129
   138
   135
   130
   127
   124
   119
   120
   118
   113
   116
   114
   110
   109
   113
   112
   115
   112
   116
   116
   115
   115
   116
   113
   111
   109
   111
   110
   102
    84
    66
    47
    40
    48
    55
    54
    39
     8
    14
    37
    85
   136
   131
   108
   104
   112
   122
   133
   135
   118
    92
    81
   102
   152
   173
   123
   125
   122
   117
   115
   117
   121
   120
   118
   114
    94
    86
   109
   114
   112
   124
   131
   143
   159
   156
   157
   162
   159
   155
   154
   151
   151
   153
   150
   150
   149
   147
   146
   147
   146
   148
   141
   141
   132
   129
   131
   128
   129
   128
   130
   126
   125
   124
   129
   131
   127
   131
   130
   121
    89
   110
   126
   138
   136
   137
   128
   127
   124
   126
   121
   123
   119
   114
   111
   114
   116
   116
   115
   116
   114
   113
   111
   109
   104
    92
    90
    94
    98
    82
    65
    44
    38
    38
    45
    56
    59
    64
    72
    73
    39
    12
    15
    10
    40
   119
   153
   147
   129
   130
   124
   122
   126
   142
   153
   149
   123
   104
   119
   120
   121
   118
   119
   120
   121
   120
   119
   119
   122
   108
    84
    91
    99
   115
   122
   128
   134
   147
   148
   152
   156
   158
   160
   160
   156
   156
   153
   152
   154
   154
   151
   150
   148
   141
   139
   135
   133
   127
   129
   131
   128
   121
   115
   122
   131
   132
   126
   124
   127
   119
   123
   110
    81
    76
    96
   121
   133
   130
   132
   130
   125
   121
   120
   116
   115
   112
   111
   111
   111
   107
   104
   103
   100
    96
    91
    87
    90
    96
   102
    90
    46
    38
    37
    44
    51
    57
    60
    63
    68
    75
    73
    70
    63
    19
    14
    12
     7
    11
    63
   122
   143
   136
   130
   128
   123
   114
   110
   109
   113
   123
   119
   117
   117
   120
   122
   122
   121
   123
   118
   116
   118
   121
   102
    88
    95
   103
    99
    92
   105
   111
   128
   128
   132
   137
   145
   160
   156
   153
   150
   150
   148
   144
   142
   140
   135
   135
   129
   129
   122
   120
   121
   116
   113
   104
   100
   108
   107
   108
    98
    92
   101
    86
    75
    72
    62
    74
    94
   104
   116
   123
   114
   117
   125
   114
   100
    96
    88
    92
    92
    93
   101
    96
    92
    95
    94
   102
   113
   127
   138
   145
   135
   107
    55
    47
    53
    53
    57
    62
    70
    74
    72
    74
    74
    77
    71
    45
    13
    17
    25
    19
    13
    33
    79
   122
   137
   137
   132
   122
   119
   117
   117
   126
   121
   122
   122
   121
   119
   119
   119
   119
   120
   120
   124
   119
   122
    97
    90
    87
    87
    81
    82
    89
    75
    78
    79
    88
   111
   124
   140
   141
   131
   133
   130
   135
   133
   134
   128
   125
   124
   117
   116
   117
   113
    98
    86
    88
    86
    82
    82
    65
    63
    59
    53
    71
    51
    47
    58
    69
    83
    83
    79
    83
    86
    79
    83
    93
   103
   103
   111
   113
   111
   114
   109
   107
   117
   132
   143
   145
   151
   151
   150
   143
   128
   108
    68
    58
    61
    64
    65
    73
    69
    71
    73
    70
    77
    77
    79
    78
    54
    13
    16
    20
    15
    10
     8
    16
    67
   102
   115
   136
   143
   149
   152
   141
   117
   121
   118
   119
   120
   119
   121
   119
   119
   121
   120
   119
   113
   111
    91
    84
    80
    74
    60
    60
    55
    53
    63
    65
    68
    85
    95
   101
   108
   105
   110
   111
   115
   114
   118
   116
   112
   113
   109
   105
    99
    88
    84
    78
    77
    68
    58
    51
    50
    49
    38
    38
    49
    59
    52
    55
    58
    56
    52
    53
    56
    48
    58
   109
   133
   144
   141
   141
   141
   131
   136
   130
   146
   162
   143
   146
   143
   141
   137
   131
   124
   100
    64
    65
    67
    70
    72
    73
    76
    78
    72
    76
    78
    73
    75
    78
    81
    50
    14
    24
    29
    25
    20
    10
     9
     5
    14
    30
    45
    48
    36
    21
   121
   121
   123
   120
   121
   122
   123
   123
   124
   118
   119
   122
   118
   109
    96
    69
    70
    74
    72
    54
    48
    44
    51
    50
    55
    60
    66
    84
    86
    91
    95
   108
   102
   101
    96
    98
   106
   104
   100
    86
    85
    77
    65
    52
    47
    49
    49
    51
    52
    50
    40
    35
    37
    52
    50
    60
    58
    56
    37
    38
    30
    33
    70
   122
   147
   156
   163
   153
   146
   163
   177
   150
   161
   169
   151
   137
   137
   144
   141
   129
   128
    94
    68
    74
    76
    71
    71
    73
    78
    75
    79
    79
    75
    78
    79
    82
    80
    83
    35
    14
    19
    19
    23
    26
    22
    19
    17
    10
    11
    10
    15
    14
   120
   119
   122
   121
   121
   120
   117
   119
   122
   122
   118
   119
   120
   116
   100
    86
    62
    57
    64
    67
    64
    56
    42
    43
    54
    72
    72
    59
    61
    65
    50
    59
    79
    81
    75
    69
    52
    53
    67
    74
    69
    58
    53
    55
    57
    68
    70
    59
    44
    47
    38
    35
    41
    41
    36
    35
    40
    45
    62
    51
    81
   117
    86
    98
   110
   122
   147
   164
   168
   166
   163
   137
   141
   140
   127
   129
   128
   133
   132
   129
   106
    86
    75
    71
    74
    77
    81
    79
    76
    79
    74
    76
    79
    79
    81
    78
    76
    77
    73
    18
    17
    23
    19
    21
    24
    17
    16
    22
    24
    21
    19
    20
   117
   118
   120
   120
   119
   120
   122
   120
   119
   122
   118
   117
   116
   113
   119
   100
    76
    57
    48
    51
    65
    76
    62
    46
    45
    45
    65
    71
    74
    71
    81
    59
    45
    54
    67
    64
    54
    36
    28
    42
    55
    66
    57
    56
    62
    60
    60
    53
    48
    44
    39
    40
    36
    51
    50
    57
    68
    96
    96
   119
   162
   169
   131
   110
   113
   126
   129
   139
   137
   141
   131
   125
   120
   107
   110
   129
   137
   134
   132
   122
   104
    72
    77
    78
    80
    79
    77
    77
    81
    79
    83
    81
    79
    76
    77
    83
    80
    80
    83
    73
    27
    18
    25
    24
    22
    22
    23
    24
    19
    23
    23
    22
   123
   124
   118
   122
   118
   121
   121
   119
   121
   122
   121
   120
   121
   119
   116
   120
   103
    72
    55
    45
    46
    52
    69
    65
    50
    44
    50
    70
    69
    68
    72
    77
    71
    56
    52
    60
    56
    46
    38
    27
    32
    49
    60
    43
    40
    49
    51
    53
    57
    37
    49
    52
    36
    44
    89
   119
   111
   114
   113
   137
   169
   159
   146
   136
   132
   125
   139
   141
   132
   124
   124
   132
   145
   127
   133
   136
   135
   143
   134
   117
    75
    77
    83
    82
    82
    76
    78
    80
    79
    85
    84
    84
    78
    82
    81
    80
    80
    82
    82
    82
    60
    11
    14
    21
    21
    23
    25
    25
    25
    21
    18
    21
   120
   120
   122
   119
   123
   123
   121
   121
   117
   118
   117
   122
   123
   122
   121
   116
   113
    84
    64
    57
    38
    37
    53
    59
    62
    61
    52
    53
    60
    72
    74
    73
    81
    74
    68
    53
    45
    41
    31
    33
    28
    34
    45
    54
    61
    51
    45
    52
    53
    56
    52
    49
    29
    48
   123
   142
   130
   101
   120
   140
   151
   146
   142
   129
   125
   123
   125
   131
   125
   130
   141
   146
   145
   125
   123
   144
   142
   128
   112
    71
    82
    83
    78
    81
    83
    83
    83
    78
    82
    79
    81
    82
    84
    83
    78
    82
    81
    76
    77
    80
    78
    43
    15
    19
    21
    21
    19
    18
    18
    21
    18
    18
   118
   119
   121
   120
   117
   120
   119
   122
   121
   123
   123
   122
   125
   122
   122
   118
   116
   100
    81
    58
    55
    38
    48
    59
    56
    60
    66
    49
    51
    45
    52
    57
    60
    80
    73
    59
    55
    46
    41
    33
    32
    25
    27
    29
    42
    55
    48
    39
    51
    41
    34
    33
    28
    88
   141
   140
   116
   118
   140
   147
   150
   152
   149
   138
   133
   129
   126
   132
   146
   157
   158
   144
   128
   121
   145
   140
   119
    89
    71
    83
    83
    78
    81
    84
    84
    86
    82
    87
    80
    85
    81
    84
    86
    83
    83
    83
    79
    80
    81
    79
    78
    83
    46
    16
    21
    22
    21
    21
    21
    21
    21
    19
   123
   121
   119
   121
   119
   118
   121
   119
   122
   120
   116
   118
   118
   123
   117
   123
   123
   112
    92
    66
    55
    61
    54
    52
    62
    50
    52
    62
    54
    51
    47
    56
    56
    61
    79
    59
    54
    40
    42
    36
    32
    26
    25
    23
    26
    25
    47
    40
    39
    38
    35
    29
    34
   109
   149
   132
   106
   138
   149
   148
   154
   158
   151
   154
   150
   143
   153
   158
   166
   154
   131
   119
   113
   138
   139
   111
    83
    77
    85
    81
    85
    86
    85
    82
    83
    90
    86
    82
    83
    88
    82
    83
    83
    81
    87
    80
    79
    81
    80
    79
    82
    81
    73
    29
    17
    19
    20
    19
    22
    21
    16
    18
   118
   120
   118
   121
   119
   121
   119
   121
   120
   120
   120
   121
   124
   119
   123
   118
   116
   123
   109
    75
    54
    41
    63
    59
    46
    54
    47
    41
    54
    54
    60
    54
    58
    58
    47
    67
    59
    43
    28
    29
    23
    27
    29
    44
    42
    45
    49
    50
    39
    49
    41
    35
    57
   127
   141
   116
   104
   138
   148
   155
   152
   154
   152
   156
   157
   156
   157
   151
   121
   104
   104
   123
   145
   133
    95
    76
    80
    83
    85
    85
    91
    87
    84
    89
    88
    83
    83
    85
    84
    80
    84
    84
    81
    84
    81
    82
    79
    80
    77
    81
    80
    77
    81
    72
    21
    21
    22
    22
    21
    24
    21
    21
   121
   122
   121
   120
   117
   120
   118
   122
   123
   122
   124
   121
   120
   121
   121
   119
   121
   120
   119
    92
    65
    55
    52
    42
    33
    43
    40
    34
    30
    31
    16
    29
    31
    42
    43
    47
    58
    58
    43
    36
    33
    29
    27
    35
    47
    42
    46
    54
    51
    42
    40
    41
    74
   130
   134
   107
   101
   122
   132
   134
   138
   139
   141
   141
   140
   133
   116
    99
   103
   124
   136
   143
   116
    80
    80
    86
    90
    90
    87
    85
    83
    89
    85
    82
    83
    83
    84
    82
    83
    86
    84
    85
    86
    81
    79
    81
    81
    83
    80
    78
    81
    79
    82
    82
    49
    13
    18
    21
    21
    17
    21
    20
   119
   121
   122
   121
   121
   123
   123
   120
   122
   124
   122
   123
   123
   123
   123
   124
   122
   120
   123
   117
    99
    86
    62
    50
    39
    31
    31
    31
    22
    24
    25
    20
    18
    22
    25
    33
    48
    50
    53
    38
    28
    22
    23
    27
    40
    46
    53
    55
    59
    52
    54
    56
    73
   139
   133
   101
    83
   102
    98
   101
   107
    96
    93
    92
    83
    84
   100
   123
   145
   146
   135
    90
    77
    94
    86
    90
    87
    85
    94
    83
    82
    86
    87
    87
    88
    91
    90
    89
    88
    86
    81
    80
    83
    83
    86
    83
    78
    76
    81
    78
    77
    80
    78
    83
    76
    41
    23
    16
    22
    20
    19
    17
