    66
    70
    71
    70
    63
    70
    72
    72
    75
    72
    68
    72
    66
    70
    74
    70
    70
    71
    70
    70
    74
    74
    75
    72
    63
    70
    78
    85
    82
    71
    84
    73
    72
    72
    68
    66
    68
    59
    56
    48
    34
    37
    37
    39
    54
    40
    33
    31
    29
    33
    34
    40
    34
    23
    21
    32
    59
    66
    62
    60
    54
    56
    53
    53
    52
    53
    47
    49
    49
    53
    53
    48
    52
    52
    51
    46
    49
    50
    49
    52
    52
    47
    48
    51
    50
    46
    49
    56
    50
    50
    47
    47
    52
    47
    52
    53
    51
    50
    52
    52
    48
    49
    49
    50
    49
    49
    49
    49
    52
    49
    49
    49
    68
    67
    69
    71
    68
    65
    67
    72
    68
    74
    65
    62
    66
    62
    59
    71
    71
    73
    73
    71
    77
    87
    83
    72
    71
    70
    80
    78
    75
    60
    61
    61
    61
    68
    58
    45
    44
    52
    56
    43
    42
    41
    32
    33
    46
    37
    39
    39
    43
    38
    32
    33
    37
    27
    24
    26
    30
    50
    49
    38
    50
    48
    59
    59
    55
    57
    58
    54
    52
    54
    54
    52
    50
    50
    52
    53
    54
    50
    53
    50
    51
    53
    55
    51
    47
    50
    51
    49
    47
    49
    51
    52
    48
    48
    49
    49
    48
    47
    49
    48
    50
    50
    48
    47
    49
    53
    51
    53
    52
    49
    49
    49
    66
    70
    68
    68
    69
    73
    77
    83
    86
    88
    96
    97
    76
    65
    62
    57
    67
    74
    75
    73
    72
    77
    93
    85
    77
    77
    80
    92
    72
    59
    68
    52
    72
    62
    48
    51
    48
    59
    50
    35
    39
    44
    42
    33
    45
    38
    39
    36
    35
    31
    33
    36
    39
    43
    33
    29
    23
    11
    24
    50
    35
    16
    17
    32
    59
    54
    55
    54
    54
    54
    53
    51
    53
    50
    51
    51
    45
    50
    49
    54
    49
    48
    46
    48
    52
    52
    53
    51
    51
    50
    50
    54
    54
    53
    50
    51
    51
    51
    52
    49
    50
    49
    45
    50
    50
    53
    48
    49
    51
    50
    52
    49
    67
    66
    70
    72
    72
    76
    76
    68
    69
    76
    85
    79
    75
    78
    76
    68
    62
    64
    71
    73
    75
    87
   101
    93
    81
    88
    81
    91
    77
    71
    76
    78
    59
    50
    44
    42
    66
    74
    51
    37
    43
    42
    40
    43
    45
    34
    34
    31
    36
    29
    25
    30
    33
    41
    35
    34
    35
    88
   149
   135
   146
   158
   151
    98
    30
    33
    52
    62
    59
    52
    51
    54
    52
    57
    52
    54
    59
    51
    51
    47
    51
    50
    49
    50
    52
    50
    45
    49
    51
    53
    53
    49
    48
    49
    52
    50
    49
    48
    49
    50
    51
    50
    48
    47
    51
    51
    55
    51
    49
    47
    51
    54
    70
    66
    67
    65
    71
    78
    67
    69
    77
    72
    79
    69
    71
    69
    68
    72
    69
    67
    66
    80
    78
    88
   103
   101
    96
    89
    89
    96
    82
    75
    77
    76
    64
    52
    52
    64
    75
    68
    46
    50
    62
    61
    53
    62
    54
    36
    35
    38
    34
    35
    30
    33
    39
    37
    39
    38
    62
   125
   130
    81
    65
    76
   111
   155
   160
   101
    39
    20
    35
    56
    58
    54
    52
    49
    54
    51
    49
    52
    48
    52
    50
    50
    52
    48
    50
    50
    55
    52
    50
    48
    50
    49
    49
    50
    48
    50
    51
    54
    45
    46
    48
    53
    52
    50
    49
    48
    46
    52
    50
    52
    51
    48
    65
    72
    70
    69
    66
    75
    76
    69
    69
    70
    81
    73
    69
    68
    67
    63
    73
    77
    65
    73
    83
    83
   103
   102
   109
    88
    91
    88
    83
    87
    87
    84
    79
    72
    61
    67
    74
    62
    54
    71
    67
    65
    60
    65
    47
    37
    42
    40
    38
    33
    32
    34
    34
    34
    31
    31
    47
    86
   121
    74
    58
    55
    50
    61
   103
   143
   147
    98
    54
    28
    25
    38
    51
    55
    47
    49
    51
    48
    50
    50
    51
    49
    47
    51
    50
    51
    47
    51
    53
    50
    50
    52
    51
    53
    50
    49
    52
    51
    47
    50
    51
    45
    50
    52
    50
    51
    51
    51
    53
    54
    53
    51
    65
    68
    71
    74
    78
    81
    72
    72
    68
    67
    64
    67
    68
    70
    76
    75
    77
    74
    77
    61
    84
    96
   111
   110
    99
    96
    89
    92
    74
    81
    82
    76
    75
    70
    53
    58
    69
    53
    52
    68
    68
    68
    67
    46
    31
    44
    48
    42
    25
    30
    29
    25
    29
    27
    22
    30
    34
    55
   107
   127
   116
   102
   118
   118
    94
   111
   135
   157
   154
   137
   107
    58
    20
    40
    56
    53
    52
    52
    53
    46
    49
    51
    56
    49
    53
    51
    50
    51
    49
    47
    48
    47
    52
    47
    51
    49
    49
    48
    51
    49
    50
    51
    53
    45
    50
    52
    51
    51
    53
    53
    53
    55
    65
    69
    79
    77
    72
    81
    73
    69
    72
    70
    70
    74
    72
    70
    64
    71
    71
    73
    73
    82
    72
    85
   101
    96
   100
    89
    84
    81
    79
    74
    73
    55
    55
    61
    64
    60
    53
    53
    59
    62
    58
    56
    55
    50
    54
    53
    46
    31
    32
    31
    30
    28
    27
    26
    33
    37
    45
    59
    90
   123
   142
   139
   125
   156
   161
   159
   174
   177
   177
   173
   162
   156
   123
    42
    26
    43
    53
    50
    51
    50
    48
    54
    50
    52
    48
    47
    48
    48
    51
    50
    51
    53
    48
    48
    47
    47
    50
    51
    49
    49
    52
    52
    47
    49
    50
    50
    53
    55
    50
    48
    50
    51
    73
    73
    66
    71
    67
    73
    70
    71
    70
    72
    81
    80
    85
    73
    75
    68
    72
    74
    73
    86
    80
    91
    99
    95
    85
    78
    80
    76
    75
    63
    55
    55
    56
    53
    52
    54
    56
    53
    57
    50
    56
    53
    50
    56
    50
    34
    24
    19
    18
    26
    25
    25
    27
    31
    37
    38
    45
    46
    71
   100
   117
   122
   135
   151
   145
   152
   146
   134
   127
   131
   155
   161
   151
   161
    92
    30
    27
    53
    49
    55
    57
    52
    55
    49
    51
    48
    52
    52
    48
    50
    49
    49
    49
    55
    53
    52
    50
    50
    50
    49
    48
    50
    51
    52
    49
    51
    49
    53
    53
    52
    52
    54
    74
    72
    71
    66
    72
    76
    67
    67
    67
    69
    81
    76
    73
    71
    78
    71
    78
    91
    94
    79
    80
    95
   103
    89
    83
    68
    78
    79
    69
    56
    55
    51
    49
    52
    52
    54
    50
    57
    47
    51
    45
    42
    31
    17
    14
    10
    21
    35
    34
    29
    42
    40
    33
    32
    31
    28
    37
    33
    29
    60
    67
    80
    86
   118
   120
   111
   135
   126
   111
   100
   108
   163
   149
   147
   158
   131
    77
    28
    46
    47
    51
    51
    48
    50
    54
    54
    50
    51
    48
    48
    50
    53
    52
    51
    53
    52
    54
    56
    53
    50
    52
    51
    52
    51
    55
    48
    51
    51
    52
    50
    54
    59
    67
    70
    67
    72
    72
    75
    76
    76
    72
    69
    80
    69
    74
    72
    78
    77
    91
    87
    85
    79
    94
   103
    96
    86
    86
    76
    59
    64
    66
    48
    52
    53
    55
    58
    60
    54
    52
    48
    56
    56
    50
    44
    46
    50
    55
    65
    67
    70
    57
    36
    29
    22
    21
    30
    37
    35
    28
    28
    38
    22
    14
    19
    33
    63
    82
    78
   108
   122
   122
   116
   120
   155
   169
   166
   162
   155
   150
   113
    39
    46
    50
    51
    53
    49
    48
    47
    49
    51
    54
    53
    49
    49
    54
    52
    51
    52
    51
    48
    48
    52
    52
    51
    49
    48
    50
    53
    54
    51
    52
    51
    52
    53
    77
    71
    69
    70
    73
    76
    70
    71
    78
    77
    88
    76
    74
    76
    67
    74
    86
    90
    91
    99
    89
    90
    97
    85
    72
    69
    69
    61
    57
    56
    55
    54
    55
    66
    56
    56
    59
    56
    48
    57
    60
    65
    67
    64
    61
    61
    67
    67
    55
    78
   111
    89
    41
    36
    88
   102
   102
   107
   101
    91
    80
    72
    56
    38
    37
    49
    80
    96
   111
   130
   148
   166
   173
   173
   171
   158
   147
   145
    95
    48
    52
    52
    47
    55
    48
    48
    45
    52
    52
    50
    54
    54
    51
    53
    47
    49
    48
    48
    50
    50
    52
    48
    47
    55
    55
    53
    53
    54
    54
    53
    51
    58
    62
    70
    76
    79
    71
    71
    71
    68
    71
    87
    71
    74
    77
    77
    77
    82
    81
    87
    91
    95
   104
    96
    91
    86
    71
    75
    77
    65
    55
    46
    50
    57
    64
    63
    59
    56
    49
    39
    47
    63
    74
    84
    76
    51
    32
    26
    49
    39
    24
    95
   230
   228
   165
   107
   147
   155
   160
   156
   160
   159
   156
   143
   123
    96
    61
    40
    56
   119
   151
   152
   118
   152
   182
   172
   168
   162
   155
   146
   134
    66
    52
    55
    56
    54
    53
    51
    56
    54
    52
    52
    49
    52
    52
    52
    54
    52
    48
    48
    48
    52
    52
    54
    55
    52
    51
    51
    54
    52
    55
    54
    52
    52
    81
    72
    81
    90
    82
    69
    69
    75
    81
    82
    77
    79
    75
    72
    80
    85
    91
    87
    95
    99
   113
   100
   101
    81
    70
    80
    74
    58
    49
    55
    55
    56
    56
    48
    39
    44
    60
    62
    68
    68
    72
    66
    56
    62
    64
    37
    20
    71
    95
   166
    76
    49
   102
   102
   160
   185
   198
   193
   177
   159
   161
   161
   158
   150
   145
   139
   111
    78
    83
   115
   127
   116
   161
   174
   179
   177
   172
   168
   145
    85
    56
    56
    46
    52
    51
    54
    50
    49
    52
    51
    51
    50
    51
    51
    50
    50
    50
    51
    53
    49
    49
    53
    51
    56
    54
    51
    54
    56
    52
    55
    56
    59
    86
    75
    75
    92
    85
    77
    75
    81
    87
    84
    75
    77
    80
    87
    82
    80
    87
    92
    92
   104
   114
   109
   106
    86
    68
    58
    55
    51
    50
    49
    44
    48
    46
    48
    63
    73
    73
    73
    71
    76
    85
    98
   108
   100
    98
   125
   208
   228
   224
   159
   136
   118
   113
   110
    99
    88
    85
   111
   155
   186
   175
   155
   153
   151
   147
   145
   145
   135
   125
   107
   105
   108
   105
    96
   121
   146
   154
   171
   154
    99
    54
    50
    55
    53
    53
    48
    52
    57
    51
    53
    50
    52
    49
    51
    53
    52
    52
    54
    53
    54
    53
    50
    57
    52
    52
    55
    55
    55
    54
    53
    54
    61
    78
    70
    75
    92
    89
    86
    88
    85
    70
    73
    78
    80
    83
    80
    86
    94
    93
    92
    91
    92
   110
   113
    98
    86
    72
    67
    54
    40
    39
    46
    54
    56
    64
    68
    58
    59
    66
    88
    97
    99
    92
    96
   103
   120
   158
   209
   236
   220
   145
   133
   135
   156
   147
   131
   164
   164
   156
   132
    95
    91
   155
   195
   168
   162
   157
   155
   154
   152
   146
   147
   149
   144
   141
   116
   103
    95
    95
   108
   113
    89
    36
    53
    55
    51
    52
    49
    52
    49
    52
    52
    53
    51
    52
    53
    53
    50
    47
    53
    49
    53
    55
    52
    53
    55
    53
    55
    56
    54
    56
    59
    55
    55
    68
    74
    76
    88
    93
    73
    82
    87
    75
    79
    71
    83
    88
    96
    92
    95
   102
   102
    83
   111
   106
    99
    89
    86
    69
    66
    62
    65
    53
    58
    61
    63
    59
    60
    72
    77
    91
    87
    94
    99
   126
   145
   165
   172
   157
   145
   138
   137
   181
   181
   175
   170
   158
   133
   180
   185
   185
   185
   193
   180
   114
   100
   166
   177
   175
   169
   165
   168
   167
   163
   160
   158
   158
   149
   143
   139
   138
   123
   114
    86
    59
    34
    35
    45
    40
    35
    40
    46
    55
    53
    51
    52
    48
    49
    54
    51
    53
    54
    57
    56
    51
    54
    59
    52
    55
    56
    56
    57
    55
    56
    60
    58
    74
    85
    95
    89
   100
    92
    98
    86
    75
    76
    80
    80
    89
    92
    81
    74
    88
    86
    81
   108
    95
    93
    87
    76
    69
    50
    49
    60
    62
    53
    53
    50
    59
    64
    78
   105
   115
   132
   147
   164
   165
   164
   156
   145
   115
   140
   184
   230
   232
   229
   179
   168
   143
   117
   162
   188
   189
   188
   195
   196
   200
   211
   178
   175
   183
   177
   172
   168
   162
   164
   163
   161
   160
   157
   153
   153
   150
   148
   142
   146
   137
   122
    87
    40
    38
    39
    40
    28
    35
    49
    53
    55
    51
    57
    56
    51
    53
    57
    56
    55
    55
    52
    55
    56
    52
    56
    56
    55
    56
    59
    56
    55
    86
    95
    82
    89
    98
    82
   101
    80
    77
    90
    79
    75
    72
    77
    77
    93
    87
    72
    78
    89
    95
    91
    85
    77
    66
    39
    40
    42
    48
    55
    66
    84
   101
   124
   143
   161
   167
   167
   166
   165
   164
   161
   145
   107
   146
   193
   210
   219
   220
   221
   208
   163
   124
   102
   154
   185
   187
   189
   188
   191
   195
   198
   209
   159
   183
   179
   168
   166
   167
   164
   165
   165
   163
   162
   157
   153
   151
   158
   150
   150
   142
   142
   142
   130
    87
    62
    62
    60
    45
    27
    31
    30
    41
    35
    37
    40
    42
    43
    42
    48
    46
    52
    50
    52
    57
    52
    56
    56
    58
    55
    57
    57
    86
    81
    92
    89
    96
    80
    90
    73
    87
    85
    82
    87
    84
    82
    88
   104
    86
    77
    87
    75
    78
    77
    79
    80
    66
    64
    67
    89
   104
   136
   153
   164
   170
   171
   172
   172
   169
   168
   165
   167
   167
   169
   154
   120
   185
   181
   182
   212
   216
   218
   212
   169
   120
    90
   132
   177
   183
   183
   189
   186
   187
   187
   187
   127
   167
   184
   175
   170
   173
   171
   163
   158
   158
   155
   160
   165
   159
   151
   159
   154
   148
   148
   150
   147
   137
   123
    93
    90
   116
   127
   110
   105
    84
    82
    76
    73
    69
    63
    62
    53
    52
    41
    39
    38
    32
    34
    28
    33
    28
    38
    34
    31
    87
    82
    87
    76
    94
    93
    90
    80
    93
    95
    94
    84
    86
    83
    73
    89
    74
    74
    75
    84
    95
    81
    69
    70
    83
    93
   126
   140
   156
   168
   174
   173
   173
   174
   170
   172
   173
   174
   172
   167
   166
   174
   137
   140
   169
   128
   118
   212
   238
   237
   204
   161
   125
    89
   126
   162
   169
   175
   187
   189
   194
   197
   204
   188
   146
   189
   179
   176
   173
   171
   168
   163
   165
   161
   156
   162
   162
   149
   157
   168
   167
   164
   161
   153
   155
   149
   141
   113
    83
    85
   102
   123
   113
   131
   134
   120
   112
   131
   123
   118
   122
   116
   124
   115
   116
   109
   107
    95
    99
    90
    94
    88
    83
    73
    77
    73
    98
    98
    88
    74
    90
   102
    99
    89
    90
    78
    93
    99
    61
    72
    72
    77
    92
    86
    79
    70
    79
   116
   147
   161
   168
   167
   172
   171
   170
   171
   171
   178
   181
   179
   175
   173
   171
   168
   121
   131
   125
   122
   122
   142
   189
   174
   154
   144
   114
    86
   119
   157
   167
   169
   182
   189
   183
   168
   155
   184
   132
   183
   182
   180
   177
   170
   167
   165
   163
   163
   159
   159
   164
   162
   161
   162
   164
   166
   161
   156
   151
   153
   154
   141
   127
   105
    79
    98
   116
   124
   124
   111
   103
   117
   124
   117
   120
   132
   127
   132
   130
   134
   137
   129
   142
   133
   139
   147
    97
    77
    76
    69
    96
    95
    85
    91
   103
   100
   110
    94
   101
   100
    91
    93
    96
    72
    73
    82
    93
    87
    89
    84
    92
   134
   155
   165
   168
   171
   165
   168
   170
   176
   181
   184
   185
   186
   184
   176
   180
   167
   115
   122
   117
   149
   160
   154
   145
   135
   119
   104
    97
    83
   118
   159
   171
   172
   179
   174
   168
   173
   175
   179
   149
   167
   188
   183
   180
   177
   172
   167
   165
   167
   164
   167
   171
   166
   172
   169
   153
   149
   154
   159
   155
   150
   155
   153
   148
   141
   117
    85
    73
   103
   121
   119
   115
   116
   114
   110
   125
   136
   129
   121
   128
   127
   130
   121
   125
   130
   131
   132
    83
    82
    79
    87
    86
    98
    83
    98
    95
   108
   111
   108
   109
   120
   104
    86
    91
    84
    73
    89
    83
    90
    85
   103
   131
   145
   160
   164
   161
   163
   172
   176
   179
   188
   189
   187
   187
   185
   183
   185
   179
   144
   117
   130
   130
   151
   171
   159
   128
   105
    95
   100
    94
    77
   101
   140
   161
   165
   168
   178
   195
   205
   209
   212
   158
   149
   185
   190
   180
   175
   173
   169
   169
   167
   167
   169
   169
   167
   161
   154
   158
   158
   157
   156
   162
   152
   147
   149
   142
   144
   137
   133
   105
    64
    85
   106
   123
   117
   117
   107
   125
   127
   112
   109
   119
   115
   119
   116
   114
   123
   125
   121
    85
    80
    82
    85
    91
    93
    98
    99
    94
   105
   112
   116
   113
   108
    98
    95
    87
    90
    85
    93
    92
    96
    95
   107
   133
   145
   160
   164
   166
   167
   174
   184
   187
   187
   190
   192
   191
   189
   187
   187
   182
   152
   124
   129
   142
   155
   159
   140
   108
   100
    93
   102
   109
    98
   106
   120
   128
   131
   150
   187
   199
   201
   201
   206
   165
   137
   177
   183
   179
   177
   171
   167
   164
   171
   174
   177
   179
   174
   174
   171
   168
   165
   162
   164
   162
   145
   142
   143
   138
   140
   142
   139
   139
   120
    83
    69
    84
    95
   108
   109
   121
   121
   123
   122
   117
   115
   120
   106
   109
   121
   135
   131
    73
    72
    82
    80
    84
    86
    93
   112
   111
   117
   105
   110
   108
    94
    93
   101
    91
    88
    93
   101
   100
   109
   104
   125
   134
   148
   163
   166
   174
   175
   179
   187
   188
   187
   183
   188
   191
   190
   186
   185
   168
   161
   134
   129
   141
   152
   130
   105
    93
    92
   127
   136
   123
   127
   137
   143
   152
   143
   159
   190
   200
   201
   201
   203
   156
   134
   182
   187
   181
   175
   169
   162
   162
   163
   163
   168
   171
   175
   180
   175
   169
   165
   166
   162
   157
   153
   155
   144
   136
   140
   140
   136
   134
   115
    94
    77
    87
    75
    79
    94
   110
   128
   131
   133
   117
   104
   110
   115
   114
   115
   119
   133
    76
    79
    70
    86
    96
    96
    92
    96
   104
   104
   104
    99
    83
    79
    96
   108
   101
   110
   103
   109
    99
   104
   103
   119
   136
   142
   163
   173
   174
   178
   187
   189
   190
   188
   188
   192
   193
   190
   192
   191
   173
   137
   123
   119
   126
   123
    98
    82
    87
   146
   194
   213
   185
   150
   160
   153
   151
   149
   168
   190
   196
   200
   198
   203
   147
   135
   185
   185
   175
   168
   160
   153
   148
   135
   113
    90
    88
    92
   125
   165
   177
   175
   172
   163
   155
   144
   149
   146
   142
   149
   133
   118
   116
   115
   101
    89
    82
    90
    78
    72
    82
    99
   117
   130
   115
   100
   115
   127
   114
   107
   120
   118
    84
    79
    79
    84
    91
    76
    92
   108
   114
    95
    96
    81
    86
    90
    91
    99
    99
    99
   108
   101
    98
    98
    95
   109
   131
   147
   167
   171
   185
   190
   192
   193
   192
   197
   194
   194
   191
   194
   191
   190
   189
   181
   124
   116
   113
   114
   100
   106
   120
   205
   194
   136
   132
   155
   164
   161
   153
   151
   161
   189
   200
   200
   199
   206
   131
   147
   181
   176
   166
   158
   146
   134
   117
    88
    83
    87
    90
    91
    91
   116
   138
   161
   170
   170
   164
   167
   161
   152
   142
   141
   139
   136
   134
   122
   104
    97
    90
    85
    84
    76
    78
    83
    74
    84
   110
   118
   113
   112
   124
   117
   114
   115
    79
    80
    87
    86
    94
    84
    90
   115
   110
   100
    99
    75
    67
    91
    86
   107
   108
   109
   115
    91
    90
    90
    97
   110
   130
   150
   172
   181
   184
   191
   193
   192
   198
   197
   199
   195
   196
   194
   190
   193
   192
   197
   127
    89
    89
   109
   103
   100
   142
   189
   128
   141
    70
    97
   143
   150
   148
   150
   161
   189
   194
   195
   199
   196
   115
   147
   175
   170
   161
   147
   134
   115
    91
   109
   116
   119
   120
   133
   139
   145
   132
   139
   152
   164
   165
   167
   160
   161
   152
   148
   138
   126
   119
   116
   105
    98
    92
    89
    89
    81
    79
    83
    77
    76
    93
   106
   120
   101
    97
   119
   117
   115
    85
    79
    83
    80
    89
    92
   116
   124
    96
    85
   106
    97
    92
    92
    95
   109
   101
   118
   110
    80
    90
    91
    92
   105
   131
   147
   177
   191
   183
   193
   196
   194
   196
   197
   196
   197
   194
   190
   191
   190
   188
   181
   117
    73
    83
   106
    93
    95
   143
   135
    52
    96
   101
    88
   130
   134
   137
   142
   158
   187
   197
   199
   201
   170
   112
   163
   173
   165
   153
   134
   115
   100
   116
   131
   129
   119
   111
   113
   123
   136
   139
   134
   149
   149
   146
   146
   139
   127
   130
   138
   134
   123
   122
   112
   116
   110
   101
    79
    86
    91
    92
    82
    86
    78
    80
    89
    99
   124
   104
   105
   122
   107
    71
    83
    85
    88
    96
   103
   117
   112
    85
    73
    80
    79
    75
    88
    92
   100
   101
   102
    83
    81
    92
    96
    98
   108
   146
   165
   185
   189
   188
   195
   197
   197
   196
   197
   198
   199
   200
   195
   193
   193
   185
   165
   103
    68
    75
   106
    99
   103
   156
   118
    73
    41
    32
    89
   130
   121
   131
   141
   160
   191
   195
   200
   201
   129
   123
   164
   164
   152
   136
   117
   113
   124
   140
   134
   127
   121
   109
   109
   110
   118
   127
   134
   134
   122
   118
   126
   125
   125
   135
   143
   129
   112
   117
   114
   112
   121
   112
   103
    87
    81
    86
    90
    87
    92
    88
    89
    87
    94
   104
   101
   110
   118
    83
    87
    75
    87
   108
   115
   111
    98
    91
    85
    80
    77
    84
    78
    78
    92
    95
    79
    70
    71
    89
    96
   105
   125
   156
   164
   187
   191
   189
   196
   198
   199
   199
   199
   200
   200
   200
   197
   192
   194
   190
   167
   102
    72
    76
   104
    95
   101
   149
   134
    84
   122
    63
    92
   127
   119
   128
   138
   157
   183
   191
   196
   176
   106
   138
   165
   156
   134
   125
   123
   133
   149
   156
   145
   135
   128
   124
   120
   106
   111
   115
   132
   125
   120
   134
   142
   135
   139
   144
   129
   114
   109
   127
   118
   129
   125
   117
   105
   107
    94
    81
    73
    74
    86
    90
    94
    82
    70
    95
   103
   103
   105
    96
    87
    93
    99
   108
   106
    88
    79
    80
    84
    88
    79
    83
    70
    77
    83
    85
    66
    75
    74
   104
    94
   106
   113
   144
   172
   186
   186
   196
   196
   196
   197
   199
   201
   201
   198
   198
   199
   197
   194
   194
   155
    96
    75
    71
   101
    91
    90
   130
   178
    74
    30
    50
    96
   128
   117
   127
   141
   166
   189
   190
   192
   128
   111
   153
   157
   148
   133
   128
   141
   150
   163
   158
   144
   129
   136
   142
   135
    92
    83
   125
   131
   144
   147
   154
   158
   147
   148
   152
   140
   122
   122
   125
   124
   128
   121
   122
   118
   111
   102
    93
    83
    74
    80
    84
    86
    81
    73
    69
    94
   100
   113
    92
    76
    84
    98
    95
    70
    66
    65
    81
    69
    81
    79
    68
    86
    78
    74
    67
    71
    83
    91
    99
    96
   110
   137
   159
   182
   192
   193
   195
   200
   197
   199
   201
   197
   199
   201
   201
   202
   200
   196
   196
   182
    89
    71
    52
    83
    86
    86
    96
   170
   185
   153
   135
   133
   123
   117
   131
   142
   164
   190
   194
   145
   102
   136
   161
   152
   140
   137
   145
   150
   151
   155
   150
   142
   140
   137
   129
   130
   105
    44
    70
   130
   153
   162
   162
   160
   158
   169
   168
   163
   161
   153
   145
   141
   140
   114
   114
   122
   107
   106
   102
   106
    91
    75
    77
    71
    68
    65
    72
    77
    86
    88
   107
   100
   102
    91
    76
    75
    80
    76
    85
    83
   101
   100
    90
    93
    87
    77
    71
    83
    92
    96
    96
   106
   135
   146
   158
   183
   188
   189
   194
   196
   197
   195
   201
   202
   201
   201
   203
   203
   199
   200
   196
   168
    88
    87
   126
    86
    64
    75
   111
   124
   164
   169
   158
   147
   128
   123
   133
   150
   178
   193
   162
   104
   116
   151
   162
   158
   151
   145
   149
   153
   156
   157
   146
   131
   134
   131
   129
   132
   107
    38
    26
    85
   144
   170
   166
   162
   163
   166
   156
   158
   167
   171
   166
   156
   143
   134
   132
   124
   116
   120
   129
   114
   103
   102
    91
    85
    76
    87
    75
    78
    85
    94
   100
   102
   100
    89
    85
    72
    79
    88
   101
    92
    86
    97
    86
    84
    86
    94
    90
    92
    89
    91
    88
   113
   143
   155
   166
   184
   190
   187
   189
   195
   197
   196
   196
   200
   200
   202
   202
   203
   203
   201
   201
   171
   103
   183
   238
   230
   150
    61
   107
   109
   114
   142
   122
   132
   132
   129
   133
   155
   184
   168
   100
   113
   156
   165
   153
   141
   137
   143
   153
   154
   156
   158
   149
   136
   128
   128
   129
   122
   105
    56
    49
    29
   101
   150
   162
   156
   162
   163
   163
   170
   166
   167
   157
   146
   139
   142
   139
   123
   121
   127
   125
   117
   111
   104
    85
    78
    77
    75
    71
    75
    88
   102
   107
    99
    91
    77
    67
    74
    85
    91
   101
    83
    81
    80
    75
    77
    75
    81
    90
    89
    84
    81
    88
   117
   146
   158
   172
   184
   188
   191
   191
   192
   195
   200
   198
   201
   202
   203
   204
   205
   203
   201
   201
   173
    83
   143
   224
   220
   221
   116
    68
   112
   109
   110
   145
   128
   129
   115
   125
   143
   143
    92
   121
   159
   169
   151
   155
   153
   139
   138
   150
   151
   155
   153
   154
   143
   131
   122
   130
   133
   111
   121
   136
   100
    56
   133
   155
   165
   166
   167
   162
   166
   168
   163
   163
   161
   155
   159
   153
   152
   153
   143
   128
   123
   111
    95
    88
    70
    66
    77
    74
    70
    77
    89
    97
    86
    94
    90
    80
    76
    89
   120
   108
    82
    87
    93
    77
    72
    74
    82
    90
    82
    78
    81
   104
   126
   148
   162
   173
   181
   188
   190
   191
   195
   194
   194
   197
   197
   203
   204
   203
   204
   202
   204
   201
   162
   102
   124
   221
   222
   221
   165
    96
    73
   101
   103
   104
   110
   110
   122
   136
   120
    93
   133
   168
   165
   163
   183
   188
   177
   161
   148
   150
   145
   145
   152
   151
   140
   134
   141
   144
   138
   115
   125
   155
   133
    56
    83
   139
   159
   164
   164
   169
   163
   157
   160
   161
   152
   156
   163
   154
   160
   156
   141
   134
   118
   111
   114
   107
   101
    78
    74
    85
    69
    72
    93
    96
    89
    93
    80
    82
    72
    95
   112
   103
    89
    87
    89
    67
    61
    66
    65
    72
    70
    77
    80
   113
   127
   138
   159
   174
   181
   188
   191
   189
   191
   191
   194
   192
   195
   200
   201
   203
   205
   203
   203
   199
   158
   102
   108
   209
   229
   232
   172
   121
   101
    83
   112
   147
   131
   127
   130
   107
   108
   174
   204
   194
   187
   187
   193
   192
   177
   157
   130
   149
   145
   140
   146
   141
   120
   123
   128
   133
   133
   119
   117
   159
   175
   152
    93
   116
   146
   158
   160
   157
   167
   159
   159
   161
   154
   153
   155
   152
   156
   158
   150
   149
   142
   134
   132
   121
   107
   104
    96
    86
    76
    77
    93
    91
    85
    85
    75
    74
    69
    83
   103
    93
    76
    74
    70
    69
    73
    63
    76
    75
    76
    74
    84
    96
   118
   148
   167
   176
   186
   184
   185
   189
   191
   190
   190
   194
   197
   199
   203
   206
   204
   205
   204
   204
   158
    90
   111
   159
   175
   155
   116
   118
   110
   125
   138
   160
   138
   116
    88
   120
   192
   207
   191
   181
   185
   189
   188
   182
   169
   144
    90
   111
   142
   134
   122
   123
   128
   113
   122
   118
   122
   113
   106
   118
    94
    87
   116
   100
   129
   151
   160
   147
   154
   162
   157
   154
   153
   154
   157
   160
   165
   161
   152
   154
   145
   135
   127
   121
   111
   107
    91
    80
    69
    72
    97
    87
    81
    70
    68
    66
    67
    80
   107
    87
    72
    74
    74
    62
    58
    57
    57
    69
    65
    76
    81
    96
   124
   147
   167
   178
   183
   185
   187
   187
   190
   188
   184
   188
   189
   193
   199
   201
   201
   199
   198
   201
   150
   106
    67
   113
   160
   167
   136
   120
   117
   118
   121
   116
    88
   102
   162
   201
   205
   189
   175
   166
   166
   177
   180
   169
   155
   132
    72
    99
   134
   141
   120
   116
   120
   119
   118
   128
   129
   120
   129
   167
   137
    70
   108
   131
   127
   146
   155
   147
   135
   153
   156
   144
   143
   147
   150
   154
   163
   169
   168
   159
   155
   147
   133
   125
   119
   116
   110
   101
    88
    77
    80
    73
    63
    58
    54
    60
    59
    72
    89
    94
    73
    74
    66
    53
    47
    50
    63
    67
    70
    70
    77
    95
   123
   152
   170
   179
   183
   182
   185
   185
   184
   184
   184
   185
   191
   190
   195
   198
   196
   196
   197
   202
   144
   134
   184
   124
    98
   150
   168
   158
   167
   159
   108
   100
   149
   193
   200
   191
   182
   183
   184
   181
   179
   175
   172
   161
   152
   136
    82
   118
   126
   141
   129
   116
   109
   117
   131
   134
   130
   115
   106
   146
   163
   107
   109
   143
   135
   148
   162
   159
   137
   143
   150
   142
   140
   148
   152
   151
   158
   164
   164
   157
   152
   140
   126
   128
   125
   121
   109
    93
    83
    70
    75
    84
    71
    75
    73
    59
    87
    74
    77
    93
    59
    72
    61
    53
    56
    62
    60
    66
    68
    72
    80
   102
   132
   156
   183
   180
   176
   181
   185
   186
   181
   182
   182
   187
   190
   189
   191
   191
   196
   195
   198
   202
   143
   132
   107
   211
   224
   238
   219
   149
   133
   161
   176
   187
   183
   179
   174
   175
   185
   196
   194
   194
   192
   189
   180
   163
   148
   144
   112
   126
   124
   126
   122
   115
   107
   100
   111
   135
   133
   113
   119
   138
   113
    84
   106
   136
   169
   144
   156
   172
   136
   133
   141
   134
   130
   133
   142
   152
   152
   155
   150
   148
   147
   143
   126
   120
   123
   107
    89
    77
    75
    62
    60
   108
   108
   102
    98
    80
    68
    69
    76
   106
    81
    66
    70
    53
    52
    52
    61
    69
    60
    74
    86
    97
   127
   151
   169
   176
   181
   186
   186
   186
   183
   189
   185
   186
   187
   186
   190
   196
   197
   195
   194
   198
   134
   143
   114
   126
   137
   119
   141
   168
   200
   201
   198
   189
   185
   180
   187
   191
   193
   194
   199
   197
   194
   195
   204
   199
   167
   144
   139
   130
   127
   124
   109
   105
   107
   114
   118
   132
   122
   110
   147
   186
   185
   104
   101
   127
   166
   150
   152
   153
   137
   122
   135
   134
   126
   133
   130
   131
   148
   151
   156
   149
   137
   127
   113
   112
   109
   106
    96
    86
    79
    84
    66
   113
    95
    83
    71
    70
    70
    71
    70
   119
   102
    71
    76
    57
    52
    52
    50
    51
    62
    66
    92
   100
   120
   141
   160
   177
   184
   185
   184
   186
   187
   189
   189
   189
   188
   191
   192
   194
   197
   197
   199
   200
   133
   144
   137
   180
   195
   133
   172
   206
   206
   202
   195
   190
   182
   187
   196
   197
   198
   194
   195
   194
   197
   196
   200
   207
   181
   159
   147
   139
   134
   138
   120
   103
    97
    94
   107
   128
   120
   109
   118
   167
   176
    99
    99
   125
   122
   137
   158
   146
   128
   116
   119
   129
   129
   124
   133
   133
   127
   151
   151
   146
   144
   135
   131
   122
   115
   110
   110
   108
    93
    74
    60
    97
   102
   108
    76
    62
    59
    71
    84
   119
   112
    89
    80
    64
    62
    53
    59
    58
    60
    65
    76
    85
   114
   142
   166
   175
   183
   184
   186
   187
   188
   189
   188
   187
   188
   189
   195
   193
   196
   198
   200
   200
   134
   155
   156
   199
   196
   155
   188
   208
   209
   209
   211
   212
   210
   210
   203
   205
   204
   199
   192
   189
   189
   191
   187
   173
   159
   152
   137
   130
   138
   134
   121
   104
    93
    91
   107
   132
   121
   101
   112
   166
   171
    79
    95
   129
   125
   143
   161
   145
   125
   116
   111
   106
   106
   120
   123
   124
   129
   142
   152
   144
   144
   131
   126
   112
   103
   104
   100
    83
    82
    72
    59
    99
    97
    84
    70
    77
    76
    61
    69
   120
   126
    93
    91
    64
    44
    54
    60
    56
    66
    68
    74
    78
   107
   144
   167
   183
   183
   189
   190
   188
   189
   189
   187
   190
   190
   192
   189
   194
   195
   200
   201
   198
   133
   158
   154
   186
   195
   151
   189
   207
   206
   206
   209
   211
   215
   217
   215
   210
   208
   206
   201
   200
   189
   185
   181
   171
   157
   140
   124
   112
   110
   122
   113
    98
    89
    95
   114
   139
   118
    98
    95
   130
   111
    62
    95
   131
   126
   143
   156
   144
   120
   106
   111
   130
   124
   115
   128
   129
   145
   154
   145
   139
   132
   132
   130
   125
   116
    89
    76
    71
    67
    74
    51
   116
   109
    87
    88
    82
    76
    86
    97
   120
   125
   117
   106
    87
    70
    59
    63
    66
    60
    72
    71
    82
   108
   141
   170
   181
   183
   189
   191
   194
   189
   191
   192
   188
   189
   187
   190
   193
   196
   195
   197
   192
   127
   152
   144
   180
   187
   134
   167
   202
   207
   202
   200
   201
   200
   202
   203
   204
   205
   200
   206
   201
   201
   198
   193
   171
   147
   139
   129
   110
    97
    93
    89
    93
    91
   109
   135
   151
   130
   104
   114
   165
   136
    55
    92
   140
   126
   138
   156
   144
   119
   104
   110
   119
   125
   122
   121
   121
   123
   146
   137
   138
   147
   129
   121
   127
   121
   106
    89
    78
    67
    65
    60
   117
   106
    95
    99
    82
    87
   103
   103
   116
   131
   116
   108
    91
    69
    64
    72
    64
    68
    68
    70
    93
   113
   139
   164
   186
   189
   189
   195
   193
   197
   194
   190
   190
   188
   193
   192
   192
   194
   194
   199
   190
   128
   142
   132
   165
   181
   178
   123
   180
   224
   225
   220
   214
   213
   209
   209
   208
   205
   205
   202
   203
   202
   206
   214
   193
   159
   130
   118
   109
   120
   113
   100
   101
   100
   120
   142
   147
   118
    97
   119
   168
   148
    68
    89
   138
   134
   141
   153
   141
   117
   101
   117
   128
   111
   114
   119
   125
   126
   126
   131
   145
   146
   128
   111
   103
   103
   101
    99
    88
    74
    62
    53
   118
   113
    98
   102
   100
    95
   101
   101
    94
   124
   143
   109
   103
    93
    63
    74
    62
    61
    66
    80
    91
   110
   130
   158
   183
   189
   199
   200
   200
   196
   198
   200
   194
   190
   188
   191
   192
   193
   196
   195
   188
   130
   146
   124
   119
   126
   126
   123
    49
    71
   165
   224
   227
   216
   214
   210
   212
   212
   211
   212
   208
   208
   204
   199
   193
   171
   165
   161
   157
   167
   156
   127
   114
   126
   131
   144
   150
   120
    98
   119
   166
   123
    60
   103
   171
   138
   140
   150
   134
   112
   104
   113
   117
   126
   133
   133
   125
   133
   139
   151
   159
   151
   128
   120
   107
   106
    97
    87
    79
    69
    61
    46
   132
   115
   105
   103
   101
   102
    96
   101
    82
   103
   120
   114
   103
    95
    88
    73
    73
    72
    80
    90
    96
   110
   126
   152
   180
   196
   198
   200
   200
   198
   201
   197
   197
   197
   194
   192
   193
   196
   199
   201
   187
   123
   130
   128
   163
   214
   225
   221
   200
   167
    89
    81
   145
   214
   216
   211
   211
   210
   213
   214
   217
   218
   216
   220
   217
   198
   193
   185
   165
   160
   155
   133
   156
   129
   126
   136
   133
   119
    96
   127
   178
   128
    64
   121
   139
   126
   144
   155
   131
   107
   100
   127
   120
   115
   125
   128
   132
   144
   160
   162
   151
   142
   136
   124
   114
    97
    86
    75
    66
    69
    63
    52
   132
   125
   106
   110
   104
   102
    91
   108
    93
   110
   122
   107
   111
    95
   100
    84
    63
    71
    79
    91
    94
   108
   123
   146
   172
   188
   196
   200
   202
   200
   202
   197
   196
   196
   198
   199
   196
   197
   198
   198
   190
   116
   101
   112
   134
   174
   204
   199
   183
   179
   206
   155
    92
    86
   174
   216
   213
   211
   211
   213
   213
   215
   218
   218
   214
   194
   177
   144
   132
   157
   151
   147
   144
   159
   148
   147
   136
   115
    91
    99
    85
    55
    64
   123
   137
   132
   159
   171
   131
   106
   105
   116
   126
   126
   121
   133
   145
   150
   153
   160
   152
   137
   132
   125
   115
   110
   104
    87
    72
    68
    65
    50
   131
   117
   102
   110
   111
   102
   100
    96
    95
   100
   123
   106
    96
    98
    93
   105
    87
    84
    87
    85
    99
   115
   129
   139
   169
   189
   195
   197
   200
   200
   202
   202
   201
   198
   199
   201
   202
   202
   202
   197
   190
   117
    99
    99
   120
   151
   163
   148
   133
   126
   179
   154
   118
   147
    79
   135
   205
   218
   209
   211
   207
   207
   207
   209
   200
   186
   140
    88
   127
   165
   152
   142
   145
   142
   129
   143
   146
   122
    97
   132
   153
    56
    84
   127
   125
   137
   161
   166
   135
   117
   128
   137
   125
   144
   154
   149
   145
   154
   157
   163
   159
   156
   135
   130
   120
    96
    95
   100
    92
    78
    72
    56
   124
   117
   110
   107
   113
   117
   105
    96
   107
    92
   108
   106
    98
    96
   107
    92
    78
    78
    79
    90
    97
   123
   133
   140
   161
   185
   196
   197
   198
   200
   201
   204
   205
   202
   203
   203
   203
   202
   202
   201
   185
   117
    97
    81
   101
   121
   124
   110
   108
   109
   138
   197
   148
   179
   174
   115
   127
   198
   222
   218
   216
   209
   209
   211
   206
   181
   106
    83
   141
   172
   155
   141
   149
   155
   146
   148
   142
   121
   110
   160
   161
    89
   103
   130
   128
   151
   166
   160
   145
   145
   143
   134
   134
   125
   137
   149
   158
   157
   170
   165
   156
   149
   136
   120
   125
   124
   111
    97
    65
    60
    61
    52
   122
   110
   109
   103
   106
   111
   107
    98
   103
    93
   103
   100
   101
    87
   103
    92
    84
    66
    81
    94
   115
   129
   143
   140
   157
   186
   196
   200
   200
   201
   201
   201
   202
   202
   204
   202
   202
   202
   199
   194
   181
   111
   100
    80
    97
   120
   113
   109
    98
   102
   114
   139
   184
   171
   181
   181
   109
   105
   171
   190
   206
   217
   211
   213
   214
   194
   134
   113
   159
   174
   182
   180
   160
   153
   154
   158
   160
   132
   100
   112
    92
    36
    78
   116
   147
   172
   181
   169
   160
   156
   161
   147
   138
   141
   147
   156
   165
   164
   173
   172
   157
   149
   136
   128
   126
   113
   112
   107
    93
    78
    65
    59
   108
   113
   108
   105
   110
   107
   112
    96
   110
   114
    88
    94
    89
    95
    94
    92
   101
    87
    84
    96
   113
   134
   149
   152
   159
   186
   198
   200
   199
   201
   202
   202
   202
   197
   201
   204
   203
   201
   200
   198
   176
   114
    99
    82
   106
   112
   103
    93
    94
    97
    90
    99
   109
   118
   139
   182
   180
   100
    84
   129
   140
   183
   228
   224
   215
   205
   172
   136
   180
   191
   183
   182
   174
   170
   171
   182
   178
   139
   125
   160
   178
    91
    74
   122
   173
   185
   180
   169
   171
   166
   147
   149
   144
   153
   171
   171
   172
   180
   173
   171
   161
   142
   135
   119
   115
   105
    95
    96
    89
    84
    56
    52
   106
   109
   109
   116
   107
    93
   103
   100
    99
   104
    86
    86
   110
    97
    97
    87
    82
    84
    62
    82
   110
   136
   155
   155
   158
   187
   196
   200
   201
   203
   203
   201
   204
   207
   205
   205
   205
   205
   202
   198
   179
   105
    79
    83
    94
   106
    95
    78
    86
    91
    87
    99
   109
   107
   107
   125
   172
   182
   108
   113
   132
   127
   140
   211
   240
   219
   168
   136
   139
   139
   146
   167
   170
   156
   159
   168
   167
   142
   109
   134
   132
   102
   101
   150
   178
   193
   181
   181
   184
   181
   170
   147
   150
   160
   170
   174
   166
   164
   166
   177
   165
   149
   129
   123
   123
   121
   116
    93
    93
    84
    67
    68
   114
   122
   111
   105
   112
   105
   101
    91
   102
    99
    82
    82
    95
   127
    96
    99
    80
    83
    66
    72
    91
   115
   130
   141
   154
   181
   198
   199
   201
   203
   204
   203
   203
   202
   204
   205
   206
   203
   204
   198
   165
   105
    91
    85
    90
   100
    82
    71
    90
    90
   111
   118
   110
   102
   104
   108
   154
   195
   190
   102
   125
   138
   128
   103
   106
   106
   115
   127
   118
   119
   130
   148
   165
   161
   155
   169
   164
   135
    77
    70
    58
    40
   123
   172
   190
   190
   190
   198
   190
   179
   175
   176
   169
   163
   162
   167
   171
   170
   167
   174
   165
   140
   134
   133
   121
   106
    97
    91
    81
    74
    69
    83
   100
   113
   111
   108
   109
    97
    94
    91
    93
    99
    78
    77
    71
    90
   102
    77
    96
    97
    83
    74
    82
   111
   135
   146
   160
   182
   194
   201
   202
   203
   204
   203
   203
   202
   203
   208
   205
   202
   201
   198
   196
   125
    85
    73
    81
    95
    78
    86
    89
   111
   112
   120
   108
    98
   103
   109
   130
   181
   186
   168
    77
   108
   132
   121
   111
   113
   120
   127
   126
   128
   130
   143
   164
   166
   168
   169
   169
   121
    51
    33
    28
    79
   139
   190
   198
   199
   194
   192
   178
   173
   168
   158
   157
   163
   168
   169
   177
   177
   170
   171
   162
   158
   130
   129
   129
   117
   102
    86
    86
    87
    83
    93
    98
   121
   107
   101
    94
   116
   107
    87
    84
    96
    79
    80
    67
    89
   123
   140
    99
    85
    80
    86
    78
    87
   118
   141
   157
   187
   197
   203
   200
   204
   207
   203
   202
   207
   205
   206
   208
   205
   206
   200
   145
   119
    88
    71
    89
    99
    79
    77
   112
   146
   150
   144
   130
   108
    97
   111
   124
   167
   182
   186
   138
    81
   103
   135
   124
   118
   116
   123
   132
   136
   134
   132
   131
   156
   156
   169
   157
   102
    33
    32
    70
   119
   164
   189
   195
   199
   190
   184
   180
   180
   171
   162
   161
   159
   157
   152
   143
   145
   139
   150
   156
   154
   173
   132
   124
   127
   109
   112
    90
    85
    94
    98
   102
   110
   115
   109
    93
    90
    98
    75
    75
    90
    74
    84
    77
    81
   106
   106
   116
   107
    78
    74
    86
    99
   109
   136
   154
   178
   198
   205
   205
   205
   207
   207
   204
   203
   206
   207
   206
   206
   207
   199
   146
   123
    86
    69
    84
    99
    91
    98
   161
   146
   128
    95
   103
   109
    99
   109
   128
   167
   181
   178
   176
    95
    87
   125
   128
   117
   108
   118
   130
   134
   130
   130
   128
   137
   150
   146
   136
    82
    36
    67
   109
   149
   186
   187
   186
   173
   167
   167
   166
   156
   153
   158
   153
   157
   164
   163
   162
   147
   153
   138
   139
   136
   115
   126
   118
   107
    99
    90
    84
    81
    90
    89
   104
   102
   115
   113
    95
   100
    86
    88
    76
    81
    72
    77
    80
    76
   103
    97
    96
    99
    87
    69
    75
    97
   117
   127
   161
   180
   186
   195
   209
   209
   207
   207
   206
   207
   207
   207
   206
   205
   205
   203
   139
   124
    99
    85
    99
   104
   101
   109
   190
   101
   103
   142
    98
   115
   105
   107
   124
   159
   184
   179
   175
   145
    73
   108
   132
   119
   103
    93
   110
   124
   127
   116
   115
   118
   118
   131
   119
    57
    45
   101
   138
   162
   168
   167
   150
   157
   159
   161
   162
   156
   152
   145
   165
   147
   151
   140
   158
   153
   147
   140
   126
   141
   152
   147
   133
   126
   111
    90
    78
    75
    83
    86
   114
    99
   109
   121
   105
   100
    86
    73
    78
    85
    87
    81
    88
    97
    93
   104
   101
   114
    89
    75
    78
    97
   115
   126
   140
   160
   180
   198
   198
   207
   208
   206
   206
   207
   207
   207
   206
   208
   208
   204
   157
   137
   113
    95
   116
   118
   103
   119
   189
    77
    58
    11
    61
   118
   118
   115
   131
   157
   188
   183
   171
   169
    97
    96
   131
   123
   109
    93
    83
   107
   120
   124
   117
   108
   116
   105
    78
    57
    86
   119
   132
   145
   155
   154
   157
   169
   161
   151
   160
   164
   153
   152
   126
   141
   146
   156
   134
   146
   144
   147
   138
   118
   135
   128
   121
   117
    93
    88
    78
    80
    81
   102
    96
    96
   100
    95
   108
    96
    82
    84
    76
    75
    85
   102
    85
    93
    93
    90
   107
   115
   102
    79
    82
    89
   113
   125
   138
   157
   186
   199
   200
   202
   204
   207
   206
   207
   207
   206
   208
   202
   202
   192
   122
   110
    81
    64
   114
   111
    99
   124
   190
    82
   146
    68
    68
   135
   133
   123
   132
   162
   190
   192
   181
   180
   132
    79
   134
   134
   123
   109
    89
    71
   106
   125
   120
   103
   102
   104
    88
    88
   107
   120
   119
   123
   140
   149
   154
   154
   160
   154
   157
   165
   161
   157
   169
   147
   140
   144
   160
   144
   148
   132
   134
   135
   117
   116
   100
    89
    97
    94
    98
    98
   103
   107
    86
    88
    99
    94
   117
    82
    92
    92
    83
    87
    80
    86
    93
   101
    95
    84
    95
   105
    92
    65
    77
    79
    92
   126
   155
   171
   186
   200
   207
   208
   207
   207
   207
   209
   209
   207
   206
   208
   205
   182
   114
   138
   208
   190
   121
    95
   105
   114
   200
   100
    42
    51
    78
   135
   143
   133
   140
   160
   189
   193
   187
   177
   181
    79
   131
   136
   128
   117
   109
    83
    71
   113
   122
   116
   105
    95
    97
    94
   105
   114
   108
   109
   111
   123
   143
   134
   143
   157
   148
   134
   144
   147
   142
   146
   136
   134
   144
   145
   154
   146
   128
   116
   111
   100
   103
   102
   110
   108
   105
   101
   117
   132
    97
   109
   120
   101
    87
    81
    89
    89
    86
    77
    86
    73
    81
    84
    73
    90
    94
   108
   103
    81
    74
    80
    79
    99
   141
   165
   186
   200
   207
   210
   210
   208
   206
   204
   207
   208
   211
   210
   207
   204
   147
   149
   229
   228
   221
   123
    94
   100
   182
   233
   221
    93
    70
   136
   152
   149
   151
   174
   189
   193
   189
   177
   182
    94
   128
   139
   135
   130
   116
   102
    72
    63
   119
   100
    99
    95
    82
    87
    91
    98
    99
    99
   121
   116
   114
   120
   121
   134
   143
   138
   139
   140
   145
   132
   150
   150
   145
   124
   108
   109
   107
    91
    98
   108
   104
   109
   104
   117
   118
   127
   131
   131
   103
   111
   116
   116
    97
    98
    85
    75
    76
    94
    88
    71
    96
    83
    71
    91
   104
   113
    96
    85
    64
    72
    80
    83
   117
   146
   176
   189
   208
   211
   211
   211
   212
   210
   206
   207
   206
   208
   209
   210
   185
   157
   220
   221
   223
   180
   109
   103
   141
   222
   224
   223
   156
   149
   161
   154
   167
   183
   199
   201
   194
   184
   178
   106
   133
   158
   146
   134
   123
   111
    99
    69
    71
   124
   120
   113
   114
   104
   100
    96
   102
   109
   114
   121
   125
   127
   123
   126
   146
   126
   121
   121
   131
   141
   143
   134
   137
   124
   114
    98
    88
   104
   105
   103
   116
   101
   120
   117
   115
   123
   125
   126
   101
    96
   119
   114
    94
   101
    81
    77
    83
    69
    88
    85
   102
    78
    71
    87
   108
   118
   107
    81
    70
    71
    76
    82
    93
   132
   158
   178
   196
   205
   208
   209
   206
   208
   210
   211
   210
   206
   207
   212
   196
   171
   222
   222
   219
   185
   126
   145
    93
   166
   229
   219
   168
   175
   189
   177
   179
   187
   199
   201
   200
   186
   200
   167
   146
   172
   156
   144
   134
   123
   116
   102
    69
    47
    87
   116
   108
    99
    95
   103
   131
   147
   152
   148
   144
   135
   144
   135
   131
   146
   142
   149
   146
   143
   152
   136
   116
   111
   121
   116
   109
   107
   116
   112
   115
   117
   127
   111
   131
   127
   133
   143
    82
   102
   106
   100
   102
    92
    82
    84
    74
    84
    88
   103
    83
    84
    80
   120
   120
   120
    93
    75
    79
    64
    80
    59
    83
   105
   123
   148
   181
   207
   208
   210
   211
   210
   211
   209
   210
   210
   205
   213
   223
   184
   194
   219
   217
   204
   164
   104
   173
   103
   128
   163
   153
   201
   209
   201
   192
   194
   203
   209
   204
   191
   196
   195
   168
   173
   167
   157
   142
   128
   122
   117
   117
    91
    68
    68
    89
   117
   153
   156
   164
   160
   163
   156
   164
   149
   153
   180
   165
   142
   150
   165
   153
   126
   125
   130
   122
   100
   129
   116
   114
   112
   104
   126
   123
   119
   128
   134
   140
   144
   150
   149
    78
    83
    94
   107
    98
    99
    93
    92
    92
    79
   124
   104
    75
    78
    75
   128
   131
   120
   115
    86
    69
    78
    73
    72
    50
    66
    89
   109
   140
   190
   209
   212
   213
   211
   211
   212
   210
   213
   210
   205
   209
   182
   162
   180
   204
   215
   215
   163
    67
   114
   141
   127
   138
   179
   210
   208
   203
   202
   203
   209
   208
   207
   206
   184
   176
   187
   177
   172
   163
   150
   134
   126
   121
   122
   130
   136
   146
   160
   162
   171
   175
   177
   180
   176
   166
   177
   171
   154
   174
   180
   160
   141
   141
   131
   110
   107
   107
   111
    97
   100
   105
   121
   127
   134
   133
   120
   133
   129
   128
   140
   161
   175
    77
    80
    89
    97
   112
   108
    94
    92
    86
    97
   124
   102
    88
    76
    90
   142
   120
   113
   100
    96
    65
    75
    69
    69
    72
    52
    49
    81
   108
   157
   207
   212
   213
   213
   214
   213
   213
   213
   216
   210
   197
   158
   188
   167
   200
   212
   210
   208
   174
   113
    87
   127
   141
   189
   204
   208
   203
   205
   212
   211
   213
   215
   211
   170
   184
   191
   184
   174
   168
   154
   154
   160
   154
   141
   141
   149
   164
   180
   187
   188
   185
   179
   174
   180
   167
   153
   152
   161
   152
   152
   161
   153
   137
   133
   122
   109
   102
   102
   109
   107
   121
   127
   126
   130
   143
   122
   145
   162
   150
   145
   163
   167
    74
    79
    84
    91
   108
   123
   109
    98
   112
   104
   132
   108
    71
    80
   144
   120
    98
    94
    87
    98
    77
    70
    79
    68
    67
    57
    54
    47
    77
   129
   185
   214
   215
   215
   215
   216
   216
   217
   214
   212
   209
   156
   202
   177
   164
   196
   211
   208
   211
   201
   164
   119
   135
   187
   209
   208
   210
   209
   211
   214
   215
   217
   190
   187
   207
   203
   196
   191
   185
   180
   179
   185
   191
   184
   180
   184
   180
   186
   193
   192
   190
   183
   169
   171
   184
   188
   172
   163
   167
   162
   154
   147
   142
   135
   117
   106
   115
   106
   120
   136
   140
   139
   141
   136
   131
   148
   158
   159
   160
   174
   164
   154
    77
    90
    87
    77
    88
    87
   118
   105
    94
   120
   116
    98
    97
   130
   138
   105
    80
   104
    95
    91
    83
    69
    82
    69
    61
    62
    41
    55
    37
    75
   144
   200
   217
   217
   213
   215
   217
   216
   220
   214
   205
   113
   193
   220
   183
   165
   193
   205
   206
   203
   189
   152
   155
   175
   199
   207
   198
   211
   213
   214
   216
   216
   184
   220
   218
   214
   205
   194
   192
   191
   194
   196
   202
   209
   209
   203
   199
   197
   196
   199
   201
   197
   192
   182
   183
   187
   185
   183
   174
   163
   178
   164
   123
    92
    95
   122
   141
   148
   154
   172
   168
   134
   159
   159
   154
   126
   145
   157
   165
   160
   142
   144
    76
    88
    90
    79
    68
    93
    96
   110
   112
   110
   114
   100
   116
   104
    77
    87
    93
    94
    95
    87
    79
    81
    90
    84
    61
    72
    60
    52
    30
    27
    61
   129
   199
   230
   229
   219
   215
   219
   216
   218
   218
   146
   170
   213
   221
   197
   189
   202
   212
   213
   198
   168
   175
   191
   196
   199
   205
   209
   212
   216
   219
   200
   198
   218
   216
   212
   205
   198
   191
   184
   189
   194
   203
   207
   211
   214
   208
   205
   206
   199
   195
   194
   195
   197
   193
   183
   181
   178
   174
   168
   142
    98
    97
   120
   133
   155
   167
   128
   158
   166
   153
   146
   163
   169
   162
   171
   171
   166
   161
   171
   169
   177
    76
    88
    92
    77
    75
    89
   103
   109
   113
   100
   115
   106
    70
    58
    65
    89
    92
    98
    98
    91
    87
    91
   106
    82
    57
    63
    64
    51
    45
    24
    15
    21
    77
   141
   201
   229
   231
   218
   217
   218
   217
   199
   110
   218
   214
   221
   213
   203
   208
   212
   206
   177
   199
   207
   202
   206
   205
   212
   215
   221
   206
   175
   213
   216
   216
   211
   204
   197
   190
   187
   185
   189
   190
   193
   199
   203
   205
   202
   201
   202
   201
   195
   192
   197
   191
   185
   178
   180
   155
   143
   137
   147
   160
   163
   170
   179
   176
   180
   175
   173
   163
   145
   167
   157
   159
   153
   159
   160
   164
   165
   174
   183
    76
    74
    94
    87
    91
    90
    75
    94
   130
   133
   110
   111
   116
   101
    90
    93
    93
   100
   106
    79
    92
    95
    95
    86
    63
    60
    62
    56
    61
    39
    34
    28
    26
    47
    75
   120
   184
   232
   232
   220
   217
   219
   153
    75
   221
   228
   226
   218
   212
   210
   203
   175
   206
   211
   208
   206
   210
   213
   227
   197
   161
   208
   216
   216
   214
   213
   207
   201
   199
   189
   184
   179
   172
   174
   172
   168
   172
   182
   192
   199
   196
   192
   194
   191
   192
   196
   199
   173
   139
   115
   123
   127
   119
   113
    96
    89
    84
    95
    74
    74
    70
    66
    53
    56
    62
    61
    62
    59
    64
    46
    48
    43
    79
    77
    80
    77
    77
    77
    89
    85
    92
   120
   113
   106
    90
    99
   121
   122
    91
    94
   105
    99
    95
    95
   103
    85
    70
    68
    67
    59
    69
    56
    34
    34
    33
    26
    46
    57
    78
   117
   162
   216
   230
   229
   234
   156
    90
   158
   188
   215
   224
   221
   217
   176
   212
   214
   221
   223
   226
   216
   176
   175
   220
   220
   215
   213
   209
   206
   207
   204
   198
   195
   188
   188
   189
   190
   194
   200
   196
   197
   203
   202
   201
   199
   204
   211
   207
   182
   128
   104
    86
    89
    66
    61
    62
    60
    68
    57
    63
    56
    76
    65
    64
    63
    61
    67
    67
    61
    52
    62
    58
    65
    59
    57
    73
    77
    73
    73
    74
    75
    80
    88
    93
    98
    97
   125
   101
    94
    93
   109
   110
   111
   106
    95
    94
    99
   104
    87
    75
    69
    68
    55
    67
    57
    42
    34
    42
    39
    33
    58
    81
   102
   105
   108
   135
   172
   214
   232
   211
   196
   188
   163
   182
   202
   216
   195
   212
   211
   188
   164
   171
   192
   206
   224
   221
   217
   214
   212
   205
   205
   208
   208
   205
   203
   205
   205
   200
   200
   199
   198
   197
   199
   203
   201
   203
   208
   199
   180
   140
   109
    91
    75
    66
    73
    69
    70
    72
    73
    75
    78
    77
    76
    72
    74
    76
    73
    74
    75
    70
    70
    71
    66
    69
    70
    69
    65
    81
    78
    78
    78
    79
    75
    77
    76
    74
    83
    92
   108
   128
    91
    97
    94
   109
   114
   118
   106
   104
   103
   100
    86
    76
    76
    71
    65
    63
    46
    40
    33
    37
    44
    38
    34
    60
    98
   116
   130
   115
   121
   106
   111
   172
   224
   240
   227
   108
    76
   108
    86
   109
   118
   146
   178
   203
   214
   220
   215
   217
   215
   214
   213
   213
   211
   205
   205
   203
   206
   208
   204
   204
   202
   207
   208
   210
   209
   213
   219
   202
   166
   126
    77
    66
    71
    83
    75
    72
    71
    71
    76
    76
    72
    73
    73
    76
    81
    80
    73
    74
    73
    75
    72
    72
    73
    69
    71
    67
    63
    66
    71
    73
    74
    76
    74
    73
    80
    78
    79
    81
    79
    84
    94
   110
   135
   111
   103
   101
   114
   117
   117
   104
   109
    93
    76
    72
    78
    83
    84
    71
    63
    47
    38
    40
    47
    41
    40
    47
    51
    42
    64
    84
    79
    84
    91
    44
    57
   110
   186
   227
   181
   222
   201
   236
   239
   229
   220
   216
   214
   208
   210
   206
   208
   212
   218
   225
   226
   231
   225
   222
   213
   206
   210
   210
   208
   192
   186
   180
   179
   166
   137
    96
    71
    66
    69
    64
    71
    66
    68
    67
    66
    73
    74
    70
    76
    79
    78
    76
    75
    79
    80
    73
    73
    77
    76
    72
    69
    72
    68
    69
    69
    69
    64
    76
    73
    74
    76
    77
    76
    77
    79
    81
    76
    82
    87
    85
   110
   132
   117
   103
   108
   104
   107
   111
   110
    96
    95
    90
    74
    73
    72
    58
    51
    61
    40
    39
    46
    43
    38
    49
    65
    68
    43
    47
    63
    65
    49
    76
    40
    45
   166
   234
   213
   178
   151
   168
   218
   220
   230
   236
   231
   237
   233
   229
   229
   224
   214
   199
   189
   168
   171
   165
   159
   149
   146
   149
   142
   152
   166
   174
   144
    74
    74
    79
    68
    70
    66
    72
    74
    72
    74
    74
    74
    77
    76
    77
    75
    72
    75
    77
    74
    72
    77
    75
    72
    74
    73
    72
    77
    71
    72
    73
    72
    74
    68
    79
    82
    81
    79
    74
    81
    76
    76
    84
    74
    78
    83
    87
    95
   111
   141
   130
   116
   120
   118
   110
    98
    92
    90
    92
    79
    82
    75
    64
    43
    47
    42
    44
    44
    44
    42
    46
    52
    86
    88
    64
    38
    57
    74
    69
    90
    55
    48
   102
   100
   102
    71
    86
   108
   123
   139
   169
   187
   172
   186
   169
   157
   130
   115
   102
    87
    89
   103
   125
   170
   210
   204
   205
   214
   216
   211
   193
   147
    65
    64
    65
    75
    73
    77
    74
    72
    74
    68
    72
    77
    72
    74
    73
    78
    75
    80
    70
    78
    72
    71
    75
    75
    73
    77
    76
    73
    77
    70
    71
    65
    68
    70
    75
    74
    72
    72
    75
    71
    76
    84
    82
    80
    83
    81
    91
    85
   110
    95
   120
   123
   104
   109
   121
   117
    85
    89
    75
    83
    87
    81
    56
    47
    56
    52
    47
    67
    49
    50
    44
    45
    75
    96
    95
    74
    44
    54
    59
    76
    83
    70
    55
    26
    36
    64
    56
   101
    90
    87
    91
    60
    56
    72
    94
   110
    98
    83
    95
   120
   124
   125
   192
   219
   219
   221
   217
   214
   214
   210
   200
   113
    76
    73
    73
    73
    73
    72
    77
    77
    76
    80
    78
    75
    76
    74
    78
    78
    78
    76
    82
    75
    77
    77
    73
    71
    69
    66
    74
    72
    66
    70
    68
    70
    70
    71
    74
    75
    75
    73
    75
    74
    75
    82
    79
    77
    84
    84
    78
    82
    93
   108
    92
   107
   108
   123
   116
   110
    96
    96
    90
    88
    94
    87
    69
    54
    54
    55
    49
    59
    57
    51
    58
    55
    40
    47
    72
    81
    49
    40
    63
    58
    68
    43
    64
    84
    45
    62
    53
    48
    70
    85
    80
    88
    73
    70
    84
    66
   108
   118
   104
   108
   124
   115
   158
   216
   217
   215
   214
   212
   219
   220
   149
    77
    71
    71
    72
    69
    75
    76
    77
    74
    76
    74
    81
    77
    74
    74
    75
    77
    79
    79
    72
    74
    75
    75
    77
    74
    74
    75
    65
    68
    67
    71
    63
    63
    70
    67
    72
    74
    77
    78
    73
    73
    81
    84
    77
    77
    78
    77
    77
    74
    88
    97
   101
   112
   125
   124
   118
   118
   115
    95
    97
    92
    90
    91
    81
    59
    50
    47
    47
    57
    55
    56
    51
    52
    68
    70
    70
    78
    61
    38
    52
    54
    61
    67
    50
    58
    63
    48
    73
    57
    44
    73
   103
   119
   152
   164
   164
   185
   128
   134
   120
   128
   127
   129
   167
   208
   204
   209
   220
   241
   228
   149
    68
    68
    71
    72
    71
    74
    74
    75
    76
    75
    75
    78
    81
    71
    68
    80
    77
    76
    77
    75
    82
    78
    78
    77
    78
    77
    69
    68
    73
    71
    76
    69
    72
    65
    63
    66
    78
    72
    75
    73
    77
    77
    86
    78
    77
    77
    79
    80
    80
    84
    81
    93
   101
   146
   154
   129
   112
   122
   124
   117
    96
    98
   114
   102
    78
    66
    76
    86
    89
    74
    65
    53
    69
    72
    63
    65
    76
    79
    77
    44
    45
    56
    62
    54
    60
    47
    42
    67
    63
    85
    88
    84
    94
   111
   142
   181
   196
   202
   179
   194
   204
   194
   188
   192
   214
   204
   218
   236
   196
   116
    50
    42
    76
    78
    82
    76
    73
    76
    74
    75
    74
    70
    70
    78
    69
    77
    82
    75
    75
    74
    75
    75
    72
    70
    76
    75
    74
    80
    77
    72
    70
    74
    67
    68
    68
    73
    74
    72
    71
    79
    79
    78
    78
    80
    73
    74
    80
    77
    75
    77
    77
    77
    78
    80
   101
   129
   138
   135
   126
   120
   115
   111
   114
   112
   125
   118
   107
    85
   106
    82
    82
    76
    66
    76
    88
    89
    62
    59
    73
    84
    78
    57
    63
    59
    53
    48
    53
    53
    46
    43
    73
    75
    97
   115
   118
    82
    70
    63
    66
    82
   121
   191
   216
   230
   237
   237
   242
   232
   184
   129
    65
    58
    67
    84
    85
    81
    84
    82
    82
    77
    80
    78
    78
    78
    77
    73
    78
    78
    76
    75
    76
    74
    74
    77
    80
    76
    76
    76
    75
    71
    76
    74
    72
    75
    76
    81
    77
    73
    72
    69
    74
    75
    76
    76
    77
    76
    77
    77
    76
    74
    78
    78
    79
    79
    77
    75
    77
    92
   105
   136
   127
   113
   113
   120
   115
   114
   125
   125
   122
   105
   121
   111
    77
    74
    78
    76
    84
    72
    74
    70
    69
    58
    76
    67
    55
    60
    67
    50
    47
    49
    40
    48
    63
    85
   109
   139
   109
    65
    73
    78
    68
    78
    99
   128
   131
   118
   137
   115
   111
    74
    52
    55
    68
    84
    86
    82
    77
    79
    82
    82
    82
    87
    79
    79
    82
    79
    78
    83
    77
    75
    73
    75
    78
    74
    74
    73
    73
    74
    74
    75
    75
    74
    75
    77
    74
    72
    70
    72
    74
    72
    71
    75
    71
    70
    74
    77
    76
    78
    77
    79
    77
    79
    78
    77
    80
    79
    85
    87
    94
    92
   105
   128
   123
   119
   129
   124
   127
   130
   121
   112
   123
   101
   117
   116
   102
   100
   116
    92
   104
    94
    82
    79
    81
    69
    74
    52
    48
    50
    60
    68
    65
    68
    62
    51
    62
    73
    87
   155
   162
   113
   107
   112
   144
   161
   127
    99
    65
    50
    36
    36
    56
    65
    71
    75
    86
    81
    80
    88
    84
    76
    75
    79
    83
    76
    80
    78
    82
    78
    76
    72
    69
    77
    78
    81
    81
    80
    75
    76
    76
    74
    77
    76
    76
    77
    77
    75
    75
    76
    73
    68
    71
    74
    73
    71
    74
    78
    74
    72
    76
    70
    77
    78
    76
    79
    72
    78
    72
    78
    77
    79
    77
    95
    90
   101
   123
   119
   122
   121
   110
   109
   105
   121
   119
   107
    79
    88
   110
   121
   113
   120
   124
   115
    96
    94
    82
    95
    96
    89
   100
    93
    75
    91
    84
    63
    73
    75
    63
    67
    65
    37
    36
    58
    54
    51
    39
    48
    69
    81
    83
    57
    68
    75
    75
    77
    80
    87
    79
    80
    82
    77
    84
    83
    86
    80
    85
    82
    79
    82
    81
    83
    77
    76
    78
    72
    74
    72
    79
    76
    81
    79
    73
    75
    75
    76
    72
    75
    72
    74
    75
    74
    82
    75
    71
    69
    73
    72
    72
    76
    75
    75
    75
    76
    75
    77
    76
    75
    75
    79
    80
    77
    81
    77
    81
    78
    77
    93
   114
   110
   111
   117
    93
    90
    92
    83
    95
   125
   111
   101
    92
   111
   129
   127
   111
   109
   102
    86
   103
    93
   102
   102
    76
    93
    98
    93
    75
    72
    69
    74
    77
    55
    59
    75
    87
    86
    75
    78
    85
    92
    86
    81
    72
    79
    91
    87
    90
    88
    83
    82
    79
    83
    79
    81
    79
    79
    78
    81
    79
    85
    85
    80
    80
    78
    80
    79
    81
    85
    77
    77
    75
    77
    74
    76
    79
    80
    77
    74
    78
    76
    72
    66
    71
    76
    74
    78
    72
    72
    69
    72
    80
    74
    75
    79
    79
    78
    76
    73
    77
    78
    78
    76
    77
    81
    83
    80
    78
    84
    78
    92
   103
    96
   111
   114
    93
    89
    78
    74
    74
    75
   105
   119
   109
    76
    98
   108
   120
   130
   129
   126
   106
    97
    65
   114
    87
    69
    75
    69
    75
    59
    61
    78
    67
    48
    45
    60
    87
   101
    98
    80
    50
    45
    58
    71
    79
    75
    77
    82
    79
    83
    82
    81
    88
    88
    85
    83
    82
    76
    77
    75
    76
    78
    77
    89
    84
    82
    81
    91
    80
    74
    81
    76
    78
    79
    80
    83
    76
    77
    82
    75
    73
    74
    74
    70
    70
    69
    78
    77
    80
    72
    76
    76
