    67
    70
    67
    70
    68
    64
    69
    69
    68
    68
    66
    64
    65
    60
    65
    65
    64
    68
    68
    67
    65
    61
    67
    68
    72
    77
    74
    67
    74
    71
    74
    83
    67
    67
    75
    71
    68
    71
    65
    68
    66
    61
    61
    43
    33
    40
    40
    49
    41
    34
    32
    30
    30
    34
    30
    29
    23
    24
    21
    30
    43
    54
    50
    54
    56
    52
    58
    53
    51
    53
    53
    49
    48
    53
    54
    50
    48
    52
    52
    49
    46
    49
    50
    42
    50
    50
    50
    48
    50
    55
    54
    48
    42
    48
    51
    49
    46
    47
    50
    49
    47
    48
    48
    50
    45
    45
    47
    46
    51
    48
    50
    49
    64
    66
    66
    64
    62
    66
    67
    67
    64
    64
    70
    73
    71
    69
    63
    67
    65
    66
    72
    70
    66
    66
    68
    65
    67
    79
    78
    69
    63
    67
    81
    79
    76
    62
    61
    54
    61
    61
    58
    49
    47
    55
    54
    35
    36
    35
    33
    42
    47
    35
    33
    41
    38
    36
    33
    36
    39
    22
    27
    28
    29
    45
    59
    57
    51
    61
    54
    56
    52
    51
    50
    49
    54
    52
    50
    50
    49
    46
    50
    51
    51
    50
    50
    53
    47
    50
    50
    49
    45
    47
    47
    49
    51
    44
    49
    52
    49
    48
    49
    52
    49
    45
    47
    47
    52
    52
    48
    50
    46
    46
    50
    48
    67
    69
    62
    59
    61
    66
    69
    68
    68
    66
    73
    76
    77
    76
    75
    62
    65
    57
    55
    69
    73
    75
    71
    74
    69
    74
    86
    79
    76
    78
    75
    82
    69
    52
    66
    63
    59
    57
    51
    41
    45
    56
    50
    39
    42
    45
    32
    41
    43
    39
    39
    35
    40
    37
    33
    34
    34
    28
    20
    16
    30
    24
    16
    18
    18
    17
    31
    43
    59
    55
    48
    48
    51
    49
    48
    47
    52
    50
    49
    49
    47
    45
    46
    48
    49
    49
    50
    49
    44
    45
    48
    48
    46
    51
    49
    46
    44
    46
    47
    44
    48
    52
    50
    50
    47
    46
    44
    49
    54
    50
    49
    52
    67
    64
    67
    72
    68
    63
    69
    65
    66
    76
    72
    74
    80
    88
    97
    94
    76
    71
    61
    54
    60
    67
    70
    65
    78
    81
    96
    92
    74
    84
    84
    94
    71
    71
    67
    71
    69
    56
    42
    45
    58
    62
    38
    41
    38
    45
    37
    44
    41
    36
    33
    35
    30
    26
    28
    25
    37
    42
    40
    35
    23
    20
    68
   110
   120
   117
    90
    30
    13
    42
    67
    57
    48
    51
    50
    51
    46
    49
    49
    47
    47
    53
    54
    52
    47
    48
    47
    48
    52
    54
    48
    49
    50
    51
    49
    51
    47
    46
    50
    51
    47
    47
    43
    50
    51
    45
    50
    46
    46
    48
    49
    49
    70
    67
    66
    66
    67
    67
    66
    69
    72
    74
    70
    65
    72
    72
    75
    74
    67
    72
    75
    67
    61
    57
    70
    76
    73
    83
   105
    97
    96
    89
    89
    87
    76
    72
    79
    76
    60
    44
    47
    66
    75
    65
    40
    52
    60
    55
    51
    55
    42
    34
    32
    33
    36
    28
    28
    38
    44
    36
    33
    34
    35
    79
   142
   126
   103
   119
   147
   171
   121
    41
    21
    40
    59
    51
    52
    52
    50
    50
    51
    53
    51
    51
    45
    46
    46
    47
    48
    47
    48
    42
    50
    49
    51
    48
    48
    48
    52
    53
    49
    48
    50
    50
    49
    47
    46
    48
    49
    49
    51
    50
    54
    50
    66
    63
    67
    63
    65
    65
    66
    63
    65
    73
    67
    66
    73
    70
    77
    67
    66
    65
    66
    72
    70
    66
    64
    79
    74
    79
    98
    92
   103
    92
    90
    87
    79
    77
    79
    80
    74
    63
    61
    71
    75
    57
    51
    63
    71
    65
    61
    63
    41
    37
    44
    39
    34
    37
    32
    34
    33
    36
    37
    34
    44
   110
   127
    83
    57
    31
    37
    74
   140
   159
   105
    41
    23
    33
    46
    52
    55
    51
    48
    49
    48
    47
    50
    51
    52
    51
    49
    49
    49
    51
    48
    52
    45
    48
    46
    48
    47
    44
    51
    51
    45
    44
    46
    50
    49
    49
    48
    47
    45
    48
    47
    48
    65
    72
    67
    69
    67
    66
    65
    70
    75
    77
    74
    69
    63
    67
    74
    68
    65
    64
    69
    66
    72
    73
    65
    69
    81
    82
   107
   104
   106
    92
    95
    90
    77
    78
    83
    85
    74
    63
    52
    67
    63
    54
    60
    67
    64
    65
    67
    46
    30
    44
    41
    39
    32
    29
    32
    30
    33
    29
    23
    36
    40
    82
   125
   106
    65
    89
    90
    87
    59
    79
   128
   144
   125
    66
    31
    11
    32
    56
    46
    54
    47
    49
    49
    45
    46
    48
    48
    49
    49
    46
    47
    49
    51
    51
    50
    50
    50
    49
    44
    50
    55
    47
    51
    47
    48
    51
    46
    46
    49
    46
    48
    48
    62
    65
    69
    65
    66
    65
    78
    72
    75
    82
    70
    68
    72
    66
    67
    67
    66
    68
    73
    68
    73
    71
    72
    70
    78
    84
    99
    97
    90
    88
    88
    82
    71
    68
    73
    64
    64
    61
    55
    58
    56
    49
    52
    63
    60
    64
    42
    34
    47
    58
    47
    32
    30
    31
    28
    29
    27
    26
    25
    32
    37
    63
   111
   129
   118
   114
   133
   129
   143
   142
   144
   156
   164
   158
   147
   120
    58
    27
    56
    48
    50
    49
    47
    50
    49
    50
    51
    50
    48
    51
    50
    48
    44
    44
    49
    51
    50
    52
    54
    49
    45
    48
    47
    52
    48
    47
    47
    52
    51
    52
    53
    55
    71
    65
    66
    72
    72
    70
    71
    67
    70
    73
    69
    68
    69
    71
    76
    81
    88
    75
    66
    70
    73
    68
    66
    75
    72
    84
   102
    98
    85
    78
    79
    74
    72
    69
    61
    50
    58
    57
    61
    56
    46
    52
    57
    51
    50
    50
    49
    57
    62
    49
    35
    27
    29
    29
    28
    27
    23
    29
    30
    36
    42
    53
    94
   116
   133
   121
   149
   165
   161
   165
   170
   170
   160
   161
   162
   154
   148
    98
    22
    42
    51
    49
    49
    49
    52
    49
    46
    49
    49
    47
    48
    49
    49
    49
    50
    45
    46
    46
    48
    47
    49
    47
    47
    50
    49
    48
    49
    48
    47
    46
    49
    49
    68
    64
    63
    75
    73
    71
    66
    68
    69
    67
    65
    67
    72
    71
    70
    71
    74
    71
    72
    68
    75
    71
    73
    87
    77
    92
    96
    96
    73
    75
    79
    74
    63
    56
    53
    54
    52
    50
    50
    52
    45
    49
    49
    54
    53
    46
    52
    48
    32
    21
    18
    17
    19
    22
    22
    22
    29
    36
    39
    45
    49
    35
    67
   100
   114
   104
   141
   155
   151
   159
   146
   126
   116
   111
   137
   167
   147
   164
   139
    47
    29
    52
    52
    53
    54
    52
    54
    47
    46
    47
    50
    48
    45
    47
    47
    45
    51
    48
    46
    49
    51
    52
    47
    49
    50
    47
    48
    50
    52
    51
    50
    48
    75
    64
    74
    79
    68
    67
    70
    69
    72
    75
    69
    67
    69
    65
    80
    73
    70
    69
    70
    72
    83
    86
    80
    81
    88
    95
   101
    90
    77
    70
    73
    70
    58
    52
    56
    58
    55
    48
    56
    51
    55
    52
    47
    45
    43
    38
    17
    13
    14
    18
    36
    43
    36
    40
    42
    37
    31
    29
    24
    33
    32
    31
    37
    54
    78
    69
    98
   109
   120
   125
   130
   126
   112
   104
    92
   145
   152
   141
   156
   140
    78
    29
    43
    49
    50
    52
    45
    51
    52
    51
    49
    49
    46
    50
    53
    52
    47
    52
    54
    55
    52
    47
    51
    47
    50
    50
    50
    49
    47
    47
    51
    52
    76
    81
    87
    68
    70
    78
    62
    69
    68
    69
    70
    65
    69
    80
    81
    69
    68
    78
    77
    76
    77
    88
    85
    80
    85
    95
    89
    78
    79
    71
    64
    62
    60
    52
    51
    55
    58
    59
    50
    57
    50
    56
    60
    54
    48
    45
    51
    57
    67
    72
    67
    66
    54
    27
    25
    29
    31
    32
    35
    29
    26
    37
    32
    23
    23
    33
    34
    85
    86
    87
   103
   111
   114
   116
   119
   147
   161
   162
   156
   151
   147
    96
    39
    46
    49
    47
    49
    48
    48
    49
    50
    50
    50
    50
    46
    52
    50
    49
    50
    50
    48
    47
    47
    51
    48
    51
    50
    52
    52
    52
    52
    54
    65
    74
    78
    67
    65
    65
    70
    71
    68
    75
    70
    72
    69
    87
    80
    73
    73
    67
    65
    72
    81
    88
    96
    95
    84
    96
    97
    83
    66
    78
    69
    58
    52
    54
    56
    54
    63
    59
    60
    57
    59
    48
    53
    58
    68
    74
    66
    56
    56
    67
    68
    32
    31
    23
    33
    31
    20
    74
    87
    88
    91
    83
    72
    58
    56
    51
    44
    44
    57
    52
    65
    73
    90
   117
   138
   156
   163
   169
   169
   156
   144
   139
    84
    43
    50
    53
    48
    50
    48
    45
    45
    48
    49
    46
    49
    47
    54
    43
    46
    49
    50
    53
    53
    49
    48
    48
    50
    47
    49
    52
    52
    51
    73
    76
    82
    74
    73
    66
    77
    77
    71
    73
    67
    67
    73
    82
    76
    78
    73
    77
    83
    74
    79
    86
    90
    88
   103
    88
    87
    76
    72
    78
    77
    59
    46
    46
    58
    60
    59
    57
    45
    44
    37
    47
    58
    69
    78
    70
    50
    34
    30
    28
    35
   135
   152
   118
   113
   113
   102
   137
   153
   157
   158
   155
   153
   150
   134
   118
    86
    53
    36
    51
   109
   153
   147
   145
   117
   140
   168
   162
   163
   157
   151
   143
   116
    54
    52
    50
    54
    52
    50
    51
    53
    50
    51
    51
    50
    52
    49
    54
    47
    45
    49
    49
    47
    49
    55
    52
    50
    53
    53
    50
    53
    53
    69
    88
    78
    73
    83
    71
    73
    88
    79
    72
    68
    78
    85
    76
    74
    70
    71
    71
    80
    85
    90
    92
    92
   102
   109
   103
    93
    71
    72
    75
    66
    48
    54
    57
    52
    49
    46
    38
    43
    56
    63
    68
    66
    67
    68
    64
    74
    73
    50
    25
    53
   140
   198
   209
   169
   147
   136
   168
   169
   167
   163
   167
   163
   160
   159
   151
   144
   135
   112
    94
    76
    90
   131
   167
   162
   147
   173
   164
   164
   166
   161
   153
   134
    68
    51
    51
    47
    48
    52
    52
    50
    50
    50
    50
    50
    51
    53
    48
    50
    50
    49
    48
    48
    49
    52
    51
    54
    48
    49
    52
    54
    51
    76
    93
    91
    77
    82
    71
    75
    84
    88
    88
    78
    80
    72
    77
    73
    77
    84
    79
    80
    84
    84
    96
    92
   105
   112
   107
   101
    72
    67
    59
    56
    55
    48
    39
    42
    46
    48
    62
    71
    72
    68
    71
    82
    87
   107
   110
    98
   102
   115
   156
   201
   174
    54
    51
   110
   108
   113
   180
   205
   207
   184
   163
   165
   164
   156
   154
   152
   146
   151
   143
   133
   114
    88
    89
   101
   114
   125
   144
   173
   172
   170
   158
   134
    63
    34
    46
    54
    49
    48
    50
    55
    55
    48
    49
    49
    48
    51
    49
    48
    54
    54
    53
    50
    52
    50
    52
    46
    50
    52
    51
    56
    51
    67
    91
    85
    70
    69
    71
    68
    90
    90
    80
    79
    86
    74
    67
    66
    75
    89
    78
    81
    86
    82
    96
    88
   108
   109
    99
    91
    76
    75
    57
    39
    40
    43
    59
    56
    61
    67
    53
    51
    59
    84
   103
    98
    89
    89
   110
   136
   163
   193
   232
   233
   186
   149
   135
   125
   112
   108
    80
    71
    98
   161
   202
   192
   173
   165
   160
   155
   150
   146
   148
   142
   136
   133
   124
   123
   120
    99
    87
    95
   110
   143
   159
   141
    80
    37
    46
    49
    55
    47
    41
    41
    45
    55
    50
    51
    51
    48
    50
    50
    50
    51
    49
    54
    53
    50
    54
    56
    52
    57
    54
    54
    56
    64
    84
   101
    77
    68
    81
    89
    94
    89
    84
    94
    81
    72
    79
    78
    74
    95
    92
    91
    97
   100
    94
    81
   103
   102
    95
    86
    68
    71
    71
    62
    55
    54
    56
    64
    65
    63
    69
    79
    91
    88
    90
   107
   127
   150
   167
   166
   121
   110
   122
   128
   131
   147
   169
   172
   139
   164
   180
   169
   145
   102
    88
   144
   185
   172
   172
   168
   161
   158
   153
   150
   148
   146
   151
   148
   146
   138
   126
   112
   105
    94
    96
    95
    46
    29
    22
    31
    37
    49
    49
    41
    41
    48
    57
    53
    47
    50
    51
    50
    48
    49
    55
    52
    51
    54
    52
    51
    54
    54
    56
    55
    54
    78
    77
   100
    77
    80
    89
    94
    92
    93
    96
    97
    81
    69
    81
    79
    77
    82
    76
    76
    76
    89
    94
    92
    90
    89
    88
    88
    68
    53
    36
    57
    55
    47
    62
    53
    60
    59
    67
    87
   102
   129
   149
   165
   172
   171
   165
   116
   122
   148
   175
   212
   236
   226
   183
   171
   134
   160
   191
   192
   194
   192
   173
   148
   132
   171
   185
   178
   173
   166
   165
   165
   165
   155
   155
   148
   152
   142
   135
   135
   138
   133
   123
   100
    76
    46
    35
    17
     6
    14
    21
    47
    42
    44
    45
    57
    52
    50
    54
    50
    53
    52
    54
    52
    53
    52
    58
    54
    54
    52
    56
    55
    55
    67
    87
    96
    91
    83
    92
    88
    91
    90
    69
    95
    70
    83
    76
    79
    71
    67
    80
    94
    97
    71
    71
    80
    96
    91
    81
    85
    66
    53
    45
    49
    54
    61
    63
    85
   101
   128
   146
   161
   171
   167
   167
   167
   169
   156
    99
   123
   168
   196
   209
   222
   219
   222
   215
   148
   107
   136
   181
   186
   184
   186
   194
   204
   226
   181
   189
   186
   178
   177
   168
   168
   170
   171
   163
   163
   156
   155
   144
   146
   148
   145
   143
   146
   136
   129
   109
   100
   110
    82
    52
    36
    22
    14
    12
    19
    39
    50
    47
    49
    53
    58
    57
    57
    55
    54
    54
    55
    52
    56
    55
    54
    59
    62
    78
    78
    85
    88
    87
    89
    80
    93
    83
    89
    80
    82
    85
    79
    72
    79
    87
   101
    93
    82
    78
    85
    83
    81
    73
    79
    73
    51
    74
    90
   107
   134
   154
   163
   168
   168
   169
   168
   166
   167
   165
   166
   168
   159
   116
   161
   186
   179
   202
   214
   219
   220
   214
   149
    97
   126
   174
   184
   183
   182
   183
   185
   194
   144
   168
   188
   181
   175
   173
   169
   164
   165
   162
   161
   157
   155
   151
   148
   145
   148
   144
   144
   140
   142
   140
   129
   112
   132
   150
   151
   134
   112
    93
    72
    54
    46
    37
    35
    31
    30
    28
    30
    30
    38
    39
    41
    45
    44
    47
    48
    47
    69
    78
    83
    92
    99
    79
    71
    78
    95
    92
    92
    90
    83
    89
    91
    77
    75
    76
    84
    79
    71
    70
    83
    93
    83
    72
    67
    80
    72
   107
   138
   154
   164
   173
   172
   170
   169
   168
   170
   169
   170
   169
   170
   172
   131
   139
   177
   167
   138
   143
   221
   231
   229
   215
   136
    93
   121
   167
   177
   177
   180
   181
   178
   181
   164
   125
   183
   180
   179
   174
   172
   169
   163
   165
   165
   167
   161
   155
   150
   148
   151
   147
   146
   138
   136
   141
   138
   123
   103
    89
   118
   138
   148
   145
   144
   120
   125
   126
   120
   117
   113
   105
    90
    84
    68
    63
    60
    46
    47
    37
    36
    27
    67
    76
    93
    88
    96
    92
    78
    70
    88
    86
    83
    89
    95
    85
    85
    85
    84
    85
    88
    62
    70
    79
    68
    93
    88
    81
    69
    74
    95
   136
   159
   165
   166
   169
   169
   167
   168
   170
   174
   176
   174
   171
   167
   168
   116
   164
   153
   123
   110
   124
   159
   206
   192
   152
   127
    97
   115
   152
   159
   167
   177
   186
   188
   188
   194
   142
   169
   187
   181
   174
   169
   170
   174
   167
   166
   165
   164
   163
   162
   157
   151
   157
   152
   147
   148
   150
   146
   136
   130
   108
    79
    92
   114
   117
   120
   109
   128
   129
   120
   115
   131
   122
   134
   135
   135
   142
   137
   135
   133
   136
   137
   141
    70
    82
    94
    88
    87
    82
    74
    74
    96
    82
    94
    94
   103
   103
    93
    88
   101
   108
    89
    84
    65
    71
    78
    86
    86
    86
    90
    86
   122
   150
   160
   164
   164
   165
   165
   169
   173
   179
   183
   183
   183
   177
   178
   163
   119
   149
   119
   125
   130
   145
   142
   137
   140
   135
   113
    86
   105
   148
   163
   171
   174
   181
   186
   189
   195
   178
   151
   191
   183
   178
   176
   175
   175
   171
   163
   162
   156
   154
   163
   166
   153
   160
   164
   166
   160
   155
   152
   155
   152
   143
   124
    98
    80
   109
   129
   126
   134
   128
   107
   110
   129
   127
   115
   124
   123
   127
   126
   134
   137
   131
   136
   133
    68
    86
    88
    91
    89
    77
    84
    84
    97
    89
   101
    91
    97
   112
    97
    89
   110
   107
    93
    89
    86
    71
    90
    88
    90
    82
    94
   117
   139
   157
   162
   161
   163
   167
   175
   176
   184
   185
   185
   186
   185
   184
   181
   154
   119
   130
   110
   131
   157
   157
   154
   147
   140
   129
   100
    74
   102
   141
   159
   172
   182
   183
   186
   189
   190
   196
   146
   193
   187
   181
   181
   184
   177
   174
   170
   168
   168
   157
   160
   164
   162
   156
   165
   168
   164
   160
   151
   149
   153
   151
   139
   139
   106
    81
   114
   121
   125
   115
   114
   117
   119
   113
   115
   132
   137
   131
   128
   125
   127
   123
   130
   131
    65
    79
    82
    88
    81
    70
    80
    84
    87
    86
   102
   108
   105
   101
   103
    92
    99
    99
    92
    85
    87
    84
    92
    93
    93
    89
   102
   128
   143
   159
   165
   166
   165
   173
   184
   188
   191
   188
   189
   188
   184
   185
   186
   141
   129
   128
   123
   142
   164
   167
   158
   153
   132
   112
    94
    66
    90
   142
   163
   171
   176
   179
   172
   157
   154
   177
   140
   191
   187
   188
   185
   180
   176
   174
   170
   170
   169
   169
   166
   166
   170
   172
   163
   148
   149
   154
   157
   152
   149
   153
   145
   140
   134
   119
    76
    92
   126
   127
   126
   114
   124
   110
   123
   137
   124
   115
   121
   125
   129
   122
   109
   121
    70
    73
    86
    92
    83
    66
    71
    78
    97
    76
    94
   116
   113
   109
   100
    88
    92
    99
    99
    92
    91
    90
   105
   102
   102
    96
   112
   133
   142
   162
   165
   169
   176
   180
   186
   187
   185
   187
   188
   190
   186
   185
   183
   133
   137
   129
   133
   145
   155
   154
   138
   123
   117
   106
    68
    52
    90
   120
   137
   149
   155
   158
   168
   183
   185
   185
   130
   180
   188
   188
   189
   185
   182
   181
   180
   177
   175
   173
   174
   178
   171
   168
   163
   159
   158
   155
   161
   153
   138
   142
   142
   140
   135
   132
   121
    81
    89
   113
   120
   117
   116
   109
   123
   128
   119
   114
   122
   115
   118
   113
   113
   126
    65
    69
    81
    90
    86
    91
    74
    85
    92
    81
    92
   103
    97
    95
    95
    71
    82
    97
   104
   103
    98
   101
   108
   106
   105
    99
   111
   125
   142
   162
   168
   172
   179
   186
   191
   188
   187
   187
   189
   188
   187
   188
   177
   130
   145
   129
   124
   142
   132
   131
   135
   124
   128
   107
    83
    80
   108
   122
   130
   140
   142
   154
   180
   194
   198
   190
   126
   158
   185
   188
   186
   184
   184
   183
   182
   179
   175
   176
   179
   173
   172
   169
   170
   171
   165
   163
   161
   150
   152
   143
   132
   139
   140
   140
   136
   113
    74
    77
   106
   109
   109
   108
   120
   125
   124
   128
   119
   114
   117
   108
   110
   116
    79
    93
    90
    79
    89
    71
    85
    80
    84
    68
   104
   107
    94
    85
    85
    84
    74
    97
    92
    99
    90
   101
    99
    97
    91
    89
   108
   127
   140
   164
   172
   184
   188
   193
   192
   193
   191
   192
   191
   191
   191
   189
   193
   132
   143
   120
   112
   115
   132
   158
   156
   145
   146
   117
   138
   144
   144
   143
   139
   153
   158
   167
   183
   193
   200
   183
   121
   155
   187
   185
   186
   186
   183
   181
   177
   177
   179
   177
   179
   179
   176
   175
   165
   165
   162
   166
   158
   148
   152
   147
   142
   145
   131
   118
   116
   103
    80
    65
    80
    97
   109
   108
   120
   129
   135
   131
   110
   106
   110
   114
   110
   117
    77
    79
    76
    75
    83
    74
    89
    88
    89
    94
   117
    96
    97
    90
    83
    74
    81
    86
   103
   111
   106
   118
    85
    83
    83
    89
   103
   124
   147
   173
   178
   186
   191
   191
   191
   195
   198
   194
   193
   192
   190
   190
   201
   165
   132
   103
   100
   119
   148
   164
   155
   158
   124
    50
    61
   120
   160
   163
   145
   155
   167
   169
   183
   191
   200
   169
   112
   160
   192
   192
   190
   187
   184
   179
   177
   176
   176
   174
   181
   177
   173
   163
   171
   166
   166
   160
   150
   148
   146
   140
   139
   146
   133
   129
   130
   116
    97
    79
    76
    75
    86
    82
    97
   110
   122
   129
   113
   105
   122
   133
   116
   110
    74
    70
    75
    79
    88
    77
    73
    83
    98
   116
   124
    82
    86
    73
    84
    86
    92
   100
   111
   105
   114
   113
    85
    86
    80
    97
   104
   130
   150
   177
   187
   183
   192
   195
   194
   195
   194
   193
   193
   193
   191
   191
   194
   147
   133
    79
    86
   122
   150
   155
   145
   146
   108
   123
    65
    63
   139
   144
   138
   158
   166
   165
   183
   193
   198
   146
   119
   174
   191
   188
   184
   180
   178
   172
   170
   176
   179
   174
   164
   157
   144
   154
   167
   170
   168
   168
   161
   165
   160
   152
   138
   137
   134
   132
   118
   106
    94
    88
    84
    74
    71
    93
    85
    87
    89
    99
   116
   116
   112
   111
   123
   118
    78
    71
    68
    86
    84
    86
    86
    96
   108
   119
   106
    74
    84
    77
    57
    67
    80
    81
    93
   104
    97
    89
    83
    88
    78
    92
   108
   140
   164
   184
   182
   190
   193
   196
   194
   194
   197
   195
   198
   194
   192
   189
   194
   153
   127
    71
    80
   125
   145
   149
   142
   143
    63
    38
    54
    73
   120
   131
   133
   155
   162
   167
   186
   194
   186
   121
   126
   180
   187
   182
   178
   173
   170
   169
   178
   180
   169
   157
   157
   133
   130
   136
   154
   149
   153
   155
   156
   150
   145
   146
   146
   136
   119
   114
   112
   114
   100
    88
    74
    77
    71
    89
    99
    86
    82
    85
   107
   113
   122
    95
   105
   121
    73
    75
    75
    87
    97
    91
    80
   105
   117
   108
    87
    79
    76
    78
    72
    59
    75
    79
    80
    91
    82
    70
    78
    92
    96
   102
   128
   155
   164
   190
   189
   187
   192
   197
   198
   199
   198
   200
   197
   197
   192
   195
   189
   131
   103
    68
    79
   118
   147
   144
   136
   143
   113
    64
    27
    53
   113
   122
   128
   150
   160
   168
   187
   199
   158
   113
   151
   184
   183
   180
   173
   170
   169
   172
   175
   176
   160
   150
   149
   137
   136
   139
   146
   143
   142
   153
   152
   150
   134
   126
   123
   130
   127
   122
   109
   112
   111
    91
    82
    71
    76
    76
    84
    84
    86
    97
   103
   101
   117
   118
   106
   117
    68
    70
    76
    75
    91
    86
    99
   104
    99
    82
    77
    88
    84
    78
    83
    73
    63
    74
    83
    83
    76
    60
    82
    94
    87
   100
   123
   145
   171
   180
   187
   196
   192
   193
   196
   198
   199
   198
   201
   199
   197
   191
   187
   130
   100
    71
    77
   116
   141
   144
   127
   132
    87
    96
    62
    76
   116
   117
   129
   150
   159
   167
   189
   189
   129
   125
   168
   184
   180
   175
   168
   168
   169
   177
   179
   173
   159
   136
   125
   126
   134
   131
   133
   134
   133
   130
   125
   127
   128
   131
   137
   120
   105
   114
   105
   117
   108
   104
    97
    87
    82
    81
    82
    91
    89
    84
    93
    96
    93
   105
   103
   106
    71
    71
    79
    88
    86
    85
    99
    92
    77
    71
    64
    82
    78
    75
    64
    61
    65
    74
    76
    75
    76
    78
    94
    94
    91
   104
   131
   158
   183
   188
   189
   195
   200
   195
   196
   199
   197
   199
   201
   200
   199
   197
   192
   124
   105
    67
    77
   125
   141
   135
   124
   119
    69
    32
    51
    93
   127
   115
   134
   150
   161
   176
   189
   154
   123
   141
   173
   179
   171
   162
   161
   164
   172
   177
   175
   158
   139
   138
   132
   120
   116
   118
   117
   120
   122
   116
   122
   130
   136
   139
   122
   109
   112
   111
   117
   116
   109
    97
    95
    87
    82
    73
    78
    92
   105
   106
    89
    76
    80
    95
   104
   105
    76
    72
    81
   101
    99
   105
    91
    79
    77
    80
    92
    75
    82
    96
    85
    96
    91
    81
    62
    66
    84
    92
   100
    96
   105
   133
   145
   160
   183
   190
   189
   189
   195
   198
   200
   200
   202
   201
   202
   202
   200
   196
   199
   136
   104
    77
    63
    52
    80
   121
   110
   119
    98
   123
   147
   140
   122
   116
   132
   144
   164
   190
   169
   124
   134
   154
   177
   173
   169
   161
   160
   171
   172
   174
   175
   162
   146
   136
   121
   111
   100
    97
   100
   116
   122
   142
   148
   140
   137
   138
   117
   113
   113
   115
   114
   117
   113
   112
    99
    91
    72
    70
    68
    81
    90
    97
    93
    85
    83
    72
    96
    97
    70
    68
    90
    97
    99
   100
    89
    76
    74
    73
    84
    97
    93
    88
    75
    87
    88
    90
    94
    87
    90
    90
    91
    87
   118
   145
   151
   166
   184
   185
   188
   194
   195
   196
   197
   198
   199
   201
   203
   204
   202
   199
   195
   128
   126
   107
   141
   208
   187
   115
    93
   113
    99
   106
   137
   140
   127
   123
   136
   151
   175
   173
   131
   137
   142
   170
   180
   170
   160
   155
   154
   155
   161
   177
   178
   161
   146
   136
   132
   125
   105
    74
    86
   120
   139
   153
   161
   158
   160
   152
   144
   138
   141
   133
   114
   120
   115
   106
   107
   113
    98
    71
    68
    71
    77
    78
    78
    77
    81
    90
    85
    89
    75
    78
    96
   105
    81
    88
    83
    75
    68
    82
   103
    97
    84
    84
    79
    78
    75
    78
    80
    90
    90
    84
    73
    92
   115
   147
   161
   170
   182
   185
   186
   189
   194
   196
   196
   200
   202
   203
   202
   202
   205
   200
   198
   115
   124
   107
   196
   229
   228
   208
    87
   108
   106
    87
   106
   120
   124
   124
   133
   159
   171
   125
   130
   133
   155
   178
   174
   162
   153
   144
   147
   155
   157
   166
   174
   159
   144
   135
   134
   129
   111
    65
    85
   138
   160
   157
   161
   157
   153
   162
   161
   153
   144
   131
   121
   119
   115
   111
   119
   117
   109
   102
    84
    76
    73
    77
    75
    73
    68
    88
    93
    96
    72
    81
    90
    92
    88
    91
    83
    75
    69
    83
   122
    99
    83
    89
    75
    75
    77
    68
    83
    87
    80
    72
    76
   100
   133
   150
   160
   173
   182
   185
   191
   190
   192
   193
   199
   200
   201
   204
   206
   205
   204
   203
   201
   111
    54
    63
   188
   219
   222
   222
   149
   115
   105
    86
   127
   124
   115
   113
   129
   139
   106
   105
   125
   157
   176
   163
   150
   141
   141
   146
   152
   154
   162
   168
   162
   157
   154
   144
   124
   120
   113
    78
    87
   146
   165
   170
   171
   164
   160
   165
   160
   150
   139
   135
   139
   125
   126
   131
   119
   112
   106
   102
    88
    80
    74
    77
    95
    84
    74
    78
    99
    92
    82
    96
   101
    96
    81
    97
    74
    71
    72
    90
   109
    94
    86
    89
    73
    65
    61
    63
    63
    69
    70
    70
    82
   116
   126
   140
   160
   172
   184
   185
   186
   190
   189
   191
   196
   197
   201
   203
   203
   203
   203
   202
   195
   115
   187
   144
   103
   216
   226
   226
   166
   112
   104
    81
    71
    98
   104
   122
   117
    83
    83
   131
   156
   160
   156
   157
   158
   146
   133
   142
   156
   159
   159
   165
   160
   149
   140
   132
   140
   137
   123
    94
    97
   143
   163
   168
   161
   162
   166
   162
   155
   151
   148
   148
   143
   143
   144
   132
   121
   112
   107
    94
    86
    78
    69
    68
    76
    73
    75
    73
    89
    94
    95
   105
   105
    96
    81
    89
    80
    77
    69
    84
   108
    86
    77
    71
    64
    65
    73
    69
    77
    68
    66
    72
    81
    97
   121
   149
   168
   174
   183
   181
   184
   183
   191
   189
   190
   197
   200
   201
   203
   204
   202
   202
   194
   115
   184
   231
   157
   150
   225
   218
   150
   107
    80
    99
   145
   118
   128
   112
    84
   114
   164
   176
   171
   169
   177
   191
   179
   164
   145
   141
   150
   153
   151
   153
   156
   144
   129
   129
   129
   125
   113
    93
   105
   139
   151
   166
   170
   164
   159
   159
   162
   165
   167
   157
   154
   147
   138
   131
   121
   112
   109
   103
    97
    74
    69
    69
    70
    79
    77
    74
    79
   103
    96
    97
   101
    88
    84
    68
    70
    69
    67
    90
   111
    93
    78
    70
    68
    57
    54
    55
    61
    66
    70
    78
    83
    98
   131
   155
   168
   181
   180
   182
   184
   189
   188
   185
   189
   193
   197
   199
   203
   204
   204
   202
   193
   109
   104
   224
   226
   129
    64
    73
    88
   110
   132
   166
   147
   118
    87
    82
   151
   201
   203
   197
   185
   185
   187
   184
   176
   150
   131
   129
   142
   147
   147
   153
   144
   134
   136
   135
   144
   147
   122
    94
   108
   145
   153
   151
   157
   158
   162
   158
   153
   164
   162
   163
   165
   152
   145
   138
   134
   133
   130
   112
   105
   111
    93
    82
    80
    72
    80
    85
    94
   104
   112
   106
   101
    72
    66
    56
    50
    53
    62
    72
    95
    80
    73
    70
    56
    44
    42
    48
    62
    63
    63
    71
    81
    98
   128
   152
   168
   177
   177
   183
   184
   183
   185
   182
   185
   186
   192
   196
   200
   202
   201
   199
   194
   108
    88
   180
   225
   226
   202
   168
   153
   134
   127
   127
   103
    83
   128
   188
   207
   198
   181
   168
   169
   176
   182
   173
   156
   131
    80
    88
   127
   143
   137
   130
   123
   110
   120
   130
   134
   134
   119
    98
   113
   141
   152
   148
   156
   150
   152
   153
   158
   163
   169
   168
   163
   158
   157
   147
   135
   128
   118
   114
   110
   105
    96
    79
    73
    71
    69
    78
    90
   109
   114
    95
    74
    68
    65
    70
    75
    80
    76
    75
    95
    74
    65
    69
    53
    52
    51
    54
    58
    66
    66
    70
    80
   106
   133
   163
   176
   175
   172
   178
   179
   178
   180
   182
   185
   191
   190
   193
   196
   198
   198
   200
   189
   125
   175
   200
   201
   186
   173
   188
   175
   177
   118
    90
   120
   175
   206
   200
   186
   174
   170
   165
   165
   171
   169
   155
   147
   102
    51
    91
   117
   141
   125
   119
   119
   124
   120
   128
   127
   127
   114
   101
   126
   139
   151
   147
   151
   150
   147
   144
   152
   157
   167
   176
   175
   172
   158
   154
   147
   133
   125
   126
   119
   107
   106
    95
    76
    69
    69
    83
    90
    86
   103
    97
   101
   117
   100
   108
    87
    68
    76
    64
    96
    84
    68
    69
    58
    48
    53
    50
    67
    64
    61
    77
    81
   107
   135
   157
   169
   173
   177
   183
   184
   184
   184
   184
   188
   186
   189
   191
   193
   196
   196
   196
   188
   129
   106
   200
   239
   233
   192
   135
   125
   145
   169
   182
   187
   184
   175
   169
   177
   184
   184
   188
   187
   177
   168
   155
   144
    99
    62
   128
   126
   141
   137
   117
   110
   119
   131
   133
   139
   134
   124
   101
   132
   144
   147
   143
   146
   143
   131
   134
   143
   149
   159
   168
   176
   166
   159
   149
   132
   121
   129
   122
   116
   108
   101
    87
    82
    71
    61
    69
    95
    92
    80
   104
   119
   109
   104
    87
    93
    81
    57
    53
    95
   112
    79
    69
    65
    51
    47
    48
    51
    57
    57
    71
    95
   105
   128
   152
   167
   179
   181
   184
   181
   179
   183
   183
   181
   187
   186
   189
   194
   197
   195
   196
   183
   134
   129
   106
   153
   127
   166
   149
   184
   197
   194
   183
   176
   170
   176
   181
   188
   193
   192
   190
   187
   187
   176
   148
   141
   126
    93
   130
   126
   128
   125
   121
   113
   109
   121
   144
   151
   135
   113
    96
   128
   151
   152
   132
   136
   135
   124
   130
   142
   145
   154
   161
   151
   150
   147
   148
   133
   118
   120
   122
   104
    89
    80
    75
    70
    54
    51
    71
    83
    81
    98
    98
   117
   101
    96
   100
    80
    67
    79
    83
    94
   122
   105
    79
    62
    51
    52
    50
    51
    51
    55
    68
    85
    99
   120
   148
   167
   179
   179
   178
   182
   184
   188
   187
   185
   185
   188
   191
   195
   196
   198
   197
   178
   130
   139
   151
   181
   145
   137
   194
   206
   201
   194
   186
   180
   183
   192
   194
   195
   195
   197
   192
   194
   197
   203
   176
   148
   143
   130
   132
   127
   129
   112
   113
   119
   124
   131
   140
   151
   128
   112
   102
   131
   149
   151
   130
   127
   129
   121
   120
   121
   133
   145
   148
   147
   149
   138
   128
   121
   117
   118
   111
   110
    98
    91
    77
    83
    82
    68
    62
    74
    86
   130
   106
   120
   107
   106
    98
    72
    72
    73
    65
   101
   117
   108
    97
    77
    50
    49
    52
    59
    61
    54
    62
    69
    88
   126
   156
   172
   181
   182
   186
   186
   185
   185
   183
   185
   187
   189
   195
   193
   196
   198
   200
   177
   139
   144
   188
   196
   169
   170
   205
   205
   203
   198
   196
   193
   195
   199
   200
   197
   197
   192
   198
   194
   192
   190
   180
   165
   147
   139
   137
   142
   144
   136
   118
   120
   123
   133
   145
   147
   123
   110
   102
   140
   149
   140
   122
   115
   122
   125
   123
   124
   114
   112
   131
   148
   149
   151
   144
   143
   134
   119
   112
   112
   112
   109
   104
    82
    67
    60
    60
    65
    78
   125
   100
   113
   106
   114
    95
    95
    85
    78
    94
   115
   123
   122
   102
    86
    67
    53
    50
    56
    60
    66
    66
    74
    92
   127
   165
   171
   178
   185
   191
   191
   188
   190
   189
   188
   189
   187
   188
   196
   199
   201
   201
   176
   139
   149
   173
   200
   181
   169
   205
   206
   206
   209
   212
   217
   214
   209
   208
   205
   199
   198
   198
   195
   182
   169
   157
   147
   134
   125
   128
   137
   135
   122
   110
   112
   115
   117
   127
   146
   123
   102
    93
   131
   149
   132
   110
    97
    97
    96
   109
   121
   126
   131
   141
   144
   140
   138
   138
   132
   127
   119
   105
    98
    85
    76
    80
    79
    68
    52
    50
    56
    72
   115
   103
   119
   118
   105
   103
    94
    90
    87
   105
   121
   124
   121
   112
    98
    85
    66
    69
    69
    64
    61
    60
    68
    95
   126
   159
   178
   186
   185
   192
   191
   192
   191
   189
   186
   186
   187
   191
   193
   196
   200
   199
   168
   140
   142
   164
   186
   148
   152
   200
   206
   200
   199
   197
   201
   204
   208
   206
   205
   205
   204
   203
   198
   183
   167
   153
   140
   125
   113
   100
   106
   111
   104
   110
   103
   100
   109
   131
   150
   124
   104
    89
   132
   149
   129
   105
   101
   117
   112
   106
   110
   112
   126
   148
   149
   137
   137
   133
   128
   129
   133
   117
    91
    79
    74
    65
    67
    69
    57
    56
    64
    71
   126
   106
   110
   123
   106
   104
   102
   106
   107
   106
   111
   117
   136
   110
    99
    86
    66
    64
    60
    60
    59
    63
    74
    93
   121
   152
   176
   189
   191
   195
   196
   196
   193
   195
   191
   189
   189
   191
   191
   195
   198
   198
   165
   134
   132
   156
   178
   204
   118
   161
   227
   223
   212
   207
   204
   205
   202
   204
   203
   205
   205
   202
   202
   203
   189
   149
   137
   126
   110
    96
    92
    96
   101
   105
   107
   109
   124
   146
   153
   125
   105
    87
   133
   151
   126
   101
   107
   115
   107
   102
   114
   123
   124
   123
   128
   131
   148
   139
   125
   118
   116
   112
   108
    95
    87
    72
    63
    66
    57
    49
    54
    60
   120
   111
   106
   123
   120
   111
    96
    99
    97
   101
   104
   106
   120
   112
   107
    96
    89
    70
    72
    64
    66
    77
    83
   103
   117
   147
   176
   191
   194
   198
   199
   197
   200
   200
   194
   192
   185
   187
   195
   194
   198
   197
   163
   140
   134
   117
   128
   131
   148
    81
    80
   175
   230
   229
   214
   209
   210
   208
   207
   204
   201
   201
   202
   202
   190
   165
   140
   122
   123
   138
   162
   158
   146
   139
   128
   131
   127
   147
   147
   119
    96
    97
   142
   151
   123
   100
   105
   102
   104
   128
   129
   115
   125
   132
   140
   148
   158
   139
   118
   108
   106
   108
   100
    93
    85
    75
    70
    64
    55
    52
    47
    54
   112
   105
   108
   133
   120
   108
    99
   106
   101
    99
   113
   105
   121
   105
   109
   101
    93
    78
    63
    68
    76
    82
    84
    95
   110
   144
   173
   186
   193
   197
   199
   197
   198
   194
   194
   193
   193
   191
   193
   197
   200
   198
   159
   133
   122
   136
   181
   215
   215
   199
   153
   118
   114
   147
   220
   217
   208
   209
   210
   211
   213
   212
   207
   209
   206
   188
   184
   182
   172
   169
   181
   180
   154
   162
   146
   142
   146
   150
   137
   121
    91
   100
   154
   160
   122
    92
   104
   117
   108
    91
   112
   122
   130
   148
   162
   155
   144
   140
   129
   121
   107
    95
    85
    76
    71
    67
    62
    68
    66
    56
    55
    54
   112
   108
   101
   121
   116
   103
   102
   109
   112
   113
   103
   101
   128
   111
   101
    98
    93
    96
    68
    72
    75
    76
    85
    96
   107
   136
   166
   190
   193
   198
   199
   198
   201
   200
   193
   197
   196
   199
   197
   199
   196
   200
   157
    92
   106
   124
   155
   197
   216
   213
   211
   189
   201
   152
   104
   213
   227
   209
   207
   211
   213
   215
   216
   220
   221
   202
   199
   185
   157
   156
   176
   169
   171
   165
   168
   157
   161
   164
   139
   126
    98
   113
   159
   165
   128
   111
   125
   125
   125
   139
   142
   132
   147
   147
   157
   153
   145
   136
   135
   126
   113
   109
    93
    70
    58
    61
    72
    65
    52
    56
    51
    55
   116
   109
   109
   124
   113
   110
    98
   103
   113
   120
   105
   105
   113
   110
    98
   104
    99
    83
    80
    73
    76
    76
    82
   104
   115
   130
   161
   184
   193
   194
   200
   199
   200
   203
   202
   198
   198
   199
   201
   204
   203
   200
   156
    86
    94
   111
   142
   172
   167
   146
   121
   140
   145
   118
   168
    62
   156
   227
   216
   208
   209
   206
   211
   210
   206
   191
   177
   106
    85
   135
   181
   172
   146
   151
   154
   131
   130
   144
   153
   124
    99
   115
   156
   171
   139
   124
   139
   136
   121
   118
   129
   141
   155
   157
   167
   164
   156
   149
   140
   131
   116
    96
   103
   104
    88
    71
    77
    74
    61
    53
    54
    58
   106
   112
   103
   117
   115
   105
    96
    99
   108
   106
   104
   105
   116
    96
   102
    90
   109
    89
    69
    60
    74
    80
    91
   114
   125
   134
   155
   182
   193
   199
   196
   198
   201
   200
   202
   204
   203
   202
   203
   200
   200
   203
   154
   104
    90
    93
   120
   140
   125
   107
    99
   116
   155
   147
   131
   151
    70
   142
   214
   227
   218
   213
   205
   205
   205
   190
   161
    56
    74
   140
   178
   178
   156
   148
   153
   154
   152
   160
   157
   131
   112
   132
   180
   177
   150
   148
   162
   147
   126
   127
   140
   149
   155
   153
   172
   162
   151
   146
   134
   127
   125
   114
   100
    87
    70
    66
    65
    57
    55
    67
    65
    61
   109
    97
    95
   104
   111
   111
    99
    98
    98
   111
   107
   105
   109
   100
    97
    89
    96
    97
    98
    71
    68
    90
    99
   119
   128
   134
   153
   182
   193
   198
   199
   200
   200
   200
   201
   198
   203
   201
   201
   200
   198
   199
   154
   107
    89
    90
   113
   121
   111
   101
   101
   102
   119
   182
   175
   168
   169
    70
   121
   181
   210
   221
   222
   209
   211
   205
   174
    97
    97
   155
   188
   191
   192
   177
   175
   162
   163
   172
   177
   140
   121
   142
   180
   184
   168
   162
   147
   138
   139
   131
   153
   161
   164
   169
   173
   169
   153
   149
   136
   124
   128
   121
   117
   110
    90
    71
    67
    60
    62
    60
    61
    79
   120
   102
    99
    98
   113
   108
   100
   104
   110
    96
    95
   107
   104
    95
    87
    83
    95
    88
    83
    91
    67
    65
    86
   116
   137
   147
   159
   186
   194
   196
   197
   200
   200
   202
   204
   202
   201
   204
   203
   201
   201
   199
   142
   109
    86
    91
   112
   111
   104
    98
    99
    94
    88
    82
   107
   126
   166
   189
    83
   103
   129
   137
   176
   222
   225
   215
   200
   171
   147
   173
   200
   198
   194
   189
   170
   154
   157
   163
   176
   148
   120
   152
   184
   183
   175
   181
   171
   152
   141
   144
   158
   166
   161
   167
   171
   171
   159
   139
   132
   121
   118
   104
   107
   106
    98
    86
    83
    83
    59
    53
    60
    75
   109
    98
    94
   102
   112
   106
    95
   100
   103
   103
    95
    95
   101
    94
   114
   109
   101
    88
    71
    79
    56
    62
    78
    98
   121
   132
   148
   182
   193
   195
   199
   201
   203
   202
   203
   203
   204
   205
   204
   204
   200
   197
   135
    97
    75
    90
   109
   110
    96
    93
    95
    90
    79
    72
    97
   109
   116
   159
   170
    91
   137
   142
   134
   139
   196
   217
   213
   181
   166
   189
   199
   201
   199
   190
   187
   159
   143
   152
   169
   156
   118
   139
   187
   185
   190
   184
   170
   162
   157
   158
   162
   163
   168
   166
   160
   176
   167
   147
   129
   118
   118
   120
   106
    88
    80
    86
    76
    69
    73
    79
    94
    99
    95
    90
    80
    98
   119
   102
    97
   100
    94
    95
    92
    96
    93
    86
    86
   101
    99
    97
    91
    85
    75
    63
    66
    91
   114
   130
   149
   181
   196
   200
   196
   202
   202
   203
   202
   202
   204
   204
   205
   204
   203
   193
   129
   101
    83
    85
    94
    96
    96
    88
    95
    89
    73
    78
    99
   107
   115
   132
   196
   184
    94
   147
   153
   147
   119
   114
   122
   128
   147
   175
   189
   192
   192
   193
   188
   175
   161
   156
   157
   138
    93
   124
   193
   200
   190
   179
   173
   168
   162
   156
   162
   170
   180
   180
   175
   176
   171
   144
   134
   129
   117
   111
   104
    99
    87
    87
    77
    75
    87
    92
    98
   108
    93
    93
    80
    90
   112
   113
    98
   115
   107
    98
    77
    82
    94
    92
    83
    79
   116
    94
    90
    89
    75
    77
    73
    74
   102
   128
   153
   181
   192
   201
   200
   202
   206
   204
   203
   204
   203
   207
   205
   200
   200
   202
   154
   107
    78
    78
    92
   108
   108
    91
    99
    88
    88
   101
   103
   106
   113
   128
   159
   205
   166
    98
   131
   144
   150
   134
   126
   131
   132
   135
   150
   174
   186
   185
   179
   165
   156
   152
   148
   120
    80
   104
   170
   195
   192
   180
   185
   176
   171
   173
   173
   179
   181
   180
   173
   172
   168
   166
   146
   128
   135
   114
   103
    92
    83
    77
    85
    83
    82
    96
   108
   102
    86
    85
    86
    97
   102
   111
    99
    91
   104
    95
    79
    73
    92
    86
    80
    80
   109
   129
   114
    90
    73
    72
    73
    82
    93
   120
   147
   172
   197
   206
   203
   202
   205
   203
   203
   201
   205
   206
   207
   206
   203
   180
   135
   113
    78
    86
   103
   122
   122
   102
   101
    84
    83
   107
   117
   106
   102
   131
   146
   189
   203
   131
   124
   126
   149
   148
   140
   140
   136
   139
   143
   152
   175
   178
   165
   149
   139
   133
   136
    94
    72
   121
   158
   177
   184
   179
   166
   161
   161
   162
   172
   183
   180
   173
   165
   155
   152
   158
   161
   159
   127
   128
   112
   109
   100
    88
    77
    80
    76
    81
    96
   106
    85
    78
    78
   102
   105
   112
   101
   106
    96
    85
    90
    75
    83
    87
    86
    92
   105
    95
   108
   103
    81
    64
    69
    81
   104
   116
   149
   177
   190
   196
   207
   208
   208
   208
   203
   204
   204
   204
   204
   203
   205
   170
   129
   117
    71
    78
   107
   135
   135
   122
   118
    75
    84
    64
    84
   106
   102
   127
   148
   176
   196
   194
   111
   115
   135
   149
   143
   135
   132
   135
   140
   146
   157
   171
   165
   147
   130
   131
   104
    66
    62
   109
   143
   151
   147
   158
   161
   168
   175
   166
   159
   168
   165
   174
   165
   161
   147
   151
   146
   123
   121
   117
   111
    90
    87
    90
    86
    82
    84
    79
    90
    87
    94
    89
    99
   104
    92
   110
   108
   103
   101
    80
    83
    76
    73
    86
    86
    75
   100
    99
    94
   104
    86
    68
    68
    79
   104
   117
   134
   159
   178
   195
   202
   206
   206
   205
   203
   204
   204
   204
   204
   206
   203
   180
   133
   118
    84
    91
   114
   140
   145
   125
   127
    57
    74
    83
    81
   108
   106
   130
   156
   166
   198
   197
   149
   105
   114
   146
   144
   138
   132
   132
   137
   143
   149
   168
   160
   159
   134
   119
   116
   100
    89
   109
   126
   146
   158
   168
   174
   166
   161
   148
   143
   148
   155
   147
   153
   161
   161
   131
   130
   140
   144
   138
   130
   114
   104
    98
    95
   100
    93
    92
    90
    98
    95
    88
    86
    87
    95
    85
    93
    97
   100
    85
    83
    82
    85
    92
    89
    90
    93
    96
   110
   117
    89
    73
    73
    68
    82
   117
   127
   148
   184
   197
   197
   199
   205
   207
   206
   204
   206
   204
   205
   204
   207
   186
   150
   138
    95
    92
   122
   161
   162
   139
   121
    93
    52
    30
    62
   114
   116
   129
   167
   166
   191
   200
   193
   113
   110
   141
   146
   141
   138
   134
   135
   138
   144
   159
   164
   169
   150
   132
   107
    97
    95
   107
   112
   122
   143
   157
   161
   143
   144
   165
   167
   154
   134
   145
   150
   140
   150
   151
   129
   129
   146
   130
   118
   101
    94
    90
   106
   100
   114
   109
   105
   110
    78
    80
    92
    98
   100
   109
    97
    96
    80
    94
    93
    84
    82
    93
    92
   103
    88
    87
    98
   108
    96
    73
    68
    74
    84
   105
   143
   161
   184
   197
   203
   205
   205
   204
   208
   207
   208
   207
   207
   199
   197
   132
   142
   135
    86
    95
   124
   147
   169
   152
   147
    85
   126
    59
    62
   114
   128
   132
   171
   172
   183
   200
   202
   141
   108
   136
   152
   143
   141
   139
   134
   135
   147
   153
   170
   187
   168
   157
   137
   113
   107
   106
   119
   125
   125
   143
   152
   161
   160
   152
   156
   171
   160
   137
   142
   143
   140
   135
   133
   134
   124
   121
   100
   100
   115
   121
   110
   116
   114
   116
   118
   121
    77
    81
    82
   102
    99
   119
   108
    96
    87
    90
    80
    87
    85
    83
    76
    97
    79
    78
    87
   105
    91
    78
    76
    74
    70
    82
   114
   154
   176
   201
   207
   209
   207
   206
   205
   205
   204
   207
   206
   210
   202
   187
   144
   152
   177
   243
   238
   198
   157
   155
   143
    72
    16
    44
    60
   118
   139
   142
   174
   179
   184
   191
   199
   169
   100
   133
   159
   152
   149
   142
   136
   130
   143
   161
   156
   175
   205
   187
   168
   153
   138
   126
   119
   114
   140
   137
   136
   133
   146
   139
   127
   137
   123
   133
   144
   132
   151
   157
   143
   128
   114
    89
   104
   100
   109
   105
   104
   126
   133
   126
   127
   136
    73
    82
    79
    90
   101
   119
   118
    95
    98
    85
    83
    82
    93
    88
    75
    89
    68
    98
    95
   108
   101
    81
    69
    69
    70
    74
    99
   133
   171
   189
   207
   209
   209
   210
   211
   207
   208
   207
   208
   210
   210
   219
   222
   210
   224
   223
   222
   226
   196
   163
   176
   108
   101
    89
   115
   138
   144
   149
   177
   186
   188
   197
   199
   198
   127
   127
   177
   180
   169
   160
   148
   140
   136
   154
   173
   154
   147
   192
   207
   188
   171
   153
   131
   129
   120
   133
   127
   115
   125
   142
   138
   140
   142
   131
   144
   147
   116
   111
   118
    88
    96
   121
   118
   117
   117
   124
   118
   135
   120
   121
   128
   129
    74
    75
    77
    86
    95
   100
    91
   108
   107
    85
    83
    83
    71
    87
    99
    97
    79
    89
   102
   113
   106
    82
    81
    69
    68
    66
    72
   112
   153
   177
   197
   207
   209
   211
   207
   208
   208
   207
   207
   206
   207
   219
   221
   223
   213
   220
   221
   222
   210
   173
   182
   128
    97
   139
   139
   152
   169
   164
   181
   190
   189
   198
   201
   202
   168
   161
   181
   187
   179
   173
   163
   149
   147
   138
   167
   192
   179
   147
   147
   158
   162
   167
   153
   143
   147
   148
   150
   142
   131
   145
   130
   133
   136
   132
   126
   143
   133
   111
    95
    94
    95
   111
   107
   108
   123
   117
   114
   129
   119
   136
   130
   137
    72
    68
    75
    75
    85
    90
    94
    87
    96
    86
    88
    77
    93
   102
    95
    75
    77
   113
   119
   116
   105
    72
    73
    71
    75
    61
    64
    78
   115
   144
   176
   208
   206
   207
   208
   205
   207
   208
   206
   204
   210
   221
   219
   220
   197
   224
   219
   220
   213
   204
   200
   186
    88
    96
   137
   191
   188
   194
   196
   194
   192
   200
   204
   203
   175
   176
   196
   191
   186
   185
   179
   167
   159
   142
   145
   171
   201
   209
   199
   191
   190
   196
   187
   174
   163
   170
   169
   167
   172
   154
   158
   135
   130
   124
   142
   137
   109
    97
   109
   101
   108
   105
   128
   125
   137
   132
   127
   131
   135
   140
   142
   155
    71
    70
    72
    79
    90
    94
    85
    96
    92
    97
    93
    91
    95
   126
    89
    87
    59
   127
   127
   118
   106
    83
    68
    76
    73
    63
    60
    60
    64
    96
   139
   185
   209
   209
   213
   212
   212
   212
   211
   209
   202
   215
   221
   219
   190
   190
   213
   206
   210
   221
   196
   206
   145
    74
   116
   195
   208
   205
   205
   198
   198
   201
   207
   214
   207
   189
   198
   204
   194
   188
   185
   177
   167
   176
   174
   166
   176
   194
   203
   204
   203
   201
   206
   202
   200
   186
   183
   173
   173
   170
   149
   157
   161
   148
   122
   135
   120
    88
   106
   129
   113
   121
   124
   126
   135
   146
   122
   126
   148
   135
   138
   152
    72
    74
    75
    70
    81
    84
    90
    96
   110
   110
    92
   101
   119
   116
   101
    78
    91
   141
   125
   118
   107
    98
    66
    69
    76
    68
    63
    56
    49
    54
    95
   149
   205
   212
   210
   211
   211
   210
   208
   211
   210
   212
   216
   220
   181
   198
   202
   205
   206
   202
   207
   174
   157
   102
   118
   177
   207
   211
   208
   205
   203
   205
   211
   216
   220
   208
   205
   200
   198
   194
   190
   187
   180
   179
   186
   185
   181
   186
   192
   199
   203
   205
   202
   202
   202
   198
   186
   192
   187
   195
   187
   164
   145
   138
   124
   102
   100
   114
   113
   119
   120
   130
   132
   133
   123
   135
   140
   141
   167
   157
   150
   154
    69
    69
    72
    73
    86
    82
    76
    87
    84
   111
   111
    96
   131
   111
    95
    71
   125
   128
    99
   102
    91
   102
    81
    73
    77
    65
    68
    57
    47
    45
    55
   115
   179
   218
   214
   211
   214
   211
   214
   215
   212
   214
   209
   205
   174
   172
   202
   207
   198
   192
   192
   198
   176
   139
   137
   192
   206
   208
   207
   204
   206
   208
   213
   213
   213
   210
   210
   212
   208
   198
   197
   194
   192
   186
   189
   193
   198
   198
   195
   194
   200
   203
   201
   196
   191
   197
   187
   172
   166
   171
   174
   179
   159
   148
   123
   100
   105
   128
   158
   151
   143
   165
   145
   147
   146
   149
   140
   145
   156
   155
   167
   177
    71
    75
    69
    73
    81
    88
    73
    81
    80
    85
   109
   101
   122
   103
    96
   127
   146
   107
    98
    96
    94
    95
    80
    73
    84
    73
    57
    72
    47
    53
    35
    34
   109
   193
   222
   217
   212
   215
   214
   215
   213
   206
   188
   189
   207
   174
   166
   201
   204
   201
   195
   189
   179
   151
   153
   187
   205
   208
   204
   207
   212
   214
   213
   215
   210
   212
   214
   216
   211
   211
   204
   200
   195
   198
   195
   195
   199
   200
   205
   199
   200
   198
   203
   200
   187
   181
   186
   195
   180
   170
   169
   165
   161
   121
   101
   116
   125
   157
   155
   137
   157
   175
   160
   141
   170
   157
   149
   129
   158
   162
   163
   157
    70
    70
    70
    74
    83
    77
    77
    76
    93
    95
   104
   111
   113
   110
   104
   108
    84
    81
    80
    95
    95
    88
    77
    78
    88
    83
    61
    63
    63
    53
    46
    35
    48
   113
   189
   226
   225
   216
   214
   215
   217
   213
   153
   164
   215
   212
   181
   180
   200
   209
   204
   201
   185
   157
   169
   191
   197
   203
   206
   200
   209
   210
   215
   211
   206
   212
   213
   213
   212
   207
   205
   202
   195
   196
   196
   197
   194
   197
   203
   200
   198
   201
   197
   197
   202
   197
   196
   199
   196
   195
   191
   177
   133
   106
   122
   132
   141
   166
   161
   129
   151
   164
   141
   141
   159
   161
   160
   168
   164
   154
   156
   163
    66
    67
    73
    73
    84
    84
    78
    68
    75
    86
    81
   123
   114
   102
   108
    77
    75
    92
    89
   100
   104
    93
    80
    90
   103
    90
    64
    58
    68
    50
    50
    33
    18
    17
    59
   134
   203
   231
   227
   212
   216
   217
   188
   139
   213
   216
   214
   196
   195
   205
   213
   212
   204
   170
   190
   202
   198
   198
   202
   210
   212
   215
   213
   175
   207
   210
   212
   215
   211
   209
   205
   202
   200
   201
   202
   201
   198
   199
   204
   204
   202
   201
   202
   203
   199
   204
   204
   193
   189
   186
   162
   128
   133
   156
   171
   160
   164
   189
   181
   199
   190
   190
   182
   168
   184
   184
   181
   184
   191
   192
   193
   195
    76
    76
    70
    74
    72
    88
    92
    89
    75
    78
    88
    96
   122
   104
   102
   110
   116
    98
    92
   101
   107
    92
    92
    98
   103
    84
    67
    60
    71
    48
    56
    44
    33
    29
    27
    37
    69
   136
   209
   240
   224
   214
   215
   117
   198
   223
   230
   221
   208
   203
   207
   212
   207
   175
   202
   210
   207
   205
   208
   211
   214
   226
   167
   197
   211
   212
   214
   212
   216
   210
   209
   206
   205
   200
   197
   198
   205
   205
   199
   201
   204
   207
   206
   200
   198
   196
   195
   197
   190
   174
   143
   147
   152
   160
   156
   148
   142
   109
   114
   107
   101
    93
    91
    82
    75
    68
    73
    70
    66
    72
    66
    59
    72
    73
    73
    71
    72
    70
    73
    67
    69
    74
    86
    88
    96
   110
   110
    91
   105
   120
   103
   100
   104
    99
    93
    92
   102
    89
    68
    67
    70
    61
    69
    61
    41
    32
    34
    30
    37
    55
    82
   154
   211
   230
   226
   191
    78
   201
   198
   215
   230
   232
   221
   213
   210
   171
   194
   208
   210
   209
   211
   218
   223
   165
   192
   217
   214
   212
   212
   204
   197
   204
   206
   203
   201
   197
   196
   195
   195
   196
   206
   203
   202
   205
   206
   202
   201
   210
   208
   189
   144
   100
    97
    91
    68
    57
    54
    62
    60
    65
    57
    57
    68
    63
    59
    53
    54
    57
    63
    53
    59
    54
    60
    60
    69
    73
    72
    76
    76
    77
    72
    71
    75
    76
    81
    81
    95
    92
   108
   107
    97
    98
   103
   111
   112
   112
    99
   100
   100
    86
    83
    68
    71
    55
    64
    61
    44
    35
    40
    40
    33
    49
    62
    68
    84
   132
   201
   230
   184
    96
   153
    98
    94
   147
   213
   228
   232
   203
   204
   210
   212
   219
   228
   216
   154
   186
   222
   218
   215
   215
   212
   209
   205
   208
   207
   204
   205
   207
   206
   204
   201
   198
   196
   193
   200
   202
   199
   199
   211
   199
   165
   122
   100
    68
    61
    58
    63
    63
    70
    63
    66
    71
    70
    67
    63
    69
    66
    71
    71
    65
    66
    69
    61
    58
    64
    69
    74
    69
    71
    74
    75
    71
    75
    76
    75
    72
    69
    77
    82
    85
    99
   123
   116
   100
    97
   119
   117
   104
   104
    98
   104
    87
    77
    78
    77
    72
    67
    52
    47
    44
    36
    42
    38
    32
    59
   107
   125
   108
    83
   103
   147
   188
   180
   181
   148
   122
    94
   113
   164
   188
   190
   236
   222
   198
   149
   144
   207
   223
   217
   215
   216
   212
   215
   213
   213
   209
   206
   204
   203
   203
   201
   198
   198
   203
   206
   205
   204
   210
   218
   199
   144
    94
    61
    66
    74
    76
    66
    71
    73
    73
    74
    78
    74
    72
    76
    77
    80
    73
    77
    72
    72
    75
    76
    69
    72
    71
    66
    67
    70
    70
    70
    75
    73
    76
    75
    71
    75
    77
    79
    78
    77
    77
    84
   101
   110
   120
   113
   112
   116
   118
   107
   109
    98
    85
    85
    82
    79
    79
    67
    52
    44
    38
    38
    43
    43
    40
    42
    44
    63
    94
   111
   114
   124
    90
   114
   172
   210
   176
   130
   148
   136
   120
   109
    96
   123
   163
   206
   224
   219
   216
   213
   213
   212
   213
   209
   213
   209
   209
   211
   212
   210
   205
   210
   214
   215
   202
   200
   194
   199
   183
   137
    85
    71
    67
    69
    62
    72
    70
    72
    73
    72
    69
    73
    71
    72
    72
    71
    77
    77
    78
    71
    71
    71
    73
    71
    65
    69
    71
    69
    66
    67
    69
    73
    72
    74
    72
    75
    78
    75
    73
    76
    82
    76
    73
    74
    77
    95
   108
   123
   111
   102
   111
   109
   106
    90
    79
    79
    79
    79
    79
    69
    59
    53
    40
    36
    43
    44
    38
    45
    62
    50
    41
    63
    70
    61
    86
    67
    24
   144
   227
   166
   162
   183
   191
   183
   216
   235
   231
   223
   215
   216
   211
   214
   208
   216
   218
   225
   226
   225
   225
   217
   212
   183
   168
   166
   160
   135
   146
   150
   157
   125
    88
    84
    51
    70
    61
    69
    73
    70
    75
    70
    67
    67
    71
    72
    72
    75
    75
    76
    74
    76
    77
    76
    71
    70
    73
    70
    71
    71
    68
    68
    68
    71
    70
    71
    73
    76
    74
    70
    72
    74
    78
    84
    79
    73
    86
    90
    87
    89
   108
   110
   129
   117
   115
   122
   106
    85
   101
   101
    74
    82
    77
    64
    49
    54
    44
    42
    42
    46
    38
    48
    54
    79
    64
    46
    42
    77
    52
    78
    56
   151
   222
   205
   153
   127
   114
    94
   122
   181
   191
   219
   229
   244
   239
   239
   228
   227
   212
   186
   167
   144
   118
   128
   123
   150
   178
   170
   168
   187
   202
   205
   199
   151
    53
    48
    69
    70
    84
    74
    67
    70
    68
    73
    74
    70
    77
    75
    77
    72
    73
    72
    72
    69
    73
    79
    74
    76
    72
    76
    70
    74
    69
    70
    70
    67
    70
    71
    69
    74
    75
    78
    76
    74
    74
    81
    81
    75
    76
    81
    89
   100
    88
    99
   101
   108
   110
   116
   117
    95
    81
    82
    83
    91
    87
    68
    45
    51
    51
    41
    57
    46
    47
    42
    43
    72
    96
    82
    56
    36
    69
    62
    91
    65
   161
   172
   107
   102
    96
    71
    87
    92
    89
   111
   123
   103
   125
   132
   130
   116
    87
    88
    88
    91
    95
   111
   154
   191
   217
   215
   217
   217
   216
   208
   196
   132
    72
    76
    72
    76
    69
    73
    75
    75
    75
    69
    72
    76
    71
    69
    71
    76
    73
    79
    71
    77
    69
    67
    70
    69
    67
    72
    75
    71
    72
    72
    70
    72
    72
    74
    73
    74
    74
    71
    69
    71
    76
    77
    73
    79
    79
    80
    77
    78
    99
    91
    94
    99
   113
   113
   116
   100
   102
    93
    93
    95
    92
    75
    63
    62
    63
    57
    63
    55
    47
    52
    53
    55
    62
    82
    71
    46
    45
    60
    66
    70
    12
    32
    62
    24
    39
    65
    53
    75
    85
    92
    84
    64
    45
    74
    73
    96
   112
    93
   102
   118
   123
   117
   165
   217
   219
   218
   214
   210
   209
   212
   186
    96
    71
    70
    75
    70
    75
    73
    74
    73
    75
    76
    77
    73
    74
    73
    75
    76
    78
    75
    77
    72
    76
    74
    73
    68
    69
    65
    69
    66
    65
    66
    64
    72
    73
    74
    69
    68
    76
    72
    74
    73
    77
    80
    78
    77
    80
    77
    73
    80
   100
   104
   110
   113
   123
   105
   109
   111
   106
    93
    93
    90
    91
    85
    68
    49
    38
    41
    53
    54
    52
    48
    49
    54
    60
    65
    75
    53
    35
    56
    55
    63
    52
    26
    77
    66
    48
    54
    75
    43
    62
    79
    93
   110
   118
   117
   122
   103
   149
   141
   104
   112
   117
   116
   131
   212
   214
   209
   212
   222
   224
   221
   108
    69
    74
    72
    69
    71
    74
    76
    75
    76
    75
    74
    76
    73
    74
    73
    74
    76
    77
    78
    72
    72
    71
    74
    76
    72
    73
    73
    67
    68
    66
    65
    63
    70
    71
    72
    71
    73
    73
    74
    74
    76
    77
    76
    75
    73
    75
    80
    84
    75
    85
   103
   145
   151
   120
   104
   101
   122
   111
   101
   101
   119
   108
    86
    65
    77
    78
    86
    72
    64
    50
    55
    64
    60
    56
    71
    73
    66
    44
    49
    54
    60
    61
    69
    35
    52
    57
    75
    67
    80
    60
    79
    89
   130
   147
   187
   198
   183
   177
   194
   186
   174
   164
   161
   190
   198
   200
   218
   233
   216
   149
    69
    63
    70
    71
    75
    73
    73
    70
    71
    76
    71
    70
    77
    75
    76
    71
    79
    76
    70
    73
    72
    75
    76
    78
    74
    78
    77
    70
    69
    72
    68
    70
    71
    69
    67
    67
    71
    72
    73
    71
    76
    75
    75
    70
    75
    74
    79
    77
    74
    74
    72
    72
    90
   124
   131
   133
   120
   111
   104
   105
   112
   106
   119
   131
   112
    89
    89
    81
    84
    76
    69
    69
    73
    94
    57
    50
    56
    79
    75
    47
    52
    60
    55
    49
    59
    57
    40
    34
    54
    77
    71
    87
   118
   112
   102
    80
    75
    82
    99
   146
   215
   224
   228
   228
   222
   231
   236
   225
   204
   125
    65
    56
    63
    78
    75
    79
    77
    77
    74
    75
    74
    74
    74
    69
    74
    71
    74
    77
    74
    76
    76
    72
    74
    71
    72
    72
    73
    73
    75
    71
    65
    71
    73
    72
    70
    71
    70
    76
    71
    69
    71
    70
    76
    76
    75
    76
    73
    72
    73
    74
    77
    78
    77
    78
    76
    91
    98
   128
   119
   109
   114
   119
   115
   109
   119
   124
   116
   109
   110
   119
    78
    80
    78
    78
    91
    73
    68
    68
    70
    69
    75
    57
    62
    63
    63
    47
    42
    57
    44
    38
    50
    69
    72
   111
   150
   115
    72
    62
    61
    53
    53
    84
   112
   153
   164
   217
   208
   176
   133
    84
    52
    54
    74
    76
    86
    85
    86
    83
    81
    79
    80
    76
    76
    78
    75
    78
    69
    74
    77
    75
    74
    70
    68
    72
    73
    79
    72
    76
    74
    69
    69
    76
    71
    68
    72
    75
    78
    73
    69
    67
    71
    76
    74
    73
    75
    74
    74
    72
    75
    73
    77
    73
    71
    73
    80
    78
    78
    88
   112
   120
   115
   128
   113
   115
   119
   117
   115
   111
   112
    94
   101
   107
    95
    95
   107
    88
    92
    91
    84
    78
    79
    63
    79
    60
    50
    52
    65
    63
    62
    54
    56
    53
    49
    64
    82
    71
   133
   161
   128
   113
   118
   145
   174
   155
   129
    73
    39
    16
    18
    28
    49
    69
    71
    79
    73
    80
    80
    73
    73
    76
    80
    81
    78
    80
    78
    80
    77
    76
    81
    77
    73
    69
    75
    77
    74
    72
    73
    68
    77
    69
    73
    77
    75
    76
    77
    74
    72
    65
    72
    73
    69
    73
    71
    69
    71
    70
    69
    73
    74
    74
    73
    76
    78
    78
    75
    75
    72
    75
    81
    87
    89
   106
   111
   106
   117
   116
   114
   105
    99
   106
   111
   119
    99
    83
   104
   114
   114
   120
   106
   115
    96
    86
    75
    77
    86
    72
    82
    83
    65
    78
    81
    67
    68
    76
    63
    57
    67
    66
    42
    49
    85
    82
    74
    70
    72
    66
    77
    67
    61
    61
    77
    72
    76
    80
    78
    80
    81
    82
    80
    82
    81
    80
    77
    79
    77
    76
    77
    79
    78
    73
    69
    69
    74
    78
    74
    76
    80
    77
    71
    74
    70
    73
    77
    73
    76
    71
    72
    71
    73
    72
    67
    69
    77
    71
    71
    73
    72
    74
    78
    75
    72
    73
    72
    75
    72
    72
    72
    77
    76
    77
    75
    81
    75
    89
   111
   114
   103
   112
    99
    87
    92
    86
    85
    92
   110
   100
   105
    92
   100
   133
   136
   110
    90
    88
    92
   102
    99
   108
    74
    98
   103
   103
    84
    62
    74
    69
    84
    66
    53
    62
    70
    80
    70
    61
    61
    83
    95
    92
    86
    80
    75
    91
    83
    81
    80
    78
    80
    82
    78
    83
    79
    81
    82
    83
    80
    85
    84
    82
    80
    77
    79
    77
    74
    78
    72
    71
    71
    75
    72
    74
    77
    72
    75
    76
    70
    69
    72
    72
    73
    75
    74
    82
    71
    72
