    53
    53
    49
    51
    54
    51
    53
    56
    58
    56
    51
    56
    57
    57
    58
    63
    59
    66
    60
    55
    55
    55
    69
    75
    71
    61
    58
    54
    67
    74
    76
    58
    71
    66
    63
    59
    59
    54
    52
    53
    54
    53
    31
    45
    29
    34
    50
    37
    35
    47
    63
    50
    35
    34
    42
    27
    23
    27
    32
    21
    21
    38
    19
    30
    42
    58
    60
    49
    50
    49
    51
    52
    49
    52
    47
    53
    53
    51
    50
    46
    48
    48
    47
    48
    50
    48
    50
    53
    50
    47
    51
    51
    50
    49
    50
    52
    50
    50
    49
    48
    52
    47
    46
    52
    49
    50
    49
    49
    50
    48
    50
    48
    51
    55
    56
    55
    52
    51
    52
    52
    54
    55
    57
    55
    55
    52
    57
    55
    60
    60
    60
    59
    63
    66
    64
    64
    70
    68
    61
    57
    67
    71
    72
    69
    57
    49
    56
    52
    51
    51
    38
    37
    56
    47
    48
    45
    39
    35
    43
    36
    39
    40
    31
    28
    36
    27
    33
    36
    32
    24
    18
    22
    52
    91
    97
    80
    46
    16
    17
    50
    52
    49
    49
    45
    48
    50
    53
    48
    47
    50
    50
    49
    50
    47
    47
    50
    47
    49
    47
    47
    47
    49
    50
    46
    48
    51
    49
    48
    50
    50
    49
    46
    47
    53
    53
    47
    49
    51
    52
    51
    49
    51
    55
    55
    49
    51
    50
    52
    55
    54
    55
    55
    54
    50
    60
    61
    58
    57
    57
    59
    60
    61
    67
    65
    63
    61
    61
    59
    63
    78
    67
    69
    78
    86
    78
    66
    61
    67
    71
    63
    58
    42
    44
    65
    62
    36
    43
    44
    46
    44
    45
    37
    38
    31
    30
    30
    23
    27
    38
    41
    38
    38
    28
    83
   148
   135
   146
   166
   184
   162
    70
    27
    36
    50
    54
    53
    49
    47
    45
    49
    50
    46
    46
    46
    47
    51
    48
    51
    52
    49
    53
    49
    49
    52
    49
    51
    50
    48
    50
    48
    48
    49
    49
    50
    48
    50
    50
    51
    51
    51
    49
    50
    52
    56
    50
    53
    53
    53
    58
    57
    54
    59
    56
    55
    52
    54
    54
    49
    61
    61
    60
    59
    53
    49
    58
    61
    68
    55
    57
    65
    77
    83
    92
    80
    83
    95
    73
    73
    67
    66
    83
    68
    42
    42
    68
    86
    55
    39
    59
    61
    61
    62
    53
    43
    41
    40
    41
    37
    29
    31
    39
    41
    43
    39
    62
   137
   132
    77
    59
    56
    78
   126
   185
   159
    88
    24
    14
    25
    48
    55
    53
    50
    46
    48
    49
    50
    49
    49
    50
    51
    50
    49
    50
    49
    47
    46
    49
    49
    48
    46
    50
    50
    47
    46
    49
    49
    49
    49
    48
    49
    49
    49
    54
    49
    50
    48
    54
    51
    50
    55
    54
    49
    57
    53
    54
    56
    61
    67
    72
    75
    81
    89
    87
    72
    67
    62
    51
    53
    58
    61
    56
    63
    65
    87
    85
    87
    90
    95
    79
    82
    72
    69
    87
    86
    73
    66
    84
    76
    61
    66
    83
    81
    77
    76
    57
    39
    50
    41
    38
    30
    35
    37
    38
    30
    37
    35
    59
   112
   134
   103
   126
   123
   131
   109
    83
   124
   157
   162
   119
    77
    53
    18
    37
    50
    55
    47
    46
    47
    51
    45
    43
    50
    45
    51
    48
    50
    50
    45
    50
    49
    47
    49
    46
    50
    51
    48
    53
    49
    53
    49
    49
    51
    47
    50
    51
    55
    51
    56
    53
    55
    55
    55
    52
    56
    55
    54
    54
    53
    52
    54
    50
    57
    70
    68
    61
    58
    55
    54
    58
    59
    53
    55
    61
    61
    66
    95
    87
    96
    92
    91
    79
    79
    64
    75
    92
    93
    71
    60
    71
    68
    63
    62
    73
    71
    72
    60
    44
    60
    58
    54
    37
    39
    37
    35
    36
    30
    34
    42
    42
    73
   110
   143
   131
   131
   142
   141
   160
   156
   174
   188
   184
   174
   161
   133
    48
    25
    40
    46
    45
    47
    47
    49
    50
    45
    48
    48
    46
    48
    48
    49
    46
    49
    50
    51
    49
    49
    50
    50
    48
    47
    46
    49
    54
    51
    50
    51
    53
    57
    55
    57
    53
    52
    51
    50
    54
    56
    58
    56
    51
    55
    56
    54
    59
    63
    67
    60
    54
    57
    54
    57
    57
    61
    57
    51
    66
    68
    78
   102
    93
    88
    87
    82
    75
    60
    64
    72
    72
    54
    61
    61
    69
    56
    58
    63
    63
    66
    57
    40
    60
    80
    66
    38
    30
    34
    34
    29
    27
    44
    42
    36
    46
    62
   102
   127
   156
   132
   164
   177
   177
   186
   192
   181
   172
   172
   177
   164
   169
   106
    30
    33
    45
    47
    42
    47
    49
    50
    53
    48
    50
    52
    51
    48
    49
    48
    46
    48
    49
    45
    47
    49
    50
    50
    47
    49
    53
    52
    50
    52
    52
    53
    52
    52
    54
    57
    53
    55
    59
    61
    51
    55
    60
    62
    58
    60
    58
    64
    53
    58
    60
    57
    58
    59
    63
    67
    57
    57
    60
    75
    71
   104
    93
    87
    85
    74
    64
    56
    61
    68
    49
    51
    55
    60
    52
    55
    56
    53
    49
    47
    36
    62
    73
    63
    43
    27
    34
    36
    34
    30
    38
    57
    50
    48
    49
    50
    81
   106
   126
   132
   165
   151
   166
   175
   166
   144
   129
   127
   163
   183
   158
   179
   138
    54
    26
    45
    50
    46
    46
    50
    45
    45
    50
    50
    46
    52
    50
    54
    49
    47
    47
    53
    54
    51
    46
    51
    52
    52
    49
    52
    53
    52
    51
    52
    55
    56
    55
    51
    58
    59
    55
    64
    58
    53
    55
    56
    61
    64
    64
    62
    57
    56
    55
    63
    56
    66
    58
    59
    69
    58
    60
    79
    74
    95
    99
    88
    84
    70
    73
    60
    58
    61
    59
    48
    48
    49
    48
    49
    45
    48
    60
    45
    57
    65
    49
    29
    30
    30
    23
    33
    39
    44
    49
    47
    40
    43
    30
    35
    30
    57
    86
    80
   107
   117
   134
   136
   149
   148
   137
   112
   125
   179
   169
   164
   164
   166
   100
    31
    47
    49
    49
    48
    45
    43
    49
    48
    49
    48
    46
    44
    45
    49
    50
    45
    44
    49
    54
    47
    51
    52
    53
    50
    51
    53
    54
    54
    50
    53
    52
    55
    55
    57
    57
    58
    54
    55
    54
    58
    58
    60
    63
    68
    52
    61
    66
    71
    64
    60
    60
    68
    58
    65
    69
    74
    91
    99
    91
    82
    79
    79
    73
    52
    55
    53
    53
    52
    52
    52
    49
    54
    56
    53
    37
    38
    43
    36
    23
    22
    19
    23
    37
    42
    43
    44
    50
    37
    48
    44
    41
    39
    57
    48
    26
    30
    29
    93
    82
    96
   127
   138
   145
   155
   166
   184
   185
   188
   180
   165
   163
   105
    35
    50
    49
    48
    51
    54
    50
    47
    50
    50
    53
    55
    55
    49
    50
    53
    49
    48
    47
    53
    53
    47
    49
    55
    56
    53
    57
    57
    56
    55
    52
    55
    52
    58
    56
    56
    60
    57
    59
    58
    59
    66
    66
    63
    61
    57
    61
    74
    58
    60
    59
    66
    73
    72
    69
    83
    93
   100
    87
    83
    67
    61
    64
    59
    52
    53
    55
    48
    58
    54
    54
    47
    43
    52
    60
    64
    51
    48
    60
    70
    91
    93
    80
    61
    50
    35
    35
    63
    77
    79
    91
    89
    81
    73
    74
    77
    61
    46
    57
    79
   110
   119
   139
   149
   153
   195
   193
   188
   178
   167
   160
   142
    68
    45
    47
    50
    51
    47
    49
    51
    51
    52
    51
    50
    50
    53
    51
    51
    51
    55
    50
    48
    55
    51
    53
    50
    51
    55
    55
    55
    55
    55
    54
    52
    59
    54
    56
    55
    61
    57
    54
    55
    58
    68
    59
    62
    59
    61
    59
    60
    65
    65
    71
    65
    64
    75
    78
    82
    85
    96
    77
    79
    77
    65
    55
    45
    51
    48
    47
    57
    52
    47
    44
    39
    46
    64
    78
    97
    94
    72
    58
    60
    68
    69
    51
    31
    34
    71
   114
   139
   147
   157
   165
   165
   165
   158
   144
   124
   102
    72
    51
    66
   133
   180
   183
   170
   122
   184
   195
   187
   188
   178
   178
   163
    93
    48
    52
    49
    50
    49
    53
    50
    50
    51
    51
    50
    49
    49
    50
    50
    51
    48
    49
    54
    50
    53
    54
    56
    55
    54
    56
    51
    52
    56
    56
    56
    52
    55
    60
    58
    62
    61
    60
    59
    59
    70
    61
    70
    64
    77
    86
    61
    66
    63
    66
    71
    68
    78
    79
    88
    82
    91
    77
    73
    73
    73
    55
    55
    46
    53
    52
    48
    47
    47
    52
    59
    68
    68
    78
    75
    62
    41
    29
    21
    26
    44
    66
    89
   135
   168
   181
   183
   186
   188
   185
   186
   183
   182
   181
   173
   166
   159
   141
   119
    87
    88
   127
   178
   169
   181
   195
   199
   192
   186
   180
   171
   111
    37
    40
    48
    50
    52
    50
    53
    50
    48
    48
    50
    54
    52
    52
    54
    52
    53
    52
    51
    57
    54
    52
    53
    51
    54
    50
    54
    56
    51
    49
    52
    53
    60
    53
    55
    62
    64
    54
    58
    67
    64
    60
    70
    70
    62
    61
    65
    62
    66
    75
    64
    69
    80
    90
    96
    97
    96
    82
    81
    70
    67
    54
    54
    53
    46
    35
    42
    54
    65
    66
    60
    68
    71
    67
    74
    79
    83
    79
    90
   125
   158
   174
   182
   181
   183
   183
   185
   187
   185
   184
   183
   185
   182
   175
   174
   169
   165
   169
   165
   156
   141
   111
    99
   110
   111
   101
   128
   157
   171
   188
   170
   124
    41
    27
    46
    51
    51
    45
    44
    44
    48
    49
    50
    47
    51
    54
    49
    53
    53
    50
    54
    49
    53
    52
    54
    59
    56
    59
    59
    59
    60
    58
    55
    59
    52
    55
    55
    63
    58
    56
    61
    69
    61
    66
    69
    60
    59
    63
    67
    63
    63
    68
    80
    79
    85
    90
    94
    96
    94
    80
    74
    63
    52
    54
    40
    40
    42
    54
    63
    54
    50
    60
    78
    91
    97
   102
    96
   102
   118
   150
   170
   178
   178
   180
   184
   186
   186
   192
   194
   197
   195
   194
   190
   189
   187
   180
   181
   178
   173
   168
   167
   164
   158
   160
   161
   159
   153
   136
   116
   107
    98
   113
   121
    83
    26
    30
    28
    33
    42
    50
    48
    49
    43
    48
    54
    51
    49
    51
    53
    51
    50
    56
    55
    56
    54
    56
    54
    53
    57
    58
    54
    55
    52
    55
    55
    59
    57
    55
    57
    60
    66
    65
    65
    74
    63
    63
    63
    56
    58
    62
    75
    70
    84
    75
    75
    84
    92
    95
    99
    98
    93
    82
    70
    55
    51
    51
    47
    50
    58
    59
    55
    65
    74
    99
   104
   101
    90
    96
   121
   149
   161
   171
   169
   175
   177
   184
   188
   189
   193
   195
   195
   197
   200
   197
   196
   195
   195
   193
   192
   188
   184
   180
   180
   179
   176
   172
   172
   168
   168
   151
   147
   149
   142
   135
   114
    93
    60
    52
    32
    16
    18
    10
    21
    35
    34
    39
    44
    50
    54
    56
    51
    56
    58
    52
    51
    53
    54
    56
    58
    55
    56
    56
    55
    51
    58
    54
    56
    50
    60
    56
    56
    64
    68
    60
    71
    86
    68
    61
    61
    63
    61
    67
    66
    86
    76
    78
    80
    79
    88
   104
   106
    96
    81
    69
    69
    72
    64
    50
    51
    46
    52
    61
    77
    89
    97
    90
    92
   107
   141
   165
   177
   176
   169
   172
   172
   181
   185
   187
   189
   190
   191
   196
   196
   196
   196
   199
   201
   203
   201
   200
   198
   194
   194
   191
   189
   190
   191
   184
   181
   179
   179
   167
   161
   165
   164
   157
   158
   151
   142
   115
    93
   101
   119
    91
    72
    47
    33
    17
    17
    23
    37
    40
    53
    49
    53
    59
    56
    60
    62
    61
    58
    64
    55
    59
    53
    56
    54
    56
    56
    63
    61
    57
    59
    60
    74
    68
    81
    86
    69
    67
    57
    59
    66
    69
    65
    76
    89
    95
    86
   100
    89
    93
    92
    97
    84
    66
    57
    47
    51
    39
    39
    61
    71
    70
    79
    85
   105
   140
   158
   173
   176
   175
   155
   156
   172
   170
   177
   175
   160
   188
   183
   183
   187
   189
   194
   199
   200
   201
   199
   199
   199
   199
   200
   198
   195
   190
   187
   185
   184
   185
   183
   180
   177
   173
   173
   168
   169
   165
   166
   164
   155
   158
   146
   115
   105
   145
   166
   177
   159
   149
   127
   102
    80
    71
    55
    44
    45
    29
    33
    20
    16
    19
    25
    24
    35
    30
    37
    40
    41
    52
    44
    65
    55
    60
    61
    62
    80
    84
    87
    85
    73
    69
    74
    69
    66
    73
    69
    57
    71
    71
    81
    83
    81
    92
    94
    88
    88
    62
    54
    37
    49
    59
    66
    75
    89
   114
   135
   163
   176
   177
   177
   174
   178
   174
   172
   177
   188
   174
   151
   151
   167
   182
   186
   187
   187
   185
   187
   196
   199
   198
   199
   197
   197
   200
   198
   198
   195
   197
   194
   193
   189
   186
   189
   189
   184
   181
   176
   174
   171
   175
   168
   162
   154
   160
   161
   151
   128
    97
    80
   112
   145
   155
   152
   154
   136
   151
   150
   146
   140
   150
   135
   138
   128
   118
   111
   101
    90
    87
    82
    66
    70
    57
    53
    58
    52
    71
    59
    71
    78
    88
    80
    81
    70
    64
    70
    65
    68
    68
    64
    69
    81
    83
    79
    79
    77
    87
    89
    81
    78
    70
    52
    62
    80
    98
   128
   150
   164
   168
   173
   174
   174
   177
   177
   179
   176
   181
   186
   182
   162
   130
   140
   175
   183
   186
   184
   186
   184
   178
   181
   187
   190
   196
   199
   201
   199
   199
   202
   200
   197
   193
   192
   189
   190
   191
   188
   189
   187
   188
   186
   184
   176
   176
   177
   176
   173
   171
   171
   164
   157
   148
   119
    84
    85
   101
   131
   139
   128
   148
   146
   125
   131
   148
   135
   140
   144
   145
   148
   152
   151
   150
   148
   156
   153
   161
   159
    57
    61
    69
    74
    77
    81
    89
    81
    79
    65
    65
    67
    75
    73
    75
    71
    71
    81
    85
    75
    75
    84
    94
    82
    77
    74
    66
    72
    90
   129
   153
   165
   173
   178
   177
   176
   175
   180
   183
   184
   180
   177
   180
   184
   152
   127
   120
   155
   176
   180
   181
   183
   183
   177
   171
   181
   187
   191
   191
   195
   199
   198
   200
   201
   201
   200
   198
   195
   193
   194
   194
   190
   182
   185
   181
   184
   190
   186
   173
   189
   190
   188
   180
   177
   174
   175
   173
   157
   144
   122
    78
   100
   136
   141
   149
   137
   120
   125
   145
   140
   130
   144
   142
   145
   140
   148
   150
   144
   153
   146
   147
   160
    63
    56
    65
    75
    84
    94
    83
    70
    82
    70
    74
    81
    78
    79
    80
    66
    59
    69
    81
    83
    63
    74
    87
    86
    83
    71
    59
    82
   116
   150
   164
   169
   171
   170
   166
   172
   175
   186
   189
   186
   184
   184
   181
   159
   120
   146
   168
   179
   181
   176
   173
   158
   143
   158
   166
   172
   184
   190
   195
   197
   198
   201
   199
   202
   202
   203
   202
   199
   198
   199
   195
   192
   189
   191
   187
   182
   185
   189
   181
   182
   189
   192
   190
   185
   173
   169
   175
   176
   165
   163
   136
   100
    71
   105
   134
   137
   137
   135
   131
   122
   133
   154
   153
   140
   147
   142
   146
   138
   138
   145
   144
   142
    62
    59
    67
    68
    79
    89
    86
    81
    85
    68
    69
    81
    81
    86
    72
    64
    76
    81
    82
    62
    75
    72
    80
    84
    85
    82
    82
    99
   142
   159
   162
   169
   170
   170
   176
   181
   179
   184
   186
   188
   185
   180
   168
   133
   127
   154
   187
   191
   175
   169
   117
   105
   128
   135
   152
   168
   182
   189
   190
   195
   198
   198
   200
   202
   201
   201
   201
   202
   199
   192
   194
   193
   193
   192
   192
   187
   193
   189
   193
   193
   185
   168
   169
   181
   186
   177
   173
   171
   159
   160
   153
   144
   123
    88
    94
   111
   137
   132
   128
   124
   139
   148
   134
   124
   133
   131
   137
   133
   125
   137
   145
   141
    76
    59
    62
    68
    81
    72
    76
    76
    77
    74
    85
    95
    94
    90
    76
    78
    86
    94
    91
    71
    65
    81
    86
    84
    69
    94
   105
   135
   151
   161
   166
   169
   170
   179
   185
   190
   187
   192
   190
   186
   186
   181
   146
   132
   137
   163
   188
   191
   156
   118
   126
   114
   112
   127
   146
   162
   178
   187
   187
   192
   197
   200
   203
   207
   205
   205
   203
   202
   199
   198
   196
   196
   194
   193
   192
   193
   196
   197
   192
   187
   184
   189
   190
   186
   191
   176
   169
   168
   162
   160
   161
   162
   159
   134
    90
    74
    84
   103
   119
   122
   137
   140
   137
   142
   137
   132
   132
   119
   128
   143
   151
   145
    69
    66
    70
    77
    75
    74
    67
    80
    74
    82
    91
   101
   110
    94
    85
    77
    81
    95
    91
    76
    69
    83
    91
    89
    78
    95
   118
   144
   157
   166
   171
   172
   179
   188
   188
   190
   187
   192
   192
   191
   188
   178
   155
   142
   138
   168
   189
   174
   129
   130
   133
   172
   185
   147
   152
   173
   187
   191
   191
   192
   199
   202
   202
   201
   204
   204
   201
   201
   201
   198
   195
   195
   195
   196
   195
   197
   198
   193
   193
   192
   193
   195
   189
   192
   191
   180
   186
   178
   160
   160
   155
   145
   136
   120
    96
    84
    95
    80
    84
    97
   111
   139
   152
   149
   128
   121
   126
   131
   129
   126
   140
   153
    65
    54
    70
    71
    78
    73
    65
    79
    73
    79
    89
   106
   101
    89
    88
    84
    84
    83
    89
    88
    79
    89
   104
    93
    90
   108
   127
   137
   158
   169
   172
   178
   187
   188
   187
   184
   182
   189
   190
   188
   183
   161
   149
   147
   135
   182
   172
   126
   119
    90
    51
    58
   146
   181
   177
   185
   186
   191
   192
   188
   195
   200
   201
   205
   207
   208
   203
   200
   197
   195
   194
   193
   193
   195
   196
   198
   200
   199
   199
   196
   188
   184
   184
   190
   181
   175
   173
   160
   162
   173
   153
   142
   142
   135
   113
    98
    98
   100
    77
    74
    87
   106
   118
   142
   128
   113
   132
   147
   127
   128
   135
   144
    77
    63
    67
    67
    71
    72
    73
    69
    76
    81
    93
   112
    94
    95
    84
    75
    85
    89
    98
    80
    88
    91
   108
    96
    99
   101
   132
   139
   164
   170
   171
   182
   190
   191
   193
   186
   192
   194
   189
   191
   190
   177
   148
   142
   137
   178
   174
   119
   104
    66
   113
   121
    85
   162
   191
   201
   193
   192
   193
   192
   197
   201
   204
   203
   204
   202
   202
   200
   198
   195
   193
   192
   189
   194
   196
   200
   199
   200
   179
   176
   190
   197
   192
   190
   183
   180
   186
   175
   161
   158
   158
   151
   144
   125
   106
    92
    87
    93
    99
    94
   105
    89
    84
    92
   125
   138
   133
   126
   142
   131
   133
   130
    59
    57
    58
    72
    68
    69
    77
    73
    80
    75
    90
    92
    84
    82
    71
    77
    61
    84
   105
    92
    83
    93
    89
    83
    98
    98
   127
   139
   168
   173
   181
   192
   194
   196
   193
   200
   197
   193
   194
   188
   189
   184
   149
   127
   135
   179
   144
   106
    75
    36
    36
   134
   120
   167
   200
   199
   198
   199
   196
   187
   195
   202
   204
   205
   203
   204
   202
   199
   192
   188
   190
   184
   189
   193
   192
   176
   151
   140
   123
   126
   159
   172
   183
   186
   186
   183
   182
   170
   172
   172
   154
   145
   130
   130
   131
   107
    90
    89
    93
    95
    87
    92
    86
    81
    97
   110
   131
   116
   115
   138
   129
   129
    60
    65
    63
    71
    70
    70
    73
    73
    76
    79
    99
    93
    78
    75
    78
    78
    74
    77
    90
   104
    99
    91
    79
    80
    88
   101
   123
   144
   172
   181
   179
   194
   194
   192
   197
   197
   192
   194
   189
   187
   191
   185
   158
   119
   110
   159
   137
    99
    69
    46
    24
    35
   164
   176
   173
   184
   184
   194
   194
   187
   195
   201
   204
   204
   203
   202
   198
   192
   186
   181
   178
   178
   182
   181
   166
   151
   163
   149
   140
   141
   144
   147
   149
   161
   170
   171
   170
   150
   147
   152
   145
   133
   135
   123
   134
   124
   109
   103
    88
   102
    94
    98
    99
   101
    96
    97
   113
   131
   116
   124
   135
   125
    59
    66
    77
    74
    75
    74
    76
    75
    85
   104
    95
    77
    63
    66
    78
    73
    73
    84
    94
   100
   108
    91
    75
    80
    87
   109
   125
   149
   175
   189
   187
   192
   196
   193
   194
   197
   194
   196
   190
   190
   190
   180
   153
   112
    94
   136
   124
    96
    98
    60
   171
   173
   216
   184
   163
   166
   173
   183
   179
   184
   199
   204
   206
   205
   203
   199
   194
   186
   180
   173
   173
   172
   173
   173
   174
   160
   147
   134
   140
   164
   160
   155
   148
   153
   157
   151
   148
   139
   140
   148
   130
   125
   128
   137
   147
   137
   124
   111
    97
    86
    89
    93
   101
   104
   110
   104
    86
   102
   118
   115
   129
   132
    56
    66
    69
    62
    70
    75
    82
    74
    99
   118
    85
    71
    75
    68
    51
    66
    71
    85
    85
    97
    92
    78
    78
    81
    91
   105
   138
   156
   187
   188
   186
   192
   196
   198
   196
   196
   199
   195
   194
   191
   192
   180
   143
   109
    96
   122
   127
   103
   136
   193
   197
   214
   215
   175
   151
   154
   163
   172
   179
   182
   198
   206
   207
   204
   202
   196
   189
   179
   173
   164
   165
   170
   175
   167
   152
   138
   140
   138
   128
   129
   134
   141
   137
   134
   124
   131
   140
   148
   161
   150
   131
   139
   127
   135
   139
   132
   130
   123
   110
   106
    82
    83
    95
   106
   108
    99
    83
    83
   113
   114
   119
   121
    58
    70
    58
    61
    79
    88
    80
    88
   107
    99
    72
    71
    78
    69
    65
    40
    68
    66
    68
    78
    67
    77
    82
    86
    91
   106
   138
   159
   174
   192
   194
   194
   197
   197
   196
   197
   195
   199
   195
   195
   194
   188
   148
   110
    91
   115
   125
    93
   116
   182
   206
   221
   205
   167
   142
   142
   156
   167
   175
   188
   197
   200
   200
   199
   195
   187
   175
   162
   154
   158
   161
   169
   175
   172
   159
   152
   140
   131
   131
   134
   131
   121
   132
   139
   144
   166
   164
   159
   166
   172
   158
   146
   148
   159
   137
   131
   128
   121
   117
   106
    97
    84
    81
    93
    94
    85
    97
    88
    78
   112
   113
   132
    62
    65
    60
    62
    71
    83
    93
   110
   108
    88
    72
    67
    71
    68
    58
    63
    57
    71
    79
    70
    60
    63
    84
    86
    85
   105
   136
   163
   187
   184
   186
   197
   196
   197
   197
   195
   195
   196
   197
   197
   195
   186
   145
   109
    90
   107
   136
    94
   113
   140
   166
   215
   199
   157
   135
   136
   151
   160
   175
   194
   200
   200
   201
   199
   194
   183
   168
   154
   150
   155
   165
   176
   184
   176
   163
   153
   156
   155
   149
   119
    96
   113
   123
   144
   156
   167
   173
   180
   184
   184
   181
   175
   163
   158
   136
   135
   133
   127
   139
   133
   115
   100
    99
    93
    83
    86
    92
    87
    95
    96
    90
   111
    58
    59
    62
    68
    68
    86
    96
    98
    87
    63
    66
    70
    65
    56
    52
    55
    60
    70
    73
    70
    64
    72
    90
    85
    96
   123
   147
   172
   186
   188
   190
   198
   198
   198
   196
   194
   195
   199
   199
   197
   197
   190
   147
   106
    87
   102
   129
   102
   106
   121
   163
   160
   163
   152
   136
   141
   150
   162
   179
   193
   200
   200
   197
   200
   193
   178
   161
   152
   159
   169
   172
   182
   186
   175
   166
   151
   144
   151
   147
   118
    56
    75
   136
   165
   177
   175
   175
   181
   167
   173
   185
   179
   171
   157
   153
   152
   132
   135
   138
   124
   122
   117
   104
    94
    87
    89
    96
    88
    84
   102
   103
   118
    51
    57
    60
    70
    81
    79
    97
    81
    74
    78
    88
    75
    66
    68
    74
    74
    69
    57
    57
    66
    82
    89
    90
    89
   115
   139
   149
   175
   186
   186
   192
   193
   195
   194
   199
   196
   196
   196
   202
   201
   199
   195
   178
   125
    95
   105
   133
   110
    96
   140
   133
   182
   142
   144
   139
   136
   144
   159
   192
   199
   199
   200
   200
   198
   188
   177
   169
   171
   175
   183
   186
   184
   179
   167
   167
   155
   148
   155
   153
   134
    88
    46
   106
   160
   178
   175
   178
   182
   185
   186
   176
   171
   163
   156
   159
   159
   164
   158
   145
   132
   137
   115
   104
    81
    75
    86
    90
    90
    77
    94
    99
   111
    62
    59
    57
    75
    97
    92
    87
    79
    63
    80
    90
    77
    88
    74
    81
    80
   103
   100
    72
    74
    83
    86
    77
    89
   123
   154
   168
   178
   182
   185
   186
   193
   198
   198
   193
   197
   196
   201
   200
   202
   200
   199
   173
   135
   106
   108
   144
   138
    91
   118
   140
   177
   171
   137
   144
   154
   150
   175
   193
   197
   199
   204
   205
   188
   174
   163
   165
   172
   182
   182
   184
   189
   184
   167
   157
   155
   154
   142
   133
   118
    51
    16
    65
   140
   160
   172
   185
   174
   175
   183
   180
   176
   175
   178
   178
   170
   168
   162
   154
   141
   127
   121
   109
   107
    80
    74
    79
    80
    79
    86
    94
   117
    61
    66
    64
    83
    84
    73
    89
    74
    68
    77
    82
    96
    95
    69
    57
    74
    78
    74
    83
    90
    77
    74
    70
    95
   133
   157
   173
   175
   184
   190
   192
   192
   192
   195
   198
   199
   199
   201
   202
   203
   201
   197
   178
   129
   103
   110
   145
   143
   133
    97
   128
   119
   138
   143
   149
   149
   164
   191
   190
   194
   198
   192
   181
   178
   180
   176
   158
   163
   175
   179
   179
   179
   178
   166
   147
   148
   153
   163
   143
   118
   109
    65
    29
   117
   154
   169
   161
   175
   177
   169
   174
   175
   167
   171
   172
   165
   174
   167
   160
   157
   154
   152
   140
   120
   112
   108
   101
    83
    89
    86
   104
   105
    57
    60
    66
    88
    80
    80
    85
    73
    68
    87
    96
    87
    80
    67
    72
    69
    69
    67
    78
    82
    73
    67
    78
   109
   139
   155
   166
   175
   185
   187
   188
   192
   190
   193
   194
   196
   196
   197
   201
   200
   202
   198
   189
   156
   120
   121
   146
   145
   140
   136
    97
   140
   116
   139
   140
   137
   179
   185
   187
   189
   185
   173
   178
   191
   192
   184
   168
   167
   169
   170
   171
   175
   169
   154
   157
   166
   169
   167
   144
   114
   125
   112
    55
    73
   136
   159
   177
   162
   168
   170
   169
   168
   167
   169
   170
   174
   172
   163
   164
   161
   148
   150
   143
   132
   114
    95
    84
    75
    75
    73
    96
   101
    62
    66
    85
    91
    82
    86
    77
    69
    64
    97
   107
    87
    69
    71
    72
    67
    60
    59
    56
    59
    63
    61
    79
   114
   130
   147
   165
   180
   184
   184
   186
   187
   188
   186
   190
   192
   197
   201
   202
   201
   201
   201
   193
   175
   145
   120
   149
   150
   137
   130
   109
    89
   163
   135
   131
   172
   187
   189
   191
   187
   178
   181
   185
   190
   190
   179
   137
   136
   161
   163
   159
   161
   147
   124
   141
   143
   152
   151
   140
   112
    61
    71
   109
    59
   114
   156
   167
   165
   155
   170
   171
   167
   170
   174
   177
   178
   183
   179
   174
   173
   168
   149
   130
   133
   129
   110
   102
    95
    83
    90
    99
    92
    61
    77
    92
   100
    86
    85
    80
    68
    72
    85
   110
    84
    72
    70
    59
    61
    70
    77
    75
    71
    65
    77
    82
   101
   130
   163
   174
   182
   181
   183
   184
   188
   187
   186
   189
   191
   190
   198
   201
   199
   199
   201
   193
   172
   158
   144
   149
   169
   148
   138
   150
   167
   138
   161
   180
   186
   189
   191
   187
   180
   173
   176
   185
   188
   182
   159
    80
   107
   136
   163
   154
   134
   138
   143
   132
   151
   149
   156
   138
   111
   131
    77
   106
    83
    65
   145
   163
   166
   145
   151
   156
   145
   144
   158
   166
   172
   179
   183
   174
   166
   148
   143
   142
   135
   130
   118
    99
    86
    84
    80
    94
    95
    64
    86
    94
    92
    87
    74
    70
    81
    70
    83
   106
    81
    70
    64
    56
    48
    45
    55
    55
    57
    67
    71
    84
   103
   138
   158
   172
   180
   182
   184
   185
   188
   184
   180
   182
   184
   187
   194
   195
   195
   197
   196
   190
   181
   182
   169
   164
   173
   167
   155
   152
   151
   160
   177
   186
   190
   186
   183
   184
   184
   184
   184
   187
   183
   177
   145
    81
   152
   145
   162
   150
   141
   134
   141
   151
   157
   159
   158
   136
   103
   112
    88
   124
   122
    69
   103
   151
   169
   152
   134
   144
   145
   146
   154
   167
   164
   173
   163
   157
   155
   151
   144
   133
   134
   121
    94
    78
    76
    65
    63
    76
    92
    71
    96
    93
    90
    90
    76
    77
    72
    60
    72
   104
    85
    68
    77
    56
    48
    41
    48
    55
    59
    57
    67
    81
    99
   130
   160
   168
   176
   175
   182
   181
   178
   180
   180
   183
   185
   185
   187
   193
   190
   192
   197
   194
   194
   191
   192
   196
   193
   192
   182
   173
   175
   184
   186
   182
   178
   179
   184
   187
   188
   189
   191
   188
   183
   176
   159
   101
   165
   151
   154
   160
   142
   135
   119
   131
   160
   170
   149
   124
   113
    99
    61
   110
   121
    99
   109
   142
   160
   152
   130
   129
   129
   133
   133
   138
   156
   163
   166
   172
   159
   148
   132
   131
   129
   121
   102
    87
    78
    79
    68
    75
    86
    72
   103
    95
    89
    92
    78
    73
    63
    57
    71
    88
    91
    69
    65
    51
    46
    43
    53
    51
    58
    57
    66
    79
   109
   134
   164
   172
   167
   172
   180
   184
   179
   179
   179
   184
   181
   182
   185
   187
   191
   192
   191
   192
   187
   192
   199
   199
   200
   198
   195
   193
   187
   182
   176
   177
   180
   187
   195
   198
   199
   198
   195
   199
   187
   168
   168
   145
   158
   153
   145
   128
   129
   131
   134
   139
   151
   158
   140
   122
   128
   164
   107
   100
   115
   114
   128
   125
   156
   149
   123
   114
   128
   130
   135
   144
   135
   151
   161
   159
   154
   141
   139
   120
   114
   116
   121
   112
    90
    80
    66
    68
    92
    91
   106
   104
   101
    79
    66
    61
    53
    55
    55
    74
    77
    75
    61
    58
    51
    50
    51
    55
    51
    58
    67
    82
   107
   140
   152
   163
   175
   181
   184
   178
   180
   186
   180
   180
   181
   179
   186
   194
   191
   189
   194
   193
   189
   183
   190
   200
   201
   203
   204
   201
   199
   187
   183
   188
   193
   196
   192
   200
   200
   198
   200
   207
   220
   194
   171
   161
   156
   154
   160
   152
   141
   131
   123
   137
   154
   158
   133
   116
   115
   136
    95
   104
   111
   129
   173
   135
   154
   145
   115
    93
    85
   101
   119
   131
   135
   142
   162
   154
   156
   149
   138
   131
   112
   106
    97
    87
    80
    79
    65
    67
    80
    92
   121
    98
    74
    75
    79
    68
    58
    57
    61
    77
    73
    78
    50
    62
    50
    48
    49
    52
    47
    48
    67
    86
    95
   120
   145
   160
   174
   178
   177
   180
   182
   181
   180
   181
   179
   184
   186
   187
   189
   191
   190
   187
   179
   186
   190
   189
   197
   199
   199
   200
   195
   192
   189
   191
   197
   198
   200
   194
   189
   196
   193
   190
   184
   182
   176
   163
   157
   165
   167
   156
   135
   126
   121
   122
   131
   150
   126
   104
   101
   121
    74
    99
   116
   130
   176
   139
   146
   143
   113
    95
   117
   115
   122
   132
   141
   162
   153
   150
   138
   135
   138
   132
   123
    99
    85
    67
    64
    65
    55
    58
    74
   100
    97
    85
   105
   100
    96
    93
    88
    73
    70
    92
    99
    86
    70
    57
    49
    41
    47
    52
    44
    47
    60
    77
    86
   120
   150
   164
   173
   174
   178
   179
   179
   178
   175
   179
   181
   182
   186
   189
   191
   195
   195
   189
   184
   184
   188
   192
   192
   200
   202
   202
   207
   209
   215
   215
   208
   209
   201
   198
   196
   194
   192
   185
   173
   162
   148
   134
   127
   134
   148
   138
   125
   111
   106
   109
   128
   148
   125
   103
    91
    71
    45
    93
   118
   135
   173
   131
   141
   139
   107
    91
   105
   115
   116
   129
   132
   147
   157
   153
   152
   139
   126
   126
   128
   110
    85
    77
    70
    66
    57
    56
    71
   100
    74
    92
   113
    97
   100
    93
    76
    61
    66
    80
   104
   103
    71
    63
    51
    42
    42
    48
    56
    59
    54
    66
    86
   120
   156
   166
   176
   179
   182
   182
   181
   182
   179
   181
   178
   178
   182
   190
   192
   195
   192
   186
   178
   175
   186
   194
   192
   194
   191
   186
   189
   186
   191
   198
   201
   200
   201
   201
   200
   196
   188
   180
   169
   160
   150
   136
   116
    99
   109
   114
   119
   124
   123
   132
   145
   152
   129
   107
   108
   115
    61
    84
   110
   143
   180
   135
   144
   135
   103
    89
   116
   113
   122
   126
   123
   125
   127
   137
   156
   135
   115
    98
    98
    97
    98
    85
    67
    62
    56
    48
    62
    88
    93
   108
   106
    99
   101
    87
    79
    70
    81
    89
   103
   120
    91
    76
    61
    47
    46
    53
    55
    53
    56
    61
    85
   118
   157
   172
   174
   174
   184
   184
   181
   181
   176
   174
   176
   177
   179
   187
   188
   190
   191
   187
   179
   174
   180
   192
   197
   195
   197
   194
   189
   185
   180
   183
   186
   189
   190
   193
   192
   192
   197
   204
   185
   153
   142
   137
   131
   121
   114
   115
   129
   131
   142
   139
   161
   147
   118
    95
    91
    95
    53
    75
    98
   135
   165
   139
   149
   127
    96
    90
    95
   109
   129
   133
   133
   138
   144
   149
   160
   128
   117
   113
   103
    99
    86
    74
    65
    65
    58
    56
    51
    97
   114
    99
   105
   100
   104
    95
    89
    72
    83
   107
   114
   120
   109
    92
    86
    58
    54
    61
    54
    50
    58
    70
    84
   113
   145
   165
   177
   178
   187
   185
   184
   184
   182
   175
   171
   178
   182
   184
   188
   194
   193
   194
   169
   156
   168
   184
   201
   207
   210
   206
   204
   200
   192
   188
   189
   191
   190
   188
   186
   184
   188
   186
   170
   155
   141
   133
   138
   146
   158
   137
   136
   137
   137
   146
   143
   146
   122
    93
    86
    61
    38
    65
    94
   118
   143
   142
   152
   117
    80
    83
   115
   112
   107
   122
   120
   135
   156
   156
   147
   141
   133
   117
   107
    90
    71
    63
    63
    63
    59
    61
    58
   116
   120
   100
   109
   103
   103
    95
    92
    93
    94
   115
   105
   129
   109
   100
    86
    71
    53
    51
    51
    54
    58
    72
    87
   109
   132
   166
   178
   182
   186
   189
   185
   190
   186
   182
   178
   174
   177
   185
   187
   191
   188
   173
   156
   147
   148
   177
   201
   209
   198
   206
   204
   196
   191
   188
   185
   185
   193
   196
   197
   202
   194
   205
   201
   173
   173
   166
   148
   137
   147
   135
   137
   156
   149
   150
   152
   135
   118
    93
    74
    56
    38
    66
    89
   124
   136
   152
   145
   113
    96
   115
   114
   131
   143
   137
   143
   143
   149
   147
   137
   135
   126
   117
   107
   107
   109
    86
    70
    69
    57
    50
    50
   119
   127
    97
   102
   114
   109
   101
    96
    94
    91
    99
   104
   101
   113
   104
    96
    90
    69
    63
    60
    56
    70
    74
    83
    98
   129
   157
   175
   180
   186
   189
   185
   183
   178
   179
   178
   181
   182
   185
   190
   192
   190
   181
   162
   141
   133
   159
   189
   176
   148
   137
   150
   193
   200
   192
   192
   187
   187
   193
   194
   197
   200
   209
   206
   174
   164
   116
   113
   131
   150
   134
   143
   141
   139
   128
   141
   147
   119
    94
    56
    22
    32
    52
    66
    94
   124
   147
   139
   112
   110
   121
   124
   114
   131
   137
   137
   147
   153
   153
   145
   139
   135
   127
   107
    98
    87
    82
    73
    69
    55
    52
    53
   118
   114
   107
   110
   116
   106
   107
    94
    90
    93
   102
   102
   109
   107
   106
    97
    86
    73
    49
    62
    64
    70
    76
    83
    92
   123
   153
   174
   182
   186
   189
   187
   189
   188
   181
   179
   180
   184
   187
   188
   188
   188
   171
   148
   136
   132
   147
   150
   114
   100
    90
    94
   108
   168
   203
   196
   194
   191
   189
   192
   190
   190
   185
   177
   165
   127
    58
    91
   131
   155
   130
   124
   137
   137
   131
   142
   143
   120
   103
    83
    50
    35
    39
    67
   124
   152
   161
   134
   123
   129
   130
   126
   129
   133
   145
   151
   148
   156
   148
   142
   127
   118
   120
   126
   116
   100
    73
    60
    51
    51
    59
    54
   111
    97
    95
    99
   101
   106
    97
    99
   100
    93
    96
   106
   112
   108
   104
   106
    90
    89
    68
    54
    64
    57
    71
    83
   105
   116
   141
   171
   182
   183
   185
   185
   190
   188
   189
   186
   187
   188
   191
   194
   194
   185
   168
   141
   118
   110
   121
   101
    91
    80
    91
   120
   122
   110
   146
   203
   196
   195
   197
   191
   187
   189
   188
   193
   170
   126
    51
    94
   143
   157
   161
   153
   151
   146
   146
   147
   155
   131
   105
    65
    27
    34
    49
   109
   145
   154
   149
   134
   135
   125
   121
   129
   138
   157
   157
   153
   155
   158
   158
   143
   137
   126
   105
    98
    97
   108
   106
    98
    69
    56
    65
    75
   110
    99
   104
   106
   108
   102
    98
    80
    84
    96
   111
    97
   119
   107
    96
    95
   104
    89
    71
    61
    65
    65
    64
    89
   112
   119
   140
   166
   177
   188
   186
   189
   188
   186
   190
   185
   187
   184
   187
   186
   186
   185
   151
   124
   105
    99
   104
    98
    89
    82
    97
   109
    96
   108
    98
   142
   202
   199
   201
   199
   187
   181
   189
   200
   191
   152
   112
   131
   168
   180
   169
   167
   161
   150
   152
   161
   173
   141
   114
    87
    50
    26
    82
   134
   157
   163
   147
   152
   155
   155
   138
   127
   140
   154
   162
   158
   157
   153
   152
   142
   130
   123
   116
   114
   102
    80
    66
    76
    72
    55
    55
    68
   101
    97
   100
   102
   101
   106
   102
    81
    81
    92
   102
    98
   107
   111
    97
    92
   101
    94
    81
    53
    55
    76
    78
    95
   108
   121
   136
   160
   178
   184
   186
   187
   186
   187
   186
   181
   186
   186
   187
   187
   186
   174
   141
   119
   102
    94
   101
    90
    74
    71
    83
    76
    86
   104
   106
   102
   169
   199
   200
   204
   201
   198
   195
   200
   205
   188
   157
   159
   177
   179
   174
   170
   170
   146
   134
   148
   156
   148
   116
    83
    58
    64
   120
   148
   164
   160
   159
   168
   157
   146
   143
   144
   142
   148
   150
   148
   145
   147
   152
   136
   126
   113
   109
   107
   103
    91
    85
    72
    60
    57
    77
    78
   101
    92
   106
    85
    92
   106
   100
    95
    85
    91
   101
    96
   106
   108
    84
    86
    95
    93
    93
    84
    55
    58
    63
    91
   112
   122
   141
   168
   180
   186
   185
   189
   190
   188
   189
   188
   187
   189
   188
   185
   188
   176
   135
   103
    93
    95
   102
    79
    54
    76
    87
    95
    94
    93
   102
   104
   125
   186
   194
   197
   202
   192
   180
   183
   176
   147
   128
   135
   146
   150
   163
   173
   177
   171
   148
   138
   150
   148
   118
    72
    40
    79
   119
   156
   174
   170
   166
   157
   152
   143
   136
   135
   141
   149
   150
   158
   155
   148
   151
   146
   130
   125
   119
   104
    91
    84
    71
    68
    73
    76
    84
    94
    89
   101
    97
    94
    93
   104
   100
    84
    95
    90
    94
    84
   102
   100
   104
    82
    90
    84
    73
    73
    61
    48
    55
    73
    99
   120
   128
   155
   179
   181
   183
   186
   191
   187
   184
   185
   186
   192
   189
   192
   189
   174
   128
    99
    93
    91
    97
    70
    65
    76
    57
    61
    93
    90
    94
   106
   105
   154
   187
   187
   184
   184
   151
   118
    99
   100
   104
   110
   115
   120
   135
   158
   177
   172
   160
   156
   159
   150
   117
    65
    40
    83
   138
   157
   165
   171
   157
   148
   145
   146
   137
   134
   140
   149
   152
   143
   137
   134
   142
   134
   137
   121
   114
   121
   113
   102
    93
    83
    85
    84
    91
    81
    83
    98
   104
    90
    89
    99
    95
    76
    89
    94
    97
    81
    92
    95
    93
   111
    97
    96
    77
    74
    62
    57
    59
    64
    85
   103
   125
   156
   170
   186
   184
   186
   190
   187
   186
   186
   186
   194
   190
   183
   184
   173
   123
    90
    78
    83
    93
    56
    53
    36
    52
    57
    65
    91
    91
   103
   112
   130
   177
   179
   181
   180
   166
   139
   120
   111
   111
   110
   115
   121
   125
   138
   156
   163
   159
   153
   147
   146
   108
    47
    57
   123
   152
   150
   148
   141
   136
   132
   134
   133
   138
   140
   146
   151
   152
   147
   137
   126
   127
   139
   124
   126
   102
    98
    81
    87
    79
    73
    65
    76
    84
    90
    73
    87
    92
    83
    92
   102
   101
    78
    85
    89
    93
    74
    85
    89
    88
    71
    90
    78
    86
    87
    69
    64
    64
    59
    74
   102
   118
   152
   177
   186
   187
   188
   192
   189
   183
   184
   184
   189
   188
   186
   186
   171
   131
   101
    82
    85
    96
    68
    48
    28
    32
    38
    67
    98
    94
   102
   116
   125
   163
   178
   176
   172
   169
   152
   131
   120
   111
   108
   109
   113
   115
   116
   130
   143
   136
   134
   124
   122
    92
    63
    85
   131
   148
   152
   140
   125
   138
   141
   143
   149
   143
   142
   147
   142
   135
   150
   144
   139
   120
   119
   125
   120
   119
   113
   104
    85
    73
    65
    64
    68
    76
    84
    84
    77
    94
    82
    71
    90
   105
    98
   100
    99
    94
    76
    68
    83
    78
    75
    90
   127
    97
    78
    73
    67
    62
    65
    73
    89
   112
   137
   157
   182
   187
   185
   190
   190
   185
   183
   186
   188
   187
   189
   189
   172
   136
    87
    74
    85
    98
    65
    45
    42
    38
    15
    48
    97
   102
   108
   122
   126
   149
   172
   178
   175
   165
   155
   134
   123
   112
   102
   102
   107
   108
   115
   115
   129
   134
   121
   120
   100
    86
    75
    95
   128
   138
   148
   150
   151
   151
   150
   142
   136
   144
   134
   134
   144
   138
   126
   137
   138
   134
   110
   127
   136
   124
   113
   101
    81
    78
    82
    75
    73
    72
    80
    77
    75
    80
    73
    75
    82
   100
    85
    83
    89
    83
    71
    75
    81
    84
    70
    82
    83
   111
    99
    80
    54
    62
    64
    78
    97
   105
   135
   158
   171
   186
   195
   196
   192
   190
   188
   188
   187
   188
   187
   187
   171
   132
    94
    83
   102
   108
    79
    46
    20
   154
    83
   105
   118
   115
   115
   128
   138
   142
   177
   182
   173
   160
   145
   138
   124
   117
   111
   105
   102
   106
   100
   115
   120
   132
   122
   110
   109
   119
   108
   103
   120
   122
   123
   140
   147
   151
   142
   135
   152
   154
   151
   123
   116
   132
   141
   130
   117
   115
   116
    91
   100
    92
    98
    93
    84
    82
    84
    97
    88
    86
    92
    62
    75
    86
    81
    74
    89
   104
    93
    82
    98
    82
    76
    70
    70
    86
    77
    94
    96
    74
    94
    86
    69
    54
    64
    61
    95
   109
   124
   135
   166
   175
   183
   190
   189
   187
   188
   190
   189
   187
   191
   189
   165
   136
    97
    84
   112
   117
    85
   127
   129
    81
   160
   178
   142
   133
   129
   131
   147
   150
   168
   185
   185
   178
   170
   149
   129
   122
   114
   111
   109
   106
   109
   101
   109
   130
   142
   132
   111
    82
    96
    98
   109
   121
   131
   127
   133
   137
   142
   158
   135
   139
   147
   154
   136
   123
   125
   138
   148
   146
   127
   106
    94
   103
    89
    83
    91
    94
    96
    97
    89
   104
   114
    68
    75
    80
    81
    81
    82
    90
    91
    89
    94
    82
    72
    61
    76
    77
    77
    84
    89
    97
   106
    88
    66
    68
    63
    60
    72
   101
   125
   148
   161
   182
   179
   187
   187
   188
   188
   191
   186
   187
   173
   182
   168
   138
   109
    92
   129
   119
    93
   115
   206
   205
   192
   185
   143
   143
   140
   139
   151
   155
   164
   179
   186
   183
   175
   161
   143
   127
   121
   117
   111
   111
   115
   118
   103
   107
   138
   146
   146
   148
   132
   128
   125
   112
   109
   126
   127
   124
   126
   128
   132
   120
   124
   125
   130
   131
   125
   116
   112
   116
    99
    93
    92
   101
   100
   103
   109
    99
   109
   106
   109
   112
   113
    57
    71
    85
    78
    74
    76
    85
    72
    77
    75
    86
    81
    85
    82
    84
    70
    96
    77
    87
   105
    96
    72
    60
    61
    67
    67
    81
   119
   146
   163
   183
   190
   191
   189
   186
   189
   190
   191
   190
   191
   182
   163
   131
   109
   103
   140
   140
   101
   102
   154
   187
   179
   183
   147
   150
   147
   142
   148
   162
   170
   179
   183
   184
   181
   170
   160
   141
   130
   123
   119
   120
   123
   131
   133
   104
    94
    99
   117
   120
   121
   122
   117
   120
   121
   122
   128
   131
   122
   136
   130
   132
   124
   127
   124
   126
   128
   113
   102
    79
    78
    92
    88
    96
    93
    96
    98
   109
   109
   106
   107
   113
   105
    61
    63
    73
    65
    85
    90
    99
    99
    90
    71
    75
    78
    73
    75
    82
    71
    90
    69
    77
    85
    92
    64
    71
    64
    61
    58
    71
    94
   126
   159
   176
   189
   192
   193
   189
   185
   188
   189
   190
   192
   188
   169
   141
   123
   116
   151
   150
   103
   101
   119
   194
   197
   183
   143
   151
   152
   156
   159
   164
   174
   181
   184
   186
   184
   174
   171
   164
   147
   135
   127
   124
   128
   138
   146
   151
   124
    93
    92
   101
   117
   130
   133
   135
   141
   138
   145
   136
   132
   133
   146
   130
   123
   130
   120
   119
   112
   103
   107
   116
    93
    95
   103
   102
   100
   104
    98
   110
   108
   113
   120
   120
   120
    62
    65
    74
    68
    74
    87
   103
    91
    85
    82
    71
    82
    77
    73
    81
    70
    70
    75
    78
    88
   106
    81
    77
    58
    65
    55
    61
    81
   110
   139
   159
   181
   193
   194
   194
   193
   186
   188
   188
   190
   190
   179
   148
   123
   123
   155
   157
   123
   121
    94
   161
   235
   226
   162
   177
   171
   169
   165
   176
   179
   183
   188
   189
   187
   188
   174
   158
   153
   148
   141
   136
   135
   129
   143
   150
   157
   154
   148
   144
   150
   168
   167
   161
   157
   153
   148
   142
   144
   151
   125
   137
   144
   141
   122
   117
   113
   103
    89
    89
    95
   105
    95
   103
   107
   113
   115
   112
   111
   120
   121
   131
   138
    55
    57
    63
    76
    70
    85
    92
   106
    97
    94
    79
    75
    67
    71
    83
    95
    85
    73
    97
    98
   108
    86
    66
    67
    67
    48
    50
    55
    78
   106
   128
   163
   188
   192
   192
   188
   192
   193
   193
   187
   186
   185
   154
   134
   127
   168
   172
   151
   105
   153
    68
   129
   199
   190
   206
   203
   193
   182
   181
   180
   189
   193
   190
   189
   189
   186
   177
   163
   155
   156
   147
   143
   150
   157
   160
   162
   167
   167
   167
   175
   168
   174
   170
   170
   169
   159
   173
   162
   154
   153
   134
   126
   117
   114
    98
    89
    92
    92
    95
    97
    97
   108
   113
   118
   129
   115
   106
   130
   119
   119
   128
   149
    63
    66
    74
    65
    67
    73
    83
    79
    78
    87
    91
    73
    78
    70
    89
    84
    72
    67
    95
    98
   105
    90
    65
    60
    71
    62
    53
    60
    47
    65
    94
   126
   171
   188
   193
   194
   191
   195
   192
   192
   185
   183
   171
   132
   141
   176
   196
   187
   139
    92
   158
    87
   105
   182
   209
   209
   205
   199
   189
   183
   184
   192
   197
   197
   192
   189
   177
   167
   157
   153
   154
   151
   153
   167
   165
   166
   168
   171
   171
   178
   179
   173
   166
   161
   162
   155
   141
   134
   131
   133
   133
   125
   126
   118
   105
    95
    95
    82
    99
   102
   103
   116
   115
   108
   116
   121
   125
   141
   143
   137
   144
   144
    66
    62
    66
    64
    69
    71
    81
    66
    81
    86
    87
    80
    87
    90
   110
    86
    74
    73
   117
    99
   120
    94
    83
    54
    70
    69
    42
    56
    40
    43
    57
    99
   143
   187
   196
   198
   195
   197
   196
   195
   193
   187
   190
   154
   148
   181
   196
   202
   194
   134
    81
   125
   149
   171
   183
   199
   205
   202
   193
   190
   191
   196
   199
   202
   202
   196
   186
   179
   167
   162
   160
   160
   161
   164
   176
   180
   181
   179
   175
   178
   175
   176
   170
   159
   154
   154
   161
   152
   151
   150
   147
   147
   125
    98
    89
    93
   112
   127
   125
   124
   137
   137
   124
   135
   134
   125
   121
   138
   142
   152
   156
   131
    58
    63
    59
    61
    60
    72
    76
    79
    71
    84
    82
    98
    94
   101
   105
    94
    69
    92
   129
   102
   108
    89
    97
    56
    65
    66
    59
    49
    47
    41
    29
    48
   108
   168
   198
   201
   197
   198
   196
   201
   197
   193
   190
   188
   139
   158
   201
   198
   195
   189
   179
   126
   123
   177
   194
   199
   203
   203
   199
   191
   194
   199
   200
   199
   208
   210
   206
   194
   181
   172
   164
   160
   164
   173
   177
   180
   183
   188
   178
   183
   180
   178
   179
   174
   160
   165
   167
   169
   162
   161
   150
   140
    99
    85
    98
   106
   113
   140
   106
   124
   143
   131
   121
   137
   143
   135
   129
   135
   140
   129
   131
   115
    55
    58
    64
    65
    62
    67
    68
    79
    82
    78
    96
    97
    94
   112
   101
    92
    69
   101
   117
    97
    94
    84
    89
    81
    65
    77
    56
    54
    56
    49
    44
    25
    30
   104
   174
   203
   205
   203
   202
   204
   206
   192
   190
   196
   169
   136
   147
   197
   188
   188
   183
   190
   175
   172
   185
   195
   202
   201
   188
   189
   197
   199
   203
   204
   206
   209
   204
   195
   181
   170
   167
   161
   160
   166
   172
   175
   182
   190
   174
   179
   183
   179
   173
   174
   179
   178
   163
   158
   158
   138
   119
    99
    97
   120
   129
   125
   155
   151
   158
   154
   158
   156
   134
   154
   155
   157
   160
   161
   158
   166
   171
   180
    60
    59
    66
    60
    63
    64
    72
    79
    63
    78
    64
    84
    98
   100
   106
    91
   107
   131
    94
    83
    97
    92
    80
    65
    76
    79
    63
    51
    57
    57
    39
    37
    27
    26
    81
   157
   202
   211
   206
   205
   208
   209
   206
   204
   206
   179
   139
   154
   180
   193
   185
   183
   181
   175
   179
   180
   185
   189
   189
   183
   197
   201
   204
   205
   206
   207
   206
   197
   188
   178
   169
   161
   169
   168
   172
   171
   170
   176
   180
   181
   182
   181
   179
   171
   171
   168
   172
   166
   158
   134
   122
   132
   144
   146
   133
   131
   118
   118
   121
   109
   107
   104
   101
    92
    91
    99
    94
   103
   107
   108
   101
   112
    59
    60
    62
    62
    62
    73
    72
    65
    64
    63
    87
    65
    92
   110
    91
   104
   114
    94
    75
    69
    88
    99
    75
    69
    85
    87
    69
    58
    49
    60
    39
    43
    25
    31
    18
    49
   100
   157
   205
   215
   208
   207
   208
   209
   205
   208
   188
   159
   172
   190
   195
   196
   193
   188
   182
   180
   183
   188
   191
   198
   202
   203
   201
   202
   202
   201
   198
   198
   194
   186
   178
   174
   165
   166
   169
   175
   177
   178
   176
   181
   185
   186
   174
   181
   180
   182
   176
   144
   102
    95
    87
    68
    56
    51
    55
    55
    47
    44
    49
    58
    51
    52
    54
    51
    52
    49
    49
    48
    48
    49
    49
    35
    62
    64
    63
    61
    59
    66
    62
    62
    59
    64
    71
    84
    85
   106
    98
    99
    88
    80
    79
    88
    94
    99
    91
    89
    90
    97
    72
    56
    60
    59
    43
    52
    35
    24
    24
    14
    23
    50
    95
   170
   219
   226
   217
   208
   204
   204
   205
   199
   184
   178
   198
   203
   200
   202
   201
   197
   199
   199
   201
   202
   203
   208
   205
   203
   200
   199
   191
   180
   185
   183
   178
   170
   169
   171
   170
   167
   170
   182
   173
   181
   184
   175
   177
   182
   175
   156
   115
    88
    64
    55
    50
    50
    52
    53
    49
    54
    57
    62
    55
    58
    55
    63
    59
    58
    57
    61
    62
    58
    63
    60
    59
    65
    58
    55
    60
    58
    58
    62
    69
    72
    77
    71
    61
    61
    64
    85
   109
    97
    84
   106
   111
    96
    92
    91
    92
    87
    79
    97
    83
    65
    59
    60
    54
    61
    50
    27
    26
    32
    29
    27
    36
    44
    64
   117
   184
   228
   234
   224
   213
   205
   207
   196
   191
   195
   204
   201
   206
   207
   205
   207
   205
   206
   205
   208
   213
   210
   206
   201
   188
   174
   183
   187
   185
   184
   187
   187
   186
   176
   176
   173
   171
   177
   183
   187
   177
   148
   113
    69
    62
    69
    67
    57
    59
    58
    54
    54
    57
    58
    58
    61
    61
    59
    63
    54
    62
    63
    65
    60
    60
    63
    59
    62
    58
    59
    63
    58
    62
    63
    62
    59
    71
    67
    60
    66
    65
    64
    75
    88
    75
    97
    91
    85
    97
   100
   100
   103
    98
    93
    90
    93
    78
    75
    62
    66
    59
    67
    62
    44
    32
    33
    34
    27
    35
    56
    79
    83
    63
    72
   106
   164
   202
   223
   230
   224
   212
   203
   198
   201
   198
   203
   205
   207
   209
   208
   212
   209
   209
   207
   204
   200
   199
   200
   192
   187
   183
   184
   183
   183
   183
   185
   184
   186
   178
   183
   167
   136
    97
    63
    48
    46
    53
    56
    53
    58
    58
    61
    61
    62
    60
    62
    61
    66
    66
    61
    62
    65
    59
    60
    57
    61
    59
    59
    61
    60
    64
    62
    59
    61
    59
    63
    62
    58
    61
    63
    65
    61
    64
    67
    64
    75
    82
    84
   103
   103
    95
    88
   103
    99
   101
    95
    98
    94
    77
    75
    73
    72
    72
    68
    53
    34
    30
    30
    40
    31
    30
    40
    41
    64
    85
    86
   105
    87
    71
    93
   137
   184
   217
   228
   226
   213
   208
   205
   205
   204
   205
   204
   204
   204
   202
   202
   201
   202
   200
   197
   202
   198
   195
   183
   172
   168
   171
   158
   139
   136
   136
   118
    97
    86
    48
    38
    50
    56
    60
    57
    60
    60
    64
    63
    65
    64
    60
    61
    63
    59
    63
    60
    60
    60
    63
    62
    63
    62
    60
    57
    60
    59
    62
    61
    58
    60
    61
    59
    65
    67
    65
    60
    59
    63
    66
    65
    62
    66
    64
    80
    81
   109
   104
   107
   110
   108
   102
    98
   102
    84
    76
    84
    80
    74
    86
    66
    52
    49
    32
    32
    36
    37
    32
    37
    52
    43
    44
    54
    43
    47
    53
    33
    23
    23
    71
   102
   146
   192
   220
   226
   229
   223
   218
   214
   209
   203
   199
   198
   200
   200
   197
   190
   174
   163
   153
   149
   131
   127
   128
   118
   136
   163
   165
   153
    74
    21
    43
    60
    62
    62
    59
    62
    61
    63
    58
    60
    60
    64
    61
    58
    60
    60
    60
    61
    63
    63
    64
    60
    63
    60
    60
    60
    52
    56
    60
    60
    64
    60
    60
    62
    57
    58
    62
    66
    63
    64
    60
    60
    63
    65
    61
    69
    73
    90
    89
    86
   105
   103
    99
    97
   102
    78
    75
    79
    67
    70
    71
    63
    46
    51
    39
    35
    34
    30
    35
    43
    47
    66
    58
    53
    50
    48
    37
    59
    53
    45
    41
    49
    38
    65
    92
   120
   134
   160
   170
   195
   202
   216
   202
   181
   174
   140
   108
    90
    82
    78
   101
   109
   158
   204
   189
   199
   203
   195
   181
   151
    66
    42
    63
    58
    58
    62
    67
    63
    59
    62
    67
    62
    66
    61
    61
    63
    65
    58
    58
    59
    60
    62
    61
    61
    58
    61
    63
    60
    60
    62
    62
    56
    61
    59
    61
    61
    66
    65
    65
    65
    66
    63
    59
    67
    66
    65
    77
    66
    70
    72
    86
   105
   106
   107
   111
   106
    99
    73
    87
    92
    73
    76
    73
    57
    43
    43
    34
    39
    50
    39
    37
    35
    31
    58
    79
    76
    56
    45
    57
    44
    68
    47
    43
    47
    58
    39
    56
    75
    86
    81
    92
    99
    72
    61
    81
    89
    91
    65
    80
    94
   101
   103
   108
   169
   201
   210
   209
   202
   199
   199
   186
   132
    59
    64
    62
    64
    64
    62
    61
    64
    67
    61
    59
    63
    62
    59
    63
    59
    54
    62
    61
    54
    58
    59
    62
    63
    67
    63
    56
    56
    58
    60
    54
    59
    55
    58
    63
    63
    64
    65
    67
    64
    62
    63
    62
    67
    79
    68
    68
    70
    68
    85
    76
    86
    97
    88
    98
   102
   102
    99
    76
    87
    73
    84
    79
    67
    50
    45
    53
    46
    55
    41
    39
    44
    40
    29
    43
    62
    63
    48
    38
    42
    51
    57
    49
    42
    39
    48
    49
    53
    57
    69
    63
    59
    52
    53
    64
    64
    61
   111
    91
    77
    97
   104
   103
   133
   207
   207
   206
   203
   204
   208
   165
    75
    66
    70
    68
    67
    67
    70
    66
    65
    59
    63
    62
    63
    62
    65
    59
    60
    63
    61
    61
    64
    51
    56
    57
    57
    58
    58
    57
    58
    57
    59
    58
    62
    61
    63
    63
    60
    60
    63
    64
    64
    66
    64
    66
    68
    69
    70
    70
    67
    67
    67
    84
    76
    82
    88
    94
   101
    98
    89
    92
    88
    81
    83
    82
    72
    56
    45
    37
    36
    47
    47
    40
    41
    41
    47
    40
    42
    60
    54
    39
    46
    47
    54
    40
    46
    42
    38
    44
    42
    51
    56
    66
    66
    97
   105
   126
   159
   126
   120
   138
   126
   119
   119
   120
   141
   185
   179
   200
   216
   205
   147
    64
    54
    65
    66
    64
    65
    68
    61
    66
    65
    68
    66
    69
    66
    68
    65
    65
    66
    60
    61
    63
    63
    62
    58
    57
    63
    60
    58
    58
    60
    64
    61
    61
    57
    62
    55
    59
    62
    59
    60
    64
    62
    63
    63
    65
    75
    63
    61
    63
    64
    69
    70
    77
    90
    96
    92
   103
    99
    81
   106
   101
    91
    84
    91
    86
    76
    54
    56
    57
    70
    57
    54
    43
    43
    44
    49
    44
    55
    52
    67
    42
    39
    44
    49
    45
    45
    42
    32
    31
    40
    37
    46
    52
    75
    94
   116
   115
   126
   139
   143
   201
   198
   188
   180
   170
   195
   202
   218
   218
   151
    50
    28
    40
    63
    60
    64
    63
    63
    64
    62
    64
    67
    64
    63
    63
    64
    63
    63
    63
    67
    69
    68
    67
    65
    66
    64
    64
    61
    63
    58
    55
    58
    59
    61
    58
    58
    60
    64
    58
    57
    63
    66
    66
    69
    63
    63
    68
    67
    68
    66
    60
    65
    70
    62
    72
    73
   108
   118
    96
    85
    85
    95
   104
    97
   100
   101
   105
    90
    68
    51
    61
    60
    62
    53
    57
    60
    84
    42
    46
    41
    59
    63
    55
    44
    48
    41
    48
    42
    26
    44
    32
    38
    52
    58
    77
   101
    99
    55
    47
    59
    39
    47
    88
   137
   177
   218
   227
   198
   175
   122
    55
    33
    59
    69
    73
    64
    65
    63
    69
    66
    64
    67
    65
    65
    66
    66
    68
    66
    71
    70
    66
    63
    64
    68
    68
    62
    64
    68
    70
    67
    65
    61
    64
    59
    58
    60
    61
    61
    59
    59
    60
    58
    58
    62
    62
    62
    63
    67
    64
    64
    67
    64
    70
    62
    66
    68
    60
    72
   103
   128
   114
   111
   105
    89
    76
    89
   110
   100
   108
   109
    94
    76
    98
    72
    59
    74
    57
    68
    58
    63
    51
    64
    60
    65
    68
    52
    54
    55
    54
    55
    57
    32
    39
    41
    48
    63
    98
   137
    81
    66
    74
    68
    93
   117
   117
   100
    76
    57
    39
    29
    36
    36
    53
    67
    68
    68
    69
    66
    65
    66
    68
    65
    65
    62
    64
    64
    62
    64
    60
    60
    62
    59
    67
    66
    66
    68
    68
    68
    64
    60
    62
    63
    62
    60
    60
    61
    57
    53
    59
    58
    62
    62
    62
    62
    63
    62
    64
    66
    72
    67
    66
    63
    65
    64
    59
    63
    61
    64
    66
    62
    70
    92
    97
   115
    99
    93
    98
   104
    98
   101
   102
   100
    93
    74
   104
    90
    76
    95
    78
    71
    80
    69
    66
    58
    57
    48
    64
    53
    64
    70
    71
    62
    41
    39
    44
    40
    47
    47
    54
   104
   116
    90
    84
    83
    91
    81
    71
    61
    30
    32
    40
    53
    60
    68
    61
    66
    70
    71
    69
    67
    66
    66
    65
    68
    66
    65
    63
    64
    65
    63
    60
    70
    67
    66
    61
    64
    64
    64
    62
    69
    67
    62
    63
    65
    64
    63
    63
    62
    60
    63
    60
    58
    58
    61
    57
    61
    62
    64
    61
    65
    63
    60
    63
    65
    59
    64
    63
    60
    63
    63
    62
    62
    66
    86
   106
   103
    96
   115
   107
   111
   102
    97
    95
   104
   101
    81
    64
    88
    94
    97
   104
    91
    89
    90
    67
    75
    74
    78
    79
    80
    78
    80
    77
    56
    58
    58
    62
    51
    50
    61
    45
    25
    24
    32
    23
    27
    54
    63
    77
    64
    55
    60
    76
    71
    69
    64
    64
    61
    57
    56
    62
    62
    65
    64
    60
    62
    66
    65
    63
    63
    59
    66
    69
    63
    63
    64
    71
    68
    63
    65
    65
    60
    66
    64
    67
    64
    68
    67
    61
    58
    64
    61
    64
    60
    60
    60
    63
    64
    65
    61
    60
    62
    64
    64
    61
    60
    67
    64
    65
    65
    65
    67
    65
    65
    68
    72
    69
    97
    84
    91
   117
    94
    86
    73
    80
    76
    88
    99
    97
    84
    68
    63
    81
   119
    94
    85
    88
    65
    67
    59
    70
    57
    65
    73
    67
    58
    49
    51
    58
    72
    47
    46
    45
    52
    83
    78
    82
    75
    49
    41
    52
    60
    65
    60
    63
    62
    66
    64
    68
    65
    67
    66
    67
    59
    59
    65
    65
    65
    65
    66
    65
    65
    68
    64
    61
    63
    65
    65
    62
    62
    65
    63
    67
    64
    57
    61
    55
    56
    62
    63
    64
    68
    60
    56
    55
    60
    57
    62
    57
    59
    62
    64
    63
    64
    65
    65
    65
    66
    61
    64
    64
    62
    60
    60
    63
    63
    60
    62
    61
    84
    96
    81
    84
   103
    79
    76
    70
    61
    60
    71
    77
    87
    97
    99
    79
    66
    87
   101
   106
    99
    95
    95
    59
    79
    75
    57
    66
    80
    70
    53
    46
    54
    50
    36
    36
    40
    49
    71
    57
    53
    55
    62
    63
    69
    63
    64
    69
    67
    67
    66
    61
    62
    63
    63
    60
    67
    64
    64
    62
    64
    63
    65
    66
    67
    64
    67
    67
    65
    59
    63
    70
    69
    68
    65
    62
    64
    69
    66
    66
    68
    60
    58
    60
    57
    56
    64
    64
    65
    60
    59
    62
    65
    61
    62
    62
    62
    64
    63
    63
    62
    65
    66
    65
    64
    64
    62
    58
    61
    64
    63
    61
    72
    79
    72
    75
    94
    88
    81
    71
    67
    66
    67
    64
    68
    70
    73
    64
    70
    80
    90
   103
   120
   102
    82
    79
    83
    84
    64
    63
    68
    61
    49
    60
    75
    81
    67
    39
    42
    46
    45
    53
    61
    66
    71
    67
    66
    66
    66
    63
    69
    69
    68
    68
    64
    68
    66
    64
    59
    63
    63
    62
    62
    63
    66
    64
    61
    61
    65
    65
    58
    69
    66
    64
    64
    65
    65
    67
    68
    65
    67
    61
    60
    66
    62
    62
    62
    62
    57
    58
    58
    58
    60
    57
    59
    62
    64
    61
    61
    60
    66
    65
    68
    64
    60
    64
    63
    61
    60
    63
    61
    61
    61
    70
    69
    59
    61
    73
    75
    86
    77
    72
    75
    70
    61
    63
    62
    69
    74
    66
    63
    68
    67
    72
    82
    99
    85
    68
    58
    73
    80
    70
    79
    61
    68
    66
    64
    68
    76
    84
    70
    77
    58
    61
    67
    73
    68
    67
    65
    63
    62
    67
    68
    68
    69
    61
    65
    63
    68
    67
    64
    64
    63
    63
    67
    65
    64
    64
    58
    61
    62
    62
    68
    61
    63
    60
    63
    63
    62
    60
    64
    65
    67
    69
    62
    60
    62
    64
    61
    61
    65
    61
    64
    59
    61
    65
    61
    61
    61
    64
    58
    64
    64
    66
    60
    66
    63
    65
    62
    58
    63
    66
    64
    60
    61
    62
    64
    60
    67
    69
    67
    68
    67
    68
    67
    60
    62
    66
    64
    67
    71
    60
    67
    66
    64
    62
    59
    68
    88
    89
    80
    69
    75
    82
    64
    59
    68
    68
    70
    68
    67
    71
    71
    64
    71
    67
    76
    73
    67
    61
    63
    64
    65
    65
    66
    65
    65
    70
    69
    71
    71
    74
    71
    71
    73
    73
    64
    64
    65
    66
    70
    61
    65
    66
    61
    64
    65
    67
    60
    67
    69
    65
    66
    60
    62
    63
    61
    61
    65
    63
    67
    66
    61
    64
    60
