    46
    47
    46
    44
    33
    44
    45
    43
    38
    36
    43
    42
    40
    35
    37
    34
    38
    38
    44
    48
    36
    44
    42
    43
    42
    42
    38
    40
    17
    22
    29
    33
    39
    29
    33
    31
    29
    34
    29
    28
    28
    36
    38
    42
    38
    46
    28
    28
    40
    33
    39
    38
    38
    44
    36
    42
    37
    30
    34
    38
    38
    38
    34
    39
    34
    37
    44
    34
    38
    39
    44
    34
    35
    36
    38
    40
    38
    35
    42
    48
    46
    39
    41
    40
    33
    38
    36
    38
    44
    44
    51
    37
    39
    37
    41
    34
    41
    48
    39
    42
    43
    42
    37
    37
    41
    44
    38
    41
    40
    40
    38
    36
    41
    45
    48
    48
    47
    46
    47
    42
    48
    48
    44
    40
    44
    43
    43
    38
    44
    39
    38
    28
    30
    31
    48
    42
    38
    52
    27
    20
    27
    35
    29
    28
    22
    15
    10
    19
    25
    23
    26
    27
    23
    21
    22
    27
    31
    34
    43
    36
    30
    38
    32
    33
    36
    29
    39
    31
    39
    40
    39
    38
    32
    37
    34
    42
    35
    40
    38
    38
    34
    39
    39
    36
    40
    42
    39
    36
    40
    37
    39
    36
    32
    39
    42
    40
    42
    39
    36
    40
    36
    34
    38
    44
    35
    39
    39
    42
    36
    38
    37
    31
    40
    41
    37
    34
    39
    36
    39
    47
    35
    41
    43
    40
    45
    47
    46
    44
    40
    48
    43
    45
    43
    49
    53
    51
    55
    47
    55
    53
    38
    37
    35
    33
    43
    38
    30
    63
    78
    57
    29
    40
    47
    43
    50
    44
    42
    65
    87
    72
    37
    27
    33
    24
    30
    23
    25
    30
    26
    23
    29
    36
    47
    42
    44
    52
    41
    46
    40
    37
    34
     9
     4
    36
    38
    44
    50
    30
    46
    11
    11
    27
    24
    52
    35
    26
    52
    37
    45
    39
    35
    42
    20
    42
    42
    33
    38
    45
    41
    39
    39
    39
    48
    42
    43
    34
    46
    43
    40
    38
    36
    35
    33
    38
    31
    36
    43
    42
    33
    44
    44
    34
    46
    38
    45
    38
    49
    40
    43
    42
    49
    42
    44
    47
    48
    38
    41
    32
    35
    39
    39
    45
    47
    37
    38
    41
    33
    31
    62
    58
    48
    26
    28
    46
    90
    77
    56
    52
    51
    52
    55
    72
   104
    86
    56
    44
    37
    30
    24
    21
    22
    22
    16
    14
    14
    34
    32
    38
    48
    39
    40
    35
    22
    74
    73
    19
     5
    12
    25
    11
    14
    23
    26
    20
    16
    12
    13
    15
    10
    15
    18
    35
    32
     9
    15
    11
    28
    36
    36
    40
    43
    39
    41
    36
    31
    37
    32
    38
    38
    34
    29
    35
    36
    37
    37
    35
    42
    33
    37
    36
    37
    34
    40
    44
    34
    43
    38
    40
    48
    47
    44
    51
    45
    53
    43
    41
    36
    31
    20
    25
    32
    30
    29
    34
    38
    54
    63
    43
    39
    77
    46
    44
    32
    31
    34
    69
    72
    51
    32
    23
    28
    37
    46
    61
    71
    42
    44
    27
    26
    30
    26
    27
    28
    22
    25
    16
    18
    22
    26
    35
    30
    35
    38
    33
    88
   122
    95
   118
   111
    65
    69
    81
   107
   116
   122
   137
   129
   116
   130
   129
   126
    72
    49
    43
    54
    99
   135
   114
    39
    31
    40
    38
    30
    37
    30
    34
    41
    37
    36
    36
    33
    36
    40
    31
    35
    41
    32
    37
    30
    45
    36
    35
    38
    43
    39
    35
    38
    41
    45
    39
    51
    46
    50
    44
    41
    43
    50
    51
    56
    42
    38
    34
    38
    28
    29
    27
    56
    69
    72
    38
    54
    57
    24
    30
    45
    41
    43
    35
    32
    26
    29
    29
    36
    45
    66
    46
    28
    39
    21
    31
    37
    29
    38
    13
    26
    28
    14
    35
    19
    14
    13
     0
     0
     1
     6
    16
    55
    98
   127
   106
   141
   151
   138
   150
   121
   104
    91
    98
   129
   136
   111
   103
   121
   152
   151
   138
   152
   138
   129
   137
    81
    36
    32
    41
    57
    39
    51
    40
    31
    36
    35
    41
    42
    35
    29
    37
    35
    31
    39
    43
    38
    31
    39
    46
    38
    41
    41
    43
    40
    44
    36
    40
    47
    45
    41
    46
    45
    47
    46
    24
    40
    41
    36
    38
    35
    35
    34
    43
    53
    52
    39
    40
    39
    24
    41
    49
    33
    28
    34
    30
    24
    35
    42
    57
    60
    62
    62
    47
    40
    26
    24
    31
    22
    19
    27
    37
    41
    43
    41
    31
    20
    32
    45
    54
    80
    99
   128
   138
   139
   136
   128
   131
   134
   132
   134
   137
   136
   138
   140
   142
   136
   132
   139
   138
   134
   137
   132
   133
   133
   127
   127
   128
   118
    68
    10
     7
     0
     8
     6
    17
    39
    49
    42
    31
    29
    37
    37
    30
    36
    37
    39
    38
    38
    35
    39
    38
    40
    42
    36
    39
    38
    36
    39
    36
    40
    46
    51
    42
    45
    51
    64
    68
    39
    38
    44
    38
    40
    39
    44
    50
    59
    55
    35
    36
    23
    29
    47
    25
    27
    28
    33
    30
    30
    31
    58
    66
    72
    47
    48
    61
    57
    47
    55
    57
    66
    82
    89
    95
   109
   100
   103
   118
   133
   137
   154
   159
   160
   162
   145
   147
   144
   133
   133
   135
   146
   147
   137
   136
   140
   142
   139
   123
   133
   137
   131
   136
   132
   130
   135
   130
   132
   140
   135
   140
   149
   171
   182
   154
   122
    83
    20
     1
     1
     0
     5
    48
    54
    25
    38
    39
    37
    45
    41
    31
    33
    35
    38
    39
    34
    36
    40
    36
    36
    42
    40
    41
    44
    44
    44
    39
    35
    54
    57
    73
    66
    52
    58
    69
    69
    54
    50
    49
    60
    55
    36
    30
    28
    39
    46
    35
    35
    27
    38
    30
    32
    61
    51
    67
    75
    87
    95
    99
   102
   118
   125
   123
   121
   128
   129
   123
   117
   107
   100
   111
   114
   123
   131
   135
   135
   135
   134
   130
   126
   130
   139
   139
   143
   142
   143
   144
   137
   140
   140
   142
   143
   147
   141
   146
   143
   145
   143
   143
   141
   137
   134
   132
   131
   141
   151
   155
   160
   160
   169
   157
   137
   104
    54
     8
     1
    19
    38
    37
    30
    36
    38
    42
    39
    37
    38
    36
    41
    37
    37
    39
    38
    39
    38
    39
    50
    49
    48
    62
    62
    90
    68
    52
    63
    82
    68
    68
    72
    60
    73
    61
    46
    60
    36
    42
    36
    50
    40
    32
    25
    37
    16
    35
    69
    54
    96
    95
   103
   122
   122
   133
   135
   129
   119
   112
   121
   128
   129
   124
   119
   119
   121
   117
   131
   130
   135
   143
   138
   121
   122
   119
   127
   134
   134
   136
   143
   144
   146
   144
   145
   144
   138
   144
   146
   147
   149
   146
   153
   150
   149
   146
   144
   147
   142
   139
   137
   131
   119
   129
   134
   144
   137
   152
   155
   163
   187
   163
   114
    17
     0
     3
    48
    29
    33
    35
    35
    36
    38
    40
    39
    45
    36
    34
    45
    41
    43
    47
    41
    43
    49
    48
    70
    72
    88
    74
    68
    75
    84
    69
    49
    48
    56
    55
    59
    36
    36
    45
    59
    55
    29
    21
    33
    47
    69
    83
    95
   106
   124
   128
   131
   131
   137
   134
   128
   136
   138
   149
   142
   126
   117
   104
   111
   113
   132
   135
   131
   133
   132
   127
   123
   120
   114
   120
   133
   129
   141
   141
   145
   144
   143
   144
   150
   149
   151
   151
   152
   157
   156
   162
   157
   159
   155
   156
   155
   156
   161
   163
   159
   149
   150
   149
   140
   133
   138
   137
   136
   138
   139
   141
   150
   150
   127
    67
     8
    18
    41
    35
    36
    40
    36
    35
    36
    34
    41
    42
    39
    38
    40
    37
    64
    54
    59
    51
    45
    77
    99
   106
   108
    97
    68
    87
    67
    54
    63
    69
    50
    48
    54
    60
    46
    18
    20
    46
    85
   113
   120
   122
   127
   133
   130
   129
   127
   137
   132
   134
   142
   140
   153
   146
   127
   110
   109
   104
   112
   128
   134
   134
   134
   124
   120
   116
   112
   114
   115
   127
   132
   142
   140
   143
   146
   153
   141
   154
   151
   152
   152
   159
   166
   169
   159
   152
   162
   157
   158
   159
   162
   167
   159
   154
   162
   165
   161
   161
   160
   152
   145
   149
   150
   153
   152
   133
   128
   141
   128
   154
   150
     5
     4
    35
    33
    35
    40
    50
    39
    42
    35
    35
    39
    36
    32
    35
    60
    64
    56
    71
    72
    84
    96
    98
    91
    86
    74
    63
    65
    54
    60
    55
    48
    53
    52
    32
    20
    44
    80
   113
   120
   123
   129
   131
   132
   133
   136
   137
   140
   141
   141
   147
   149
   151
   145
   129
   125
   108
   101
   110
   119
   129
   129
   135
   124
   114
    94
    98
   111
   114
   123
   129
   135
   139
   143
   148
   151
   150
   152
   153
   158
   159
   161
   156
   155
   156
   159
   161
   155
   164
   158
   163
   164
   161
   154
   157
   163
   168
   172
   165
   164
   158
   154
   150
   152
   147
   149
   156
   151
   150
   154
   147
   150
   145
    86
    11
    30
    42
    33
    32
    35
    38
    38
    36
    35
    43
    41
    38
    60
    45
    54
    63
    70
    75
    97
    97
    69
    92
    82
    48
    71
    57
    64
    47
    49
    51
    27
    11
    65
   110
   125
   123
   132
   126
   141
   135
   142
   143
   140
   145
   143
   146
   146
   147
   152
   147
   134
   119
   118
   102
   104
   111
   128
   134
   131
   108
    88
    96
    75
   101
   116
   118
   124
   130
   144
   140
   141
   151
   151
   150
   153
   160
   159
   155
   153
   157
   156
   160
   159
   159
   163
   159
   154
   159
   149
   150
   154
   156
   161
   160
   172
   166
   163
   162
   159
   162
   161
   166
   162
   150
   143
   138
   142
   146
   151
   150
   152
   146
    26
     7
    41
    38
    42
    26
    35
    39
    41
    30
    36
    36
    59
    66
    67
    43
    64
    83
    79
    89
    73
    83
    93
    66
    68
    53
    61
    49
    54
    34
    32
    75
   113
   127
   129
   128
   129
   139
   139
   143
   140
   143
   148
   151
   149
   150
   154
   149
   149
   144
   132
   127
   122
   106
   102
   107
   124
   126
   111
    90
    92
    64
    72
    98
   120
   124
   128
   131
   139
   142
   147
   146
   151
   157
   154
   156
   154
   155
   158
   154
   155
   159
   158
   156
   163
   159
   160
   152
   150
   153
   149
   150
   145
   151
   148
   153
   153
   156
   155
   157
   163
   165
   159
   154
   157
   151
   146
   144
   143
   140
   144
   157
   133
    33
    22
    29
    32
    39
    44
    38
    43
    46
    41
    45
    55
    55
    58
    60
    53
    83
    75
    79
    92
    57
    72
    70
    65
    48
    71
    59
    42
    29
    82
   113
   113
   125
   129
   133
   134
   133
   140
   139
   142
   148
   143
   142
   150
   153
   155
   153
   148
   148
   140
   121
   120
    96
    97
   108
   132
   129
   111
   110
    44
    22
    68
    96
   132
   134
   130
   130
   134
   142
   147
   151
   151
   153
   157
   151
   150
   153
   149
   152
   152
   161
   154
   161
   157
   159
   153
   146
   144
   142
   145
   135
   141
   122
   124
   110
   119
   135
   149
   147
   146
   149
   154
   151
   151
   156
   150
   153
   146
   141
   131
   138
   140
   150
    71
     0
     7
     0
     0
     0
     0
     5
    23
     0
    63
    45
    50
    42
    52
    69
    73
    72
    76
    79
    59
    74
    70
    56
    58
    48
    36
    83
   109
   115
   123
   126
   127
   126
   132
   135
   135
   141
   142
   146
   153
   151
   148
   151
   151
   153
   153
   141
   126
   107
   103
   101
    87
   113
   130
   120
   103
    95
    62
    81
    72
    93
   135
   135
   132
   134
   141
   144
   141
   148
   150
   152
   148
   152
   152
   149
   150
   150
   152
   154
   155
   152
   157
   156
   154
   148
   146
   141
   136
   126
   112
   111
   102
   101
   106
   119
   133
   147
   143
   144
   142
   146
   133
   137
   136
   143
   136
   146
   139
   131
   137
   146
   148
   142
   132
   121
   104
    71
    65
    45
    34
    31
    45
    66
    67
    67
    59
    29
    54
    60
    78
    62
    61
    54
    58
    55
    48
    41
    74
   107
   109
   118
   123
   126
   133
   128
   130
   131
   140
   140
   144
   151
   147
   147
   145
   145
   153
   149
   147
   138
   131
   105
    83
    71
    84
   118
   126
   105
   111
    89
   123
   148
   104
   104
   141
   138
   130
   133
   140
   135
   144
   149
   153
   151
   150
   145
   149
   150
   150
   147
   144
   153
   154
   153
   157
   159
   142
   141
   138
   129
   114
   101
    81
    61
    65
    94
   107
   127
   145
   145
   151
   151
   147
   153
   156
   147
   148
   148
   149
   149
   146
   146
   133
   127
   140
   134
   143
   151
   153
   148
   159
   154
   163
   161
    61
    45
    52
    62
    63
    52
    27
    37
    58
    49
    50
    60
    54
    59
    43
    54
    94
   114
   117
   120
   128
   130
   130
   139
   136
   140
   138
   147
   150
   149
   156
   150
   151
   152
   152
   151
   151
   146
   137
   118
    90
    64
    69
   132
   129
   106
    95
    94
   166
   182
   149
   106
   143
   139
   135
   141
   139
   140
   141
   148
   149
   149
   145
   144
   146
   153
   149
   152
   150
   153
   150
   151
   149
   146
   153
   137
   131
   118
   103
    70
    45
    34
    71
   102
   123
   137
   145
   152
   144
   152
   155
   154
   145
   143
   136
   143
   144
   141
   147
   147
   133
   127
   119
   128
   127
   141
   139
   144
   145
   150
   149
   155
    61
    75
    67
    46
    64
    77
    82
    51
    41
    54
    48
    48
    50
    37
    49
    90
   100
   115
   113
   122
   129
   134
   137
   136
   139
   146
   145
   145
   146
   146
   149
   147
   152
   150
   156
   155
   151
   141
   132
   105
    80
    63
    81
   126
   129
   111
    80
    37
     9
    26
    94
    90
   129
   140
   123
   134
   131
   138
   138
   145
   146
   145
   139
   141
   139
   144
   147
   145
   151
   151
   150
   148
   147
   155
   148
   146
   144
   140
   122
    84
    49
   104
   139
   132
   136
   145
   153
   151
   152
   150
   154
   150
   149
   144
   144
   142
   137
   139
   136
   137
   137
   140
   141
   122
   121
   118
   135
   125
   135
   137
   143
   152
    42
    65
    73
    77
    61
    48
    64
    44
    37
    46
    45
    59
    57
    48
    71
    96
   110
   116
   122
   125
   127
   135
   133
   135
   146
   143
   143
   147
   153
   150
   144
   150
   151
   154
   160
   151
   151
   142
   124
    96
    82
    65
    77
   118
   118
    99
    68
    45
   214
    69
   115
   102
   130
   133
   135
   131
   138
   130
   140
   139
   133
   139
   140
   138
   146
   138
   144
   144
   144
   148
   141
   141
   143
   144
   149
   149
   146
   145
   147
   120
    49
   104
   133
   149
   141
   130
   137
   148
   152
   155
   153
   152
   148
   147
   147
   135
   131
   144
   148
   142
   144
   130
   136
   134
   135
   123
   138
   152
   135
   143
   138
   147
    61
    51
    20
    30
    54
    55
    33
    48
    26
    38
    45
    50
    42
    46
    78
   101
   108
   112
   121
   127
   134
   136
   143
   146
   146
   151
   153
   149
   143
   147
   158
   156
   159
   160
   160
   156
   154
   150
   130
   103
    67
    78
    87
   122
   115
    86
    44
    48
    45
    70
    61
    96
   115
   123
   124
   133
   138
   134
   129
   127
   131
   135
   137
   138
   137
   137
   135
   142
   148
   145
   144
   145
   145
   141
   139
   140
   131
   141
   134
   103
    66
    88
   136
   146
   144
   143
   140
   146
   147
   146
   154
   155
   155
   150
   144
   148
   147
   140
   141
   142
   138
   148
   141
   133
   126
   122
   115
   139
   147
   137
   150
   154
    51
    76
    67
    13
    21
    53
    55
    42
    73
    34
    41
    56
    53
    72
    86
   102
   109
   119
   127
   132
   133
   143
   146
   152
   153
   152
   149
   142
   134
   153
   150
   159
   160
   157
   153
   159
   153
   154
   139
   103
    80
    58
    88
   118
   117
    77
    54
     1
     0
     2
    58
    76
   110
   113
   128
   133
   129
   121
   118
   126
   129
   131
   142
   138
   144
   140
   136
   145
   137
   146
   151
   149
   149
   150
   139
   142
   147
   141
   119
    98
    64
   120
   132
   148
   160
   157
   146
   151
   161
   160
   165
   162
   151
   148
   148
   150
   141
   150
   142
   150
   148
   138
   133
   135
   138
   127
   122
   121
   146
   150
   141
   153
    52
    40
    62
    72
    32
    28
    36
    47
    47
    48
    33
    44
    50
    75
    93
   102
   114
   121
   130
   132
   140
   149
   149
   148
   150
   152
   154
   152
   150
   149
   152
   153
   163
   155
   156
   162
   162
   157
   140
   101
    76
    73
    74
   110
   111
    70
    53
    77
    50
    68
    63
    85
   100
   102
   111
   114
   123
   122
   127
   130
   134
   136
   132
   141
   147
   147
   152
   148
   147
   141
   142
   140
   133
   136
   140
   144
   143
   132
   114
   102
   117
   120
   136
   146
   144
   146
   153
   152
   148
   155
   165
   155
   152
   146
   149
   155
   152
   145
   145
   146
   145
   144
   140
   129
   130
   131
   125
   119
   143
   144
   139
   144
    67
    64
    39
    63
    60
    43
    40
    31
    38
    48
    51
    47
    44
    73
   102
   116
   111
   120
   122
   133
   136
   152
   148
   154
   157
   154
   156
   155
   149
   151
   150
   155
   147
   160
   162
   161
   158
   161
   138
   112
    85
    70
    80
   100
   114
    58
    49
    61
    86
    62
    58
    80
    93
    97
   102
   114
   118
   123
   134
   137
   133
   136
   133
   138
   138
   139
   135
   146
   138
   146
   145
   140
   137
   143
   146
   149
   140
   125
   107
   104
   111
   120
   127
   143
   146
   148
   146
   147
   157
   159
   149
   145
   137
   146
   152
   155
   151
   158
   161
   168
   147
   142
   157
   161
   141
   126
   126
   123
   123
   155
   146
   136
    55
    67
    60
    54
    64
    51
    23
    27
    35
    44
    36
    43
    65
    92
    99
   106
   115
   124
   133
   140
   145
   152
   154
   152
   154
   157
   154
   150
   152
   153
   159
   159
   164
   163
   164
   164
   162
   159
   154
   125
   101
    82
    85
   103
   113
    50
    51
    51
    56
    64
    65
    68
    82
    90
   110
   115
   121
   123
   125
   133
   137
   149
   155
   146
   153
   141
   129
   109
   117
   116
   115
   120
   136
   148
   153
   150
   128
   109
   105
    92
   120
   122
   135
   145
   144
   147
   149
   151
   154
   148
   156
   155
   152
   154
   156
   159
   163
   155
   148
   139
   140
   136
   138
   134
   137
   138
   125
   117
   111
   139
   145
   133
    29
    29
    52
    72
    75
    67
    73
    34
    24
    44
    56
    51
    55
    86
    99
   103
   115
   127
   139
   134
   144
   151
   144
   147
   152
   153
   150
   154
   150
   150
   159
   163
   155
   155
   160
   166
   166
   162
   160
   142
   107
    83
    78
   109
   119
    79
    50
    63
    57
    70
    51
    64
    83
    95
   102
   107
   122
   129
   147
   142
   152
   159
   149
   133
   122
   148
   134
   112
   112
   120
   120
   129
   135
   149
   154
   142
   118
   119
   107
    91
   118
   118
   129
   142
   145
   146
   152
   150
   142
   154
   152
   151
   149
   153
   165
   168
   157
   152
   160
   155
   141
   132
   137
   129
   125
   127
   125
   120
   113
   122
   157
   157
    54
    70
    71
    71
    83
    75
    59
    42
    43
    44
    53
    49
    64
    88
    96
   109
   114
   128
   135
   142
   143
   147
   155
   149
   150
   155
   159
   155
   155
   158
   160
   160
   169
   167
   164
   161
   162
   165
   165
   150
   139
   116
   120
   119
   121
   115
    49
    62
    64
    41
    51
    84
    96
    95
   105
   112
   136
   144
   142
   146
   160
   157
   122
    59
    50
    95
   133
   117
   109
   116
   126
   130
   137
   148
   148
   131
   117
   115
    95
    92
   127
   135
   139
   143
   146
   146
   146
   143
   143
   141
   149
   146
   142
   153
   155
   154
   153
   149
   143
   149
   149
   138
   132
   130
   127
   126
   129
   121
   120
   126
   148
   154
   100
    79
    69
   101
    83
    56
    47
    64
    27
    36
    46
    41
    56
    81
    94
   105
   120
   134
   143
   132
   140
   142
   149
   143
   151
   155
   139
   151
   153
   161
   166
   169
   166
   167
   166
   164
   165
   165
   167
   161
   136
   129
   125
   120
   124
   110
   100
    50
    99
    95
    46
    94
    97
    93
   109
   141
   155
   139
   136
   152
   143
   151
   108
    14
    21
    80
   122
   113
   112
   108
   112
   129
   144
   143
   144
   132
   113
   105
    93
    95
   120
   128
   132
   137
   141
   141
   146
   142
   126
   148
   155
   159
   151
   154
   159
   157
   158
   151
   150
   140
   138
   129
   121
   122
   135
   138
   122
   119
   107
   110
   144
   157
    64
    61
    63
    55
    73
    73
    66
    56
    62
    38
    39
    57
    67
    80
    96
   101
   117
   131
   134
   138
   138
   145
   144
   148
   143
   142
   144
   150
   151
   160
   161
   164
   165
   169
   169
   164
   163
   163
   158
   149
   143
   126
   118
   122
   131
   134
   118
    96
    84
   107
   109
    95
    98
   113
   137
   138
   126
   133
   145
   137
   140
   140
   105
    42
    17
    69
   127
   130
   122
   122
   122
   132
   139
   145
   143
   124
   115
   118
    95
    91
   129
   128
   134
   135
   133
   136
   134
   138
   140
   143
   150
   161
   165
   157
   150
   153
   148
   143
   141
   141
   136
   137
   134
   129
   124
   122
   117
   110
   114
   123
   124
   150
    53
    52
    72
    84
    78
    97
    71
    49
    48
    64
    52
    34
    72
    91
    92
   107
   123
   130
   132
   132
   142
   146
   144
   137
   145
   150
   149
   159
   159
   165
   170
   169
   163
   161
   163
   166
   165
   163
   153
   157
   149
   141
   145
   130
   128
   141
   122
   118
   123
    99
    91
   101
   127
   136
   129
   112
   133
   138
   146
   168
   149
   141
   129
    42
    33
    94
   120
   136
   131
   130
   136
   136
   135
   130
   143
   125
   110
   107
    98
   102
   120
   121
   127
   134
   135
   134
   129
   131
   128
   149
   145
   152
   154
   146
   146
   153
   155
   147
   149
   151
   145
   135
   127
   127
   131
   135
   127
   117
   119
   116
   119
   145
    52
    56
    56
    57
    60
    74
   112
    81
    46
    53
    55
    54
    72
    89
    92
   105
   116
   124
   127
   134
   139
   143
   144
   147
   149
   149
   156
   155
   159
   164
   166
   170
   169
   168
   166
   162
   160
   164
   164
   159
   153
   151
   144
   137
   130
   132
   139
   131
   113
   116
   118
   128
   130
   133
   120
   127
   147
   153
   162
   173
   166
   144
   141
   108
    89
   136
   143
   135
   142
   143
   141
   139
   137
   137
   139
   124
   113
   114
   100
    83
   132
   126
   130
   138
   134
   131
   128
   126
   129
   137
   148
   152
   155
   157
   152
   146
   146
   146
   148
   149
   138
   135
   133
   127
   121
   124
   114
   112
   114
   117
   115
   140
    60
    59
    71
    57
    40
    46
    37
    67
    67
    45
    55
    65
    71
    76
    94
   100
   121
   125
   134
   130
   142
   142
   144
   136
   149
   148
   159
   164
   155
   163
   168
   165
   161
   162
   171
   167
   167
   165
   161
   159
   153
   158
   154
   142
   147
   153
   141
   149
   143
   143
   150
   144
   144
   137
   129
   149
   158
   175
   161
   159
   162
   149
   150
   147
   142
   145
   142
   136
   143
   141
   128
   125
   129
   120
   130
   118
   101
   108
    97
    94
   120
   122
   120
   131
   122
   119
   120
   129
   135
   146
   147
   152
   158
   150
   149
   145
   143
   138
   132
   145
   138
   129
   126
   124
   113
   108
   114
   103
   105
   111
   112
   127
    31
    40
    49
    79
    79
    62
    60
    56
    80
    62
    52
    53
    68
    86
    91
   108
   123
   131
   135
   138
   135
   138
   137
   143
   148
   154
   161
   157
   160
   162
   159
   165
   168
   164
   161
   162
   164
   167
   167
   161
   154
   150
   144
   148
   154
   154
   154
   145
   148
   150
   154
   155
   151
   143
   140
   152
   164
   164
   164
   160
   156
   148
   137
   133
   139
   130
   128
   123
   129
   128
   123
   130
   134
   125
   131
   125
   109
   100
    92
    95
   123
   124
   126
   128
   124
   121
   125
   131
   134
   144
   152
   154
   147
   146
   148
   148
   146
   145
   142
   143
   141
   133
   127
   123
   120
   122
   118
   108
   106
   112
   119
   119
    53
    40
    33
    37
    45
    70
    68
    49
    63
    66
    42
    58
    64
    76
   100
   112
   130
   137
   138
   137
   134
   133
   142
   140
   150
   151
   155
   159
   167
   168
   171
   171
   168
   169
   164
   165
   163
   163
   159
   159
   162
   154
   153
   160
   154
   154
   158
   156
   156
   157
   158
   158
   152
   150
   151
   155
   159
   169
   158
   152
   140
   143
   137
   131
   131
   114
   119
   124
   131
   144
   142
   144
   134
   125
   128
   117
   105
   102
    80
    70
   116
   122
   120
   125
   126
   127
   126
   123
   125
   130
   140
   146
   150
   153
   148
   149
   147
   146
   139
   145
   140
   129
   126
   123
   114
   111
   113
   110
   108
   107
   108
   118
     6
    19
    16
    18
    17
    26
    63
    57
    32
    67
    62
    53
    73
    84
    95
   121
   129
   139
   140
   134
   139
   143
   141
   146
   150
   157
   165
   162
   161
   165
   164
   163
   162
   161
   165
   164
   167
   167
   160
   158
   162
   161
   158
   157
   155
   154
   155
   161
   162
   162
   162
   164
   168
   157
   161
   154
   168
   168
   168
   163
   140
   140
   137
   151
   139
   119
   112
   123
   135
   144
   141
   146
   138
   134
   132
   122
   107
   104
   101
    94
   122
   128
   119
   123
   135
   129
   123
   131
   132
   128
   143
   151
   158
   151
   152
   153
   150
   149
   141
   126
   130
   129
   122
   116
   118
   112
   111
   104
   104
   108
   121
   127
    51
    46
    41
    26
    14
    14
     8
    47
    65
    42
    64
    58
    69
    87
   104
   120
   132
   133
   136
   137
   140
   135
   144
   147
   158
   162
   168
   169
   168
   167
   169
   166
   163
   162
   164
   164
   161
   163
   169
   163
   163
   162
   158
   149
   147
   157
   161
   162
   165
   168
   169
   165
   158
   159
   157
   157
   154
   159
   168
   169
   151
   143
   124
    68
    93
   129
   129
   137
   146
   145
   136
   142
   143
   137
   139
   115
   107
   101
    88
    78
   120
   126
   117
   116
   119
   132
   130
   135
   131
   138
   149
   152
   147
   155
   155
   158
   154
   151
   146
   141
   130
   130
   124
   116
   116
   109
   104
   103
   100
   103
   113
   111
    66
    85
    78
    75
    75
    62
    51
    21
    49
    57
    52
    66
    59
    94
   107
   126
   133
   133
   137
   135
   137
   151
   141
   152
   157
   163
   161
   168
   168
   165
   164
   162
   160
   165
   163
   161
   166
   166
   164
   167
   159
   157
   150
   140
   145
   164
   165
   174
   171
   171
   168
   168
   166
   161
   165
   165
   165
   160
   163
   163
   154
   137
   100
    29
    63
   113
   130
   133
   135
   128
   130
   135
   140
   144
   143
   126
   104
   114
    93
    67
   120
   139
   117
   111
   126
   126
   125
   135
   127
   128
   147
   146
   146
   157
   153
   156
   152
   149
   146
   136
   135
   130
   121
   110
   109
   113
   102
    96
   100
   113
   102
   102
    45
    44
    48
    56
    65
    71
    77
    69
    43
    42
    46
    80
    77
    93
   112
   124
   135
   137
   133
   136
   138
   142
   156
   153
   161
   164
   174
   169
   172
   170
   171
   169
   173
   169
   167
   167
   165
   165
   166
   163
   164
   153
   147
   145
   143
   153
   167
   173
   170
   162
   164
   169
   176
   175
   168
   170
   167
   173
   178
   171
   151
   135
   112
    30
    34
   116
   136
   126
   138
   142
   138
   129
   136
   146
   140
   117
   104
   107
    92
    67
   117
   123
   115
   117
   124
   126
   127
   131
   133
   132
   137
   148
   161
   157
   161
   153
   149
   148
   139
   143
   130
   120
   118
   109
   108
   101
    98
    97
    96
   105
   116
   108
    64
    46
    25
     6
    30
    25
    14
    30
    60
    71
    43
    73
    78
    72
   104
   130
   135
   128
   143
   150
   148
   147
   153
   157
   167
   164
   168
   170
   168
   170
   175
   172
   169
   169
   165
   164
   167
   168
   165
   162
   158
   147
   139
   137
   140
   153
   162
   174
   168
   165
   161
   171
   192
   188
   178
   168
   176
   170
   177
   185
   166
   142
   114
    50
    33
    69
   128
   117
   129
   145
   139
   137
   137
   140
   143
   130
   106
   103
    99
    79
   115
   131
   126
   120
   121
   121
   127
   130
   135
   135
   129
   158
   161
   163
   162
   160
   152
   157
   148
   137
   129
   117
   100
   105
    99
    99
    99
    89
    92
    96
    91
   108
    50
    43
    52
    52
    33
    32
    51
    45
    41
    54
    91
    64
    69
    85
   105
   129
   132
   137
   136
   143
   146
   149
   155
   159
   164
   169
   170
   170
   170
   168
   169
   171
   172
   167
   170
   165
   160
   160
   158
   165
   157
   133
   131
   138
   140
   148
   147
   152
   155
   162
   177
   187
   192
   189
   190
   189
   177
   171
   174
   180
   173
   150
   134
    32
    21
     7
   104
   116
   115
   137
   142
   143
   146
   154
   162
   151
   110
   100
   100
    79
   110
   135
   127
   125
   130
   129
   129
   135
   138
   146
   151
   150
   152
   157
   160
   161
   160
   147
   144
   136
   133
   123
   121
   110
   110
   106
    95
    88
    91
    89
   102
   101
    44
    50
    28
    19
    51
    37
    42
    37
    43
    41
    56
    72
    57
    84
   113
   119
   134
   132
   137
   141
   146
   157
   160
   162
   166
   166
   172
   172
   170
   170
   171
   166
   169
   168
   170
   165
   160
   154
   159
   148
   145
   134
   130
   125
   126
   130
   133
   135
   135
   149
   157
   182
   190
   194
   184
   187
   190
   180
   163
   171
   182
   166
   140
    61
     0
    45
    97
   112
   109
   136
   126
   142
   144
   143
   152
   166
   122
   103
    95
    74
   105
   135
   134
   134
   135
   134
   138
   139
   141
   138
   146
   156
   151
   155
   160
   151
   148
   144
   146
   140
   126
   130
   114
   117
   109
    93
    84
    89
    93
   105
   101
   104
    33
    27
    38
    61
    59
    29
     6
    25
    34
    40
    39
    50
    67
    84
   113
   126
   129
   141
   147
   153
   152
   154
   155
   160
   167
   166
   167
   170
   168
   171
   173
   172
   168
   163
   163
   165
   161
   162
   161
   154
   142
   139
   129
   126
   123
   122
   123
   122
   123
   117
   116
   125
   149
   157
   170
   177
   191
   187
   170
   156
   177
   177
   154
   147
   123
   136
   141
   120
   112
   133
   135
   131
   134
   144
   149
   157
   132
   101
   100
    89
    94
   125
   136
   135
   137
   137
   133
   139
   150
   145
   155
   162
   165
   155
   156
   161
   155
   145
   131
   128
   126
   121
   113
   107
   103
   101
    94
    88
    86
    87
   100
    98
    52
    49
    40
    21
    54
   100
    91
    34
    31
    21
    36
    39
    54
    92
   109
   129
   135
   141
   150
   141
   153
   167
   163
   162
   160
   166
   169
   163
   174
   173
   175
   170
   171
   170
   162
   164
   173
   170
   166
   149
   140
   129
   123
   113
   112
   121
   111
   107
    92
   103
   110
   104
   115
   127
   161
   177
   182
   188
   201
   172
   160
   185
   168
   134
   160
   146
   128
   105
   107
   130
   132
   132
   145
   157
   158
   169
   153
   117
    92
    82
    83
   126
   133
   144
   136
   148
   145
   136
   133
   146
   152
   160
   158
   156
   156
   147
   151
   151
   146
   134
   131
   130
   127
   113
   105
   103
    94
    90
    85
    88
    89
    92
    43
    48
    47
    48
    40
    52
    73
    68
    58
    51
    36
    50
    62
    88
   117
   133
   138
   151
   151
   154
   156
   160
   163
   163
   167
   169
   164
   167
   166
   167
   168
   169
   167
   168
   168
   170
   171
   172
   168
   158
   147
   130
   115
   117
   108
   100
    97
    92
   108
   124
   119
   121
   109
   110
   140
   158
   176
   182
   185
   185
   172
   185
   200
   178
   147
   138
   128
   119
   113
   131
   130
   134
   141
   148
   156
   161
   166
   134
    96
    80
    61
   107
   139
   146
   151
   151
   151
   145
   149
   153
   158
   162
   159
   161
   160
   155
   149
   146
   142
   134
   123
   119
   108
   113
   102
    98
    93
    91
    82
    82
    97
    95
    60
    59
    72
    92
    89
    54
    35
    49
    61
    51
    56
    40
    62
    99
   115
   134
   137
   152
   148
   152
   155
   158
   159
   163
   163
   171
   175
   167
   167
   170
   177
   175
   173
   169
   163
   167
   158
   159
   162
   144
   138
   119
   105
   105
    97
    93
    82
    89
    78
   104
   120
   117
   120
   111
    99
   134
   151
   157
   153
   167
   167
   146
   173
   214
   218
   194
   167
   106
   117
   126
   131
   146
   157
   163
   160
   161
   161
   152
   111
    90
    59
    95
   129
   150
   155
   159
   154
   146
   144
   149
   157
   166
   167
   152
   161
   164
   153
   146
   147
   136
   138
   125
   113
   102
   104
    87
    90
    93
    85
    96
    91
    78
    67
    70
    55
    49
    67
    74
    34
    42
    49
    47
    52
    51
    61
    94
   116
   133
   140
   141
   148
   150
   150
   153
   152
   159
   161
   161
   162
   163
   164
   171
   169
   166
   166
   169
   167
   171
   171
   164
   158
   140
   120
   102
    99
   105
   106
    88
    72
    61
    64
    75
    96
   109
   107
   104
   112
   113
   137
   145
   144
   146
   160
   149
   128
   132
   138
   135
   124
   131
   145
   149
   148
   154
   152
   156
   157
   154
   161
   160
   127
    96
    57
    68
   114
   150
   172
   169
   152
   152
   148
   152
   155
   155
   166
   162
   157
   157
   147
   141
   147
   145
   134
   123
   123
   111
   108
   110
   102
    95
    93
    88
    93
    81
    19
    18
    28
    40
    29
    28
    68
    57
    48
    80
    57
    65
    78
   102
   126
   142
   148
   154
   142
   143
   150
   149
   159
   161
   167
   168
   176
   169
   176
   172
   174
   171
   173
   169
   177
   165
   171
   171
   169
   127
   113
   110
   100
    94
    96
    92
    68
    71
    72
    69
    35
    76
   111
    91
   112
   126
   128
   130
   144
   144
   150
   151
   143
   141
   134
   133
   154
   147
   152
   166
   163
   161
   144
   151
   144
   149
   140
   143
   145
   115
    67
    49
    98
   114
   141
   161
   160
   137
   147
   149
   160
   154
   147
   165
   169
   161
   146
   151
   139
   121
   122
   132
   122
   127
   122
   113
   103
   102
    94
    93
    91
    65
    54
    50
    40
    48
    60
    51
    28
    41
    50
    70
    66
    64
    76
   104
   129
   142
   143
   142
   143
   149
   152
   156
   156
   163
   167
   169
   173
   174
   169
   169
   169
   172
   168
   168
   166
   169
   163
   160
   156
   123
   101
    97
    98
    94
    98
    96
    69
    49
    54
    48
    58
    77
    90
    98
   101
   106
   123
   129
   136
   142
   146
   141
   140
   138
   137
   133
   146
   158
   158
   154
   156
   156
   150
   156
   151
   144
   139
   138
   133
   115
    73
    48
    82
   107
   129
   134
   144
   159
   158
   157
   161
   160
   154
   156
   159
   172
   158
   147
   147
   144
   143
   132
   135
   133
   122
   112
   107
   101
    95
    94
    94
    72
    31
    33
    47
    37
    14
    17
    21
    38
    35
    58
    87
    53
    69
   104
   124
   127
   137
   141
   145
   141
   148
   151
   160
   160
   163
   164
   165
   162
   170
   170
   170
   169
   170
   168
   173
   171
   163
   158
   140
    91
    83
    88
    82
    86
    97
   100
    83
   103
    56
    23
    36
    55
    71
    68
    92
   106
   123
   130
   134
   139
   136
   143
   135
   139
   135
   136
   143
   158
   167
   161
   154
   160
   154
   151
   159
   153
   135
   127
   111
   105
    86
    48
    87
   114
   115
   125
   126
   130
   144
   152
   154
   159
   166
   162
   162
   155
   158
   162
   157
   157
   148
   135
   134
   134
   126
   122
   109
   107
    97
    97
    85
    64
    54
    39
    26
    40
    37
    24
    24
    28
    41
    67
    58
    73
    79
   100
   127
   130
   134
   143
   148
   151
   156
   157
   160
   165
   163
   167
   170
   168
   160
   171
   165
   167
   168
   172
   168
   170
   167
   162
   137
    90
    76
    83
    73
    74
    99
    98
    95
    96
    41
    25
    44
    62
    64
    81
    97
   104
   112
   128
   135
   138
   143
   135
   146
   141
   142
   137
   144
   157
   161
   158
   155
   148
   146
   149
   147
   147
   132
   125
   114
   106
    79
    43
    81
   115
   123
   121
   127
   133
   137
   139
   137
   152
   157
   166
   170
   162
   156
   157
   157
   150
   152
   146
   135
   129
   128
   123
   112
   105
   106
    97
    84
    78
    49
    51
    59
    59
    59
    51
    37
    44
    40
    43
    58
    50
    68
   103
   126
   134
   143
   151
   151
   153
   154
   154
   157
   162
   169
   166
   167
   171
   174
   170
   174
   176
   163
   172
   179
   169
   164
   159
   140
    85
    66
    59
    64
    84
   106
    93
   111
   101
   137
   152
    61
    66
    74
    82
    96
   102
   106
   121
   134
   139
   141
   146
   144
   144
   142
   146
   148
   154
   157
   166
   161
   159
   155
   143
   140
   133
   124
   120
   123
   111
    92
    40
    23
   118
   128
   127
   129
   133
   142
   149
   152
   152
   149
   157
   154
   148
   158
   144
   148
   154
   148
   141
   138
   136
   129
   122
   126
   113
   107
   102
    74
    89
    48
    71
    68
    79
    70
    64
    53
    52
    51
    43
    48
    75
    82
   121
   131
   135
   136
   149
   153
   138
   158
   162
   159
   161
   171
   170
   173
   175
   170
   173
   169
   175
   176
   169
   175
   170
   163
   157
   141
    84
    63
    65
    77
    80
   111
   104
   104
    94
    97
   132
   151
    93
    78
    75
    89
   108
   113
   122
   129
   132
   142
   141
   141
   140
   144
   154
   154
   153
   157
   162
   159
   160
   159
   148
   142
   141
   137
   130
   129
   129
   123
    75
     6
    40
   106
   113
   115
   137
   134
   141
   146
   147
   143
   145
   156
   149
   152
   151
   148
   149
   144
   131
   140
   136
   130
   122
   126
   120
   106
   103
    86
   116
    37
    32
    41
    37
    29
    27
    28
    32
    36
    47
    44
    66
    82
   111
   132
   141
   146
   151
   152
   157
   159
   162
   168
   168
   164
   153
   159
   173
   170
   173
   173
   174
   175
   176
   178
   168
   163
   155
   130
    89
    62
    67
    67
   101
   124
    99
    97
    56
   115
   151
    66
    93
    87
    95
    90
   108
   114
   124
   130
   131
   139
   136
   134
   143
   147
   153
   154
   155
   156
   151
   155
   158
   157
   153
   145
   140
   137
   137
   132
   132
   130
   126
   110
    88
    95
   114
   131
   144
   147
   139
   144
   156
   159
   151
   148
   153
   150
   151
   147
   149
   143
   148
   135
   133
   130
   128
   119
   117
   113
    92
    92
   127
    66
    80
    80
    72
    66
    48
    38
    35
    21
    42
    47
    57
    71
   102
   123
   141
   141
   144
   158
   159
   160
   161
   167
   175
   169
   144
   143
   165
   176
   176
   183
   182
   185
   179
   178
   175
   169
   154
   132
    91
    55
    51
    58
   107
   127
   102
    91
    54
    64
   174
    91
    71
    88
    98
   102
   110
   124
   124
   126
   130
   140
   140
   141
   141
   158
   162
   155
   147
   154
   151
   154
   158
   156
   151
   154
   138
   129
   119
   128
   127
   139
   145
   145
   145
   143
   144
   137
   139
   140
   147
   144
   136
   145
   150
   154
   152
   140
   146
   150
   149
   143
   130
   136
   128
   128
   124
   113
   109
   103
    99
   107
   122
    50
    46
    52
    37
    26
    29
    28
    37
    34
    27
    43
    51
    72
   102
   130
   134
   139
   145
   153
   157
   163
   166
   166
   166
   168
   164
   164
   168
   172
   178
   177
   173
   173
   176
   180
   173
   164
   153
   142
   111
    71
    62
    71
   108
   129
    97
   101
    35
     4
     2
    57
    76
   100
   105
   100
   106
   117
   120
   120
   130
   132
   135
   137
   147
   154
   158
   157
   156
   154
   163
   150
   153
   156
   153
   157
   162
   145
   132
   122
   122
   125
   129
   143
   151
   151
   159
   153
   146
   144
   149
   139
   144
   139
   142
   138
   148
   154
   148
   147
   140
   136
   134
   134
   135
   137
   132
   127
   125
   109
   100
   139
   154
    25
    39
    54
    49
    38
    29
    35
    36
    45
    43
    26
    56
    71
   106
   139
   140
   142
   146
   150
   159
   155
   166
   173
   167
   164
   167
   166
   165
   178
   181
   181
   178
   181
   178
   179
   178
   167
   152
   132
   131
    84
    62
    61
   108
   130
   108
    86
    97
    31
     0
    48
    73
    89
   106
   114
   116
   127
   131
   128
   121
   130
   131
   138
   143
   153
   150
   155
   152
   152
   149
   154
   165
   157
   153
   153
   162
   167
   167
   145
   124
   128
   134
   137
   146
   151
   150
   152
   143
   136
   146
   143
   133
   127
   144
   149
   138
   143
   159
   153
   169
   150
   143
   147
   145
   134
   130
   125
   120
    94
   115
   158
   154
    75
    54
    48
    34
    44
    44
    31
    24
    24
    33
    44
    57
    70
   109
   124
   143
   149
   148
   159
   161
   166
   169
   170
   172
   174
   172
   172
   174
   175
   176
   178
   183
   180
   177
   178
   174
   166
   158
   122
   107
    89
    60
    67
   112
   122
   106
   102
    66
   128
    90
    53
    70
   105
   120
   118
   117
   131
   137
   129
   136
   139
   138
   145
   151
   151
   154
   153
   158
   155
   150
   154
   156
   158
   156
   154
   149
   139
   142
   149
   153
   143
   142
   149
   153
   152
   145
   138
   141
   143
   140
   143
   146
   141
   137
   139
   142
   142
   148
   148
   148
   151
   147
   142
   141
   141
   136
   126
   113
   110
   133
   143
   147
    48
    39
    28
    36
    44
    44
    40
    27
    43
    30
    37
    58
    70
   111
   128
   129
   146
   158
   155
   163
   164
   178
   175
   170
   169
   169
   180
   176
   175
   176
   179
   181
   183
   180
   178
   181
   177
   160
   144
   130
    97
    76
    77
   105
   124
   101
   109
    60
     0
     0
    52
    76
   112
   124
   127
   129
   124
   131
   130
   132
   138
   151
   150
   142
   144
   148
   148
   146
   151
   161
   154
   154
   150
   155
   161
   159
   164
   157
   145
   146
   151
   152
   150
   141
   145
   157
   153
   142
   135
   149
   133
   130
   139
   149
   158
   161
   146
   155
   152
   146
   147
   149
   140
   135
   137
   134
   127
   120
   124
   148
   162
   160
    27
    37
    41
    40
    38
    35
    36
    35
    30
    40
    41
    57
    72
    90
   112
   138
   147
   154
   157
   159
   170
   171
   176
   173
   180
   176
   172
   173
   172
   173
   175
   172
   174
   179
   183
   178
   172
   152
   134
   132
   112
    88
    86
   106
   120
   114
   103
   107
    85
   108
   119
    98
   107
   125
   130
   125
   132
   135
   143
   142
   152
   155
   153
   149
   152
   150
   151
   150
   150
   147
   150
   153
   155
   146
   146
   146
   152
   161
   164
   166
   165
   158
   151
   151
   144
   144
   147
   141
   122
   134
   147
   156
   157
   160
   161
   146
   155
   160
   154
   145
   143
   145
   145
   140
   131
   130
   118
   110
   133
   153
   153
   152
    97
    81
    71
    57
    48
    51
    46
    30
    26
    33
    44
    60
    86
   106
   125
   136
   142
   154
   147
   157
   168
   174
   173
   166
   173
   177
   181
   175
   179
   184
   177
   181
   178
   176
   167
   175
   178
   154
   143
   140
   126
   108
    87
    87
   113
   111
    95
   117
    77
   127
   170
   120
   153
   154
   142
   142
   137
   143
   145
   150
   143
   143
   152
   156
   151
   162
   149
   147
   156
   157
   155
   168
   154
   154
   154
   154
   150
   147
   144
   135
   157
   157
   165
   156
   149
   161
   152
   148
   149
   153
   154
   136
   143
   156
   161
   164
   149
   157
   149
   145
   126
   142
   150
   145
   145
   142
   123
   125
   151
   152
   158
   151
    91
    74
    60
    40
    24
    45
    46
    53
    48
    49
    54
    51
    66
    97
   126
   146
   147
   153
   166
   157
   168
   173
   176
   181
   175
   180
   178
   179
   179
   177
   183
   180
   177
   185
   185
   181
   181
   166
   149
   136
   125
   107
    91
   107
   106
   113
    78
   126
    99
    48
    81
   112
   138
   151
   142
   142
   140
   138
   144
   145
   151
   156
   154
   163
   161
   155
   154
   149
   153
   154
   162
   163
   161
   154
   149
   149
   150
   154
   153
   159
   151
   156
   153
   157
   156
   154
   168
   163
   154
   158
   164
   171
   160
   159
   156
   159
   166
   166
   152
   149
   142
   142
   141
   142
   140
   129
   125
   144
   157
   160
   148
   145
     8
    42
    40
    49
    66
    44
    46
    72
    43
    60
    49
    61
    69
    99
   117
   136
   159
   160
   159
   167
   170
   168
   173
   167
   180
   177
   174
   175
   182
   180
   175
   180
   183
   177
   167
   183
   177
   178
   156
   146
   126
   115
    99
    99
   108
   107
    91
    32
   147
    93
   103
   118
   149
   157
   145
   145
   145
   150
   146
   148
   149
   151
   154
   161
   166
   163
   151
   149
   148
   153
   156
   168
   168
   157
   160
   150
   144
   154
   149
   155
   158
   162
   160
   147
   149
   151
   152
   158
   169
   155
   161
   143
   151
   148
   161
   143
   137
   145
   155
   157
   150
   151
   148
   145
   132
   117
   144
   150
   152
   157
   138
   137
    65
    47
    39
    44
    39
    42
    58
    57
    60
    66
    50
    46
    69
    95
   114
   146
   144
   154
   158
   166
   168
   170
   170
   169
   175
   174
   179
   177
   179
   182
   185
   178
   177
   183
   185
   180
   182
   179
   175
   150
   130
   112
   102
    93
    99
   115
   105
    54
    97
   128
   105
   159
   152
   159
   154
   149
   145
   148
   150
   151
   152
   150
   154
   158
   163
   159
   163
   152
   151
   157
   153
   158
   162
   168
   168
   167
   156
   158
   157
   159
   161
   163
   167
   164
   162
   163
   163
   164
   166
   164
   162
   161
   157
   157
   156
   158
   149
   154
   153
   157
   154
   151
   134
   131
   135
   152
   153
   160
   158
   156
   154
   160
    73
    74
    61
    69
    49
    51
    51
    53
    46
    57
    38
    50
    62
    94
   110
   142
   157
   144
   163
   161
   174
   174
   174
   181
   165
   182
   175
   182
   176
   181
   186
   183
   189
   181
   182
   181
   177
   181
   172
   176
   154
   120
   111
    99
    91
   110
   114
   101
    31
    94
    93
   102
   143
   163
   151
   153
   151
   151
   154
   156
   158
   158
   159
   157
   154
   162
   168
   162
   164
   158
   157
   153
   155
   168
   169
   160
   167
   159
   153
   179
   165
   169
   163
   171
   163
   164
   159
   152
   157
   148
   151
   148
   150
   157
   153
   151
   158
   153
   150
   145
   133
   143
   138
   135
   148
   137
   164
   165
   160
   151
   134
   159
    74
    46
    49
    68
    52
    62
    42
    43
    49
    42
    39
    49
    45
    65
   101
   134
   154
   151
   161
   167
   164
   172
   164
   172
   175
   175
   184
   181
   192
   184
   186
   188
   185
   191
   184
   185
   185
   184
   186
   184
   162
   142
   136
   109
   104
   122
   114
   112
    83
    44
   112
   113
   154
   159
   155
   156
   158
   154
   152
   159
   161
   157
   161
   159
   157
   165
   159
   169
   170
   165
   169
   171
   168
   162
   170
   173
   171
   169
   166
   166
   168
   162
   164
   165
   163
   159
   157
   156
   158
   165
   164
   152
   155
   156
   160
   155
   165
   154
   146
   152
   139
   129
   139
   152
   160
   164
   154
   161
   162
   159
   157
   159
    56
    59
    71
    63
    72
    60
    70
    61
    60
    58
    52
    56
    38
    61
    77
   120
   136
   149
   160
   166
   167
   176
   173
   175
   171
   179
   179
   182
   186
   190
   193
   193
   192
   190
   186
   189
   187
   186
   184
   182
   176
   163
   156
   129
   118
   116
   117
   122
   110
    86
   104
   123
   147
   163
   165
   163
   157
   157
   160
   160
   161
   167
   163
   162
   172
   166
   160
   164
   163
   168
   167
   161
   167
   172
   170
   173
   172
   174
   169
   170
   161
   168
   163
   155
   153
   151
   156
   161
   165
   168
   170
   176
   173
   165
   166
   164
   150
   153
   153
   144
   140
   149
   154
   145
   162
   168
   170
   167
   151
   162
   165
   173
    62
    74
    81
    90
    69
    61
    79
    61
    62
    50
    51
    38
    42
    58
    79
    92
   133
   151
   158
   173
   166
   178
   179
   178
   175
   177
   183
   188
   192
   192
   198
   197
   195
   195
   199
   192
   192
   190
   191
   192
   183
   152
   164
   156
   132
   118
   116
   127
   122
   117
   105
   123
   148
   150
   156
   163
   158
   164
   169
   170
   169
   164
   167
   165
   160
   167
   166
   172
   182
   171
   168
   162
   150
   176
   173
   169
   169
   164
   172
   162
   166
   157
   163
   168
   165
   166
   155
   158
   167
   169
   166
   161
   167
   172
   164
   168
   161
   146
   148
   140
   138
   160
   169
   168
   170
   174
   162
   161
   156
   165
   162
   165
    90
    99
   100
    84
    60
    91
    93
    64
    64
    50
    41
    42
    33
    48
    55
   106
   107
   135
   152
   164
   167
   177
   182
   183
   184
   191
   192
   192
   194
   194
   195
   195
   195
   201
   199
   203
   200
   195
   199
   195
   192
   187
   168
   166
   155
   136
   122
   133
   138
   139
   130
   140
   149
   163
   163
   163
   174
   167
   169
   174
   176
   172
   170
   171
   171
   173
   177
   185
   168
   180
   179
   177
   179
   176
   172
   176
   173
   168
   163
   164
   157
   164
   166
   170
   168
   168
   174
   169
   166
   176
   174
   170
   165
   162
   163
   158
   152
   148
   142
   150
   160
   172
   171
   171
   175
   170
   172
   177
   172
   167
   172
   179
    86
    84
    95
    75
    85
    96
    71
    53
    68
    47
    39
    41
    46
    63
    43
   102
   111
   107
   132
   155
   153
   173
   186
   185
   185
   190
   193
   194
   193
   195
   198
   192
   198
   195
   200
   200
   200
   202
   195
   199
   191
   198
   184
   176
   168
   160
   138
   135
   146
   152
   145
   151
   162
   159
   166
   175
   171
   173
   179
   175
   182
   174
   174
   169
   171
   167
   167
   181
   188
   175
   185
   183
   179
   186
   178
   173
   176
   166
   166
   168
   169
   166
   158
   170
   167
   169
   167
   174
   173
   167
   175
   164
   162
   165
   162
   160
   149
   136
   141
   159
   162
   174
   169
   174
   174
   174
   172
   186
   184
   170
   166
   173
   103
   105
    89
    81
    80
    68
    69
    72
    72
    55
    42
    48
    49
    47
    64
    43
    91
   125
   124
   130
   155
   165
   175
   184
   195
   195
   201
   197
   194
   195
   197
   195
   202
   199
   198
   197
   201
   200
   200
   198
   195
   192
   191
   189
   184
   174
   163
   153
   151
   162
   167
   164
   169
   171
   169
   172
   180
   180
   177
   180
   182
   175
   173
   174
   173
   175
   174
   152
   161
   179
   175
   173
   178
   178
   174
   174
   170
   172
   173
   169
   165
   168
   171
   173
   172
   172
   175
   165
   164
   163
   170
   168
   161
   157
   154
   144
   148
   165
   169
   176
   170
   170
   173
   173
   173
   180
   186
   180
   178
   174
   182
   172
   101
   111
    96
   107
    99
    75
    84
    97
    95
    70
    65
    64
    51
    62
    59
    71
    60
   107
   123
   120
   119
   151
   159
   171
   182
   195
   195
   187
   195
   193
   201
   203
   191
   200
   200
   200
   201
   203
   201
   203
   199
   199
   195
   190
   189
   185
   175
   170
   173
   153
   174
   176
   164
   169
   162
   168
   170
   177
   184
   177
   187
   189
   176
   182
   187
   188
   179
   187
   184
   184
   184
   190
   186
   179
   179
   174
   176
   171
   165
   179
   183
   178
   163
   169
   173
   169
   175
   180
   174
   175
   171
   174
   174
   152
   150
   163
   176
   179
   167
   173
   175
   187
   177
   174
   185
   177
   168
   175
   164
   174
   183
   186
   121
   101
    96
    95
    82
    86
    89
    96
    89
    69
    64
    67
    60
    83
    76
    50
    47
    38
    66
   100
   109
   122
   141
   135
   141
   143
   158
   166
   168
   180
   184
   192
   203
   209
   209
   205
   203
   203
   203
   200
   201
   199
   195
   195
   194
   199
   192
   197
   193
   193
   187
   188
   188
   180
   186
   182
   183
   183
   185
   184
   181
   180
   188
   190
   183
   185
   185
   185
   183
   185
   190
   188
   186
   182
   180
   177
   175
   177
   182
   174
   170
   169
   176
   174
   172
   178
   176
   175
   174
   174
   167
   155
   142
   151
   168
   169
   171
   185
   174
   184
   187
   181
   202
   208
   211
   213
   212
   212
   205
   200
   194
   176
    75
   100
   104
   101
   101
    68
    71
   109
    78
    69
    78
    57
    73
    75
    83
    17
    53
    45
    35
    38
    73
    70
   110
   131
   120
   133
   119
   129
   142
   141
   153
   162
   165
   191
   217
   223
   223
   216
   208
   210
   199
   203
   202
   203
   202
   200
   197
   195
   194
   199
   194
   194
   200
   197
   194
   195
   195
   188
   188
   189
   188
   189
   192
   182
   197
   177
   182
   176
   186
   186
   181
   177
   187
   182
   189
   191
   190
   190
   186
   182
   182
   167
   174
   183
   171
   180
   190
   179
   169
   136
   135
   142
   169
   193
   195
   214
   224
   221
   249
   231
   237
   239
   214
   215
   169
   141
   125
    86
    62
    19
     0
    15
    85
    95
    96
   106
    82
    80
   104
    94
    86
    81
    81
    61
    53
    54
    71
    91
    48
    36
    35
    39
    30
    45
    54
    70
    89
    94
   107
   109
   113
   120
   133
   143
   150
   152
   152
   169
   187
   203
   214
   218
   218
   209
   205
   198
   198
   191
   199
   198
   195
   195
   197
   194
   197
   200
   195
   195
   195
   192
   189
   184
   188
   192
   185
   189
   187
   193
   189
   188
   187
   182
   177
   176
   176
   186
   177
   179
   177
   182
   178
   178
   177
   179
   172
   176
   187
   175
   180
   186
   192
   201
   203
   218
   224
   195
   179
   164
   139
   116
    92
    73
    38
    35
    21
     6
     5
    18
     9
    18
    15
    16
    30
    24
    80
    83
    83
    98
    76
    97
   102
    80
    94
    92
    86
    66
    59
    47
    60
    83
    73
    36
    50
     7
    20
    16
    39
    58
    57
    59
    68
    79
    92
    81
    93
   107
    87
   118
   133
   132
   132
   142
   162
   174
   199
   207
   211
   207
   202
   201
   193
   195
   199
   199
   195
   200
   195
   192
   195
   192
   192
   194
   194
   192
   186
   186
   186
   185
   185
   184
   184
   186
   181
   187
   188
   185
   198
   188
   184
   182
   188
   177
   171
   162
   169
   168
   200
   202
   202
   243
   235
   213
   179
   134
   111
    30
     0
     0
     0
     0
     0
     0
     8
     3
    32
    48
    29
    45
    48
    21
    45
    38
    42
    50
    34
    51
    78
    72
    83
    76
    86
    98
   110
    93
    96
   108
    97
    75
    55
    55
    46
    72
    77
    56
    51
    66
    49
    28
    32
    48
    53
    59
    59
    60
    70
    77
    71
    72
    93
    81
    82
   103
   115
   121
   117
   121
   121
   147
   173
   200
   207
   209
   210
   203
   195
   200
   197
   195
   200
   200
   195
   198
   197
   193
   193
   192
   191
   193
   191
   188
   189
   190
   191
   185
   191
   188
   186
   188
   179
   171
   171
   176
   173
   178
   188
   199
   211
   205
   183
   157
   119
    58
    17
    11
    10
     7
    11
    19
    20
    29
    49
    43
    38
    52
    50
    52
    47
    45
    46
    44
    53
    54
    52
    47
    49
    41
    41
    33
    45
    87
   102
    88
    76
   108
    99
    73
    83
    95
    83
    87
    60
    60
    54
    68
    64
    68
    56
    52
    48
    72
    34
    11
    56
    51
    27
    60
    51
    48
    91
    68
    55
    76
   109
    95
    77
    67
   101
   154
   155
   117
    95
   107
   156
   191
   211
   239
   238
   226
   230
   228
   212
   210
   194
   187
   195
   191
   195
   193
   184
   187
   185
   187
   188
   190
   183
   187
   175
   170
   163
   149
   167
   174
   190
   191
   205
   214
   183
   141
    60
    30
     0
     1
     4
    30
    59
    54
    43
    50
    45
    51
    54
    42
    54
    48
    51
    48
    38
    33
    53
    47
    51
    51
    44
    47
    39
    48
    38
    38
    36
    36
    66
    61
    74
    64
    57
    83
    76
    86
    98
    99
    88
    71
    60
    62
    65
    66
    68
    74
    50
    45
    43
    29
    64
    51
    33
    48
    67
    50
    69
    55
    62
   113
   108
    93
    76
    88
    98
    90
    83
    86
   112
   120
   107
    96
    80
    93
    96
   104
   137
   151
   158
   178
   200
   210
   230
   230
   214
   212
   203
   199
   201
   198
   188
   188
   187
   179
   165
   163
   167
   173
   184
   197
   199
   209
   209
   211
   200
   181
   139
    96
    58
    48
    55
    47
    56
    43
    31
    42
    50
    46
    47
    41
    47
    44
    49
    46
    49
    44
    46
    46
    40
    37
    39
    41
    39
    34
    43
    38
    39
    36
    33
    35
    82
    68
    76
    83
    82
    86
    94
    74
    65
    68
    81
    77
    61
    56
    49
    52
    52
    59
    49
    31
    48
    52
    24
    60
    32
    33
    10
    84
   109
   101
    99
    74
    94
   100
   118
    94
    90
   100
   120
   103
    98
   101
    95
    79
    88
    83
    76
   125
    94
   102
   105
    62
    88
   106
    79
   110
   193
   213
   223
   231
   216
   187
   182
   181
   186
   192
   223
   221
   208
   211
   209
   210
   230
   209
   209
   194
   185
   203
   190
   156
   117
    34
    38
    46
    43
    50
    55
    47
    38
    45
    43
    44
    50
    46
    46
    44
    44
    45
    32
    41
    50
    39
    34
    32
    42
    39
    36
    38
    35
    39
    44
    39
    48
    70
    58
    70
    84
    79
    80
   105
   110
    71
    71
    62
    49
    55
    46
    74
    74
    73
    66
    54
    38
    51
    45
    48
    98
    51
    67
    33
    97
   100
    79
    79
    72
    67
    89
   107
   114
   100
    87
    76
    74
    70
    73
    76
    64
    77
    93
   100
   100
    92
   117
   140
    80
    72
    69
    48
    34
    57
    83
    90
   135
   187
   191
   181
   175
   189
   205
   235
   239
   221
   220
   212
   177
   136
   140
   166
   164
   174
   164
   145
   119
    65
    46
    45
    35
    43
    44
    47
    36
    44
    42
    47
    42
    41
    43
    42
    47
    46
    39
    39
    38
    44
    44
    41
    36
    29
    37
    40
    47
    50
    53
    51
    52
    56
    71
    69
    88
    80
   113
    89
    90
    91
    98
    70
    57
    65
    74
    59
    66
    63
    50
    52
    31
    32
    71
    48
    73
   112
    45
    90
    72
    77
    93
    73
    81
    75
    41
    95
    91
    77
    95
    72
    54
    73
    77
    53
    57
    54
    74
    90
    62
    54
    78
    58
    61
    59
    57
    67
    48
    35
    42
    72
   159
   189
   176
   163
   172
   129
    80
    94
   124
   168
   178
   125
   111
   108
   137
   159
   177
   178
   145
   129
   117
    87
    51
    53
    54
    43
    47
    34
    47
    50
    45
    41
    47
    51
    44
    42
    45
    38
    44
    37
    47
    42
    38
    42
    29
    38
    37
    40
    36
    39
    45
    45
    42
    50
    69
    68
    63
    80
    70
    47
    67
    69
    76
    69
    45
    53
    68
    66
    71
    70
    75
    72
    45
    33
    83
    61
    53
    58
    56
    39
    76
    79
    84
    84
    92
    73
    91
    73
   103
    92
    52
    69
    52
    37
    52
    69
    63
    60
    37
    50
    81
    60
    45
    70
    81
    91
   102
    94
    96
    97
    87
   113
   165
   173
   178
   181
   142
    23
    32
    76
    84
   101
    97
   118
   116
   125
   144
   132
   153
   180
   162
   145
   115
    76
    43
    48
    44
    51
    43
    54
    48
    47
    43
    53
    45
    40
    44
    39
    38
    47
    36
    49
    43
    40
    36
    38
    37
    33
    28
    35
    40
    32
    46
    43
    39
    48
    58
    65
    72
    79
    74
    82
    85
    86
    87
    38
    43
    68
    58
    69
    87
    75
    85
    69
    59
    81
    57
    81
    66
    48
    62
    48
    41
    65
    55
    36
    67
   115
    87
    99
   107
    88
    85
    72
    58
    74
    53
    58
    64
    84
    78
    50
    47
    81
    71
    71
    72
    86
    80
    76
    65
    73
    67
   115
   191
   207
   202
   190
   195
   121
    81
    73
    84
    95
   107
   112
   158
   176
   168
   160
   171
   186
   184
   181
   149
    82
    48
    46
    45
    41
    45
    47
    47
    48
    50
    39
    37
    36
    34
    40
    42
    37
    42
    37
    38
    39
    31
    43
    46
    41
    40
    34
    36
    38
    32
    41
    69
    52
    45
    51
    60
    71
    83
    92
   103
    53
    92
    75
    56
    38
    76
    53
    72
   103
    92
    55
    60
    57
    55
    44
    64
    54
    80
    87
    15
    72
    85
    65
    56
    91
   118
    85
   120
   126
    82
    92
    64
    74
    74
    71
    49
    75
    72
    87
    34
    58
    39
    49
    77
    62
    78
    82
    87
    66
    59
   142
   201
   187
   161
   165
   208
   160
   120
   108
    94
   102
   110
   114
   138
   221
   220
   220
   217
   191
   159
   173
   150
    83
    48
    40
    47
    47
    46
    44
    39
    40
    43
    43
    43
    41
    51
    41
    41
    45
    43
    42
    43
    45
    39
    29
    34
    44
    49
    37
    40
    40
    35
    35
    47
    51
    47
    51
    48
    79
    87
    82
    58
    42
    77
    98
    74
    79
    84
    78
    71
    39
    69
    87
    64
    45
    53
    57
   107
    39
    54
    52
   103
    20
    37
    92
    89
    51
    65
   112
    59
    77
   100
    64
    69
    41
    61
    77
    76
    51
    69
    63
    71
    59
    84
    90
    91
    87
    69
    58
    55
    69
   111
   160
   164
   148
   144
   159
   175
   161
   143
   115
   111
   110
    98
    96
    93
   153
   171
   174
   195
   185
   187
   195
   140
    61
    47
    49
    48
    45
    44
    49
    40
    43
    37
    36
    35
    43
    34
    35
    40
    36
    40
    38
    34
    38
    42
    44
    40
    45
    44
    43
    40
    37
    44
    46
    45
    48
    44
    59
    51
    69
    67
    85
    99
    30
    54
    73
    61
    78
    93
    68
    84
    60
    41
    54
    76
    45
    17
    47
    68
   112
    34
    49
    87
    69
     4
    50
   121
    65
     2
    73
   108
    20
    43
    74
    53
    69
    55
    76
    82
    78
    61
    75
    87
    80
    64
    81
    83
   105
   106
    94
    71
   100
   147
   212
   224
   217
   198
   192
   191
   177
   149
   129
   111
   102
   103
    77
   107
   147
   146
   160
   160
   199
   214
   192
    65
    47
    51
    50
    39
    51
    46
    39
    47
    33
    38
    51
    53
    42
    51
    37
    31
    36
    38
    42
    37
    38
    40
    42
    39
    45
    48
    47
    44
    44
    42
    50
    47
    47
    51
    49
    49
    50
    61
    56
    93
    96
    51
    38
    52
    40
    58
   107
    91
   104
    85
    33
    90
   101
    83
    75
    84
    81
    66
    83
    73
    75
    82
    45
    32
   115
    92
    50
    83
    83
    57
    61
    63
    56
    61
    57
    89
    93
    73
    65
    58
    71
    59
    52
    51
    44
    57
    72
   123
   172
   181
   138
   219
   239
   223
   215
   202
   208
   211
   189
   170
   141
   118
   114
   139
   203
   179
   180
   195
   187
   103
    32
    38
    46
    43
    49
    44
    39
    44
    48
    43
    47
    45
    40
    39
    39
    39
    41
    40
    39
    38
    42
    41
    39
    40
    43
    44
    40
    45
    50
    48
    44
    43
    38
    59
    59
    46
    55
    60
    52
    55
    44
    51
   102
   113
    54
    51
    76
    81
    75
    69
    51
    71
    37
    66
   117
    75
    12
   134
   139
   150
    76
   141
   101
    62
   112
   108
    65
    88
    33
    28
   118
   109
    87
   101
    59
    64
    86
    70
    93
    65
    56
    85
    87
    95
    91
    72
    62
    27
    57
   175
   195
    86
    48
    93
   165
   192
   185
   179
   178
   186
   200
   220
   215
   220
   237
   227
   217
   219
   217
   161
    83
     8
    39
    40
    43
    52
    42
    55
    51
    44
    38
    46
    38
    36
    41
    40
    30
    35
    35
    42
    38
    36
    44
    38
    45
    40
    40
    44
    50
    37
    28
    43
    48
    36
    35
    49
    45
    50
    50
    50
    52
    53
    56
    43
    48
    72
   122
    82
    53
    40
    57
    74
    75
    92
   122
    63
    57
   122
   126
    19
    79
   111
   116
    52
    59
    50
    33
    87
    88
    41
    69
    53
    50
    71
    66
    66
    67
    57
    62
    65
    35
    85
    66
    43
    46
    60
    69
    77
    88
    97
    92
   120
   198
   138
    51
    67
    93
   136
   177
   186
   181
   167
   174
   182
   164
   173
   149
   133
   115
    83
    46
    26
    23
    43
    48
    52
    47
    45
    38
    35
    41
    39
    44
    42
    42
    40
    44
    44
    47
    42
    39
    35
    37
    39
    38
    43
    37
    37
    38
    41
    44
    42
    42
    41
    39
    41
    37
    39
    50
    48
    45
    50
    54
    42
    53
    45
    45
    33
    39
   110
    90
    85
    60
    68
    66
    95
    78
   114
    88
   114
    96
   118
    65
    45
    48
    84
    70
    51
    69
    38
    68
    84
    44
   110
   107
    39
    58
    80
   112
    84
    45
    31
    39
    15
    69
   102
   105
    72
    62
    41
    50
    51
    56
    85
   113
   245
   236
   187
   198
   146
    84
    43
     0
     0
     0
     0
     9
     0
     0
     3
     0
    15
    43
    23
    42
    54
    46
    44
    46
    44
    51
    54
    51
    52
    49
    37
    37
    48
    42
    37
    43
    38
    36
    38
    34
    37
    35
    34
    44
    45
    40
    35
    37
    46
    46
    50
    37
    35
    34
    51
    45
    49
    49
    47
    43
    50
    49
    47
    50
    57
    58
    39
    74
    80
    89
    92
   102
   105
   116
    79
   105
    77
    86
   105
   110
    92
    71
    57
   114
   140
   101
    80
    77
    69
    54
    66
   109
   103
    85
    90
    56
    64
    65
    54
    47
    36
    20
    36
    57
    96
    89
    69
    54
    68
    73
    49
    36
    36
    73
    73
    32
    14
    23
    29
    48
    45
    44
    51
    33
    49
    48
    52
    63
    49
    51
    54
    51
    48
    48
    50
    47
    38
    40
    43
    41
    39
    37
    43
    43
    43
    39
    37
    37
    40
    45
    42
    43
    40
    45
    40
    34
    40
    41
    45
    38
    40
    39
    37
    38
    40
    43
