   155
   152
   155
   154
   155
   152
   154
   156
   154
   154
   154
   153
   153
   153
   149
   149
   145
   142
   138
   133
   133
   131
   132
   126
   122
   127
   129
   120
   125
   106
    77
    74
    76
    76
    71
    71
    76
    68
    76
    76
    67
    83
    80
    68
    68
    68
    54
    49
    51
    54
    62
    49
    61
    80
    80
    95
   109
   117
   122
   111
   105
   100
    99
   108
   110
   106
   111
   100
    98
    86
    90
    98
   105
   112
   117
   113
   110
   110
   111
   110
   111
   109
   107
   109
   108
   107
   108
   107
   110
   108
   108
   107
   108
   109
   108
   109
   107
   108
   107
   107
   105
   106
   106
   107
   109
   104
   106
   109
   107
   133
   161
   165
   154
   154
   154
   153
   154
   154
   155
   155
   153
   154
   154
   151
   152
   153
   150
   147
   146
   141
   139
   137
   133
   129
   130
   129
   128
   117
   104
    94
    82
    75
    70
    75
    76
    74
    72
    72
    72
    69
    64
    71
    79
    66
    74
    65
    61
    71
    61
    54
    53
    45
    57
    63
    55
    65
    66
    72
    71
    78
    80
   117
   131
   147
   158
   166
   174
   175
   178
   170
   171
   155
   131
   115
   104
    91
    97
   110
   112
   110
   110
   114
   110
   110
   110
   108
   110
   108
   106
   106
   106
   108
   108
   107
   104
   105
   111
   107
   110
   105
   106
   104
   107
   107
   107
   107
   106
   106
   104
   104
   109
   140
   145
   141
   153
   151
   154
   154
   152
   153
   157
   155
   153
   152
   152
   152
   151
   151
   146
   148
   142
   139
   137
   133
   131
   131
   131
   119
    92
    79
    67
    70
    75
    74
    80
    71
    65
    75
    71
    70
    71
    71
    66
    71
    77
    85
    69
    73
    63
    56
    61
    57
    51
    61
    54
    63
    67
    58
    68
    59
    54
    37
   114
   142
   141
   140
   142
   143
   139
   141
   143
   158
   168
   178
   187
   185
   170
   145
   115
    89
    97
   109
   111
   107
   108
   107
   111
   109
   109
   109
   107
   107
   111
   107
   105
   105
   108
   107
   104
   105
   105
   108
   106
   103
   106
   106
   107
   106
   106
   108
   105
   107
   127
   150
   141
   156
   157
   153
   153
   154
   155
   154
   152
   151
   156
   155
   155
   154
   152
   151
   149
   142
   143
   136
   136
   135
   136
   137
   122
    93
    67
    62
    68
    76
    67
    73
    67
    69
    71
    75
    69
    70
    69
    67
    70
    63
    64
    69
    67
    73
    67
    62
    58
    53
    49
    44
    53
    70
    67
    71
    65
    54
    58
   102
   140
   124
    71
    75
    91
   109
   130
   150
   158
   161
   154
   144
   141
   158
   177
   187
   179
   160
   129
    99
   108
   112
   111
   112
   104
   111
   112
   110
   108
   112
   107
   109
   112
   109
   105
   107
   110
   107
   107
   104
   104
   110
   110
   107
   105
   108
   103
   102
   106
   105
   124
   144
   132
   207
   154
   152
   153
   152
   156
   154
   156
   155
   153
   153
   152
   152
   151
   149
   150
   145
   142
   138
   132
   134
   128
   114
    94
    69
    68
    71
    74
    69
    77
    83
    73
    67
    74
    76
    69
    66
    70
    68
    72
    67
    65
    64
    70
    60
    69
    61
    57
    56
    58
    61
    68
    63
    60
    67
    71
    74
    71
   107
   130
   137
    76
    83
   110
   143
   158
   160
   161
   164
   165
   170
   164
   150
   142
   155
   178
   182
   171
   141
    99
   108
   109
   108
   115
   110
   105
   107
   109
   106
   109
   107
   106
   106
   110
   109
   105
   108
   108
   107
   108
   102
   103
   107
   105
   108
   109
   106
   107
   108
   123
   135
   166
   220
   156
   156
   154
   153
   153
   153
   152
   154
   153
   155
   154
   152
   152
   151
   148
   146
   140
   134
   133
   132
   116
    91
    79
    80
    79
    83
    69
    77
    87
    78
    75
    74
    84
    74
    74
    73
    67
    67
    72
    67
    67
    72
    53
    61
    65
    59
    54
    54
    50
    61
    71
    69
    64
    67
    68
    85
    96
   104
   134
   151
   116
    98
   138
   169
   174
   170
   161
   165
   163
   165
   172
   180
   167
   139
   158
   175
   181
   169
   144
   100
   102
   110
   109
   112
   111
   111
   112
   110
   110
   110
   111
   112
   110
   106
   109
   106
   107
   107
   105
   109
   108
   106
   109
   109
   104
   104
   107
   108
   133
   126
   195
   219
   153
   152
   154
   156
   157
   155
   157
   155
   154
   151
   153
   152
   150
   150
   149
   145
   140
   135
   135
   115
    92
    90
    92
    84
    89
    94
    89
    98
    94
    83
    81
    87
    90
    83
    76
    74
    71
    75
    77
    74
    64
    63
    70
    60
    56
    54
    60
    58
    57
    55
    56
    68
    62
    56
    55
    64
    74
    96
   130
   151
   141
    98
   118
   150
   166
   164
   146
   134
   127
   119
   126
   145
   169
   167
   145
   173
   176
   179
   180
   169
   127
    94
   109
   107
   108
   111
   106
   108
   106
   107
   107
   106
   107
   108
   109
   109
   108
   105
   108
   107
   107
   111
   107
   105
   108
   107
   103
   111
   146
   170
   215
   214
   153
   153
   154
   153
   152
   153
   155
   154
   154
   155
   154
   153
   150
   148
   147
   146
   138
   131
   118
    85
    72
    90
   109
   105
   105
   104
   101
   120
   103
    93
    96
   111
    93
    82
    84
    75
    81
    76
    66
    67
    67
    60
    63
    56
    60
    55
    53
    55
    61
    65
    56
    59
    64
    63
    62
    62
    51
    60
    75
   106
   122
   126
    97
   122
   161
   161
   118
    93
    87
    80
    81
   105
   128
   164
   157
   158
   171
   172
   177
   182
   172
   144
    99
   110
   112
   107
   110
   106
   110
   112
   111
   111
   110
   108
   108
   107
   109
   107
   108
   106
   108
   105
   108
   107
   106
   109
   106
   129
   138
   188
   214
   211
   155
   154
   153
   155
   152
   154
   155
   153
   154
   154
   154
   152
   150
   149
   149
   146
   132
   108
    81
    86
    76
    98
   120
   110
   112
   106
   106
   119
   116
   108
   109
   107
    88
    85
    76
    77
    78
    75
    78
    78
    77
    75
    78
    74
    69
    74
    89
   101
    83
    75
    70
    66
    62
    57
    61
    59
    49
    49
    69
    73
    88
   105
   128
   105
   132
   121
    68
    64
    77
    98
   133
   142
   126
   134
   163
   161
   172
   176
   176
   180
   180
   168
   128
   107
   111
   112
   112
   113
   114
   106
   108
   109
   107
   111
   110
   108
   107
   108
   111
   108
   107
   108
   108
   108
   108
   103
   108
   138
   143
   206
   210
   216
   153
   154
   153
   154
   154
   157
   156
   154
   157
   154
   153
   151
   151
   148
   138
   125
   108
    94
    90
   101
    84
   101
   114
   108
   117
   108
   106
   132
   125
   117
   128
   109
    90
    86
    94
   100
    96
    98
    93
    88
    87
    87
    90
   100
   113
   127
   116
   111
   104
    99
    90
    78
    68
    63
    58
    56
    51
    62
    80
    83
    84
    75
    85
   119
   118
   100
    65
    73
    79
   105
   148
   164
   172
   166
   168
   175
   168
   168
   171
   172
   173
   173
   153
   115
   109
   113
   112
   108
   109
   110
   108
   108
   111
   102
   109
   108
   108
   108
   108
   109
   108
   109
   107
   104
   106
   110
   115
   144
   181
   213
   218
   218
   154
   156
   156
   152
   155
   154
   154
   155
   151
   151
   148
   151
   153
   138
   106
    87
    77
    78
    86
    92
    93
   107
   118
   110
   105
    94
   110
   122
   118
   119
   121
   101
   101
   108
   119
   117
   110
   100
    90
    85
    97
   100
    96
    92
    89
    95
   102
    90
    86
    80
    75
    76
    74
    63
    58
    59
    60
    59
    54
    70
    80
    83
    86
    86
    95
   100
   108
   129
   145
   169
   162
   157
   155
   160
   159
   165
   174
   161
   162
   166
   173
   168
   158
   126
   111
   109
   108
   113
   110
   110
   111
   109
   109
   111
   110
   108
   112
   108
   109
   106
   108
   107
   108
   112
   111
   106
    99
   126
   199
   209
   205
   202
   154
   152
   153
   153
   153
   153
   156
   154
   155
   154
   155
   152
   133
   103
    76
    72
    77
    99
    97
   103
    98
   103
   110
   100
    99
    95
   112
   113
   100
   105
    98
    95
    98
   111
   116
   113
   106
    97
    99
   101
    96
    91
    99
   107
   106
    95
    89
    89
    85
    82
    79
    80
    78
    73
    77
    77
    63
    57
    56
    77
    87
    77
    77
    70
    74
    74
    58
    71
   114
   151
   159
   159
   158
   151
   144
   131
   166
   174
   159
   163
   166
   168
   155
   129
   111
   112
   112
   110
   109
   109
   110
   111
   108
   106
   109
   109
   108
   108
   108
   108
   108
   108
   106
   109
    98
    80
    87
   157
   199
   201
   205
   210
   154
   155
   156
   153
   155
   156
   155
   155
   155
   155
   152
   132
   101
    74
    79
    82
    95
   117
   128
   113
   116
    96
   102
    93
    90
    76
   104
   112
   113
   111
   106
   114
   117
   115
   107
   112
   119
   115
   115
   112
   109
   113
   111
   112
   105
    99
    90
    95
   103
   106
    99
    98
   100
   109
   108
    82
    80
    86
    77
    67
    67
    60
    64
    86
    81
    73
    77
    72
    65
    86
   120
   128
   134
   138
   141
   143
   138
   146
   151
   165
   169
   167
   150
   122
   113
   109
   110
   113
   112
   113
   113
   108
   111
   109
   110
   109
   107
   105
   110
   110
   108
   108
   101
    63
    79
   150
   200
   213
   210
   213
   216
   220
   154
   153
   155
   154
   151
   154
   153
   154
   152
   146
   122
    93
    83
    81
    78
    83
   100
   106
   124
   123
   112
    94
   103
    92
    74
    78
   103
    99
   116
   120
   118
   123
   109
   103
   119
   138
   130
   122
   113
   117
   122
   129
   128
   119
   111
   112
   112
   114
   122
   125
   137
   141
   146
   143
   136
   121
    73
    62
    83
    70
    81
    86
    96
    97
   114
   129
   136
   132
   128
   138
   137
   138
   132
   130
   135
   130
   129
   127
   130
   142
   161
   153
   132
   117
   114
   116
   111
   109
   114
   110
   108
   110
   112
   112
   110
   109
   110
   109
   111
   108
   100
    78
    90
   153
   202
   214
   213
   213
   216
   218
   220
   221
   154
   153
   153
   151
   154
   155
   156
   156
   149
   123
    96
    85
    79
    88
    97
    97
    99
    97
   110
   112
   112
    90
    85
    69
    83
   106
    92
    99
   111
   109
   107
   101
    98
   113
   126
   118
   116
   122
   130
   137
   139
   143
   136
   133
   137
   139
   142
   145
   143
   151
   155
   155
   157
   156
   158
   151
   138
   105
    89
    92
   121
   132
   140
   143
   148
   154
   157
   155
   154
   152
   148
   146
   144
   142
   138
   136
   137
   131
   131
   127
   125
   131
   108
    92
    95
    99
   106
   111
   108
   109
   112
   110
   109
   101
   105
   108
   106
   108
   103
    91
    95
   140
   197
   215
   217
   217
   217
   217
   216
   217
   220
   221
   153
   157
   157
   154
   152
   155
   155
   149
   130
    92
    72
    80
    91
    95
   104
    94
    91
    93
   104
   110
   100
    87
    89
    73
    98
    89
   105
   114
    89
    86
    96
    93
   108
   108
   104
   112
   125
   140
   149
   153
   152
   150
   156
   167
   161
   159
   164
   162
   155
   158
   159
   154
   157
   156
   157
   162
   161
   159
   124
   112
   136
   157
   159
   159
   157
   156
   153
   152
   150
   149
   148
   146
   144
   141
   141
   145
   139
   138
   135
   133
   130
   128
   135
   127
   113
   100
    93
   100
   104
   108
   101
   102
    99
   109
   105
   105
   105
   100
   102
   134
   194
   226
   231
   231
   233
   231
   238
   241
   237
   235
   228
   219
   153
   152
   150
   154
   153
   151
   148
   141
   100
    83
   101
    92
    86
    95
   111
   105
    98
    87
    85
   101
    85
    80
    72
    81
    94
    92
   101
    85
    89
    81
    87
   111
   114
   112
   122
   136
   153
   164
   171
   171
   169
   173
   171
   169
   159
   163
   170
   173
   164
   163
   163
   162
   160
   158
   156
   159
   162
   168
   145
   110
   131
   158
   162
   157
   154
   157
   156
   155
   154
   154
   150
   151
   145
   140
   144
   142
   142
   140
   141
   138
   136
   131
   130
   134
   132
   133
   127
   112
   109
   112
   129
   137
   150
   148
   155
   152
   149
   145
   148
   157
   162
   166
   163
   154
   134
   119
   116
   122
   140
   170
   209
   234
   157
   156
   155
   155
   154
   153
   153
   131
    96
    91
    86
    88
    85
    94
   104
   111
   100
    81
    65
    76
    85
    72
    76
    96
    83
    97
    78
    72
    85
    93
    91
   101
   107
   127
   145
   162
   170
   173
   178
   175
   176
   172
   173
   168
   168
   171
   173
   170
   169
   166
   166
   169
   170
   170
   167
   164
   163
   164
   157
   128
   129
   141
   164
   170
   166
   165
   164
   164
   162
   162
   157
   154
   151
   149
   144
   143
   144
   141
   140
   141
   138
   138
   137
   134
   136
   134
   134
   135
   130
   128
   136
   145
   150
   149
   151
   153
   152
   153
   148
   146
   142
   138
   136
   140
   145
   150
   151
   153
   151
   143
   134
   137
   154
   152
   152
   154
   155
   152
   146
   110
    90
    94
    92
    88
    84
    87
   104
   110
    90
    77
    59
    62
    67
    67
    88
    79
    77
    74
    63
    75
    92
    97
    94
   109
   119
   136
   157
   168
   174
   182
   178
   174
   170
   172
   175
   174
   171
   169
   171
   170
   167
   170
   167
   169
   171
   175
   177
   173
   171
   167
   162
   122
   121
   128
   143
   167
   176
   174
   173
   171
   169
   165
   164
   162
   160
   161
   158
   150
   143
   147
   146
   144
   147
   141
   145
   138
   139
   138
   136
   130
   134
   129
   126
   122
   134
   147
   150
   150
   151
   150
   150
   153
   154
   153
   153
   155
   154
   157
   158
   153
   156
   162
   165
   168
   154
   154
   154
   153
   155
   149
   113
    95
   101
    90
    90
    90
    97
    74
    76
    80
    75
    60
    62
    68
    64
    64
    74
    72
    77
    81
    87
    83
    83
   107
   131
   129
   142
   167
   174
   174
   177
   181
   182
   178
   180
   179
   178
   175
   175
   175
   174
   173
   166
   167
   166
   171
   169
   166
   168
   167
   173
   176
   172
   140
   121
   138
   125
   140
   168
   179
   178
   176
   173
   171
   170
   169
   169
   166
   162
   163
   162
   156
   155
   154
   150
   150
   150
   149
   142
   144
   144
   142
   138
   138
   135
   127
   119
   117
   130
   146
   152
   152
   152
   152
   155
   156
   153
   155
   156
   155
   154
   156
   156
   161
   165
   164
   155
   154
   153
   152
   150
   117
    93
    95
   102
    89
    87
    96
    98
    96
    71
    54
    47
    46
    56
    57
    57
    61
    85
    87
    75
    77
    86
   101
   105
   114
   140
   147
   161
   173
   177
   179
   180
   179
   179
   182
   180
   178
   176
   176
   177
   174
   175
   173
   175
   175
   174
   172
   172
   174
   173
   170
   172
   170
   167
   151
   123
   131
   150
   144
   154
   173
   180
   180
   178
   176
   174
   170
   166
   167
   170
   170
   170
   168
   164
   164
   164
   157
   158
   155
   155
   149
   145
   146
   149
   144
   140
   135
   133
   128
   124
   122
   134
   146
   149
   154
   153
   156
   154
   152
   154
   154
   154
   155
   158
   158
   162
   166
   154
   154
   151
   144
   127
    87
    81
    86
    96
    93
    95
    99
    98
    91
    93
    73
    59
    63
    58
    61
    70
    72
    77
    74
    74
    80
    79
    88
   110
   124
   142
   153
   162
   169
   167
   171
   171
   178
   187
   182
   177
   175
   176
   177
   175
   173
   172
   175
   175
   176
   175
   174
   173
   170
   168
   164
   164
   163
   165
   149
    80
    92
   173
   162
   157
   166
   179
   183
   182
   180
   177
   176
   173
   169
   170
   168
   171
   171
   167
   167
   168
   163
   163
   163
   162
   160
   153
   149
   148
   147
   145
   142
   137
   133
   128
   122
   117
   125
   141
   144
   152
   152
   153
   154
   151
   153
   154
   156
   157
   155
   159
   163
   154
   155
   150
   126
    84
    82
    92
    94
    98
    92
    91
   100
   106
   100
    88
    88
    91
    70
    56
    53
    65
    95
   103
    85
    84
    85
    80
    82
    99
   124
   138
   139
   163
   166
   168
   172
   180
   183
   179
   181
   182
   178
   174
   172
   176
   175
   173
   170
   171
   175
   174
   174
   174
   174
   172
   165
   169
   159
   162
   149
   169
    84
   164
   169
   160
   150
   154
   170
   183
   188
   186
   182
   182
   180
   176
   175
   178
   176
   171
   170
   172
   172
   172
   169
   168
   167
   162
   160
   160
   153
   152
   150
   150
   142
   140
   135
   128
   118
   120
   133
   139
   145
   148
   150
   152
   153
   155
   152
   154
   158
   159
   162
   155
   152
   141
   106
    86
    78
    87
    97
    95
    93
   102
   101
    99
   109
    94
    79
    63
    68
    63
    58
    72
    95
    88
    82
    86
    85
    88
    88
    85
   107
   123
   143
   157
   169
   173
   180
   183
   178
   185
   184
   182
   181
   178
   175
   170
   172
   178
   172
   171
   175
   177
   176
   177
   173
   170
   162
   154
   144
   153
   166
   226
   172
   152
   152
   157
   178
   180
   178
   176
   186
   194
   189
   186
   183
   178
   174
   174
   179
   175
   173
   170
   170
   172
   171
   168
   168
   168
   167
   162
   158
   152
   152
   150
   152
   145
   139
   130
   129
   124
   124
   125
   133
   139
   140
   142
   148
   154
   153
   155
   154
   156
   155
   153
   151
   125
    91
    92
    92
    89
    96
    96
    94
   111
   113
    97
    96
    90
    79
    60
    59
    64
    69
    76
    82
    77
    71
    87
    90
   107
   100
    91
    97
   107
   129
   146
   154
   163
   179
   181
   180
   181
   187
   186
   184
   184
   179
   179
   180
   178
   179
   175
   175
   176
   175
   173
   174
   163
   144
   140
   137
   145
   150
   221
   185
   154
   160
   167
   180
   197
   204
   204
   179
   177
   190
   192
   186
   178
   172
   176
   177
   178
   179
   178
   169
   170
   171
   174
   171
   170
   173
   168
   162
   163
   159
   155
   151
   150
   146
   138
   130
   124
   121
   127
   123
   130
   134
   140
   142
   143
   150
   150
   153
   156
   159
   152
   144
   112
    94
    85
    90
   101
    96
    94
    96
    93
    83
    94
    89
    77
    65
    71
    61
    62
    65
    66
    84
    84
    86
    85
    90
   103
   103
    78
    81
    98
   114
   130
   143
   170
   183
   192
   190
   191
   186
   186
   182
   180
   181
   183
   182
   183
   182
   182
   180
   176
   176
   183
   176
   163
   142
   158
   160
   154
   154
   157
   148
   149
   171
   184
   183
   178
   170
   175
   186
   174
   161
   180
   185
   182
   174
   181
   182
   180
   183
   182
   181
   176
   175
   170
   172
   172
   173
   175
   168
   165
   162
   160
   153
   150
   148
   148
   138
   130
   127
   123
   124
   118
   123
   130
   132
   137
   136
   145
   144
   150
   157
   150
   134
   106
    87
    96
   101
    96
    93
    98
    93
    85
    89
    90
    89
    85
    68
    65
    69
    70
    70
    64
    79
    81
    84
    84
    85
    86
    96
    82
    73
    88
    92
   121
   148
   173
   184
   185
   189
   193
   193
   191
   191
   193
   194
   188
   189
   187
   189
   188
   187
   188
   191
   189
   167
   143
   158
   157
   150
   167
   161
   149
   149
   147
   182
   186
   189
   194
   184
   177
   176
   185
   183
   177
   182
   191
   183
   188
   191
   187
   185
   182
   181
   179
   175
   174
   177
   177
   177
   176
   174
   172
   166
   160
   157
   157
   153
   148
   144
   138
   132
   125
   126
   130
   123
   118
   126
   132
   140
   136
   141
   149
   150
   150
   124
   103
    90
    95
    93
   105
    99
   106
    91
    93
   111
   116
   115
    90
    87
    80
    74
    71
    64
    69
    78
    81
    73
    72
    74
    73
    82
    90
    79
    82
    99
   124
   160
   173
   178
   178
   181
   187
   192
   194
   195
   194
   198
   193
   193
   192
   193
   195
   188
   192
   191
   188
   159
   170
   142
   114
   148
   166
   170
   153
   144
   149
   179
   186
   197
   198
   194
   194
   187
   184
   185
   208
   197
   186
   174
   186
   189
   191
   190
   186
   186
   180
   177
   178
   179
   179
   182
   185
   183
   175
   173
   167
   163
   158
   158
   153
   148
   143
   139
   127
   122
   124
   127
   124
   119
   119
   121
   132
   136
   138
   140
   146
   120
   104
    93
    93
    92
    94
    99
    98
    88
    84
    88
    94
   101
   101
    96
    85
    81
    64
    64
    65
    70
    67
    71
    75
    65
    69
    70
    70
    77
    87
    94
   127
   162
   172
   175
   181
   185
   192
   199
   199
   199
   201
   199
   198
   198
   197
   194
   193
   194
   195
   194
   192
   165
   213
   182
   144
   144
   161
   156
   143
   133
   139
   173
   183
   196
   204
   201
   199
   191
   184
   184
   194
   206
   182
   170
   184
   192
   193
   195
   188
   184
   185
   185
   180
   179
   180
   183
   182
   184
   184
   177
   176
   172
   169
   161
   159
   151
   148
   141
   137
   130
   123
   129
   130
   128
   118
   119
   120
   127
   130
   137
   135
   108
   105
    95
   100
    99
    99
    91
    97
    94
    95
    97
    92
   109
   115
   102
    92
    74
    71
    72
    64
    60
    69
    79
    74
    76
    75
    78
    84
    85
    88
   100
   134
   173
   185
   192
   195
   197
   202
   204
   203
   201
   202
   204
   202
   203
   203
   202
   197
   197
   196
   196
   182
   159
   183
   186
   203
   156
   169
   156
   123
   108
   119
   168
   189
   201
   203
   198
   197
   197
   197
   198
   194
   188
   183
   175
   188
   184
   186
   194
   191
   188
   186
   189
   184
   185
   181
   182
   186
   184
   183
   182
   175
   173
   168
   166
   162
   157
   156
   151
   143
   135
   128
   124
   131
   132
   130
   126
   125
   123
   128
   128
   136
   109
   109
   104
    93
    96
    96
    93
    89
    98
    97
   110
   134
   122
   106
    86
    71
    68
    69
    76
    76
    73
    80
    77
    70
    81
    82
    83
    99
    94
    90
   101
   132
   167
   177
   187
   186
   189
   198
   203
   204
   203
   202
   203
   205
   202
   202
   203
   203
   200
   199
   188
   168
   154
   149
   198
   216
   166
   169
   153
   134
    96
   115
   152
   177
   198
   198
   196
   196
   193
   197
   202
   203
   198
   182
   181
   186
   184
   189
   195
   194
   195
   192
   190
   187
   185
   184
   187
   188
   186
   185
   185
   184
   177
   172
   171
   166
   163
   158
   154
   149
   142
   130
   124
   127
   131
   129
   126
   125
   120
   123
   127
   121
   105
   100
    95
   104
    99
   102
    82
    67
    69
    72
    76
    98
   102
    97
    83
    69
    65
    73
    74
    66
    66
    78
    84
    86
    85
    90
    95
   102
    86
    86
    90
   121
   158
   163
   173
   183
   191
   197
   203
   204
   206
   205
   206
   206
   205
   204
   203
   202
   203
   196
   175
   159
   142
   154
   154
   186
   174
   163
   137
   144
   114
   129
   148
   173
   196
   198
   197
   196
   196
   201
   206
   208
   204
   182
   178
   191
   186
   191
   196
   193
   197
   195
   192
   193
   190
   188
   188
   188
   188
   189
   188
   188
   189
   179
   171
   170
   167
   160
   156
   147
   145
   140
   131
   127
   129
   128
   129
   127
   121
   122
   124
   115
   110
   107
    96
    95
    97
    89
    82
    85
    84
    92
   113
   111
   108
    89
    76
    82
    86
    80
    85
    79
    77
    94
    94
    83
    93
    96
   102
   101
    90
    82
    96
   121
   159
   165
   173
   189
   193
   200
   203
   205
   206
   209
   208
   210
   210
   209
   210
   207
   201
   186
   173
   159
   142
   155
   129
   144
   177
   159
   131
   122
   111
   152
   152
   165
   193
   193
   194
   196
   200
   204
   206
   209
   208
   183
   177
   190
   189
   190
   197
   200
   196
   194
   193
   195
   193
   189
   186
   186
   186
   189
   188
   192
   188
   183
   180
   178
   172
   168
   161
   157
   148
   141
   137
   128
   127
   129
   131
   129
   129
   123
   123
   109
   107
   103
    90
    85
    91
    83
    78
    75
    90
   103
   111
    99
    91
    77
    80
    88
    92
    84
    76
    80
   101
   111
    93
    84
    93
   100
   104
    90
    91
    89
   103
   124
   159
   165
   174
   188
   193
   200
   204
   208
   208
   208
   210
   207
   211
   210
   209
   209
   206
   197
   188
   160
   147
   158
   134
   161
   176
   154
   136
   116
   104
   148
   163
   157
   189
   188
   196
   199
   201
   203
   206
   206
   208
   195
   170
   190
   190
   191
   196
   199
   197
   196
   196
   196
   195
   193
   184
   186
   182
   180
   183
   185
   190
   188
   182
   176
   173
   166
   165
   159
   153
   147
   139
   132
   123
   127
   127
   130
   128
   130
   126
   102
   108
    96
    95
    91
    87
    82
    91
    91
    88
    93
   100
    97
    75
    85
    92
    94
    96
    83
    84
   105
   108
    85
    83
    92
    96
    97
   108
   106
    86
    79
   100
   114
   159
   174
   176
   182
   189
   201
   207
   210
   211
   211
   212
   212
   209
   211
   211
   210
   206
   203
   189
   170
   142
   164
   132
   159
   178
   152
   146
   107
   110
   132
   171
   157
   184
   186
   196
   203
   204
   202
   204
   205
   207
   209
   164
   195
   194
   198
   199
   202
   201
   194
   194
   196
   199
   197
   192
   189
   183
   176
   183
   185
   188
   187
   183
   179
   174
   171
   166
   160
   156
   149
   145
   134
   124
   120
   128
   126
   128
   123
   126
    96
    93
    98
    91
    82
    78
    79
    87
    92
   106
    99
    91
    82
    73
    93
    84
    92
   108
   102
   104
    96
    73
    63
    67
    94
   102
   107
   104
    96
    95
    90
    98
   121
   154
   165
   177
   189
   199
   204
   205
   210
   212
   211
   211
   212
   211
   208
   211
   209
   208
   205
   193
   173
   136
   159
   146
   164
   179
   149
   153
    88
    81
   125
   170
   161
   188
   186
   194
   199
   204
   205
   204
   204
   207
   213
   160
   190
   195
   201
   205
   202
   198
   199
   200
   203
   198
   192
   191
   191
   190
   186
   188
   188
   189
   182
   186
   184
   179
   175
   170
   167
   162
   155
   146
   142
   129
   123
   125
   124
   127
   128
   121
    97
    92
    90
    88
    84
    89
   100
   108
   120
   117
    88
    59
    56
    85
    96
    89
    90
    95
    96
   107
    84
    76
    75
    70
    80
   100
   106
    99
   101
    95
   102
   104
   117
   152
   157
   178
   188
   198
   205
   210
   211
   213
   212
   213
   212
   214
   213
   210
   210
   208
   208
   191
   154
    95
   121
    56
   127
   165
   145
   159
   108
   106
   109
   164
   161
   181
   181
   194
   195
   202
   203
   204
   205
   206
   211
   170
   195
   200
   200
   203
   204
   199
   198
   201
   201
   199
   194
   191
   188
   185
   188
   186
   187
   190
   183
   184
   180
   181
   174
   173
   167
   160
   161
   147
   140
   129
   123
   121
   124
   127
   127
   126
   106
    91
    87
    83
    87
    97
   109
   117
   112
    94
    86
    65
    64
    84
   109
    79
    82
    80
    76
    86
    71
    64
    64
    66
    73
    86
   100
    98
    95
    98
   111
    97
   102
   140
   148
   175
   186
   197
   210
   212
   213
   213
   216
   216
   214
   214
   214
   215
   211
   211
   208
   187
   151
    57
   176
   193
   195
   186
   112
   150
   131
   105
   144
   181
   169
   179
   183
   196
   200
   202
   202
   204
   208
   208
   216
   172
   195
   198
   201
   202
   199
   199
   203
   206
   205
   200
   195
   189
   184
   182
   185
   187
   189
   190
   190
   189
   187
   181
   177
   174
   173
   170
   163
   158
   144
   134
   123
   122
   128
   126
   124
   124
   106
    90
    88
    87
    84
    78
    81
    90
    88
    80
    77
    68
    64
    85
   103
    78
    80
    87
    71
    71
    69
    70
    72
    68
    67
    70
    85
    90
    92
    96
   104
    95
   109
   153
   163
   183
   193
   201
   210
   212
   214
   214
   216
   218
   218
   216
   216
   214
   212
   210
   204
   193
   159
   122
   231
   226
   232
   234
   215
   166
   109
   128
   143
   171
   171
   176
   183
   193
   203
   205
   206
   204
   206
   208
   210
   162
   194
   201
   201
   197
   196
   202
   206
   209
   207
   204
   194
   189
   183
   174
   176
   190
   196
   197
   194
   194
   190
   187
   180
   174
   173
   172
   166
   161
   153
   142
   130
   124
   119
   122
   128
   127
   102
    90
    96
    93
    85
    94
   113
   124
   105
    88
    84
    79
    67
    94
    98
    80
    98
   101
    79
    65
    61
    58
    60
    59
    62
    66
    92
    94
    94
    92
    91
    93
   119
   160
   165
   186
   197
   206
   211
   213
   211
   214
   217
   217
   217
   218
   218
   217
   217
   211
   206
   197
   160
   113
   224
   223
   223
   223
   219
   174
   142
   179
   194
   184
   182
   176
   188
   197
   195
   202
   206
   207
   206
   206
   199
   157
   196
   196
   194
   188
   198
   206
   205
   202
   202
   201
   193
   189
   177
   164
   162
   180
   190
   194
   196
   197
   192
   181
   180
   175
   171
   169
   163
   161
   157
   146
   133
   122
   122
   122
   122
   118
   109
    92
    90
    96
   102
   106
   129
   118
    94
    86
    76
    77
    94
    96
    92
    73
   101
   107
    88
    73
    57
    64
    68
    61
    62
    75
    88
    97
    94
    88
    94
   114
   129
   165
   162
   187
   203
   211
   213
   216
   215
   216
   217
   219
   218
   218
   218
   218
   217
   213
   209
   198
   164
   134
   222
   224
   224
   223
   216
   171
   154
   183
   190
   191
   191
   174
   186
   202
   200
   202
   201
   203
   206
   207
   196
   170
   201
   192
   189
   191
   202
   208
   204
   200
   197
   199
   193
   189
   178
   149
   136
   173
   191
   197
   200
   198
   197
   188
   186
   181
   180
   179
   167
   166
   158
   151
   143
   126
   120
   119
   124
   128
   109
    88
    93
    87
    88
    98
   100
   108
   107
    86
    74
    89
   109
    89
    77
    69
    96
   114
    83
    64
    70
    56
    56
    64
    70
    77
    83
    86
    99
    99
   110
   108
   129
   157
   171
   195
   208
   206
   216
   216
   214
   216
   217
   218
   219
   218
   220
   219
   217
   216
   208
   201
   169
   132
   220
   222
   226
   230
   210
   153
   158
   163
   175
   186
   184
   183
   196
   201
   203
   205
   205
   203
   203
   203
   186
   187
   193
   191
   189
   196
   204
   207
   203
   199
   198
   196
   190
   183
   165
   121
   125
   182
   196
   202
   198
   197
   195
   192
   190
   184
   178
   177
   175
   170
   168
   159
   152
   140
   122
   123
   123
   128
   112
    89
    81
    93
   100
   102
   105
   107
    91
    83
    93
   102
    91
    77
    61
    65
    90
   112
    94
    71
    70
    67
    63
    64
    66
    66
    80
    93
   101
   100
   100
   113
   129
   164
   184
   204
   207
   208
   215
   216
   216
   216
   217
   218
   218
   218
   218
   219
   220
   217
   211
   205
   180
   137
   216
   237
   228
   221
   153
   140
   159
   144
   166
   179
   177
   189
   201
   204
   203
   202
   204
   201
   202
   203
   182
   199
   194
   191
   194
   199
   202
   201
   201
   199
   197
   197
   187
   178
   161
   120
   106
   177
   194
   197
   202
   197
   195
   191
   188
   189
   184
   183
   179
   172
   162
   160
   156
   141
   128
   115
   116
   122
   113
    90
    93
   105
   111
   111
   112
    90
    92
   102
   110
    98
    76
    69
    63
    56
    83
   120
   105
    62
    60
    69
    74
    70
    71
    68
    65
    80
    89
   102
   109
   115
   132
   158
   174
   197
   205
   212
   214
   217
   218
   217
   216
   218
   218
   219
   218
   218
   218
   220
   214
   209
   186
   131
   163
   191
   149
   158
   156
   136
   148
   134
   147
   179
   179
   189
   195
   200
   207
   204
   201
   199
   195
   181
   186
   200
   191
   189
   197
   203
   204
   202
   199
   195
   198
   196
   189
   186
   170
   129
   109
   168
   184
   193
   195
   195
   194
   187
   188
   189
   185
   184
   179
   175
   174
   165
   159
   147
   131
   120
   120
   121
   118
    94
    99
   109
   107
   109
   106
   108
   120
   122
   114
    99
    80
    56
    59
    75
    96
   110
    97
    76
    71
    58
    64
    71
    65
    61
    78
    85
    98
    98
   102
   118
   141
   154
   176
   183
   197
   214
   215
   219
   219
   219
   218
   218
   219
   219
   218
   219
   218
   217
   217
   208
   192
   148
   107
   148
   158
   151
   161
   155
   147
   160
   127
   184
   189
   187
   188
   201
   202
   208
   200
   186
   179
   182
   190
   166
   141
   124
   144
   182
   200
   202
   196
   197
   197
   197
   195
   192
   175
   136
   111
   164
   173
   184
   192
   192
   190
   189
   186
   186
   186
   189
   183
   177
   174
   171
   158
   154
   142
   127
   120
   119
   109
    98
    99
   102
   101
   104
   104
   108
   121
   111
   106
    98
    92
    93
    86
    84
    97
    96
    88
    82
    75
    69
    63
    67
    79
    77
    72
    80
    92
   102
   114
   127
   138
   141
   160
   181
   189
   208
   213
   215
   218
   220
   218
   218
   218
   218
   217
   218
   218
   217
   217
   209
   204
   174
   139
   147
   145
   154
   151
   154
   145
   166
   164
   191
   184
   180
   198
   203
   208
   192
   182
   174
   163
   173
   159
   152
   167
   163
   143
   148
   184
   198
   201
   195
   197
   198
   197
   192
   176
   135
   113
   165
   174
   176
   190
   190
   191
   188
   187
   185
   192
   191
   188
   176
   175
   173
   165
   151
   146
   129
   122
   121
    95
    92
    98
   105
   112
   109
    93
   113
   127
   125
   132
   110
    87
    89
    77
    74
    88
    98
    94
    75
    64
    62
    67
    59
    74
    58
    65
    74
    86
   102
   114
   120
   134
   154
   170
   169
   178
   206
   213
   217
   217
   218
   219
   218
   218
   217
   217
   218
   217
   217
   217
   214
   203
   187
   151
   156
   130
   155
   147
   147
   148
   140
   168
   178
   182
   198
   188
   165
   177
   178
   179
   166
   163
   163
   172
   191
   191
   174
   145
   119
   146
   197
   200
   197
   194
   191
   193
   196
   169
   128
   121
   164
   171
   172
   183
   185
   185
   185
   187
   190
   189
   198
   196
   189
   184
   179
   171
   161
   148
   135
   124
   119
   107
    83
    90
    95
   103
    99
   119
   117
   112
   128
   115
    86
   101
    98
    97
    79
   100
   120
   101
    84
    70
    68
    61
    69
    69
    83
    74
    76
    86
    92
    97
   105
   122
   147
   159
   167
   174
   201
   213
   216
   219
   218
   218
   219
   220
   219
   219
   218
   217
   218
   216
   213
   202
   193
   165
   169
   124
   153
   156
   147
   148
   138
   143
   160
   187
   188
   204
   152
   161
   180
   167
   168
   180
   182
   192
   203
   193
   178
   154
   127
   112
   173
   201
   201
   199
   197
   201
   193
   160
   121
   124
   172
   176
   169
   180
   188
   189
   186
   191
   189
   192
   196
   196
   193
   190
   179
   168
   160
   149
   134
   122
   122
   117
    87
    78
    93
   102
   109
   108
   113
   125
   124
   109
   117
   110
   106
    92
    86
   112
   128
    98
    75
    63
    57
    62
    67
    77
    86
    74
    77
    77
    76
    82
    99
   117
   140
   156
   163
   167
   195
   208
   214
   214
   214
   216
   219
   218
   218
   217
   217
   218
   219
   217
   213
   208
   196
   175
   175
   137
   151
   162
   159
   157
   161
   165
   175
   163
   171
   187
   189
   158
   157
   172
   188
   185
   178
   188
   188
   184
   180
   155
   115
    94
   152
   196
   202
   198
   194
   200
   191
   153
   125
   131
   170
   174
   169
   175
   181
   187
   187
   188
   190
   194
   199
   200
   191
   182
   179
   171
   158
   147
   136
   121
   119
   112
    86
    94
   102
   108
   106
   109
   110
   115
   120
   122
   120
   107
    97
    92
    92
   119
   125
    96
    72
    71
    61
    61
    75
   100
    82
    79
    87
    83
    77
    89
    99
   109
   140
   153
   164
   172
   196
   212
   213
   212
   212
   215
   216
   217
   217
   217
   215
   216
   217
   218
   216
   214
   209
   196
   175
   135
   134
   143
   153
   143
   148
   157
   161
   148
   151
   150
   154
   155
   177
   188
   191
   179
   165
   166
   171
   170
   165
   145
    99
    89
   129
   185
   195
   195
   198
   205
   189
   161
   131
   133
   177
   173
   173
   170
   180
   187
   189
   190
   192
   204
   204
   202
   198
   191
   179
   180
   166
   152
   139
   128
   118
   133
   107
    99
   101
   112
   109
   111
   119
   115
   110
   116
    97
    92
    90
    84
    90
   121
   109
    88
    67
    83
    68
    79
    94
    81
    95
    94
    82
    68
    66
    80
    98
   109
   125
   147
   159
   178
   199
   212
   213
   214
   214
   212
   212
   216
   216
   217
   216
   216
   216
   217
   217
   212
   206
   204
   202
   178
   150
   139
   134
   146
   152
   154
   147
   143
   133
   143
   160
   183
   185
   185
   183
   177
   173
   177
   181
   178
   162
   142
    94
    84
   115
   167
   193
   192
   196
   205
   184
   158
   140
   132
   175
   174
   169
   166
   169
   181
   186
   188
   194
   203
   208
   205
   200
   195
   187
   175
   169
   156
   146
   132
   123
   141
   108
    96
    91
   100
   120
   116
   108
   109
   104
    98
    99
   104
    87
    90
   102
   128
    91
    68
    76
    84
    79
   108
   107
    96
    98
    96
    78
    77
    76
    76
    82
   108
   129
   141
   162
   189
   201
   207
   211
   213
   214
   216
   215
   213
   216
   215
   217
   216
   216
   218
   216
   213
   209
   205
   204
   208
   203
   197
   213
   135
   149
   144
   151
   166
   174
   178
   183
   180
   184
   188
   186
   190
   189
   187
   189
   183
   173
   150
   112
    83
   117
   155
   185
   195
   196
   203
   181
   166
   149
   141
   188
   179
   172
   163
   166
   174
   181
   189
   195
   204
   205
   206
   201
   196
   193
   182
   171
   156
   145
   136
   124
   144
   120
    99
   101
   121
   106
   108
   114
   117
   100
    90
    91
    95
   101
    96
   107
   123
    86
    77
    81
    69
    82
   105
    88
    95
    98
    86
    74
    72
    80
    93
    92
   114
   119
   137
   173
   191
   206
   212
   212
   214
   214
   214
   213
   214
   214
   215
   217
   217
   218
   217
   217
   216
   213
   206
   207
   211
   213
   215
   204
   158
   154
   190
   201
   204
   199
   188
   188
   186
   186
   192
   201
   205
   199
   197
   196
   193
   181
   156
   130
    84
   108
   151
   182
   194
   203
   206
   184
   165
   151
   139
   184
   191
   171
   161
   161
   173
   181
   186
   199
   205
   205
   207
   204
   196
   190
   181
   176
   164
   147
   135
   125
   138
   110
   103
   111
   108
    93
   104
   117
   116
   112
   106
    98
   116
   117
   107
   106
   117
    71
    69
    71
    61
    85
    98
    91
    93
    84
    87
    82
    84
    94
   103
   111
   122
   132
   161
   186
   192
   207
   210
   209
   212
   210
   210
   213
   213
   212
   214
   214
   214
   215
   219
   217
   212
   209
   208
   210
   209
   211
   213
   206
   153
   173
   210
   211
   210
   210
   208
   202
   196
   196
   195
   204
   205
   202
   198
   199
   194
   181
   158
   134
    89
    95
   132
   176
   187
   196
   204
   188
   159
   149
   134
   180
   191
   171
   157
   154
   169
   181
   186
   198
   206
   206
   205
   205
   198
   189
   178
   168
   161
   147
   134
   124
   142
   110
    85
    82
    90
   105
   108
   110
   113
   118
   120
   115
   134
   135
   110
   108
    98
    83
    79
    81
    74
    95
    89
    87
    97
    98
   103
    91
    90
    97
   108
   121
   116
   140
   171
   185
   197
   205
   212
   211
   211
   213
   211
   210
   207
   212
   214
   215
   217
   216
   214
   213
   213
   209
   204
   203
   205
   208
   214
   229
   189
   176
   212
   214
   214
   213
   218
   220
   218
   212
   208
   201
   200
   201
   204
   207
   200
   189
   163
   142
   121
    90
   105
   157
   178
   186
   198
   189
   157
   141
   138
   181
   185
   173
   156
   153
   173
   177
   187
   204
   206
   206
   206
   204
   198
   192
   179
   173
   164
   153
   142
   129
   141
   116
    89
    93
   103
    95
   102
   109
   113
   115
   113
   114
   144
   135
   124
   113
    98
    96
    99
    83
    86
    92
    89
    90
    93
    88
    86
    80
    82
    93
   105
   114
   132
   143
   159
   175
   183
   198
   211
   211
   211
   211
   212
   213
   211
   210
   214
   216
   216
   216
   217
   215
   211
   209
   207
   205
   203
   207
   214
   223
   192
   179
   212
   211
   211
   209
   210
   211
   214
   216
   211
   204
   207
   207
   213
   217
   207
   194
   171
   145
   134
   114
   108
   159
   180
   186
   191
   198
   157
   147
   142
   179
   186
   177
   153
   145
   169
   175
   187
   203
   206
   208
   209
   206
   199
   192
   182
   167
   161
   148
   139
   128
   149
   129
   103
    98
    93
    94
    92
   105
   112
   115
   125
   115
   134
   123
   109
   116
   122
   109
   111
    93
    92
    96
    87
    93
    92
    88
    81
    73
    81
    91
   103
   108
   126
   132
   153
   173
   175
   185
   198
   207
   210
   210
   209
   209
   210
   210
   212
   214
   215
   215
   214
   214
   209
   205
   202
   201
   204
   205
   212
   224
   187
   184
   210
   209
   206
   206
   204
   205
   210
   207
   209
   205
   205
   206
   212
   216
   211
   200
   182
   155
   139
   124
   119
   173
   185
   182
   185
   199
   160
   143
   140
   179
   186
   177
   158
   140
   168
   176
   189
   202
   203
   201
   205
   203
   195
   191
   182
   170
   161
   147
   138
   126
   148
   136
   108
    98
    93
    86
    88
   100
   110
   112
   112
   118
   119
   106
   116
   127
   111
   118
   105
   110
   114
    94
    80
    72
    74
    69
    76
    76
    76
    84
    91
   119
   130
   141
   143
   148
   173
   178
   189
   202
   207
   210
   211
   212
   212
   213
   212
   213
   215
   215
   217
   214
   210
   206
   200
   196
   198
   205
   210
   226
   172
   172
   203
   207
   207
   206
   207
   207
   205
   207
   205
   204
   205
   204
   210
   216
   217
   201
   184
   165
   146
   127
   146
   173
   181
   181
   185
   184
   150
   140
   146
   182
   183
   175
   155
   144
   158
   170
   188
   202
   205
   204
   205
   203
   197
   187
   176
   169
   159
   152
   135
   126
   153
   148
   130
    97
    86
    81
    90
    96
    98
   105
   104
   109
   110
   116
   122
   120
   126
   121
   103
    93
    73
    69
    63
    61
    55
    41
    48
    60
    68
    83
    94
   108
   126
   134
   145
   152
   160
   189
   196
   206
   208
   210
   211
   212
   211
   212
   214
   214
   214
   216
   216
   216
   211
   204
   200
   201
   194
   179
   161
   202
   143
   145
   160
   180
   193
   199
   202
   202
   203
   202
   203
   204
   204
   207
   209
   219
   217
   199
   180
   163
   145
   139
   167
   183
   185
   185
   183
   177
   152
   139
   142
   183
   184
   170
   156
   144
   164
   174
   184
   199
   205
   205
   207
   207
   200
   191
   181
   163
   155
   148
   133
   116
   149
   150
   147
   109
    82
    91
    90
    86
    84
    93
    99
    99
   112
   115
   118
   110
   111
   105
   103
    96
    83
    62
    61
    60
    62
    61
    51
    50
    54
    65
    82
   108
   127
   138
   136
   144
   148
   163
   194
   198
   205
   211
   211
   212
   212
   215
   214
   213
   216
   215
   215
   213
   203
   194
   187
   189
   168
   159
   183
   191
   142
   157
   139
   144
   143
   149
   170
   180
   178
   185
   196
   203
   203
   199
   202
   209
   203
   190
   170
   155
   144
   150
   173
   179
   185
   186
   190
   168
   151
   140
   137
   176
   182
   167
   158
   154
   167
   177
   181
   195
   203
   205
   208
   202
   198
   188
   176
   164
   156
   144
   132
   121
   155
   152
   148
   132
   101
    90
    93
    87
    92
    97
   108
   102
   103
   102
   109
   105
    98
   101
    90
    86
    83
    75
    65
    57
    49
    53
    63
    64
    68
    75
    88
   104
   119
   139
   150
   137
   154
   185
   195
   201
   205
   204
   210
   212
   211
   214
   215
   214
   216
   216
   215
   210
   208
   194
   182
   181
   185
   185
   171
   159
   155
   162
   171
   174
   156
   126
   119
   132
   157
   173
   181
   192
   197
   196
   199
   197
   195
   180
   164
   151
   131
   151
   172
   179
   177
   183
   184
   166
   153
   141
   136
   174
   178
   165
   165
   159
   169
   178
   185
   193
   203
   204
   201
   199
   194
   188
   179
   167
   157
   143
   131
   117
   152
   149
   150
   147
   118
   100
    98
    98
    95
   107
   108
   105
    99
   104
   101
   102
   101
   105
   103
    83
    88
   100
    98
    96
    81
    76
    66
    69
    71
    76
    96
   108
   121
   141
   160
   170
   159
   192
   204
   202
   208
   210
   209
   210
   211
   214
   214
   215
   215
   216
   216
   212
   206
   191
   177
   212
   175
   157
   158
   154
   153
   160
   164
   185
   201
   192
   180
   128
   133
   168
   173
   174
   178
   186
   184
   186
   185
   175
   161
   136
   144
   170
   171
   174
   178
   183
   186
   170
   152
   133
   136
   171
   169
   164
   165
   165
   173
   178
   184
   189
   202
   202
   201
   199
   194
   186
   175
   164
   157
   142
   127
   113
   148
   150
   154
   147
   113
    99
   108
   103
   107
   103
   106
   103
   100
    94
    95
   102
   101
   113
    93
    91
    84
    72
    56
    58
    72
    74
    72
    63
    65
    75
    87
   101
   112
   129
   150
   178
   172
   186
   204
   207
   206
   210
   207
   210
   212
   214
   215
   215
   216
   216
   214
   207
   201
   180
   154
   181
   144
   159
   160
   144
   146
   139
   149
   180
   189
   194
   182
   172
   148
   159
   170
   172
   169
   170
   174
   175
   174
   166
   146
   116
   156
   173
   172
   174
   177
   182
   186
   173
   148
   127
   139
   165
   167
   168
   168
   171
   173
   178
   180
   186
   198
   204
   198
   192
   185
   177
   172
   163
   155
   142
   122
   111
   152
   151
   151
   146
   117
    91
    99
   103
    97
   101
   106
   107
   116
    98
    92
   110
   123
   122
    99
    80
    78
    76
    74
    71
    63
    60
    70
    69
    68
    72
    77
    88
   110
   133
   150
   176
   171
   178
   203
   208
   211
   206
   210
   208
   209
   211
   213
   215
   216
   213
   209
   208
   200
   162
   139
   155
   140
   160
   146
   134
   133
   132
   148
   170
   186
   189
   196
   201
   188
   135
   151
   164
   177
   168
   172
   171
   165
   159
   138
   139
   171
   169
   172
   172
   178
   181
   184
   177
   148
   121
   147
   162
   165
   167
   172
   175
   175
   178
   179
   182
   196
   200
   196
   187
   179
   179
   168
   161
   151
   136
   123
   120
   151
   152
   152
   147
   120
    86
    83
    95
    91
   106
   108
    99
   107
    98
   100
   120
   136
   123
    94
    88
    72
    76
    77
    69
    66
    59
    55
    60
    66
    67
    85
    92
   105
   133
   149
   166
   180
   193
   206
   208
   210
   212
   209
   211
   213
   215
   215
   216
   216
   215
   212
   208
   191
   150
   134
   147
   154
   157
   135
   134
   135
   164
   161
   166
   178
   182
   186
   191
   201
   197
   153
   151
   157
   181
   178
   174
   167
   157
   160
   179
   182
   180
   176
   178
   180
   180
   178
   179
   151
   120
   139
   160
   161
   170
   180
   177
   177
   179
   178
   183
   185
   191
   187
   185
   177
   170
   160
   152
   143
   135
   122
   123
   153
   151
   151
   148
   136
   106
    82
    94
    96
   103
   102
   100
   109
    98
    97
   114
   124
   105
   107
   101
    87
    72
    62
    60
    48
    57
    51
    65
    70
    82
    83
    98
   100
   119
   142
   151
   167
   191
   204
   206
   209
   207
   203
   210
   213
   213
   213
   213
   214
   215
   210
   206
   182
   120
   100
   141
   153
   147
   134
   147
   144
   146
   159
   163
   176
   184
   188
   190
   192
   200
   195
   166
   158
   168
   193
   191
   182
   183
   188
   186
   181
   177
   179
   177
   177
   179
   176
   174
   153
   119
   140
   154
   159
   172
   176
   175
   176
   175
   174
   180
   183
   179
   182
   176
   170
   161
   153
   146
   142
   135
   125
   136
   150
   153
   150
   147
   147
   134
   100
    99
    92
   101
    99
   108
   113
   107
   102
    98
    92
    92
   108
   113
   103
    71
    51
    54
    57
    57
    60
    62
    67
    67
    80
   102
   119
   114
   131
   140
   164
   186
   202
   207
   207
   209
   206
   205
   209
   212
   212
   215
   213
   213
   210
   198
   170
    85
   204
   221
   167
   125
   134
   127
   112
   130
   157
   166
   172
   175
   185
   193
   192
   196
   196
   199
   157
   151
   168
   199
   197
   196
   193
   188
   183
   180
   177
   182
   182
   177
   176
   179
   158
   125
   140
   153
   165
   174
   177
   176
   177
   178
   173
   176
   179
   182
   176
   170
   163
   158
   156
   147
   143
   130
   137
   153
   152
   151
   150
   150
   147
   143
   110
    92
    95
   102
    97
   100
   116
   118
   101
    85
    78
    85
   105
   120
   108
    79
    75
    66
    62
    62
    57
    60
    63
    65
    70
    93
   115
   105
   107
   135
   164
   178
   197
   205
   207
   206
   201
   204
   208
   211
   211
   212
   213
   210
   206
   193
   150
    85
   226
   228
   234
   169
   139
   117
    58
    65
   137
   159
   166
   177
   179
   189
   191
   191
   194
   198
   198
   151
   158
   191
   199
   198
   196
   196
   194
   187
   185
   182
   182
   180
   174
   168
   143
   126
   156
   166
   173
   174
   175
   177
   178
   175
   175
   178
   179
   180
   169
   164
   162
   154
   152
   146
   134
   135
   151
   161
   153
   150
   152
   150
   151
   146
   127
    97
    88
   102
    89
    98
   107
   110
    97
    82
    79
    88
   100
   106
   100
    91
    87
    80
    65
    61
    55
    64
    75
    66
    58
    72
    84
    97
   101
   116
   152
   175
   188
   196
   203
   197
   197
   202
   208
   206
   205
   208
   210
   207
   203
   193
   154
   116
   224
   223
   224
   210
   159
   154
   174
    72
   145
   172
   167
   179
   177
   183
   194
   196
   192
   195
   199
   181
   129
   182
   193
   196
   196
   198
   198
   196
   193
   188
   186
   181
   175
   163
   144
   118
   166
   179
   179
   181
   182
   180
   177
   179
   178
   176
   173
   167
   164
   160
   160
   152
   144
   136
   131
   147
   162
   168
   152
   153
   153
   149
   150
   151
   141
   109
    89
    94
    92
    94
   107
   105
   110
    87
    84
    88
    77
    80
    95
   103
    97
    81
    74
    62
    58
    63
    72
    73
    65
    61
    77
    82
    91
   111
   134
   167
   182
   189
   197
   200
   199
   198
   203
   203
   206
   206
   208
   208
   201
   185
   159
   136
   217
   223
   223
   187
   166
   134
   102
   127
   150
   166
   164
   165
   173
   189
   195
   194
   193
   197
   197
   200
   148
   172
   191
   194
   194
   197
   196
   196
   198
   198
   191
   182
   177
   175
   155
   144
   160
   177
   187
   190
   188
   185
   179
   174
   174
   174
   166
   164
   162
   162
   153
   149
   134
   129
   150
   155
   163
   172
   153
   150
   153
   151
   152
   155
   150
   122
   108
   102
    94
    92
    98
   110
   112
    90
    80
    77
    81
    74
    95
   107
   106
    81
    80
    69
    68
    69
    72
    65
    70
    74
    73
    86
    93
   105
   155
   179
   191
   189
   197
   199
   198
   199
   200
   202
   207
   208
   205
   207
   205
   192
   148
   142
   221
   231
   230
   163
   152
   151
   133
   147
   171
   168
   171
   175
   175
   186
   191
   192
   193
   194
   197
   204
   162
   174
   191
   191
   194
   195
   197
   198
   196
   197
   193
   187
   187
   180
   166
   166
   173
   180
   183
   184
   186
   181
   176
   171
   166
   162
   165
   161
   160
   153
   149
   135
   132
   152
   159
   170
   172
   172
   151
   152
   152
   153
   151
   151
   146
   134
   113
   102
    97
    89
   102
   102
   106
   104
    99
    94
    87
   104
   114
   115
    96
    70
    74
    68
    63
    74
    79
    70
    74
    71
    67
    75
    90
   108
   139
   180
   190
   188
   190
   198
   195
   194
   199
   200
   201
   205
   207
   203
   202
   189
   151
   142
   156
   227
   159
   156
   144
   137
   116
   157
   175
   151
   157
   166
   176
   182
   190
   194
   191
   194
   195
   199
   150
   169
   192
   189
   190
   194
   193
   193
   192
   193
   192
   189
   188
   186
   183
   181
   183
   186
   182
   185
   180
   179
   174
   171
   164
   164
   160
   155
   151
   146
   135
   130
   148
   159
   162
   167
   170
   170
   151
   150
   150
   153
   151
   149
   148
   131
    99
    93
   101
   107
   108
   104
   102
   114
   109
   105
   102
   106
   110
   101
    76
    84
    82
    80
    68
    80
    74
    66
    66
    71
    78
    75
    86
   120
   152
   161
   177
   187
   185
   191
   194
   194
   199
   199
   201
   203
   204
   201
   199
   181
   147
   158
   152
   184
   165
   164
   145
   152
   102
   139
   154
   147
   156
   163
   171
   184
   190
   191
   191
   194
   195
   197
   159
   171
   195
   194
   196
   194
   195
   193
   194
   192
   187
   184
   186
   190
   187
   183
   184
   182
   184
   183
   174
   169
   170
   163
   159
   156
   154
   153
   144
   134
   129
   150
   158
   161
   164
   171
   171
   170
   153
   154
   153
   152
   150
   149
   150
   150
   137
   119
   104
   108
   103
    92
   101
   107
    93
    98
    84
    94
   105
   103
   103
   100
    80
    67
    78
    93
   101
    85
    79
    84
    84
    82
    84
   122
   155
   165
   168
   178
   185
   185
   193
   193
   198
   198
   198
   203
   203
   197
   196
   179
   150
   151
   149
   103
   156
   167
   142
   148
   116
   103
   128
   140
   153
   161
   173
   182
   191
   193
   195
   197
   201
   201
   163
   181
   193
   194
   193
   197
   191
   194
   194
   195
   193
   186
   186
   179
   179
   181
   177
   175
   175
   175
   172
   168
   165
   163
   160
   155
   152
   146
   138
   132
   157
   168
   168
   169
   170
   171
   176
   177
   150
   151
   151
   152
   151
   151
   152
   153
   149
   134
   120
   111
   114
    99
    92
    87
    97
    94
    87
    84
    92
   101
   103
    91
    81
    83
    87
    93
    99
    87
    80
    80
    88
    77
    92
   140
   147
   163
   176
   181
   183
   185
   185
   193
   192
   195
   194
   198
   198
   190
   180
   162
   136
   148
   144
   133
   157
   165
   135
   145
   123
    94
   116
   140
   154
   164
   177
   185
   191
   186
   193
   194
   198
   199
   165
   177
   192
   189
   184
   188
   192
   191
   191
   190
   187
   184
   179
   175
   172
   168
   169
   167
   167
   171
   170
   165
   160
   160
   156
   152
   145
   142
   132
   138
   137
   135
   132
   139
   143
   140
   135
   134
   151
   153
   153
   153
   154
   151
   152
   150
   145
   146
   142
   128
   125
   121
    90
    79
    83
    92
    86
    96
    95
    92
    83
    88
    89
    94
    99
    90
    77
    72
    76
    69
    72
    78
   122
   157
   159
   160
   168
   177
   181
   177
   179
   185
   190
   193
   195
   195
   190
   190
   176
   154
   143
   145
   144
   127
   145
   165
   140
   116
   134
    88
   114
   146
   160
   168
   176
   181
   189
   190
   193
   194
   195
   188
   155
   176
   187
   189
   184
   187
   185
   187
   186
   191
   185
   181
   177
   172
   172
   169
   171
   174
   171
   166
   161
   158
   158
   154
   147
   144
   139
   131
   143
   183
   195
   191
   185
   186
   185
   190
   198
   211
   152
   152
   151
   150
   148
   150
   151
   153
   154
   151
   150
   148
   111
    97
    95
    83
    85
    85
    91
    85
    83
    84
    99
   119
   116
   114
   108
    98
    93
   100
    85
    83
    90
   109
   141
   154
   170
   176
   177
   172
   175
   178
   183
   179
   181
   182
   185
   188
   188
   187
   189
   168
   133
   154
   141
   116
   141
   161
   157
   135
   134
   140
   131
   156
   167
   178
   182
   181
   186
   186
   186
   191
   191
   185
   151
   177
   187
   186
   184
   182
   180
   182
   187
   182
   178
   179
   178
   178
   173
   173
   170
   166
   166
   160
   162
   152
   151
   149
   148
   143
   126
   123
   116
   117
   146
   206
   231
   229
   225
   223
   222
   218
   151
   153
   152
   152
   152
   152
   151
   152
   149
   149
   148
   146
   134
   105
    87
    96
    95
    92
    87
    84
    78
    92
   102
    99
   106
   116
   112
   102
   115
    93
    81
    96
   106
   116
   141
   145
   155
   166
   171
   176
   174
   178
   178
   179
   178
   182
   177
   176
   181
   179
   179
   181
   155
   174
   141
   124
   136
   158
   158
   151
   142
   146
   150
   164
   169
   174
   178
   181
   182
   184
   182
   185
   188
   176
   160
   178
   182
   179
   176
   175
   177
   175
   176
   176
   175
   175
   173
   169
   170
   166
   162
   159
   158
   158
   149
   153
   147
   146
   137
   122
   120
   118
   121
   117
   104
    88
   127
   175
   203
   203
   207
   207
   153
   153
   151
   153
   153
   153
   152
   150
   150
   151
   152
   152
   145
   120
    77
    69
    86
    84
    86
    94
    89
    86
    80
    75
    98
   110
   102
    98
   105
    85
    78
    91
   108
   127
   139
   149
   151
   153
   158
   159
   160
   160
   169
   171
   173
   174
   175
   173
   170
   175
   175
   175
   168
   176
   151
   134
   134
   152
   152
   151
   149
   142
   144
   162
   164
   168
   176
   181
   184
   182
   180
   181
   180
   158
   160
   182
   185
   182
   179
   180
   174
   174
   173
   171
   170
   170
   164
   162
   160
   157
   156
   154
   153
   152
   150
   147
   147
   134
   119
   121
   122
   122
   120
   119
   120
   116
    98
    92
   133
   183
   184
   189
   151
   151
   149
   149
   147
   149
   154
   155
   153
   151
   151
   150
   141
   123
   104
    99
    87
    94
   113
    89
    85
    75
    66
    81
    95
   101
   107
    90
    75
    75
    80
    66
    70
    94
   120
   151
   160
   155
   161
   158
   160
   152
   150
   152
   157
   157
   160
   162
   163
   159
   160
   166
   169
   134
   123
   127
   135
   133
   137
   138
   141
   138
   139
   142
   150
   162
   175
   180
   180
   180
   179
   173
   172
   149
   170
   187
   187
   186
   180
   175
   172
   171
   166
   167
   164
   161
   154
   156
   155
   153
   155
   151
   149
   146
   149
   137
   122
   120
   120
   120
   120
   120
   119
   121
   119
   116
   119
   119
   114
   127
   206
   197
   151
   152
   153
   152
   153
   152
   150
   150
   148
   150
   151
   150
   146
   136
   106
    98
   100
   101
    90
    94
    84
    85
    88
    89
    86
    99
   102
    84
    81
    75
    70
    74
    64
    65
    82
   103
   123
   148
   152
   149
   157
   162
   157
   154
   154
   156
   154
   156
   157
   158
   157
   156
   152
   139
   126
   111
   113
   130
   143
   151
   154
   148
   135
   128
   130
   143
   153
   160
   167
   169
   164
   163
   161
   154
   175
   173
   171
   170
   169
   168
   165
   161
   160
   160
   157
   151
   151
   152
   150
   154
   149
   149
   143
   139
   120
   120
   120
   122
   122
   121
   121
   121
   118
   118
   120
   122
   119
   116
   123
   127
   166
   219
   151
   151
   151
   151
   149
   150
   152
   152
   152
   150
   150
   148
   149
   149
   130
    97
    91
    94
   105
    93
    83
    86
    95
    88
   102
    95
    88
    89
    86
    72
    73
    77
    59
    58
    68
    69
    85
    97
   127
   145
   145
   148
   155
   158
   156
   155
   154
   149
   152
   153
   154
   155
   155
   141
   132
   140
   127
   136
   152
   161
   156
   131
    98
    98
   121
   142
   153
   156
   156
   157
   152
   176
   187
   172
   174
   173
   169
   167
   164
   160
   160
   160
   157
   154
   148
   149
   148
   147
   148
   146
   145
   131
   122
   115
   120
   121
   120
   121
   120
   118
   121
   122
   121
   122
   119
   115
   114
   115
   118
   133
   129
   184
   150
   150
   151
   153
   151
   151
   149
   150
   148
   150
   152
   151
   150
   152
   151
   133
    80
    62
    85
    97
    97
    96
    97
   102
    93
   100
    92
    87
    82
    75
    73
    72
    76
    72
    74
    73
    76
    92
    83
    93
   104
   113
   120
   118
   122
   134
   148
   158
   160
   160
   159
   157
   156
   157
   138
   159
   164
   167
   168
   166
   136
   104
   114
   143
   154
   159
   164
   161
   161
   161
   177
   215
   179
   172
   171
   167
   162
   154
   151
   147
   140
   140
   140
   144
   141
   140
   138
   135
   127
   122
   117
   118
   123
   126
   127
   127
   126
   122
   120
   121
   119
   117
   114
   117
   116
   117
   117
   115
   122
   135
   143
   129
   152
   151
   150
   149
   153
   152
   151
   154
   153
   152
   151
   151
   151
   151
   154
   149
   141
   128
   115
    95
    96
    92
   100
   100
   105
    97
    95
    82
    88
    92
    89
    73
    80
    92
    85
    91
    83
    77
    77
    76
    79
    79
    63
    82
    72
    72
    67
    56
    78
    90
   101
   111
   113
   113
   103
   119
    93
    68
    42
    49
    76
   121
   139
   151
   145
   144
   150
   152
   156
   156
   158
   135
   139
   140
   138
   140
   141
   140
   146
   146
   153
   146
   135
   125
   124
   123
   125
   122
   125
   122
   126
   126
   128
   123
   122
   120
   118
   119
   118
   118
   119
   120
   122
   120
   116
   118
   115
   116
   111
   124
   139
   137
   152
   147
   150
   152
   149
   153
   151
   149
   150
   150
   150
   150
   150
   152
   150
   150
   156
   154
   130
    98
   104
    94
    93
    90
    97
    92
    95
    92
    96
    91
   101
    99
    86
    90
   106
    96
   105
   103
    92
    86
    87
    94
   101
    99
   102
    87
    80
    59
    38
    47
    36
    47
    59
    67
    69
    76
   118
   100
    81
   102
    43
    44
    33
    39
    77
   122
   147
   158
   158
   158
   163
   168
   163
   156
   165
   164
   175
   183
   184
   183
   164
   143
   133
   133
   133
   131
   130
   128
   129
   127
   124
   124
   124
   123
   122
   120
   122
   122
   122
   120
   121
   117
   115
   116
   117
   114
   115
   112
   114
   113
   129
   141
   149
   153
   152
   150
   152
   150
   149
   151
   149
   153
   152
   152
   151
   150
   151
   149
   151
   150
   145
   101
    94
   105
    89
    94
    91
    85
    85
    90
    81
    84
    96
   102
   101
   101
   100
   103
    82
   121
   121
   106
   107
   111
   100
    96
    90
    93
    87
    91
    92
    82
    76
    76
    69
    66
    57
    34
    17
   103
   128
   200
   161
   133
   123
   118
   129
   136
   134
   123
   145
   163
   170
   163
   168
   177
   175
   170
   163
   160
   151
   142
   130
   131
   132
   130
   131
   131
   130
   126
   126
   126
   127
   128
   123
   123
   123
   123
   122
   120
   119
   120
   115
   118
   117
   119
   115
   113
   117
   115
   113
   111
   119
   135
   153
   152
   150
   150
   149
   153
   151
   151
   151
   150
   151
   151
   150
   150
   151
   152
   148
   151
   149
   152
   134
   136
   104
    69
    76
    85
    81
    78
    79
    69
    77
    91
    99
   109
   109
    98
    98
    83
   117
   126
    98
    87
    93
    99
    96
    92
    90
    79
    74
    67
    76
    68
    64
    55
    56
    64
   109
   122
   124
   198
   158
   129
   152
   152
   164
   176
   178
   179
   169
   165
   156
   157
   156
   153
   146
   142
   139
   131
   130
   126
   134
   130
   133
   132
   128
   128
   128
   128
   127
   122
   122
   123
   125
   124
   122
   120
   119
   120
   118
   119
   121
   119
   117
   114
   116
   119
   112
   111
   114
   115
   112
   123
   152
   149
   150
   151
   150
   150
   150
   152
   152
   152
   151
   153
   151
   151
   151
   150
   150
   152
   150
   152
   152
   152
   143
   106
    52
    30
    48
    81
    79
    85
    83
    82
    96
    96
    85
    84
    85
    84
    90
   118
   113
    87
    83
    83
    75
    74
    80
    77
    68
    69
    66
    65
    49
    74
   108
   132
   147
   148
   136
    99
    60
   129
   146
   153
   160
   158
   152
   143
   144
   138
   140
   137
   139
   138
   135
   138
   133
   138
   137
   136
   133
   134
   129
   129
   128
   129
   129
   126
   129
   128
   126
   124
   123
   124
   121
   120
   122
   117
   120
   115
   117
   120
   117
   116
   113
   112
   117
   114
   110
   109
   111
   112
   150
   152
   151
   149
   151
   153
   153
   151
   149
   149
   152
   149
   151
   150
   150
   149
   149
   148
   150
   150
   152
   149
   148
   151
   149
   123
   115
   130
   134
   111
    91
    84
    93
    84
    74
    64
    65
    77
    84
   101
    93
    86
    93
    89
    85
    84
    75
    85
    84
    73
    67
    77
   112
   130
   136
   146
   148
   145
   146
   145
   146
   148
   144
   141
   140
   139
   140
   141
   141
   145
   145
   141
   141
   140
   144
   137
   140
   135
   135
   136
   133
   131
   133
   133
   133
   129
   129
   127
   126
   123
   123
   123
   126
   122
   118
   120
   121
   121
   118
   116
   116
   116
   115
   117
   115
   111
   111
   110
   115
   115
   111
   111
   150
   151
   151
   150
   149
   150
   150
   152
   155
   152
   150
   150
   151
   151
   151
   151
   152
   151
   152
   151
   149
   150
   149
   147
   148
   154
   154
   146
   151
   146
   136
    91
    77
    67
    65
    67
    64
    75
    83
    79
    85
    77
    78
    81
    72
    71
    76
    62
    66
    75
    87
   129
   146
   143
   146
   143
   146
   147
   144
   145
   144
   143
   144
   145
   143
   145
   142
   145
   142
   143
   142
   143
   142
   142
   140
   141
   138
   138
   137
   134
   136
   131
   131
   131
   128
   127
   127
   127
   125
   127
   125
   120
   123
   119
   123
   118
   120
   120
   117
   116
   118
   118
   115
   115
   116
   123
   115
   116
   110
   111
   115
   113
   151
   150
   150
   152
   152
   151
   151
   151
   149
   148
   150
   151
   149
   150
   149
   150
   149
   149
   151
   151
   149
   151
   150
   150
   150
   149
   150
   149
   149
   150
   148
   138
   117
    80
    43
    39
    41
    55
    57
    56
    58
    67
    69
    77
    66
    66
    77
   102
   116
   137
   142
   144
   144
   146
   144
   147
   147
   146
   146
   146
   145
   144
   143
   144
   146
   146
   144
   142
   142
   143
   143
   142
   141
   141
   139
   138
   137
   137
   137
   137
   136
   133
   133
   131
   130
   129
   127
   128
   127
   122
   124
   126
   125
   121
   122
   120
   120
   117
   119
   118
   116
   119
   116
   118
   117
   108
   112
   110
   113
   111
   110
   110
   150
   149
   151
   149
   150
   152
   151
   150
   150
   150
   153
   151
   150
   150
   149
   149
   151
   152
   148
   150
   151
   152
   148
   148
   150
   150
   149
   150
   149
   149
   150
   154
   152
   145
   116
   107
    73
    51
    81
    94
   100
   112
   124
   123
   125
   129
   135
   141
   144
   141
   143
   148
   146
   147
   144
   146
   145
   147
   144
   146
   144
   144
   144
   144
   146
   146
   145
   145
   142
   141
   143
   142
   142
   139
   143
   142
   138
   138
   135
   135
   137
   131
   132
   132
   129
   129
   129
   127
   124
   125
   124
   122
   123
   122
   117
   119
   120
   122
   117
   118
   119
   115
   118
   116
   112
   115
   115
   115
   113
   110
   111
   111
