    40
    40
    46
    38
    36
    39
    35
    37
    51
    41
    33
    69
   111
   111
    77
    61
   100
   122
   131
   117
    82
   105
   117
   111
   100
    75
    75
    98
   129
   149
   164
   149
   126
   103
    88
   106
   128
   124
   114
   106
   111
   113
   134
   141
   100
   112
   180
   196
   160
   146
   150
   149
   148
   154
   145
   128
   133
   123
   118
   100
   117
    96
    45
    29
    47
    61
    68
    64
    68
    70
    69
    72
    70
    75
    85
    75
    74
    63
    31
    37
    47
    48
    82
   105
   120
   147
   177
   171
   140
    58
    59
   101
   120
   108
    83
    48
    39
    36
    31
    35
    38
    34
    34
    38
    30
    36
    37
    39
    39
    36
    29
    29
    37
    36
    34
    37
    36
    34
    47
    50
    36
    29
    61
   111
   107
    96
    95
   132
   141
   134
   122
    91
    98
   109
   109
    97
    88
   102
   127
   134
   136
   126
   106
    99
    99
   116
   134
   129
   113
   106
    94
   102
   107
   127
   123
   122
   152
   176
   187
   162
   163
   175
   165
   157
   166
   166
   140
   148
   144
   130
   105
   100
    96
    60
    38
    25
    44
    56
    55
    42
    28
    25
    45
    59
    64
    61
    66
    59
    73
    63
    49
    46
    59
    67
    57
    63
    74
   123
   156
   178
   171
   121
    45
    86
    99
    93
    94
    85
    59
    39
    37
    29
    33
    40
    36
    35
    39
    28
    35
    34
    32
    32
    36
    40
    35
    43
    36
    34
    41
    52
    38
    26
    30
    60
   126
   112
    86
   100
   131
   125
   127
   122
    88
    82
    97
   102
   109
   123
   135
   154
   152
   138
   131
   130
   136
   127
   119
   123
   117
   112
   104
    90
   104
   124
   135
   130
   138
   157
   169
   185
   187
   197
   187
   168
   177
   177
   180
   164
   158
   117
    97
    88
    88
    92
    94
   106
   108
   103
    81
    63
    44
    62
   101
    91
    68
    25
    27
    53
    60
    79
   137
   142
    95
    75
    81
    83
    86
    74
    65
    46
   108
   148
   166
   169
   131
    57
    97
    75
    75
    51
    59
    54
    47
    50
    40
    39
    38
    36
    38
    45
    38
    34
    34
    38
    35
    28
    38
    33
    34
    50
    51
    35
    32
    40
    75
   121
   119
   100
   111
   131
   123
   133
   119
    90
    85
   106
   121
   129
   127
   129
   152
   130
   116
   131
   152
   140
   129
   131
   138
   131
   125
   100
    95
   116
   137
   135
   123
   132
   149
   171
   187
   201
   201
   191
   187
   175
   165
   158
   144
   142
   133
   143
   167
   187
   195
   200
   198
   178
   163
   158
   146
   123
   101
   145
   188
   200
   194
   151
    62
    15
    41
    71
   150
   169
   133
   109
    98
   104
    99
    99
    87
    72
    57
   106
   142
   151
   150
   116
   113
    78
    71
    53
    36
    46
    49
    33
    34
    34
    35
    38
    39
    40
    39
    40
    37
    38
    36
    40
    36
    46
    61
    45
    37
    40
    52
    84
   125
   115
    99
   111
   128
   121
   126
   106
    81
   101
   141
   157
   158
   133
   130
   146
   118
   128
   166
   170
   126
   107
   110
   120
   125
   133
   103
   108
   132
   139
   143
   155
   177
   187
   189
   196
   198
   192
   186
   185
   187
   191
   187
   186
   190
   200
   207
   211
   205
   200
   198
   200
   204
   206
   206
   201
   199
   197
   194
   178
   170
   178
   191
   199
   196
   137
    59
    46
   145
   181
   160
   142
   129
   131
   139
   132
   128
   107
    65
    66
    96
   150
   145
   142
   103
   108
    70
    67
    43
    36
    47
    55
    43
    39
    30
    29
    36
    27
    35
    38
    34
    36
    35
    28
    41
    61
    41
    35
    27
    46
    90
   139
   129
   111
   119
   117
   122
   134
   108
    98
   110
   131
   148
   145
   122
   137
   147
   134
   160
   174
   147
   111
   107
   118
   136
   124
   146
   127
   123
   147
   164
   176
   186
   195
   200
   204
   204
   205
   201
   198
   196
   199
   197
   202
   201
   202
   202
   198
   194
   193
   189
   190
   191
   190
   186
   189
   192
   195
   197
   200
   194
   187
   173
   170
   174
   185
   200
   210
   198
   163
   168
   160
   150
   154
   142
   146
   149
   159
   158
   134
    95
    43
    46
   116
   143
   138
   127
    98
    65
    55
    47
    37
    41
    47
    65
    63
    56
    46
    34
    36
    34
    37
    43
    35
    37
    31
    63
    49
    41
    45
    82
   113
   150
   136
   116
   111
   100
   113
   142
   129
   127
   152
   148
   147
   125
   121
   140
   133
   133
   163
   145
   112
    93
   103
   120
   149
   146
   155
   161
   175
   190
   197
   202
   203
   201
   200
   198
   193
   193
   191
   187
   192
   192
   192
   195
   193
   194
   193
   191
   191
   194
   192
   193
   194
   190
   190
   190
   186
   183
   178
   179
   181
   181
   185
   186
   179
   167
   169
   169
   178
   189
   183
   145
   135
   140
   152
   150
   147
   158
   166
   175
   155
   104
    44
    44
    43
   114
   137
   132
   122
    68
    51
    51
    51
    35
    45
    37
    35
    32
    37
    41
    37
    40
    32
    35
    32
    36
    39
    44
    34
    37
    77
   112
   147
   132
   107
   100
    95
   122
   154
   139
   123
   142
   151
   139
   128
   134
   144
   142
   161
   174
   116
    89
    93
   120
   136
   163
   170
   177
   185
   194
   204
   205
   203
   201
   198
   196
   196
   194
   194
   195
   193
   194
   189
   188
   188
   188
   190
   191
   192
   195
   196
   193
   198
   198
   192
   196
   195
   194
   195
   194
   196
   191
   184
   183
   178
   179
   180
   183
   180
   178
   171
   171
   173
   173
   173
   175
   171
   169
   174
   175
   181
   175
   145
    76
    32
    21
    37
    79
   126
   133
   123
    74
    42
    45
    45
    42
    37
    38
    32
    28
    37
    37
    31
    37
    38
    33
    37
    36
    36
    35
    40
    77
   107
   148
   146
   121
   111
   117
   136
   143
   121
   118
   146
   141
   143
   132
   130
   134
   142
   165
   136
    74
    73
   113
   137
   153
   159
   172
   187
   196
   197
   201
   195
   196
   198
   194
   190
   188
   189
   186
   183
   181
   183
   181
   182
   182
   191
   194
   197
   200
   199
   201
   197
   200
   198
   197
   202
   200
   202
   203
   202
   200
   200
   202
   199
   190
   191
   193
   187
   183
   180
   181
   184
   180
   182
   182
   177
   177
   172
   171
   165
   162
   147
   113
    49
     0
    10
    27
    45
    55
   105
   133
   129
   104
    45
    44
    49
    42
    37
    39
    40
    40
    35
    33
    37
    35
    35
    34
    34
    33
    31
    47
    77
   102
   140
   154
   128
   114
   124
   131
   133
   107
   143
   162
   154
   149
   125
   128
   139
   149
   159
   108
    73
    93
   132
   155
   171
   183
   200
   204
   202
   199
   198
   196
   195
   190
   186
   186
   190
   187
   186
   191
   195
   198
   199
   200
   197
   198
   195
   191
   196
   196
   197
   193
   199
   202
   201
   202
   201
   204
   202
   202
   204
   205
   202
   199
   200
   198
   192
   193
   194
   188
   188
   185
   183
   185
   183
   184
   177
   178
   182
   182
   181
   174
   175
   167
   152
   117
    60
    29
    19
    17
    73
   118
   120
   112
    80
    39
    36
    29
    24
    33
    34
    42
    40
    33
    32
    42
    33
    33
    33
    32
    36
    79
    97
   120
   151
   121
   103
   124
   127
   122
   113
   161
   157
   142
   145
   123
   119
   141
   152
   138
    90
    78
   115
   143
   170
   190
   203
   207
   202
   200
   201
   204
   206
   202
   191
   188
   187
   193
   193
   196
   200
   201
   202
   203
   201
   198
   198
   201
   203
   207
   206
   199
   194
   198
   199
   203
   208
   207
   204
   204
   204
   203
   200
   199
   201
   198
   200
   197
   193
   195
   195
   194
   194
   191
   184
   171
   174
   179
   180
   181
   180
   181
   180
   180
   179
   178
   183
   189
   186
   166
   121
    60
    21
    77
   115
    95
    70
    39
    33
    26
    22
    21
    36
    28
    32
    36
    37
    32
    35
    32
    33
    33
    33
    88
   123
   144
   118
    95
   109
   109
   112
   118
   150
   141
   136
   125
    95
   116
   147
   135
   112
    94
   108
   145
   158
   177
   198
   203
   200
   202
   205
   207
   204
   198
   183
   175
   180
   184
   198
   202
   204
   206
   206
   208
   202
   200
   207
   206
   212
   206
   201
   199
   191
   196
   199
   198
   202
   205
   205
   206
   209
   206
   205
   203
   203
   203
   199
   200
   198
   197
   199
   192
   193
   196
   191
   191
   192
   197
   194
   191
   194
   192
   190
   188
   188
   184
   185
   188
   185
   183
   185
   184
   181
   178
   140
    69
    71
    78
    67
    26
    15
    13
     4
     7
    12
    32
    33
    32
    33
    40
    35
    36
    34
    38
    29
   122
   146
   120
    89
   116
   102
   106
   117
   152
   140
   141
   125
    96
   118
   133
   124
   105
    94
   109
   132
   153
   188
   202
   198
   200
   202
   206
   205
   201
   191
   175
   176
   185
   193
   199
   200
   205
   206
   208
   209
   207
   208
   205
   205
   205
   201
   197
   194
   187
   185
   192
   195
   202
   204
   206
   207
   206
   209
   210
   206
   205
   207
   203
   199
   198
   199
   199
   201
   199
   198
   197
   194
   188
   191
   194
   193
   194
   197
   195
   200
   195
   188
   188
   190
   192
   193
   191
   176
   180
   199
   198
   186
   180
   148
    98
    73
    56
    40
    33
    36
    33
    14
    14
     5
     4
     1
     7
     4
    12
     9
    10
    18
   150
   124
    96
   116
   101
   105
   120
   146
   128
   127
   106
   106
   129
   128
   112
    88
    91
   107
   150
   170
   195
   199
   197
   200
   201
   203
   201
   194
   179
   168
   177
   188
   201
   212
   214
   213
   210
   208
   201
   201
   203
   205
   204
   201
   206
   201
   187
   187
   191
   198
   197
   196
   197
   200
   206
   207
   210
   208
   209
   211
   210
   204
   206
   203
   202
   200
   201
   201
   199
   198
   197
   198
   198
   194
   192
   196
   198
   195
   195
   180
   191
   195
   197
   200
   198
   199
   200
   203
   182
   169
   176
   182
   183
   178
   163
   121
    60
    54
    71
    87
   116
   151
   145
   153
   148
   132
   127
   108
   102
    84
    61
    44
   126
   101
   114
    93
    88
   121
   138
   114
   110
   101
   109
   116
   115
   113
    88
    86
   107
   144
   180
   193
   200
   195
   195
   200
   201
   203
   196
   178
   176
   185
   182
   194
   207
   215
   213
   209
   203
   200
   200
   200
   201
   199
   203
   203
   204
   204
   192
   194
   194
   195
   196
   197
   195
   197
   199
   203
   206
   208
   209
   209
   208
   210
   205
   204
   203
   202
   195
   197
   202
   198
   197
   191
   194
   194
   195
   187
   183
   188
   189
   191
   193
   196
   192
   193
   196
   189
   187
   191
   191
   180
   176
   176
   177
   179
   178
   168
   138
    69
    76
   104
   132
   142
   153
   146
   145
   164
   167
   171
   176
   168
   168
   165
   113
   114
    99
    91
   128
   138
   115
   116
   108
   103
    90
    99
    98
    75
    81
   117
   158
   185
   190
   196
   198
   202
   205
   203
   202
   190
   180
   172
   176
   182
   196
   201
   206
   206
   202
   204
   203
   203
   206
   204
   203
   206
   200
   196
   188
   162
   170
   182
   195
   199
   199
   198
   195
   192
   195
   201
   205
   209
   209
   206
   207
   206
   210
   207
   207
   206
   204
   193
   186
   192
   193
   199
   195
   194
   194
   195
   192
   193
   192
   190
   190
   191
   199
   196
   192
   190
   186
   183
   187
   190
   191
   183
   174
   168
   165
   163
   161
   148
   119
   132
   137
   148
   152
   153
   151
   150
   158
   151
   153
   158
   154
   153
   119
   120
    73
   114
   139
   118
   114
   108
   100
    94
   105
    87
    70
    76
   117
   152
   183
   189
   196
   198
   198
   201
   198
   192
   181
   171
   168
   162
   177
   188
   199
   206
   207
   209
   206
   196
   194
   197
   201
   202
   203
   195
   198
   179
   135
   150
   179
   187
   196
   195
   195
   192
   194
   201
   200
   202
   206
   206
   206
   208
   206
   209
   209
   211
   206
   202
   202
   202
   200
   193
   196
   193
   189
   189
   191
   191
   195
   195
   196
   194
   191
   190
   188
   187
   187
   188
   191
   190
   187
   187
   184
   186
   186
   181
   173
   165
   159
   157
   147
   146
   146
   158
   161
   161
   164
   163
   158
   158
   152
   155
   157
   152
   122
    87
   110
   130
   109
   101
    95
    87
    78
    87
    80
    69
    79
   126
   153
   187
   187
   187
   199
   198
   202
   201
   202
   189
   181
   173
   165
   166
   187
   197
   204
   209
   207
   204
   194
   191
   203
   206
   206
   208
   204
   206
   180
   106
   139
   183
   194
   191
   195
   201
   202
   198
   195
   192
   199
   205
   203
   206
   204
   205
   209
   206
   207
   205
   205
   206
   203
   201
   199
   198
   192
   191
   195
   195
   196
   200
   200
   202
   200
   205
   198
   190
   191
   190
   189
   188
   182
   178
   184
   189
   184
   181
   184
   179
   174
   171
   165
   155
   144
   138
   160
   161
   162
   157
   163
   164
   165
   165
   159
   159
   164
   165
    88
   107
   125
   106
    96
    98
    94
    86
    93
    87
    59
    78
   114
   148
   171
   184
   184
   193
   195
   199
   197
   199
   188
   183
   182
   167
   157
   155
   183
   198
   203
   200
   198
   188
   188
   200
   200
   202
   209
   213
   214
   173
    88
    60
   144
   188
   194
   201
   198
   198
   193
   196
   192
   192
   197
   196
   197
   200
   199
   196
   203
   207
   206
   208
   207
   205
   207
   205
   201
   196
   197
   199
   196
   194
   193
   194
   198
   201
   200
   195
   192
   182
   184
   187
   191
   188
   179
   179
   175
   183
   186
   187
   177
   174
   178
   168
   160
   152
   146
   130
   141
   168
   170
   167
   167
   166
   164
   162
   160
   161
   149
   144
    83
   103
   102
    92
    89
    87
    70
    75
    60
    37
    69
   106
   143
   169
   182
   187
   192
   200
   194
   195
   194
   188
   182
   186
   172
   146
   141
   156
   186
   195
   193
   191
   187
   183
   192
   198
   199
   201
   210
   204
   174
   101
   101
   139
   172
   194
   202
   198
   200
   195
   193
   195
   195
   189
   187
   195
   198
   201
   202
   202
   202
   206
   206
   205
   200
   197
   194
   197
   195
   196
   195
   195
   195
   193
   191
   187
   187
   184
   187
   190
   190
   196
   194
   186
   187
   181
   179
   178
   177
   178
   180
   171
   174
   173
   171
   170
   167
   158
   147
   135
   120
   154
   169
   165
   162
   159
   156
   160
   159
   159
   155
   146
   106
   104
    98
    88
    88
    74
    75
    49
    30
    68
   106
   136
   165
   173
   183
   186
   194
   195
   194
   195
   193
   186
   186
   184
   165
   148
   149
   165
   183
   191
   193
   179
   170
   186
   196
   197
   199
   204
   195
   178
   107
    37
    69
   125
   152
   187
   199
   193
   191
   190
   191
   192
   185
   183
   189
   188
   194
   194
   199
   202
   203
   201
   201
   198
   202
   204
   199
   196
   189
   199
   198
   191
   186
   176
   172
   180
   185
   185
   187
   197
   200
   194
   193
   187
   186
   179
   177
   173
   171
   175
   169
   176
   171
   177
   178
   164
   160
   158
   154
   139
   116
   108
   161
   163
   165
   165
   161
   159
   161
   164
   165
   166
   102
   103
    82
    71
    58
    55
    31
    25
    59
    88
   121
   156
   165
   174
   178
   185
   195
   189
   195
   196
   194
   185
   184
   188
   187
   162
   143
   170
   192
   186
   179
   168
   176
   183
   192
   197
   199
   193
   183
   147
    95
   150
   148
   107
   136
   173
   193
   204
   196
   191
   192
   191
   192
   190
   189
   194
   193
   190
   191
   195
   198
   199
   201
   205
   200
   195
   193
   186
   187
   176
   157
   169
   166
   164
   178
   185
   188
   191
   195
   191
   190
   195
   195
   192
   187
   186
   182
   177
   176
   163
   171
   180
   178
   174
   180
   182
   171
   159
   151
   142
   137
   114
   142
   167
   162
   157
   162
   158
   155
   155
   160
   158
   106
    86
    69
    55
    51
    24
    22
    45
    81
   110
   144
   162
   169
   172
   182
   187
   189
   189
   192
   193
   194
   185
   188
   192
   190
   153
   140
   160
   191
   190
   178
   171
   181
   192
   190
   192
   194
   189
   163
   111
    63
   111
   128
   108
   140
   178
   203
   197
   185
   187
   192
   188
   191
   189
   185
   182
   184
   193
   194
   193
   189
   191
   188
   189
   188
   193
   183
   183
   176
   166
   155
   156
   164
   178
   179
   180
   177
   180
   181
   183
   185
   180
   177
   175
   169
   167
   165
   170
   169
   178
   181
   178
   173
   179
   184
   175
   181
   167
   152
   145
   136
   124
   122
   162
   163
   161
   164
   168
   167
   161
   153
   152
    98
    75
    63
    58
    41
    23
    37
    68
    94
   127
   158
   167
   173
   177
   179
   184
   181
   180
   191
   190
   188
   182
   180
   189
   165
   132
   149
   174
   179
   180
   175
   170
   172
   183
   185
   185
   184
   171
   153
    99
    75
    62
    69
   107
   133
   166
   184
   185
   175
   185
   186
   188
   185
   186
   185
   180
   180
   184
   188
   189
   194
   191
   187
   173
   176
   177
   176
   168
   161
   160
   170
   175
   173
   173
   170
   162
   162
   164
   164
   169
   166
   163
   156
   154
   159
   159
   173
   170
   179
   183
   184
   183
   185
   180
   175
   173
   166
   160
   159
   150
   148
   139
   120
   145
   161
   154
   162
   158
   158
   155
   152
   155
    77
    63
    45
    20
    13
    21
    44
    77
   114
   142
   159
   173
   178
   179
   178
   185
   185
   184
   192
   194
   191
   181
   173
   180
   172
   139
   136
   169
   188
   180
   174
   164
   173
   180
   181
   183
   178
   155
   135
    85
    40
    18
    12
    70
   131
   176
   187
   186
   186
   188
   190
   183
   182
   178
   183
   187
   189
   189
   185
   184
   182
   183
   182
   177
   168
   169
   161
   155
   153
   159
   163
   162
   156
   146
   156
   169
   191
   188
   176
   157
   143
   132
   140
   150
   159
   179
   177
   169
   167
   183
   184
   188
   181
   175
   184
   177
   166
   165
   166
   164
   152
   143
   139
   121
   155
   161
   153
   162
   160
   152
   148
   152
    49
    25
    11
    13
    15
    28
    63
    97
   128
   148
   159
   166
   170
   178
   177
   177
   170
   177
   189
   188
   186
   188
   190
   190
   168
   136
   134
   141
   175
   181
   175
   170
   170
   179
   175
   177
   173
   155
   130
    87
   144
   107
    67
    98
   135
   175
   187
   168
   177
   186
   181
   179
   180
   178
   181
   187
   185
   186
   186
   182
   178
   175
   178
   172
   166
   162
   152
   146
   149
   125
    87
   116
   150
   181
   193
   193
   174
   154
   137
   132
   128
   148
   164
   176
   184
   182
   180
   185
   185
   184
   182
   183
   183
   182
   180
   178
   174
   174
   163
   162
   159
   151
   132
   120
   122
   147
   153
   148
   155
   160
   159
   149
    33
    18
    14
    16
    20
    40
    75
   106
   134
   149
   163
   168
   170
   178
   164
   165
   169
   174
   180
   188
   183
   196
   192
   190
   171
   136
   122
   140
   171
   180
   179
   175
   179
   177
   172
   176
   167
   149
   132
    81
    46
    96
   111
   120
   157
   183
   175
   161
   182
   184
   180
   185
   179
   173
   173
   173
   181
   180
   184
   178
   172
   171
   163
   153
   148
   142
   140
   146
   144
   137
   146
   176
   197
   189
   168
   156
   149
   138
   126
   131
   161
   189
   198
   197
   196
   191
   188
   185
   188
   186
   187
   183
   184
   181
   181
   182
   179
   172
   170
   157
   154
   144
   133
   125
   109
   130
   134
   140
   137
   149
   149
   149
    33
    37
    23
    21
    22
    51
    89
   116
   134
   146
   158
   168
   171
   175
   172
   170
   158
   166
   179
   181
   170
   173
   181
   182
   160
   132
   123
   125
   160
   175
   179
   178
   178
   175
   168
   165
   153
   143
   125
    86
    42
    23
    42
   105
   157
   180
   163
   168
   183
   185
   179
   176
   177
   172
   180
   187
   184
   180
   179
   178
   173
   167
   153
   145
   147
   140
   130
   125
   145
   178
   204
   201
   190
   171
   169
   171
   141
   107
   111
   157
   179
   187
   189
   193
   187
   194
   188
   180
   181
   183
   188
   190
   183
   184
   189
   185
   175
   173
   170
   161
   155
   149
   129
   122
   117
   113
   134
   132
   135
   135
   137
   134
    21
    17
    32
    23
    36
    66
   101
   125
   139
   150
   166
   164
   168
   166
   168
   175
   160
   161
   175
   174
   172
   178
   177
   179
   165
   142
   138
   142
   153
   168
   175
   183
   185
   181
   167
   161
   159
   142
   132
   112
    91
   103
   111
   128
   155
   167
   156
   180
   187
   176
   179
   184
   183
   184
   185
   176
   183
   184
   177
   172
   164
   155
   151
   143
   134
   128
   139
   172
   200
   199
   192
   178
   169
   178
   186
   152
   100
    68
    67
   151
   175
   184
   185
   184
   186
   186
   188
   182
   178
   180
   180
   179
   182
   184
   180
   180
   179
   170
   163
   159
   149
   141
   133
   123
   116
   109
   120
   124
   125
   130
   127
   135
    22
    20
    26
    26
    39
    77
   106
   129
   139
   147
   158
   163
   161
   167
   170
   172
   166
   162
   171
   176
   179
   177
   180
   180
   169
   151
   143
   141
   159
   168
   180
   171
   176
   181
   168
   158
   158
   137
   128
   114
    83
   116
   133
   131
   154
   157
   166
   183
   179
   178
   179
   181
   183
   185
   181
   181
   180
   174
   173
   168
   156
   147
   144
   132
   118
   137
   174
   196
   196
   190
   185
   184
   191
   200
   155
    99
    57
    58
    68
   133
   160
   168
   183
   186
   183
   182
   182
   180
   185
   178
   178
   182
   189
   185
   184
   186
   183
   176
   167
   163
   155
   146
   134
   122
   116
   106
   106
   134
   129
   121
   124
   127
    21
    21
    20
    37
    56
    93
   116
   136
   142
   145
   156
   160
   168
   169
   162
   161
   157
   159
   163
   173
   181
   184
   182
   183
   173
   153
   142
   134
   145
   162
   169
   173
   172
   180
   175
   164
   152
   138
   123
   118
   109
    77
   100
   139
   156
   158
   176
   184
   180
   186
   189
   184
   179
   178
   180
   181
   177
   174
   162
   158
   149
   149
   139
   139
   169
   192
   200
   194
   185
   180
   180
   179
   174
   117
    83
    77
    76
    64
    58
   129
   141
   166
   176
   180
   191
   190
   187
   183
   188
   183
   180
   183
   182
   185
   182
   182
   184
   181
   175
   165
   155
   146
   138
   131
   121
   114
   116
   122
   135
   136
   136
   139
    23
    19
    27
    35
    66
    98
   122
   134
   144
   152
   149
   156
   165
   163
   160
   160
   153
   156
   159
   166
   171
   181
   181
   181
   169
   146
   133
   137
   144
   159
   177
   172
   171
   167
   171
   180
   160
   152
   133
   128
   116
    90
    89
   138
   150
   154
   171
   173
   179
   184
   183
   180
   185
   187
   186
   183
   177
   174
   167
   162
   152
   144
   157
   175
   189
   194
   191
   187
   182
   173
   179
   184
   128
   102
   110
   111
    73
    36
    18
   119
   141
   159
   181
   172
   179
   182
   180
   183
   174
   177
   173
   175
   180
   184
   185
   186
   178
   173
   176
   159
   155
   146
   137
   129
   119
   112
   105
   114
   124
   128
   134
   126
    23
    20
    21
    38
    67
   108
   123
   134
   144
   145
   149
   154
   152
   151
   157
   158
   150
   151
   150
   158
   170
   174
   174
   175
   170
   155
   144
   133
   138
   152
   165
   176
   176
   177
   170
   166
   170
   164
   152
   138
   136
   110
    95
   132
   143
   161
   173
   177
   181
   187
   187
   190
   187
   188
   191
   191
   174
   158
   146
   137
   140
   163
   180
   190
   195
   190
   185
   180
   175
   181
   187
   157
   137
   141
   106
    66
    54
    42
    17
    68
   139
   141
   172
   173
   175
   181
   179
   172
   168
   166
   174
   177
   177
   180
   174
   174
   182
   175
   164
   158
   148
   145
   132
   121
   117
   110
   100
    96
   110
   134
   135
   139
    34
    29
    38
    48
    82
   114
   128
   140
   140
   143
   146
   144
   135
   139
   150
   151
   148
   142
   151
   152
   162
   171
   173
   178
   170
   154
   144
   139
   136
   155
   166
   170
   174
   174
   171
   162
   167
   169
   156
   146
   152
   148
   138
   152
   160
   159
   172
   185
   196
   198
   198
   199
   201
   203
   198
   184
   175
   170
   157
   158
   160
   165
   188
   198
   195
   192
   182
   178
   173
   188
   174
   155
   137
    95
    60
    55
    81
   131
   130
   103
   151
   150
   170
   177
   179
   174
   178
   166
   162
   167
   168
   167
   165
   168
   170
   175
   178
   173
   166
   149
   137
   132
   123
   119
   110
   105
    95
    91
    94
   122
   148
   150
    29
    31
    40
    63
    93
   113
   129
   140
   143
   146
   139
   151
   153
   151
   151
   153
   149
   131
   140
   147
   154
   163
   172
   172
   170
   163
   145
   138
   151
   152
   163
   176
   178
   176
   164
   153
   152
   149
   150
   145
   146
   161
   166
   165
   158
   162
   179
   192
   191
   190
   188
   192
   202
   198
   194
   196
   200
   200
   202
   191
   179
   172
   181
   191
   192
   187
   175
   175
   175
   182
   157
   131
    96
    58
    25
    22
    65
   115
   111
   117
   149
   153
   164
   176
   181
   176
   165
   165
   158
   157
   157
   160
   173
   173
   177
   180
   171
   163
   156
   138
   135
   125
   109
   101
    96
    91
    93
    91
    86
    91
   131
   143
    24
    25
    29
    63
   100
   126
   134
   138
   143
   147
   150
   154
   164
   164
   160
   157
   148
   138
   145
   154
   160
   162
   169
   172
   172
   171
   170
   167
   161
   159
   165
   173
   188
   180
   167
   150
   145
   140
   147
   148
   146
   163
   167
   164
   168
   181
   190
   188
   187
   186
   191
   201
   194
   190
   194
   193
   174
   157
   156
   164
   165
   169
   182
   187
   193
   190
   175
   171
   166
   163
   159
   131
    77
    56
    96
   139
   134
    99
    27
   117
   162
   169
   172
   182
   170
   166
   155
   158
   155
   157
   165
   166
   169
   173
   165
   171
   170
   159
   149
   129
   125
   116
   102
   104
    94
    87
    85
    80
    83
    74
    94
   124
    27
    33
    44
    75
    98
   117
   132
   133
   138
   146
   149
   153
   150
   154
   149
   150
   153
   151
   151
   153
   152
   158
   168
   173
   182
   183
   178
   179
   173
   173
   182
   179
   181
   184
   181
   175
   153
   140
   140
   147
   158
   186
   188
   182
   182
   181
   177
   182
   194
   199
   191
   185
   182
   184
   180
   172
   127
    90
    79
    99
   128
   141
   171
   192
   187
   179
   175
   175
   160
   153
   150
   100
    75
    76
   150
   201
   201
   179
    78
   120
   146
   166
   150
   143
   154
   155
   140
   137
   141
   151
   160
   166
   167
   162
   163
   163
   169
   156
   142
   133
   127
   117
   115
   101
    89
    80
    86
    81
    80
    79
    74
    73
    23
    29
    41
    74
   110
   138
   147
   143
   144
   151
   150
   153
   149
   157
   158
   156
   153
   148
   146
   145
   152
   157
   168
   172
   177
   180
   183
   184
   185
   184
   182
   186
   191
   193
   193
   190
   190
   185
   185
   177
   169
   173
   180
   181
   176
   175
   187
   196
   193
   179
   173
   174
   180
   169
   166
   136
    61
    32
    36
    87
   124
   137
   177
   190
   190
   182
   171
   165
   152
   137
   121
    81
    65
    42
    90
   130
   127
   111
    50
   125
   155
   170
   145
   134
   143
   140
   134
   139
   144
   147
   158
   166
   160
   162
   162
   163
   156
   154
   135
   125
   122
   107
    95
    95
    86
    74
    80
    84
    85
    82
    83
    77
    38
    46
    66
    94
   117
   132
   142
   143
   146
   149
   145
   153
   158
   154
   143
   147
   150
   146
   140
   145
   146
   145
   155
   155
   163
   174
   175
   180
   178
   177
   180
   177
   193
   201
   200
   200
   198
   196
   196
   188
   183
   181
   183
   181
   183
   189
   186
   176
   169
   174
   184
   192
   174
   160
   158
   107
    17
     8
    13
   112
   153
   152
   174
   183
   176
   177
   182
   178
   153
   136
   103
    62
    53
    74
   122
   135
   121
    88
    35
   103
   126
   145
   139
   131
   128
   130
   130
   127
   131
   141
   155
   160
   156
   159
   158
   154
   145
   142
   135
   129
   125
   110
   107
    95
    90
    75
    75
    82
    79
    80
    91
   104
    55
    64
    64
    88
   114
   128
   133
   136
   138
   147
   149
   150
   153
   157
   150
   147
   149
   137
   143
   149
   151
   154
   157
   165
   166
   167
   168
   168
   169
   171
   175
   182
   186
   201
   208
   206
   200
   197
   191
   190
   187
   182
   178
   179
   180
   176
   174
   177
   184
   188
   207
   207
   179
   169
   172
   131
    19
    42
   115
   164
   161
   167
   180
   188
   189
   176
   168
   151
   136
   133
   124
   107
    96
   158
   230
   236
   235
   198
    86
   124
   149
   148
   137
   119
   122
   123
   117
   121
   118
   138
   157
   160
   152
   153
   152
   151
   150
   139
   129
   120
   111
   112
   102
    87
    82
    79
    74
    81
    84
    80
    84
    97
    50
    58
    65
    97
   124
   129
   136
   138
   138
   145
   146
   150
   150
   156
   146
   143
   147
   144
   144
   144
   149
   153
   160
   159
   166
   170
   174
   173
   176
   178
   174
   175
   180
   187
   195
   201
   202
   201
   196
   184
   180
   174
   175
   179
   173
   178
   183
   184
   184
   184
   188
   192
   185
   179
   170
   171
   146
   161
   177
   174
   172
   188
   188
   190
   181
   176
   169
   157
   139
   128
   132
   121
   102
   145
   166
   174
   187
   155
    78
   124
   132
   145
   124
   113
   111
   113
   114
   115
   123
   142
   152
   154
   154
   148
   144
   146
   141
   132
   125
   125
   119
   109
    91
    83
    77
    73
    76
    76
    79
    71
    66
    65
    54
    51
    75
   103
   122
   132
   139
   140
   142
   146
   144
   141
   145
   145
   151
   150
   148
   150
   146
   143
   139
   143
   152
   157
   160
   163
   168
   165
   160
   163
   164
   174
   177
   176
   183
   187
   192
   196
   195
   185
   178
   183
   186
   185
   184
   182
   181
   180
   175
   175
   174
   174
   173
   160
   138
   134
   156
   168
   168
   162
   161
   154
   156
   156
   161
   159
   159
   151
   135
   128
   122
   115
    99
   149
   180
   178
   175
   132
    53
   103
   130
   143
   127
   121
   120
   124
   122
   124
   131
   138
   145
   147
   144
   143
   147
   141
   138
   132
   123
   116
   107
    99
    90
    82
    77
    67
    67
    77
    79
    64
    56
    61
    22
    48
    71
   102
   120
   133
   138
   139
   143
   152
   150
   149
   150
   154
   150
   147
   149
   147
   145
   142
   143
   142
   143
   148
   153
   151
   144
   147
   148
   150
   151
   154
   163
   174
   175
   176
   182
   179
   173
   154
   162
   168
   172
   185
   182
   180
   177
   169
   169
   165
   160
   158
   149
   134
   122
   114
   119
   132
   147
   152
   124
   103
   110
   131
   145
   144
   155
   150
   132
   127
   127
    77
    64
   104
   156
   176
   182
   124
    59
   118
   124
   153
   134
   131
   120
   117
   119
   125
   124
   136
   150
   150
   144
   141
   148
   148
   143
   132
   123
   110
   107
   103
    95
    88
    74
    74
    75
    78
    81
    63
    64
    60
    28
    33
    72
   100
   121
   128
   136
   140
   143
   149
   154
   156
   157
   156
   159
   153
   151
   151
   151
   150
   157
   162
   165
   167
   168
   170
   174
   171
   170
   170
   166
   167
   165
   164
   171
   172
   175
   168
   157
   153
   146
   151
   159
   164
   167
   176
   171
   170
   165
   168
   171
   153
   146
   135
   115
   108
   106
    99
   103
   107
   105
    64
    61
   104
   136
   147
   142
   154
   144
   126
   120
    91
    67
    92
   113
   128
   148
    76
    47
   106
   130
   133
   130
   121
   112
    99
   103
   112
   119
   136
   149
   147
   141
   145
   144
   144
   133
   120
   116
   106
    91
    91
    81
    71
    69
    68
    67
    71
    74
    73
    68
    66
    38
    47
    72
    98
   120
   127
   134
   139
   142
   144
   145
   145
   148
   155
   152
   150
   151
   147
   149
   148
   154
   162
   166
   168
   175
   174
   175
   174
   172
   169
   164
   168
   167
   169
   169
   168
   163
   148
   148
   145
   147
   145
   145
   151
   157
   155
   164
   159
   165
   178
   195
   173
   150
   136
   118
   105
   103
   104
    94
    91
    92
   101
   119
   144
   163
   162
   155
   148
   128
   118
   105
    81
    72
   134
   192
   238
   232
    96
    65
    97
   117
   135
   114
   108
    99
   103
   106
   108
   122
   135
   144
   141
   144
   136
   145
   142
   125
   126
   116
    95
    87
    83
    80
    71
    71
    65
    74
    79
    79
    62
    63
    67
    53
    60
    90
   106
   119
   129
   134
   137
   134
   141
   143
   149
   153
   151
   152
   152
   154
   157
   154
   155
   154
   154
   162
   168
   169
   168
   172
   176
   164
   164
   168
   169
   173
   165
   164
   161
   159
   147
   141
   136
   134
   145
   154
   150
   146
   148
   146
   154
   155
   156
   169
   166
   144
   121
   105
    99
   110
   117
   113
    97
    85
    97
   127
   148
   158
   159
   152
   131
   111
   119
   105
    82
    79
   126
   151
   168
   168
   100
    46
   123
   134
   150
   117
   109
   102
   102
   112
   116
   120
   127
   139
   132
   125
   136
   137
   137
   128
   122
   112
   103
    98
    96
    97
    82
    62
    68
    68
    78
    76
    67
    58
    55
    39
    48
    89
    99
   115
   128
   130
   135
   138
   142
   144
   146
   148
   151
   152
   153
   155
   152
   155
   154
   160
   162
   157
   167
   172
   176
   179
   177
   176
   172
   171
   168
   159
   160
   152
   151
   151
   154
   150
   145
   142
   145
   147
   147
   140
   140
   146
   142
   140
   147
   144
   141
   133
   110
   106
   116
   113
   104
   113
   108
   111
   118
   124
   135
   147
   152
   142
   136
   118
   110
   101
    82
    71
   118
   144
   147
   151
   100
    13
    87
   114
   128
   119
   111
   110
   111
   112
   115
   120
   134
   136
   130
   127
   133
   133
   127
   127
   116
   108
   105
    99
   106
   113
   107
    80
    60
    71
    77
    75
    59
    53
    54
    34
    77
    94
    99
   114
   120
   127
   130
   134
   137
   138
   141
   142
   148
   155
   151
   150
   149
   151
   153
   154
   157
   163
   167
   169
   172
   169
   168
   165
   165
   159
   154
   152
   154
   153
   153
   152
   158
   156
   148
   146
   138
   134
   134
   140
   140
   142
   145
   144
   140
   141
   144
   145
   144
   144
   140
   118
   127
   128
   120
   126
   133
   141
   143
   143
   142
   132
   124
   122
   109
    91
    77
    83
   138
   150
   147
   169
   158
    53
   104
   132
   142
   125
   110
   110
   109
   103
   108
   121
   126
   138
   136
   134
   127
   127
   125
   123
   120
   111
   104
    98
    94
    84
    77
    98
    85
    70
    76
    73
    60
    58
    62
    80
    84
    83
    99
   108
   120
   132
   132
   135
   137
   142
   144
   144
   146
   148
   155
   155
   150
   156
   160
   167
   172
   168
   169
   169
   177
   171
   168
   160
   157
   156
   154
   150
   149
   152
   152
   158
   161
   165
   163
   149
   145
   142
   139
   145
   144
   134
   134
   139
   148
   154
   158
   159
   147
   140
   111
    30
    40
    83
   134
   141
   135
   147
   147
   142
   134
   138
   136
   124
   108
    84
    62
    49
    67
   122
   115
   142
    90
    42
   103
   132
   132
   124
   111
   117
   114
   113
   109
   108
   116
   127
   130
   133
   133
   123
   120
   121
   119
   111
   103
    98
    95
    84
    81
    71
    80
    76
    77
    75
    58
    53
    55
    74
    69
    80
    99
   115
   119
   128
   133
   133
   142
   147
   148
   152
   155
   151
   149
   147
   149
   155
   158
   156
   161
   173
   176
   173
   174
   176
   173
   163
   162
   159
   150
   150
   153
   159
   171
   171
   160
   143
   144
   149
   151
   153
   149
   146
   148
   152
   144
   136
   135
   140
   165
   159
   133
   127
    94
    15
     3
     2
    71
   134
   123
   141
   148
   149
   147
   140
   137
   123
   117
   106
    81
    61
    34
   102
   147
   157
    92
    20
    87
   109
   121
   116
   114
   116
   123
   116
   115
   120
   125
   124
   136
   131
   122
   125
   124
   120
   118
   113
   109
   101
    99
    90
    83
    77
    69
    76
    79
    71
    50
    45
    41
    50
    66
    79
    91
   112
   122
   131
   129
   131
   139
   146
   149
   149
   145
   146
   145
   151
   150
   152
   154
   161
   163
   169
   171
   176
   176
   174
   167
   166
   163
   154
   148
   144
   146
   157
   159
   136
   110
   102
   113
   129
   138
   140
   149
   146
   148
   154
   161
   159
   150
   141
   145
   154
   140
   126
   112
    48
    14
    15
    77
   128
   111
   128
   151
   145
   139
   135
   134
   122
   112
   105
    80
    64
    63
   149
   166
   145
   106
    31
    65
   130
   122
   114
   117
   120
   122
   123
   127
   126
   118
   129
   136
   133
   130
   127
   123
   121
   122
   117
   116
   103
    96
    96
    88
    74
    72
    83
    83
    70
    51
    47
    49
    45
    70
    82
    84
   105
   118
   125
   132
   132
   142
   143
   146
   140
   144
   148
   148
   145
   145
   148
   151
   155
   164
   167
   173
   175
   172
   170
   165
   157
   148
   146
   145
   146
   147
   144
   123
    94
    79
    90
   102
   114
   128
   131
   138
   148
   146
   142
   147
   158
   165
   164
   151
   146
   149
   153
   133
   112
    82
    69
   104
   117
   108
   119
   138
   147
   144
   138
   136
   134
   116
   106
    81
    55
    55
   113
   183
   208
   181
    70
    70
   108
   121
   120
   125
   126
   127
   122
   126
   125
   123
   124
   132
   138
   136
   136
   129
   129
   131
   125
   122
   116
   103
    98
    96
    94
    91
    86
    86
    74
    60
    53
    48
    82
    88
    81
    90
   108
   121
   128
   129
   135
   137
   143
   142
   150
   148
   149
   150
   152
   151
   146
   152
   157
   163
   174
   173
   179
   178
   169
   161
   146
   144
   138
   138
   145
   143
   123
    98
    94
   111
   127
   131
   129
   145
   147
   137
   138
   146
   142
   142
   151
   152
   159
   162
   153
   153
   156
   162
   150
   131
   121
   113
   118
    94
   114
   135
   145
   146
   142
   137
   139
   131
   118
   100
    71
    49
    26
    74
   122
    83
    22
    49
   103
   123
   119
   127
   136
   130
   126
   126
   131
   135
   133
   133
   136
   137
   136
   134
   130
   132
   128
   124
   114
   107
   108
   108
   101
    93
    89
    79
    68
    59
    48
    63
    83
    80
    87
    91
   105
   113
   122
   131
   130
   134
   139
   145
   148
   153
   150
   147
   150
   149
   150
   150
   157
   163
   167
   179
   177
   170
   163
   153
   148
   143
   130
   130
   134
   124
   106
   110
   134
   146
   143
   135
   131
   136
   136
   139
   134
   140
   157
   155
   154
   157
   153
   160
   163
   142
   132
   148
   168
   170
   152
   133
   101
    85
   108
   127
   129
   142
   143
   136
   136
   132
   121
   106
    94
    66
    36
    41
    88
   105
    60
    40
   105
   108
   118
   130
   133
   140
   133
   134
   136
   135
   138
   135
   135
   139
   142
   133
   135
   133
   133
   130
   118
   113
   105
    99
   100
    96
    83
    84
    70
    77
    99
   112
    74
    82
    87
    78
    97
   114
   121
   124
   125
   133
   140
   143
   142
   147
   147
   147
   147
   149
   146
   148
   149
   158
   166
   168
   169
   163
   152
   144
   131
   119
   117
   124
   130
   122
   123
   138
   143
   136
   135
   124
   121
   113
   123
   140
   135
   137
   143
   156
   155
   154
   153
   152
   154
   153
   131
   113
   118
   121
   124
   114
   109
   114
   118
   121
   126
   124
   139
   143
   143
   139
   133
   123
   106
    89
    54
    35
    81
   110
    68
    40
   106
   116
   119
   137
   140
   138
   142
   136
   134
   140
   137
   135
   137
   136
   135
   142
   138
   137
   131
   133
   125
   120
   110
   107
   102
    94
    86
    86
    99
   117
   120
   121
    48
    63
    87
    91
    97
   112
   117
   127
   129
   137
   141
   141
   148
   152
   152
   148
   148
   147
   144
   145
   152
   158
   159
   165
   159
   157
   152
   133
   124
   122
   122
   134
   127
   128
   143
   162
   157
   138
   125
   123
   124
   104
   113
   126
   135
   138
   142
   146
   155
   155
   151
   148
   149
   152
   155
   150
   135
   129
   127
   123
   123
   125
   126
   126
   121
   124
   128
   139
   139
   143
   141
   133
   109
   102
    89
    56
    26
    23
    30
    48
    98
   110
   122
   134
   142
   145
   140
   138
   136
   126
   134
   140
   132
   132
   140
   138
   134
   133
   133
   133
   131
   121
   111
   108
    99
    92
    86
    98
   101
   102
   107
   110
    42
    67
    77
    71
    91
   110
   115
   118
   127
   130
   138
   146
   143
   150
   149
   145
   144
   140
   141
   144
   153
   161
   162
   166
   171
   157
   131
   120
   118
   110
   119
   127
   128
   141
   159
   159
   155
   143
   127
   119
   113
    95
    94
   122
   132
   136
   146
   152
   155
   158
   154
   151
   149
   155
   161
   159
   155
   147
   136
   131
   129
   128
   133
   132
   141
   140
   133
   135
   143
   145
   144
   147
   124
    95
    94
    88
    63
    23
     9
    43
   112
   124
   132
   139
   143
   140
   136
   135
   137
   140
   141
   132
   138
   140
   136
   140
   143
   139
   137
   136
   128
   114
   109
   102
   101
    92
    92
   104
   102
   106
   106
   110
    54
    74
    80
    74
    83
   107
   120
   126
   129
   130
   141
   137
   133
   141
   144
   145
   144
   144
   144
   149
   152
   159
   166
   169
   162
   152
   124
   110
    93
    97
   111
   128
   134
   152
   160
   156
   151
   139
   119
   112
   102
    75
    77
   121
   131
   140
   151
   162
   155
   154
   154
   155
   154
   152
   150
   150
   162
   157
   146
   137
   128
   121
   118
   130
   143
   143
   140
   140
   139
   145
   144
   148
   153
   123
    78
    68
    51
    37
    26
    57
   120
   126
   135
   141
   146
   144
   145
   143
   143
   142
   137
   139
   138
   141
   139
   132
   130
   135
   137
   139
   124
   117
   111
   108
    97
    92
    95
    95
    98
   107
   106
   114
    55
    89
    70
    80
    80
    99
   114
   122
   121
   126
   133
   140
   138
   142
   148
   146
   147
   146
   144
   147
   154
   157
   158
   156
   158
   140
   119
    97
    97
   104
   122
   132
   152
   164
   164
   163
   153
   129
   122
   117
    90
    55
    81
   118
   132
   139
   154
   161
   160
   153
   154
   155
   160
   162
   162
   162
   166
   166
   156
   146
   138
   128
   117
   115
   116
   129
   138
   138
   138
   140
   141
   151
   156
   164
   138
    88
    56
    45
    43
    97
   124
   134
   136
   145
   149
   145
   142
   138
   137
   143
   141
   143
   141
   142
   145
   143
   139
   138
   132
   128
   124
   117
   112
   103
    92
    91
    96
   102
   107
   108
   106
   103
    98
    91
    58
    69
    76
    93
   108
   116
   124
   123
   130
   132
   137
   144
   146
   143
   143
   137
   144
   149
   156
   154
   155
   157
   156
   138
   118
   103
    96
   112
   120
   136
   147
   160
   159
   156
   149
   130
   127
   112
    85
   106
   111
   125
   147
   140
   156
   165
   167
   165
   160
   154
   154
   156
   161
   162
   168
   170
   168
   159
   146
   130
   125
   118
   113
   114
   124
   129
   131
   133
   135
   139
   144
   147
   159
   138
    96
    65
    54
   116
   131
   138
   146
   147
   149
   151
   152
   149
   146
   132
   139
   138
   135
   137
   134
   144
   142
   140
   142
   133
   124
   118
   116
   105
    99
    98
   102
   106
   110
   110
   109
   105
   107
    86
    78
    66
    78
    88
   105
   122
   130
   132
   133
   132
   138
   138
   141
   139
   141
   141
   141
   152
   152
   153
   154
   157
   156
   135
   110
    99
   105
   114
   125
   142
   162
   153
   158
   167
   140
   121
   115
    93
    80
   100
   119
   129
   141
   137
   144
   159
   169
   170
   161
   155
   154
   153
   152
   160
   168
   171
   171
   165
   160
   147
   139
   133
   123
   115
   119
   128
   131
   131
   136
   144
   134
   131
   126
   127
   117
   100
   104
   108
   121
   126
   134
   145
   146
   148
   143
   142
   141
   148
   132
   136
   144
   146
   148
   141
   145
   139
   135
   130
   119
   116
   103
    99
   102
   105
   107
   110
   107
   102
    97
    96
    98
    86
    87
    75
    75
    86
   101
   119
   124
   128
   133
   142
   140
   140
   142
   138
   142
   143
   144
   147
   150
   152
   150
   154
   151
   129
   113
   103
   111
   122
   133
   151
   157
   163
   158
   160
   144
   125
   112
    77
    48
    45
    54
   107
   133
   143
   134
   159
   170
   168
   165
   151
   150
   147
   155
   159
   167
   170
   177
   182
   172
   160
   149
   140
   137
   125
   123
   120
   125
   128
   132
   140
   146
   139
   134
   125
   128
   123
   120
   120
   122
   124
   114
   123
   135
   130
   131
   135
   140
   141
   146
   144
   145
   145
   146
   148
   148
   142
   139
   127
   119
   113
   104
   104
    97
   109
   108
   105
    98
    99
    95
    97
    82
    94
    89
    65
    63
    80
   104
   115
   122
   124
   129
   133
   136
   141
   142
   142
   143
   146
   148
   151
   153
   152
   150
   151
   143
   126
   106
   101
   101
   122
   139
   151
   166
   162
   167
   170
   158
   131
   114
    68
    55
    66
    82
   112
   149
   154
   147
   140
   172
   169
   166
   161
   157
   156
   155
   155
   156
   161
   166
   163
   160
   159
   149
   147
   142
   133
   125
   117
   118
   122
   122
   121
   134
   149
   156
   151
   148
   143
   138
   133
   126
   121
   122
   121
   118
   131
   134
   133
   139
   141
   143
   141
   144
   146
   148
   144
   146
   139
   128
   130
   122
   113
   113
   101
   100
   109
   109
   106
   106
   108
   108
   102
    71
    95
    91
    61
    63
    82
    95
   110
   121
   129
   124
   134
   135
   133
   141
   139
   143
   145
   147
   151
   155
   150
   151
   154
   146
   125
   112
    90
   115
   128
   146
   161
   157
   162
   169
   169
   168
   145
   104
    50
    34
    73
    76
   117
   148
   156
   157
   141
   156
   166
   167
   162
   158
   154
   152
   155
   157
   160
   152
   156
   163
   157
   154
   149
   137
   132
   125
   128
   125
   114
   123
   126
   117
   115
   131
   138
   140
   130
   125
   121
   125
   135
   136
   134
   131
   129
   130
   127
   126
   131
   135
   141
   142
   137
   142
   144
   139
   138
   131
   122
   117
   112
   108
   103
   107
   114
   113
   119
   119
   114
   116
   110
    97
    77
    74
    73
    73
    74
    95
   110
   122
   129
   132
   133
   141
   140
   143
   141
   139
   144
   147
   151
   152
   154
   149
   152
   143
   114
    93
    88
   117
   140
   143
   155
   156
   158
   167
   172
   170
   153
   117
    90
   159
    67
    31
    86
   116
   147
   142
   152
   147
   166
   167
   162
   159
   153
   146
   150
   156
   155
   156
   150
   149
   157
   153
   149
   150
   142
   134
   128
   118
   116
   115
   116
   120
   124
   127
   131
   130
   135
   136
   142
   145
   146
   139
   140
   132
   132
   129
   129
   133
   127
   129
   133
   139
   142
   134
   137
   138
   130
   126
   125
   124
   115
   106
   100
   118
   120
   125
   122
   120
   116
   113
   114
    77
    83
    76
    73
    69
    70
    85
   105
   117
   123
   130
   132
   139
   139
   144
   143
   145
   147
   148
   151
   153
   146
   153
   150
   141
   115
    95
    94
   129
   150
   154
   159
   165
   164
   165
   170
   173
   168
   123
    60
    57
    40
    36
    77
   100
   137
   152
   161
   152
   158
   162
   160
   159
   162
   153
   151
   154
   161
   160
   160
   153
   155
   147
   146
   144
   138
   136
   128
   126
   124
   124
   123
   123
   125
   135
   137
   146
   145
   144
   143
   141
   135
   131
   128
   131
   137
   134
   129
   129
   132
   134
   135
   136
   136
   145
   144
   134
   127
   124
   120
   110
    96
    96
   110
   124
   126
   122
   115
   108
   109
   111
   109
    88
    81
    83
    77
    68
    78
    82
    97
   111
   114
   124
   127
   131
   136
   137
   138
   138
   146
   149
   148
   148
   148
   146
   145
   136
   126
   103
   101
   138
   157
   157
   155
   160
   162
   162
   165
   168
   163
   124
    71
    39
    51
    68
    90
   122
   141
   151
   157
   160
   158
   162
   163
   158
   154
   152
   158
   160
   160
   159
   155
   155
   150
   146
   141
   143
   138
   133
   136
   130
   130
   128
   122
   123
   122
   130
   138
   135
   136
   133
   138
   138
   143
   143
   138
   140
   132
   142
   137
   134
   134
   130
   127
   136
   142
   133
   132
   130
   129
   123
   112
   112
   106
    98
   117
   126
   120
   116
   111
   116
    99
    98
   105
    85
    78
    85
    81
    79
    80
    70
    84
   110
   116
   120
   127
   130
   135
   137
   138
   143
   140
   145
   149
   148
   147
   149
   147
   137
   126
   105
   110
   152
   163
   169
   167
   170
   164
   159
   154
   153
   159
   134
    99
    43
    47
    44
    83
   126
   148
   151
   155
   160
   154
   161
   159
   157
   155
   157
   155
   154
   152
   149
   150
   154
   149
   145
   147
   145
   140
   137
   131
   129
   129
   123
   120
   129
   133
   133
   132
   133
   137
   143
   146
   141
   143
   145
   147
   146
   144
   131
   131
   132
   136
   136
   139
   141
   139
   137
   142
   139
   130
   126
   115
   109
   101
   116
   128
   120
   118
   123
   119
   114
   116
   112
   109
    97
    89
    88
    88
    76
    60
    60
    75
    99
   113
   119
   121
   130
   134
   137
   138
   142
   140
   144
   144
   148
   149
   143
   147
   145
   132
   116
   116
   146
   170
   171
   170
   157
   158
   167
   166
   162
   166
   149
   116
    75
    62
   122
   109
   133
   155
   168
   159
   160
   153
   161
   160
   154
   161
   157
   156
   152
   155
   159
   157
   157
   159
   153
   149
   149
   144
   141
   137
   132
   129
   129
   135
   134
   140
   140
   135
   131
   134
   134
   141
   142
   142
   139
   142
   146
   143
   146
   142
   143
   141
   141
   141
   135
   131
   142
   140
   138
   133
   123
   119
   113
   108
   118
   116
   115
   110
   104
   110
   119
   119
   117
   109
    90
    88
    85
    85
    75
    69
    61
    69
    88
   100
   112
   120
   122
   126
   130
   131
   139
   143
   139
   147
   139
   135
   138
   136
   142
   135
   116
   124
   147
   162
   164
   159
   160
   150
   151
   162
   163
   166
   172
   141
   107
    61
    78
   108
   124
   144
   165
   163
   165
   162
   157
   157
   161
   160
   161
   158
   156
   155
   159
   165
   163
   159
   155
   148
   152
   153
   150
   145
   143
   145
   143
   135
   139
   142
   141
   147
   147
   139
   142
   145
   146
   148
   151
   147
   152
   155
   155
   151
   148
   142
   140
   141
   147
   147
   140
   143
   137
   129
   126
   119
   112
   109
   107
   113
   109
   112
   111
    99
   103
   104
   101
   108
    54
    69
   100
    98
    70
    72
    64
    60
    75
    99
   106
   116
   124
   131
   136
   138
   135
   143
   145
   147
   148
   136
   137
   135
   134
   134
   128
   128
   140
   151
   165
   161
   157
   150
   153
   166
   167
   158
   169
   161
   135
    93
    37
    58
   114
   146
   154
   159
   161
   166
   155
   153
   155
   154
   155
   152
   151
   152
   158
   158
   162
   167
   165
   167
   156
   155
   147
   151
   149
   147
   147
   147
   145
   150
   153
   152
   143
   147
   149
   154
   155
   150
   150
   148
   150
   147
   148
   150
   153
   152
   149
   151
   146
   140
   142
   139
   133
   123
   119
   112
   106
    85
   104
   116
   126
   126
   125
   120
   112
   112
   111
   100
    77
    86
    91
    89
    70
    77
    79
    58
    72
    88
   108
   115
   119
   131
   139
   136
   139
   140
   148
   148
   151
   149
   146
   141
   137
   135
   125
   130
   137
   150
   153
   150
   151
   158
   156
   158
   162
   159
   160
   171
   164
   135
   102
    63
   117
   145
   152
   162
   160
   160
   161
   158
   160
   160
   156
   165
   160
   155
   158
   156
   156
   157
   158
   165
   164
   163
   156
   158
   155
   152
   152
   151
   151
   158
   157
   158
   162
   158
   153
   153
   148
   150
   147
   149
   150
   151
   154
   148
   152
   151
   152
   145
   147
   143
   135
   138
   133
   121
   117
   112
    86
    67
    59
    86
   105
   108
   111
   118
   124
   122
   116
   126
    62
    69
    87
   101
    89
    67
    69
    59
    59
    77
    97
   110
   116
   126
   128
   136
   142
   141
   146
   141
   149
   150
   147
   148
   133
   133
   135
   124
   131
   136
   149
   157
   158
   152
   156
   161
   155
   156
   160
   164
   177
   165
   142
   112
    93
   126
   151
   158
   163
   162
   163
   163
   162
   160
   160
   163
   164
   158
   156
   156
   160
   155
   159
   166
   170
   173
   175
   173
   170
   164
   161
   157
   157
   149
   155
   151
   157
   165
   170
   171
   169
   165
   162
   159
   162
   160
   156
   153
   150
   151
   152
   151
   148
   144
   139
   129
   125
   126
   118
   103
    89
    69
    69
    66
   105
   116
   117
   123
   124
   130
   130
   120
    75
    70
    62
    74
    91
    76
    70
    71
    59
    54
    72
    95
   110
   116
   123
   126
   133
   136
   141
   146
   144
   153
   153
   148
   146
   134
   134
   133
   123
   131
   141
   152
   159
   157
   161
   162
   162
   161
   169
   169
   167
   171
   166
   144
   128
   116
   134
   153
   159
   162
   163
   159
   161
   158
   157
   158
   160
   163
   159
   160
   154
   158
   161
   167
   171
   173
   172
   175
   169
   169
   166
   166
   162
   157
   162
   155
   152
   148
   145
   151
   150
   149
   150
   150
   152
   156
   158
   158
   154
   152
   152
   150
   146
   141
   135
   127
   126
   116
   102
    93
    60
    52
    46
    45
    58
    80
    82
    60
    50
    33
    15
    12
    58
    60
    45
    55
    89
    80
    71
    74
    74
    76
    89
    91
   105
   113
   122
   132
   136
   138
   138
   137
   148
   147
   151
   154
   151
   148
   133
   125
   124
   126
   147
   160
   162
   160
   153
   157
   164
   157
   146
   151
   154
   157
   160
   168
   151
   140
   140
   150
   165
   160
   161
   158
   161
   164
   157
   155
   162
   156
   159
   160
   168
   163
   157
   157
   167
   169
   168
   169
   169
   171
   165
   163
   157
   153
   154
   161
   160
   160
   163
   163
   161
   165
   161
   159
   159
   153
   158
   155
   153
   149
   142
   143
   143
   134
   130
   122
   123
    94
    80
    81
    59
    36
    33
    14
    10
     6
     1
     9
    12
     9
    20
    23
    40
    35
    58
    65
    78
    96
    92
    90
    95
    91
    80
    85
    88
   115
   126
   130
   126
   131
   142
   146
   144
   144
   144
   149
   152
   154
   150
   140
   129
   131
   130
   147
   154
   160
   169
   170
   168
   173
   170
   162
   160
   162
   164
   164
   166
   163
   144
   148
   156
   159
   156
   161
   158
   162
   167
   170
   165
   160
   162
   164
   162
   164
   169
   169
   169
   175
   175
   175
   170
   167
   167
   168
   171
   171
   168
   161
   158
   156
   151
   156
   161
   160
   160
   164
   159
   159
   158
   148
   145
   147
   143
   133
   133
   129
   121
   126
    92
    50
    49
    69
    61
    40
    36
    43
    34
    23
    24
    35
    40
    44
    44
    29
    47
    47
    58
    60
    71
    83
    85
    97
    96
    98
    88
    87
    99
    95
   105
   120
   126
   126
   128
   135
   140
   146
   151
   151
   146
   151
   151
   143
   134
   129
   132
   130
   142
   151
   160
   173
   176
   168
   159
   163
   167
   168
   164
   163
   165
   168
   157
   142
   147
   159
   164
   158
   163
   160
   164
   166
   163
   167
   163
   168
   167
   170
   169
   174
   179
   180
   175
   174
   172
   166
   163
   158
   163
   164
   166
   165
   163
   163
   167
   166
   161
   163
   160
   157
   149
   152
   149
   147
   144
   140
   140
   133
   122
   120
   133
    86
    22
     9
    13
    21
    57
    44
    28
    28
    43
    32
    25
    41
    42
    38
    22
    27
    34
    37
    54
    55
    54
    81
    88
    78
    97
   102
   104
    96
    88
    96
    90
   104
   120
   129
   136
   134
   135
   138
   137
   143
   146
   145
   147
   151
   150
   144
   132
   130
   132
   143
   151
   162
   178
   181
   179
   169
   169
   171
   163
   168
   171
   157
   154
   153
   151
   148
   154
   160
   160
   160
   160
   160
   164
   164
   167
   165
   168
   170
   172
   172
   173
   175
   170
   171
   166
   168
   169
   164
   161
   162
   163
   158
   160
   160
   159
   155
   153
   154
   149
   144
   144
   142
   140
   137
   134
   130
   127
   127
   134
   132
    75
    12
     9
    16
    14
    16
    42
    51
    33
    35
    42
    47
    41
    44
    37
    40
    48
    35
    35
    33
    50
    50
    60
    77
    92
    88
    74
    76
    85
    86
    98
   113
   125
   116
   104
   116
   125
   132
   139
   138
   140
   143
   141
   142
   146
   144
   149
   151
   148
   134
   129
   133
   143
   154
   166
   173
   169
   173
   176
   175
   171
   178
   176
   160
   172
   157
   162
   155
   154
   153
   153
   157
   155
   162
   163
   162
   166
   170
   171
   180
   181
   182
   180
   178
   170
   167
   166
   163
   154
   152
   156
   159
   151
   153
   152
   148
   142
   144
   146
   144
   140
   141
   139
   136
   134
   134
   131
   131
   134
   139
   124
    72
    19
    19
    23
    38
    40
    42
    42
    36
    26
    39
    46
    40
    44
    30
    41
    45
    30
    18
    33
    45
    52
    58
    52
    63
    79
    91
    82
    77
    74
    86
    84
    79
    74
    99
   118
   110
   117
   125
   127
   132
   138
   140
   145
   146
   151
   153
   149
   145
   140
   146
   142
   129
   130
   132
   138
   144
   150
   153
   161
   158
   157
   153
   158
   154
   156
   162
   155
   164
   159
   161
   159
   156
   159
   159
   158
   164
   172
   180
   181
   179
   173
   176
   181
   178
   172
   168
   164
   159
   159
   156
   151
   147
   144
   142
   140
   142
   142
   140
   136
   141
   140
   136
   142
   141
   139
   139
   149
   150
   134
    92
    38
    14
    23
    25
    53
    54
    48
    37
    27
    24
    36
    44
    49
    41
    38
    49
    46
    40
    40
    49
    54
    56
    60
    57
    47
    57
    80
    82
    85
    92
    93
    86
    88
    82
    85
    79
    84
   111
   121
   120
   129
   130
   135
   141
   137
   137
   142
   146
   148
   147
   148
   140
   142
   148
   140
   140
   140
   140
   142
   143
   143
   142
   146
   144
   147
   149
   149
   152
   152
   151
   158
   158
   162
   158
   161
   161
   162
   162
   168
   172
   171
   171
   174
   170
   167
   160
   157
   153
   155
   150
   140
   134
   137
   132
   135
   136
   135
   138
   138
   139
   138
   140
   142
   138
   143
   144
   144
   142
   121
    80
    39
    16
    13
    20
    43
    62
    65
    54
    40
    38
    31
    31
    41
    57
    61
    44
    45
    51
    49
    44
    37
    34
    52
    45
    42
    42
    44
    61
    85
    93
    83
    86
   100
   106
    94
    93
    84
    90
   104
    99
   111
   128
   131
   129
   122
   124
   133
   141
   141
   140
   143
   148
   151
   155
   152
   151
   156
   153
   149
   149
   146
   148
   148
   150
   145
   144
   144
   145
   145
   144
   150
   152
   152
   155
   152
   160
   158
   157
   160
   160
   159
   159
   158
   155
   152
   149
   147
   142
   136
   137
   133
   129
   133
   135
   138
   143
   145
   145
   146
   149
   146
   145
   142
   137
   129
   125
   115
   104
    69
    44
    33
     8
    12
    26
    28
    41
    55
    70
    52
    42
    45
    30
    34
    38
    47
    59
    66
    66
    64
    62
    59
    64
    46
    20
    32
    35
    39
    42
    45
    49
    75
    85
    93
    81
    84
    93
    99
    88
    94
    85
    71
    87
    98
    99
   110
   123
   131
   127
   127
   133
   135
   132
   135
   134
   132
   135
   138
   146
   145
   146
   150
   149
   154
   149
   148
   150
   150
   152
   152
   152
   152
   149
   148
   144
   143
   146
   145
   146
   149
   151
   149
   151
   151
   147
   140
   138
   136
   134
   135
   133
   128
   134
   136
   143
   140
   141
   140
   137
   135
   134
   136
   127
   124
   117
   119
   117
   120
   121
   126
   114
    87
    23
    12
    19
    32
    29
    35
    56
    72
    64
    48
    37
    41
    37
    37
    43
    61
    67
    72
    74
    78
    73
    84
    66
    38
    36
    35
    37
    46
    38
    44
    57
    61
    85
    78
    91
    75
    85
    98
   105
    89
    89
    98
    99
    92
    94
   102
   104
   119
   130
   132
   128
   135
   134
   126
   130
   137
   134
   129
   132
   133
   136
   137
   142
   141
   146
   144
   143
   142
   144
   144
   146
   147
   153
   153
   154
   154
   150
   148
   145
   142
   146
   142
   142
   142
   142
   142
   143
   142
   140
   143
   147
   145
   145
   146
   139
   134
   131
   127
   128
   144
   154
   142
   130
   119
   128
   131
   133
   134
   139
   143
   144
   107
    37
    16
    31
    29
    30
    53
    61
    45
    41
    33
    33
    40
    35
    44
    54
    65
    63
    67
    85
    88
    77
    67
    42
    38
    33
    33
    35
    38
    45
    43
    51
    58
    70
    78
    64
    84
    80
    78
    99
   113
   104
    96
    87
    94
    96
    96
   112
   118
   129
   128
   126
   129
   138
   140
   132
   125
   138
   140
   132
   132
   130
   136
   132
   137
   141
   140
   139
   138
   137
   136
   136
   142
   142
   142
   141
   142
   147
   151
   152
   153
   151
   149
   148
   152
   155
   153
   153
   152
   146
   150
   149
   140
   131
   125
   127
   133
   142
   163
   185
   174
   120
   110
   153
   153
   152
   146
   140
   139
   150
   156
   148
    97
    34
    41
    46
    52
    54
    44
    41
    34
    42
    41
    35
    32
    36
    49
    59
    56
    67
    84
    96
   102
    85
    69
    49
    43
    28
    38
    37
    46
    44
    45
    41
    55
    65
    85
    82
    71
    85
    91
    76
    93
   111
   118
   118
   104
    92
   116
   121
   114
   104
   123
   134
   128
   129
   138
   145
   147
   131
   131
   134
   134
   132
   125
   125
   127
   134
   137
   134
   131
   132
   139
   145
   150
   145
   139
   137
   130
   124
   118
   120
   131
   143
   145
   153
   158
   152
   152
   148
   138
   129
   125
   121
   131
   138
   141
   153
   170
   180
   185
   156
    63
    46
   110
   154
   150
   131
   127
   129
   140
   150
   154
   137
    64
    54
    54
    52
    40
    33
    37
    45
    49
    47
    42
    43
    52
    62
    62
    56
    64
    83
    82
    96
    94
    76
    65
    48
    30
    27
    28
    37
    41
    43
    52
    48
    49
    52
    61
    83
    69
    56
    70
    80
    75
    97
   101
   104
   103
   110
   103
   106
   116
   125
   114
   121
   134
   133
   130
   137
   140
   149
   147
   144
   144
   142
   144
   138
   119
   111
   116
   125
   131
   129
   126
   115
   110
   119
   130
   139
   141
   137
   127
   108
   107
   100
   102
   105
   107
   117
   115
   124
   127
   122
   111
   101
    95
   118
   156
   180
   191
   183
   136
    86
    83
   104
   141
   149
   128
   127
   127
   133
   140
   145
   150
    83
    31
    33
    25
    13
    13
    23
    26
    28
    28
    39
    46
    57
    60
    50
    56
    66
    91
    92
    94
    99
    87
    81
    65
    41
    28
    28
    59
    56
    55
    59
    53
    46
    50
    52
    64
    69
    89
    67
    61
    76
    76
    76
    74
    81
   103
    89
    96
   104
    96
   106
   124
   122
   122
   132
   143
   152
   151
   145
   144
   145
   148
   145
   134
   135
   141
   135
   118
   105
   100
   107
   124
   133
   143
   128
   125
   130
   134
   135
   132
   140
   121
   118
   110
   104
   106
   120
   122
   123
   123
   118
   115
    87
    47
    25
    86
   147
   119
    83
    85
   100
   104
   107
   117
   121
   114
   118
   135
   140
   142
   154
    86
    25
    26
    19
    16
    19
    21
    20
    26
    34
    44
    56
    62
    65
    60
    68
    83
    97
    99
    93
   104
    94
    93
    82
    41
    19
    26
    29
    35
    37
    47
    52
    49
    39
    40
    45
    48
    54
    65
    89
    72
    68
    83
    79
   101
   102
    85
   101
    91
    92
   106
   115
   116
   133
   132
   135
   134
   136
   148
   157
   156
   152
   145
   148
   147
   140
   135
   142
   150
   147
   142
   138
   126
   113
   124
   153
   155
   132
   136
   133
   125
   114
   119
   120
   114
   105
   107
   119
   117
   103
    98
    87
    64
    70
    77
    76
    44
    35
    48
    69
    89
    99
   101
    99
   116
   122
   108
   118
   135
   144
   141
    87
    10
    26
    21
    20
    15
    20
    24
    35
    54
    60
    57
    50
    54
    62
    78
   100
    97
    97
    93
   104
    99
    85
    72
    47
    47
    64
    35
    29
    31
    43
    40
    28
    36
    41
    45
    50
    55
    47
    50
    67
    95
    90
    92
    93
    86
    94
    90
    95
   105
    97
    85
    98
   113
   110
   127
   138
   144
   145
   126
   123
   139
   158
   169
   159
   159
   161
   155
   149
   147
   154
   151
   148
   143
   139
   129
   115
   119
   134
   133
   115
   109
   107
   106
   107
   127
   120
   107
   121
   111
    78
    78
    62
    63
    77
   100
   104
    93
    88
    89
    93
   101
   105
   102
   108
   127
   115
    97
   115
   120
   128
    86
    14
    19
    18
    14
    18
    26
    35
    45
    62
    70
    69
    66
    70
    81
    98
    99
    98
   111
   105
   111
   104
    84
    83
    71
    67
    60
    40
    32
    27
    46
    40
    34
    36
    37
    27
    35
    44
    53
    51
    45
    54
    64
    72
    76
    91
    85
    92
   115
   103
    93
    97
    94
    84
    84
   113
   116
   125
   127
   125
   148
   150
   132
   119
   128
   146
   165
   174
   186
   188
   185
   173
   174
   171
   167
   165
   164
   157
   146
   131
   121
   117
   104
   103
   102
    90
    71
    94
   110
   106
   114
    93
    55
    56
    71
    78
    87
    94
   106
   110
   118
   126
   129
   128
   129
   131
   109
    92
   113
   130
   129
    86
    19
    23
    13
    13
    20
    32
    52
    55
    68
    77
    78
    83
    98
   107
   111
    99
    97
   106
   100
   106
   110
    90
    96
    94
    90
    56
    34
    33
    29
    30
    35
    30
    32
    33
    29
    47
    35
    41
    53
    58
    41
    41
    62
    72
    73
    69
    92
    72
    70
    79
    73
    81
    99
   108
   107
    97
   108
   109
   133
   146
   130
   130
   145
   145
   123
   106
   119
   127
   151
   161
   179
   174
   160
   155
   154
   148
   138
   139
   146
   151
   145
   125
   111
    78
    50
    43
    43
    61
    99
   104
   117
   106
    77
    65
    59
    71
    83
    98
   106
   120
   120
   129
   138
   134
   121
   101
    91
   115
   139
   136
    83
    25
    21
    29
    38
    50
    70
    92
    99
   101
   115
   111
   111
   111
   107
    91
    91
   108
   119
   108
   113
   118
    94
    91
   108
    94
    74
    58
    44
    31
    23
    24
