    41
    35
    36
    39
    36
    37
    39
    38
    42
    44
    37
    40
    37
    37
    48
    42
    43
    37
    38
    57
    52
    26
    38
    99
   117
    92
   118
   139
   147
   138
   156
   171
   177
   171
   150
   179
   197
   156
   177
   184
   122
   110
   156
   152
   137
   130
   149
   159
   174
   165
   131
   124
   131
   117
   120
   133
   143
   128
   122
   134
   156
   141
   112
   111
   143
   186
   196
   175
   154
   141
   154
   185
   208
   196
   186
   185
   195
   198
   180
   124
    57
    22
    79
   144
   124
    88
    91
   109
   124
   117
    88
    59
    26
    36
    40
    40
    35
    36
    35
    37
    38
    39
    35
    37
    36
    39
    42
    39
    38
    39
    38
    39
    34
    44
    40
    40
    42
    40
    40
    42
    42
    38
    42
    38
    39
    44
    38
    40
    42
    44
    54
    47
    39
    61
   108
   106
    98
   117
   128
   142
   132
   145
   145
   137
   144
   140
   166
   173
   150
   174
   173
   118
   103
   124
   124
   120
   144
   165
   153
   163
   154
   130
   126
   129
   136
   147
   141
   138
   123
   109
   111
   118
   131
   147
   155
   150
   135
   100
    93
    89
   123
   175
   195
   194
   171
   147
   122
   111
   111
   118
   122
   146
   181
   176
    93
    55
    96
   131
   100
    93
    93
    96
    91
    94
    54
    33
    30
    36
    40
    39
    43
    38
    38
    34
    38
    39
    36
    37
    39
    40
    36
    34
    37
    35
    40
    38
    39
    38
    38
    41
    41
    42
    39
    39
    38
    40
    43
    37
    40
    41
    37
    47
    49
    44
    49
    97
   107
   110
   119
   133
   139
   139
   149
   151
   154
   158
   141
   154
   173
   170
   175
   160
   102
   104
   147
   147
   147
   173
   158
   153
   141
   127
   125
   122
   116
   125
   128
   116
   102
    76
    76
    96
   128
   145
   143
   133
   118
    94
    78
    86
    91
   142
   157
   134
   113
    86
    89
    95
   111
   115
   107
   101
   106
   119
   113
   131
   155
   150
   104
    87
   112
   100
    93
    86
    89
    93
   107
    67
    46
    39
    38
    40
    40
    40
    40
    38
    38
    35
    38
    38
    36
    34
    38
    38
    32
    34
    36
    37
    40
    37
    37
    35
    37
    38
    39
    38
    37
    40
    42
    41
    42
    38
    48
    59
    42
    67
   125
   107
   114
   126
   140
   147
   140
   138
   147
   156
   157
   148
   145
   177
   175
   163
   144
    99
   112
   133
   120
   131
   144
   132
   122
   130
   126
   112
    98
   119
   141
   114
    95
    63
    60
   112
   154
   154
   109
    74
    83
    84
    54
    53
    81
   107
   146
   127
    81
    54
    64
    90
    97
   142
   167
   172
   151
   143
   113
   101
   101
   106
    98
   125
   131
   119
   125
   115
    94
    78
    80
    79
    82
   104
    66
    35
    33
    35
    34
    36
    39
    40
    38
    37
    40
    38
    37
    39
    33
    35
    37
    34
    40
    43
    40
    41
    39
    42
    44
    43
    45
    41
    44
    41
    42
    41
    40
    42
    61
    36
    79
   123
   106
   112
   117
   128
   125
   115
   115
   135
   148
   148
   136
   136
   169
   179
   157
   129
   103
   124
   120
   119
   115
   106
   128
   143
   122
   115
   108
   108
   122
    97
    32
    30
    64
   105
   133
   132
    94
    78
   124
   118
    69
    33
    42
    65
    93
   125
    65
    41
    68
    82
    81
    99
   164
   171
   120
   109
   107
    92
   123
   127
   109
   111
   103
    66
    93
   127
    64
   110
   122
    81
    71
    78
    89
    71
    88
    55
    42
    43
    38
    38
    38
    41
    39
    38
    32
    35
    31
    32
    38
    36
    34
    38
    37
    35
    39
    38
    40
    39
    36
    40
    38
    40
    40
    41
    40
    39
    36
    53
    41
    86
   108
    97
   103
   118
   116
   100
   117
   128
   140
   132
   158
   151
   142
   155
   163
   138
   131
   130
   129
   133
   121
   128
   137
   157
   165
   133
   117
   107
   109
   117
    67
    26
    64
    95
   120
   131
   113
    86
   105
   121
    98
    61
    68
    67
    70
    91
   127
    69
    58
    48
    45
    74
   111
   133
    82
    51
    36
    30
    91
   120
   105
   103
   126
   121
   111
   103
    73
    57
   116
    85
   110
   117
    75
    54
    77
    54
    53
    63
    41
    37
    40
    38
    35
    35
    34
    37
    34
    36
    34
    37
    35
    34
    36
    36
    36
    40
    41
    42
    41
    39
    41
    38
    39
    41
    41
    39
    44
    39
    45
    51
    95
   119
    88
    94
   123
   110
   106
   129
   137
   147
   126
   143
   136
   133
   154
   159
   124
   119
   152
   131
   106
    99
   122
   140
   134
   130
   113
   111
   102
   103
   102
    47
    37
    88
   119
   130
   113
    99
    83
   108
   117
    91
    62
    65
    70
    81
   107
   129
    64
    26
    24
    63
   107
   121
    97
    42
    55
   106
   103
    75
    77
   103
   105
   109
   103
   120
   129
   114
   109
    87
    57
    93
   101
    92
    98
    75
    57
    77
    39
    36
    41
    37
    35
    36
    39
    39
    41
    32
    37
    35
    36
    34
    36
    35
    36
    35
    40
    40
    41
    38
    38
    41
    41
    44
    44
    39
    38
    40
    41
    40
    54
   104
   129
    96
    95
   117
   103
    97
   110
   129
   142
   130
   148
   163
   129
   135
   161
   130
   102
   140
   129
    82
    95
   129
   129
   125
   113
    81
    92
   101
   112
   104
    65
    53
    96
   115
   107
    83
    95
    97
   114
   102
    87
    80
    83
    69
    71
    99
   111
    65
    41
    58
   101
    96
    57
    32
    54
    57
    42
   100
   115
    81
    69
    97
   121
   120
   108
    97
   107
   126
   112
   106
    88
    61
    97
   106
    81
    82
    61
    66
    49
    36
    38
    38
    34
    35
    33
    32
    29
    37
    34
    33
    31
    32
    38
    36
    34
    36
    37
    38
    39
    41
    42
    38
    37
    41
    39
    38
    41
    41
    42
    37
    98
   129
   101
    94
   117
   118
   101
   107
   124
   120
   118
   123
   158
   129
   125
   157
   147
   112
   125
   159
    96
    94
   117
   121
   142
   123
   106
   110
   110
   108
    88
    53
    65
   111
   116
    96
    93
   101
   105
   120
   100
    85
    99
    91
    82
    83
   115
   110
    76
    71
   105
   131
   131
   123
   117
    89
    42
    60
    60
    93
   161
   148
   106
    92
   101
   116
   113
   108
    85
    75
   128
   111
   101
    84
    59
   105
   107
    73
    81
    50
    46
    35
    32
    37
    38
    36
    33
    34
    41
    35
    33
    40
    42
    40
    36
    36
    36
    27
    39
    41
    39
    42
    39
    42
    41
    42
    42
    45
    42
    40
    29
    90
   134
   111
    98
    99
   102
    90
   109
   116
   127
   130
   118
   154
   121
   114
   145
   146
   106
    96
   167
   122
   109
   122
   124
   129
   115
    92
    91
   105
   110
    99
    69
    79
   117
   108
    95
   103
   105
   115
   129
   100
    88
    97
    88
    84
    91
   119
   112
   102
   103
   102
    94
    90
   100
   118
   126
   119
   108
    65
    58
    57
   118
   116
    99
    91
   107
   123
   121
   122
   106
    65
    60
   126
   112
   101
    69
    57
   104
    81
    66
    57
    40
    36
    35
    30
    30
    36
    35
    36
    28
    31
    37
    30
    30
    28
    36
    38
    43
    37
    38
    40
    38
    36
    38
    36
    38
    39
    40
    40
    41
    33
    74
   129
   118
    96
    90
   100
    92
   100
   109
   109
   121
   118
   141
   147
   126
   148
   150
   106
    74
   131
   147
   116
   106
   109
   120
   124
   106
    90
    87
   108
   105
    81
    86
   110
   107
   106
   107
   113
   126
   127
   100
    92
   103
   113
    96
    93
   108
   109
   103
    92
    94
    98
    90
    89
   102
   111
   118
   121
   115
   107
    85
    64
   106
   112
   108
   101
    97
   114
   125
   125
   113
    86
    44
    55
   117
   120
    99
    58
    83
    83
    85
    56
    18
    10
    15
    24
    36
    30
    36
    32
    34
    43
    37
    35
    36
    29
    22
    24
    11
    21
    38
    36
    40
    43
    38
    40
    41
    40
    42
    47
    39
    56
   120
   131
   105
    87
    91
    88
    88
    96
   104
   110
   110
   126
   148
   129
   130
   152
   120
    92
   118
   157
   117
   108
   113
   123
   121
    99
    92
    79
   113
   113
    88
    91
   111
   107
    99
   102
   114
   125
   128
   109
   102
   106
   116
   102
    98
    98
    97
    96
    97
   112
   124
   128
   115
   110
   104
   107
   112
   117
   120
   114
   108
   105
    84
    83
   102
   103
    98
   102
   112
   119
   118
    87
    41
    32
    57
   117
   124
    89
    65
    74
    81
    50
    44
    37
    33
    24
    32
    49
    33
    27
    26
    14
     7
    14
    23
    34
    61
    97
   125
   151
    38
    40
    41
    40
    42
    41
    41
    40
    43
    38
    53
   120
   139
   111
    92
    97
    89
    84
    98
    89
   103
   105
   114
   141
   154
   148
   141
   120
    90
   104
   150
   158
   120
   103
   113
   116
   101
    87
    90
   107
   109
    91
    98
   115
   105
   107
   122
   130
   129
   122
   112
   106
   109
   116
   106
   104
   110
   111
   117
   111
   105
    93
    92
    95
   104
   107
   103
   104
   101
    98
   101
   108
   103
    90
    80
    60
    77
   109
   115
   113
   116
   123
   120
    71
    33
    40
    49
    81
   105
   112
    89
    66
    59
    53
    17
    20
    22
    19
    13
    12
    16
    28
    49
    76
   100
   128
   155
   169
   175
   172
   167
   166
    38
    36
    39
    38
    39
    41
    45
    36
    44
    37
    82
   122
   120
    88
    84
    79
    80
    88
    90
   108
   113
   115
   131
   156
   150
   133
   130
   102
   108
   123
   150
   104
    88
   117
   114
   100
    85
    81
   101
   108
    99
   112
   127
   115
   116
   131
   138
   138
   127
   119
   115
   118
   122
   114
   117
   124
   131
   131
   130
   130
   122
   110
   101
   101
   101
   106
   111
   119
   118
   118
   108
    94
    96
    99
    93
    93
    67
    66
    99
   135
   136
   135
   103
    46
    36
    45
    69
    53
    82
   111
   114
    94
    63
    67
    78
    91
    84
    75
    80
    92
   128
   158
   174
   177
   172
   175
   162
   154
   157
   160
   156
   152
    39
    38
    37
    39
    41
    36
    34
    46
    38
    82
   129
   129
   111
    95
    81
    78
   102
   101
   108
   115
   119
   121
   133
   144
   127
   133
    90
    86
   100
   124
   125
    85
    87
    90
    88
    81
    72
    90
   107
   108
   118
   120
   124
   125
   132
   135
   142
   140
   140
   136
   135
   137
   127
   124
   128
   132
   124
   129
   144
   153
   159
   163
   160
   145
   140
   138
   134
   122
   122
   127
   133
   132
   116
    99
   100
   101
    96
    82
    49
    38
    67
    57
    28
    32
    37
    46
    45
    60
    60
    94
   108
   107
    69
    70
    68
    81
   118
   139
   152
   152
   147
   142
   146
   147
   153
   155
   160
   167
   152
   145
   148
   152
    38
    37
    42
    42
    35
    41
    39
    38
    56
   116
   125
   112
   107
    81
    76
    93
    95
   100
   107
   121
   104
   133
   157
   126
   105
    80
   101
    92
    90
   134
    94
    96
   106
   103
    92
    79
    82
   103
   120
   131
   130
   126
   126
   128
   128
   132
   134
   134
   124
   128
   137
   135
   142
   144
   147
   151
   165
   173
   179
   179
   183
   186
   182
   176
   172
   163
   150
   146
   132
   123
   128
   133
   142
   145
   132
   116
   111
    99
    98
    80
    41
    23
    17
    28
    42
    46
    46
    52
    51
    73
   108
   102
    93
    59
    65
    85
   103
   123
   134
   137
   149
   144
   147
   143
   131
   134
   135
   137
   150
   163
   157
   156
    41
    42
    34
    33
    38
    39
    43
    54
    96
   121
   124
   111
   100
    82
    90
    98
    97
    94
   111
    87
   120
   147
   141
   109
    89
    85
    87
    71
   131
   124
    91
    92
   104
    92
    87
    93
   108
   122
   120
   133
   128
   121
   124
   127
   138
   143
   134
   136
   147
   152
   151
   154
   162
   162
   164
   168
   170
   178
   189
   196
   200
   200
   199
   197
   190
   187
   180
   164
   154
   145
   138
   128
   132
   143
   149
   151
   141
   139
   120
   112
   104
    89
    70
    46
    35
    42
    55
    54
    60
    65
    96
   109
    99
    66
    67
    81
    98
   118
   142
   145
   155
   161
   156
   157
   159
   151
   145
   138
   130
   129
   135
   137
    35
    39
    42
    39
    36
    36
    38
    75
   125
   133
   110
   108
    92
   100
    91
    95
   101
   115
    92
   108
   139
   136
   117
   101
    87
    96
    67
    90
   130
    98
    82
   100
    90
    94
    90
    98
   126
   125
   123
   125
   119
   126
   135
   145
   153
   155
   157
   158
   153
   151
   162
   172
   182
   182
   188
   195
   203
   207
   207
   207
   206
   203
   197
   191
   193
   194
   185
   182
   173
   163
   166
   167
   151
   133
   141
   143
   149
   145
   148
   144
   132
   121
   105
    95
    69
    50
    45
    58
    58
    70
    76
   101
    92
    70
    50
    71
    93
   119
   139
   151
   159
   161
   160
   154
   155
   160
   154
   151
   150
   141
   131
   131
    41
    37
    41
    41
    42
    43
    64
    94
   122
   119
   105
    97
   101
    95
   101
   100
    97
    80
   101
   128
   147
   125
   103
    91
    95
    69
    72
   109
   116
   104
   114
    96
    86
    90
    85
   126
   124
   113
   125
   121
   127
   135
   144
   147
   150
   153
   166
   167
   172
   178
   171
   177
   185
   198
   202
   202
   202
   201
   204
   206
   205
   204
   206
   204
   198
   194
   192
   187
   185
   179
   168
   161
   174
   176
   170
   161
   159
   161
   151
   155
   153
   147
   138
   124
   117
    99
    71
    52
    52
    64
    71
    74
    80
    59
    57
    64
    87
   109
   126
   146
   154
   154
   162
   161
   159
   160
   172
   168
   164
   164
   160
   153
    38
    42
    37
    40
    45
    46
    91
   109
   120
   111
    94
    91
    91
   100
   100
    86
    78
    96
   114
   142
   142
   111
    90
    81
    78
    62
    94
   118
    99
    83
    81
    85
    86
    86
   132
   132
   123
   126
   119
   118
   127
   140
   145
   151
   161
   166
   169
   176
   179
   186
   192
   195
   198
   201
   204
   204
   205
   209
   208
   207
   207
   206
   204
   199
   195
   197
   193
   187
   186
   187
   187
   183
   166
   175
   181
   184
   181
   173
   168
   163
   166
   162
   156
   156
   142
   133
   128
   107
    76
    49
    54
    56
    58
    42
    47
    63
    73
    91
   118
   122
   143
   155
   161
   165
   167
   160
   146
   158
   166
   161
   158
   163
    41
    39
    40
    44
    42
    76
   105
   117
   111
    98
    94
    89
    87
   102
   102
    85
    93
   106
   122
   136
   121
   103
    85
    84
    65
    77
   109
   104
    79
    90
    94
    86
   104
   141
   121
   120
   122
   116
   114
   130
   143
   152
   161
   171
   176
   175
   183
   184
   189
   190
   198
   203
   203
   202
   203
   207
   208
   207
   205
   205
   204
   205
   199
   199
   199
   196
   192
   187
   187
   187
   190
   186
   185
   179
   175
   178
   177
   185
   191
   185
   179
   173
   165
   158
   167
   167
   158
   151
   133
   111
    73
    48
    47
    51
    51
    54
    71
    88
   103
   121
   130
   142
   152
   160
   166
   167
   168
   163
   174
   177
   167
   158
    34
    37
    44
    40
    52
    98
   119
   109
   110
   100
   102
    90
    97
    90
    74
    86
   110
   107
   128
   135
   122
    94
    79
    68
    63
    76
   117
    83
    91
    99
    82
    87
   125
   106
   123
   123
   114
   114
   130
   151
   160
   168
   175
   177
   178
   188
   191
   202
   203
   202
   202
   203
   204
   204
   205
   206
   211
   211
   209
   206
   206
   205
   206
   202
   193
   195
   193
   190
   190
   190
   190
   194
   188
   188
   186
   184
   180
   176
   179
   183
   186
   182
   175
   171
   165
   163
   166
   165
   164
   153
   136
   100
    56
    48
    52
    60
    68
    76
    90
   102
   116
   134
   143
   156
   164
   170
   169
   167
   163
   162
   168
   164
    37
    41
    44
    41
    72
   101
   107
   116
   101
   103
    91
    96
   100
    74
    83
   111
    96
   100
   104
   132
   112
    82
    74
    61
    75
   113
   107
   110
   122
    89
    86
   125
   117
   134
   127
   114
   126
   141
   154
   165
   171
   172
   184
   193
   203
   206
   209
   207
   206
   207
   205
   202
   201
   208
   207
   208
   208
   207
   206
   208
   206
   205
   201
   199
   198
   197
   194
   191
   190
   190
   188
   184
   187
   186
   185
   185
   189
   187
   182
   180
   183
   183
   180
   177
   169
   167
   164
   160
   153
   146
   143
   137
   111
    68
    59
    64
    73
    79
    78
    92
   103
   118
   128
   138
   153
   155
   159
   161
   161
   159
   157
   160
    39
    42
    33
    61
   107
   110
   115
   110
   106
    97
   100
   103
    79
    82
   101
   101
    97
   105
   119
   122
    86
    74
    71
    85
   104
   116
   120
   120
    72
    64
   116
   132
   142
   115
   105
   125
   148
   152
   161
   170
   181
   197
   206
   207
   208
   209
   204
   202
   205
   202
   203
   203
   205
   202
   206
   208
   208
   206
   208
   206
   206
   204
   202
   203
   198
   196
   198
   193
   190
   186
   180
   183
   181
   183
   186
   187
   182
   175
   184
   186
   179
   174
   181
   177
   167
   172
   168
   165
   161
   155
   147
   139
   134
   110
    76
    72
    77
    84
   101
   102
   111
   115
   119
   126
   135
   153
   159
   155
   159
   157
   159
   155
    35
    44
    55
   106
   112
   110
    96
    98
   101
   102
   106
    79
    75
    98
    90
    96
    99
   105
   122
   108
    78
    77
    75
    87
   109
   108
   104
    65
    60
   110
   130
   130
   115
   118
   137
   154
   155
   158
   171
   187
   199
   205
   206
   207
   203
   204
   206
   207
   204
   202
   197
   199
   204
   203
   206
   208
   207
   206
   210
   211
   208
   206
   204
   201
   201
   201
   195
   189
   185
   183
   185
   181
   184
   184
   184
   184
   180
   184
   180
   170
   171
   175
   174
   175
   177
   172
   172
   169
   164
   161
   151
   145
   131
   126
   106
    84
    85
    92
    99
   111
   118
   120
   128
   137
   142
   140
   130
   141
   150
   157
   159
   150
    46
    41
    75
   110
   110
   107
    99
    95
    97
   106
    84
    72
    80
    95
    90
    87
    96
   110
   116
    85
    76
    81
    69
    95
   119
   116
    77
    63
    96
   142
   139
   113
   116
   144
   150
   156
   169
   184
   194
   196
   197
   203
   207
   207
   205
   204
   203
   204
   200
   201
   202
   201
   202
   205
   204
   207
   206
   205
   207
   206
   207
   209
   208
   205
   204
   200
   197
   194
   190
   190
   191
   187
   185
   183
   181
   184
   187
   185
   186
   180
   173
   178
   183
   178
   173
   178
   172
   169
   167
   168
   164
   157
   146
   134
   121
   103
    98
    98
   103
   109
   118
   125
   126
   131
   133
   127
   123
   132
   139
   138
   145
   144
    43
    42
    88
   104
   106
   105
    99
   101
   101
    93
    76
    83
    92
    93
    92
    87
    99
   122
   108
    78
    86
    70
    74
   100
   111
    93
    64
    99
   142
   144
   116
   114
   138
   153
   160
   174
   183
   190
   199
   203
   207
   206
   204
   205
   207
   206
   204
   199
   205
   205
   207
   210
   207
   201
   201
   205
   201
   206
   208
   202
   205
   207
   204
   206
   204
   200
   199
   198
   197
   191
   190
   186
   188
   187
   183
   182
   184
   184
   181
   184
   186
   183
   182
   181
   175
   172
   168
   168
   167
   170
   170
   164
   161
   154
   138
   117
   114
   113
   110
   118
   124
   132
   133
   129
   133
   135
   130
   123
   117
   125
   129
   131
    36
    84
   100
   106
   103
    96
    92
    91
    99
    89
    84
   100
   104
    80
    82
   102
   123
   124
    92
    86
    78
    75
   112
   128
   111
    76
   100
   133
   123
   100
   103
   126
   143
   160
   174
   183
   193
   201
   208
   207
   202
   207
   210
   209
   204
   202
   202
   203
   205
   209
   207
   199
   194
   189
   195
   197
   193
   197
   198
   202
   205
   207
   208
   206
   202
   203
   200
   195
   194
   194
   188
   184
   190
   187
   172
   177
   176
   174
   173
   179
   178
   178
   179
   184
   178
   183
   182
   172
   172
   166
   160
   164
   163
   157
   153
   144
   120
   122
   132
   125
   131
   136
   143
   142
   138
   132
   130
   125
   116
   103
    96
   100
    53
    90
   101
   109
   101
    94
    90
   104
    93
    68
    83
    89
    69
    78
    90
   110
   127
   112
    88
    79
    83
    98
   121
   115
    90
   100
   124
   115
   111
   111
   131
   144
   146
   157
   175
   187
   200
   205
   201
   206
   213
   202
   195
   199
   205
   203
   205
   204
   200
   196
   194
   192
   198
   191
   190
   181
   185
   190
   194
   200
   204
   204
   204
   206
   202
   201
   196
   197
   194
   190
   187
   181
   164
   178
   181
   176
   177
   178
   181
   185
   185
   186
   185
   184
   182
   176
   175
   179
   173
   172
   166
   166
   163
   164
   155
   150
   148
   132
   126
   130
   130
   135
   136
   142
   139
   139
   128
   119
   103
    93
    84
    79
    63
    95
   103
    97
    88
    80
    91
    89
    76
    76
    90
    80
    91
    81
   102
   121
   125
    96
    82
    89
    90
   114
   126
   107
   104
   116
   110
   110
   112
   127
   145
   148
   163
   176
   184
   196
   194
   196
   207
   199
   187
   198
   207
   208
   205
   205
   202
   204
   205
   200
   205
   204
   203
   185
   187
   179
   188
   190
   187
   193
   198
   200
   200
   201
   203
   196
   199
   194
   192
   191
   189
   184
   187
   184
   178
   178
   182
   180
   159
   160
   168
   177
   176
   179
   182
   182
   185
   180
   176
   173
   169
   170
   165
   163
   159
   152
   150
   144
   131
   133
   132
   133
   135
   133
   133
   128
   125
   119
   111
   108
   102
   102
    83
    99
    90
    98
    94
    90
    97
    96
    80
    89
    80
    84
    94
    83
   106
   112
   113
    97
    87
    80
   102
   129
   126
   110
   114
   116
   114
   119
   129
   141
   149
   160
   175
   183
   195
   192
   194
   196
   183
   188
   205
   203
   196
   202
   204
   197
   198
   199
   196
   191
   186
   190
   181
   168
   169
   168
   180
   184
   183
   188
   188
   193
   192
   190
   189
   194
   191
   193
   194
   191
   187
   186
   178
   180
   179
   179
   176
   173
   180
   182
   178
   182
   180
   185
   184
   185
   176
   177
   178
   177
   171
   168
   166
   171
   173
   171
   161
   149
   141
   128
   137
   132
   134
   133
   130
   129
   131
   126
   120
   117
   123
   125
   109
   105
   102
   107
    95
    87
    99
    93
    88
    84
    80
    85
    70
    93
    97
   120
   111
    87
    74
    84
   122
   124
    98
   100
   110
   102
   111
   126
   134
   144
   157
   174
   180
   187
   181
   179
   180
   178
   196
   198
   184
   187
   201
   197
   191
   191
   186
   179
   176
   173
   168
   164
   154
   143
   149
   148
   169
   182
   186
   188
   187
   189
   190
   179
   188
   187
   189
   192
   190
   190
   188
   187
   177
   176
   178
   179
   176
   175
   176
   180
   179
   183
   179
   177
   170
   157
   166
   174
   176
   176
   176
   179
   170
   162
   164
   147
   156
   160
   143
   126
   120
   138
   136
   130
   134
   134
   131
   127
   126
   132
   145
   155
   103
   107
   107
    97
    98
    96
    95
    89
    81
    74
    85
    80
    96
    97
   111
   118
    95
    81
    93
   127
   129
    99
   106
   106
    97
   114
   121
   134
   142
   155
   166
   175
   185
   181
   182
   189
   187
   200
   194
   186
   193
   183
   175
   174
   187
   196
   184
   179
   177
   166
   150
   151
   157
   139
   149
   167
   178
   186
   189
   183
   182
   182
   173
   186
   180
   187
   186
   186
   183
   184
   184
   177
   183
   180
   174
   175
   168
   169
   159
   162
   166
   169
   171
   174
   175
   173
   172
   175
   178
   184
   187
   175
   167
   160
   155
   154
   139
   139
   144
   138
   121
   121
   128
   126
   128
   129
   129
   134
   133
   141
   154
   156
    96
   100
    97
    90
    95
    97
    89
    79
    83
    82
    72
    82
    94
   104
   115
   108
    86
    81
   113
   123
   110
   114
    99
    95
   118
   123
   132
   141
   154
   169
   176
   180
   182
   181
   192
   191
   194
   186
   169
   173
   171
   177
   185
   190
   184
   176
   173
   168
   143
   118
   113
   127
   166
   160
   151
   175
   185
   186
   177
   187
   186
   173
   187
   184
   190
   190
   186
   191
   194
   190
   183
   181
   183
   184
   176
   171
   170
   166
   169
   173
   175
   170
   164
   140
   143
   152
   164
   168
   167
   169
   167
   147
   141
   150
   147
   149
   153
   145
   140
   137
   133
   125
   133
   130
   131
   134
   138
   135
   136
   141
   133
   135
   107
   115
   107
   102
   106
    89
    88
    89
    77
    81
    88
    95
    97
   112
   113
    93
    84
   100
   128
   120
   128
   109
   100
   110
   116
   128
   136
   151
   164
   168
   181
   187
   178
   190
   191
   191
   183
   175
   181
   176
   176
   176
   182
   179
   176
   170
   143
   109
   117
   140
   181
   199
   193
   154
   154
   176
   186
   186
   182
   188
   170
   190
   185
   181
   182
   185
   183
   183
   185
   183
   180
   180
   178
   175
   170
   170
   166
   170
   165
   159
   148
   145
   153
   159
   155
   158
   148
   149
   146
   136
   137
   137
   132
   143
   145
   150
   141
   141
   138
   129
   128
   126
   122
   133
   135
   136
   136
   141
   139
   140
   144
   137
    99
   106
   100
    96
    87
    86
    93
    65
    72
    83
    77
    93
   103
   119
   111
    76
    83
   128
   136
   129
   102
    85
   109
   118
   125
   132
   148
   163
   166
   172
   182
   179
   183
   186
   182
   187
   186
   179
   175
   166
   162
   175
   179
   175
   165
   141
   136
   158
   153
   190
   201
   184
   135
    88
   130
   172
   183
   185
   186
   163
   183
   179
   182
   178
   180
   177
   183
   183
   180
   183
   182
   179
   176
   169
   170
   168
   165
   156
   153
   151
   153
   153
   162
   157
   160
   158
   167
   167
   165
   152
   145
   137
   131
   139
   141
   144
   139
   134
   132
   127
   113
   113
   118
   127
   133
   134
   132
   129
   129
   132
   138
   144
    95
   105
    96
    94
    84
    88
    89
    82
    88
    88
    85
    89
   112
   128
    98
    85
   116
   141
   118
    76
    67
   105
   123
   114
   126
   140
   151
   161
   168
   180
   178
   175
   183
   182
   187
   190
   183
   165
   155
   162
   171
   171
   166
   156
   137
   139
   135
   119
   185
   194
   172
   131
   103
   174
   192
   177
   180
   194
   171
   170
   166
   168
   175
   179
   181
   182
   182
   182
   179
   174
   175
   177
   177
   181
   176
   166
   156
   153
   152
   153
   153
   155
   151
   150
   147
   147
   143
   137
   129
   138
   139
   149
   148
   132
   126
   121
   128
   129
   130
   126
   117
   109
   101
   113
   131
   126
   122
   115
   115
   136
   142
   140
   113
   122
   101
    90
    72
    89
    80
    78
    87
    89
    87
    95
   116
   110
    96
   109
   136
   130
    89
    77
    95
   112
   112
   125
   138
   148
   159
   171
   172
   180
   180
   185
   189
   192
   186
   177
   159
   149
   154
   167
   173
   166
   156
   149
   149
   128
   115
   193
   203
   197
   148
    62
   136
   183
   189
   183
   180
   177
   165
   178
   180
   183
   174
   175
   182
   185
   179
   175
   180
   184
   181
   178
   172
   165
   146
   147
   150
   150
   148
   145
   145
   151
   161
   164
   169
   160
   158
   160
   160
   154
   146
   129
   128
   134
   139
   141
   132
   127
   118
   110
   107
    90
    87
    82
   108
   121
   117
   111
   118
   134
   139
   132
   108
   114
   106
    87
    70
    87
    74
    84
    84
    90
    88
   101
   117
    94
    95
   120
   132
   113
    89
    81
   100
   120
   124
   130
   147
   159
   169
   169
   171
   180
   181
   184
   187
   186
   179
   163
   149
   144
   154
   171
   176
   168
   156
   151
   131
   109
   168
   200
   186
   159
    89
    62
   121
   171
   187
   187
   176
   177
   169
   159
   172
   176
   184
   182
   178
   175
   174
   169
   177
   178
   179
   171
   164
   156
   150
   147
   144
   139
   132
   140
   145
   153
   154
   153
   159
   152
   140
   141
   139
   147
   138
   137
   135
   134
   134
   132
   130
   129
   128
   122
   111
   107
   105
   108
   104
   108
   108
   103
   115
   133
   133
   135
   111
   109
   108
    77
    72
    86
    79
    85
    94
    79
    95
   117
   112
    90
   108
   123
   112
    90
    73
    81
   110
   121
   124
   141
   155
   167
   171
   170
   172
   180
   174
   184
   187
   183
   175
   159
   144
   137
   150
   166
   177
   164
   147
   140
   119
   125
   191
   185
   156
   100
    44
    52
   114
   156
   183
   178
   188
   173
   167
   167
   158
   174
   186
   183
   174
   172
   168
   173
   170
   171
   166
   156
   155
   152
   152
   141
   135
   133
   137
   141
   141
   145
   151
   148
   137
   133
   125
   123
   127
   121
   117
   115
   112
   117
   115
   118
   119
   120
   118
   117
   116
   106
   102
   101
   112
   107
   105
   104
   110
   127
   127
   124
   105
   101
    99
    72
    74
    90
    73
    93
    88
    91
   119
   120
   101
    97
   127
   136
   103
    88
    85
   105
   121
   119
   132
   149
   161
   168
   173
   168
   174
   180
   179
   185
   183
   176
   165
   153
   137
   126
   138
   161
   174
   159
   148
   130
   115
   158
   191
   164
   110
    51
    42
    74
   104
   135
   172
   163
   175
   163
   165
   155
   165
   179
   180
   182
   180
   166
   164
   173
   175
   165
   162
   157
   152
   147
   149
   138
   132
   132
   135
   128
   122
   121
   120
   121
   128
   129
   131
   140
   140
   142
   130
   130
   125
   120
   113
   103
   110
   122
   119
   123
   117
   109
   113
   109
   114
   124
   112
    98
    97
   118
   125
   121
    97
    92
    94
    62
    80
    83
    73
    89
    85
   106
   119
   124
   105
   128
   132
    96
    97
    96
    97
   101
   120
   126
   141
   149
   157
   170
   173
   170
   175
   182
   181
   178
   173
   178
   168
   144
   119
   123
   136
   156
   155
   149
   140
   125
   132
   175
   190
   170
   111
    61
    20
    29
    97
   128
   156
   172
   173
   145
   158
   165
   165
   170
   172
   175
   176
   181
   173
   166
   162
   158
   153
   152
   147
   142
   133
   124
   121
   122
   116
   113
   109
   112
   119
   119
   125
   131
   132
   128
   127
   125
   126
   129
   128
   126
   132
   139
   133
   136
   136
   140
   130
   120
   111
   119
   123
   112
   123
   112
    92
   105
   123
   128
    93
    89
    75
    59
    82
    77
    84
    88
    94
   117
   125
   112
    97
    98
    82
    97
    91
    72
    77
   106
   115
   130
   150
   163
   166
   177
   176
   171
   180
   180
   179
   180
   180
   178
   170
   143
   126
   111
   128
   152
   149
   140
   128
   123
   154
   179
   179
   146
   106
   118
    70
    79
   113
   133
   158
   169
   159
   138
   169
   169
   175
   167
   173
   183
   180
   183
   182
   172
   165
   158
   151
   146
   137
   130
   123
   117
   120
   116
   110
   101
   109
   120
   124
   128
   130
   130
   129
   127
   130
   130
   130
   125
   128
   126
   133
   140
   139
   151
   140
   132
   132
   127
   131
   129
   123
   114
   102
   101
    92
   103
   125
   127
   110
    98
    75
    64
    76
    74
    76
    87
   106
   121
   128
   108
    91
    90
    94
   100
    74
    58
    82
   105
   119
   132
   152
   166
   170
   177
   175
   169
   177
   179
   178
   179
   176
   178
   170
   146
   129
   110
   113
   142
   149
   140
   128
   130
   156
   172
   165
   136
    77
    31
    55
    59
    89
   114
   160
   163
   150
   135
   157
   162
   171
   173
   169
   173
   178
   177
   177
   171
   163
   156
   144
   136
   135
   130
   123
   118
   110
    94
    96
   106
   114
   119
   120
   127
   129
   130
   132
   131
   126
   119
   114
   112
   117
   129
   137
   140
   147
   144
   144
   143
   122
   126
   139
   130
   119
   113
    97
    97
    93
   102
   117
   114
   103
    95
    75
    72
    80
    82
    89
    82
   109
   125
   119
    94
    81
    84
    92
    79
    59
    56
    80
   105
   116
   136
   159
   169
   174
   176
   177
   174
   175
   178
   174
   179
   176
   181
   174
   157
   135
   102
   103
   132
   140
   141
   125
   132
   162
   166
   151
   130
    84
    56
    47
    60
    99
   123
   153
   163
   152
   140
   158
   164
   164
   169
   166
   164
   170
   181
   182
   167
   155
   144
   140
   141
   130
   125
   120
   116
   109
    98
   103
    99
    98
   106
   114
   120
   124
   120
   122
   118
   116
   112
   117
   117
   115
   126
   133
   146
   142
   141
   144
   142
   141
   139
   127
   132
   116
   102
   106
    97
    95
    93
   101
   102
   103
    92
    73
    70
    78
    88
    79
    98
   119
   125
   118
    90
    80
    80
    99
    70
    53
    57
    83
   105
   113
   134
   158
   164
   168
   170
   175
   175
   176
   178
   176
   183
   182
   176
   171
   154
   126
   104
   102
   123
   135
   133
   119
   138
   161
   169
   153
   132
    99
   111
   126
   120
   114
   127
   165
   163
   129
   140
   161
   153
   158
   159
   165
   165
   167
   164
   169
   163
   155
   147
   133
   122
   118
   124
   122
   114
   103
    95
    84
    96
   115
   126
   127
   113
   106
   110
   112
   113
   114
   117
   119
   118
   127
   130
   138
   143
   142
   142
   140
   147
   143
   139
   139
   134
   120
   113
   108
   102
    96
   104
   108
   111
    98
    89
    70
    66
    79
    83
    80
   103
   127
   134
   115
    94
    94
   111
    92
    66
    51
    57
    82
   100
   120
   141
   157
   160
   174
   176
   166
   162
   167
   175
   180
   182
   182
   182
   177
   163
   138
   107
    96
   107
   122
   127
   118
   135
   158
   170
   146
   130
   101
    91
   121
   125
   118
   146
   164
   148
   126
   149
   151
   153
   160
   156
   152
   159
   162
   166
   166
   155
   148
   140
   133
   124
   123
   121
   112
    97
    74
    55
    94
   125
   118
   101
    94
    94
   104
   122
   127
   130
   131
   127
   123
   134
   135
   138
   151
   149
   148
   143
   147
   144
   136
   140
   139
   130
   127
   102
    99
    98
    99
   102
   109
    96
   106
    93
    76
    70
    65
    72
    81
   109
   127
   122
   108
   108
   111
   105
    76
    56
    47
    57
    84
   104
   117
   137
   158
   162
   166
   164
   167
   164
   163
   177
   177
   176
   179
   180
   181
   166
   136
    98
    85
   102
   116
   123
   120
   132
   156
   164
   138
   124
   106
    61
    81
    98
   113
   139
   153
   135
   131
   147
   147
   147
   155
   154
   152
   152
   157
   161
   158
   150
   137
   130
   132
   125
   121
   113
    94
    83
   105
   128
   131
   121
   108
   105
    81
    40
    88
   124
   122
   129
   134
   136
   145
   151
   149
   150
   143
   142
   143
   148
   143
   150
   151
   145
   140
   132
   126
   110
    90
    90
    91
    93
   101
   105
    97
    97
    87
    64
    73
    80
    87
   112
   118
   124
   108
   108
    97
   100
    84
    58
    50
    63
    88
   102
   121
   137
   152
   161
   166
   165
   170
   175
   165
   163
   171
   179
   178
   182
   174
   167
   145
   103
    81
    95
   118
   119
   121
   132
   154
   158
   136
   113
   111
    74
    65
   100
   112
   132
   146
   132
   136
   148
   137
   148
   156
   157
   152
   157
   156
   158
   151
   147
   136
   129
   124
   117
   103
    83
    90
   116
   131
   132
   118
   111
   107
    94
    57
    23
    28
   110
   122
   135
   144
   144
   147
   147
   144
   141
   141
   147
   145
   140
   148
   155
   145
   147
   147
   140
   131
   124
   112
    91
    90
    90
    89
    91
   102
   100
    79
    68
    69
    77
    94
   114
   118
   121
   113
   116
   132
   128
    81
    51
    50
    62
    89
   105
   127
   146
   156
   160
   162
   164
   173
   173
   162
   158
   168
   174
   173
   162
   161
   161
   146
   117
    96
    97
   107
   115
   115
   132
   147
   153
   144
   109
   105
   100
    68
    72
   113
   135
   139
   132
   141
   139
   145
   155
   160
   159
   159
   160
   157
   153
   148
   144
   134
   123
   111
    93
    77
   101
   129
   133
   129
   124
   113
   111
   115
    75
    35
    35
    31
    88
   123
   124
   139
   147
   145
   146
   140
   139
   144
   148
   145
   145
   145
   147
   152
   154
   148
   135
   127
   115
   106
   103
    85
    84
    84
    81
   106
    90
    68
    59
    66
    83
   102
   112
   120
   127
   121
   122
   113
    66
    54
    48
    47
    65
    85
   110
   128
   145
   152
   158
   163
   170
   163
   159
   159
   163
   166
   172
   171
   167
   165
   161
   155
   120
    97
   106
   115
   114
   117
   120
   137
   149
   148
   125
   108
   110
    96
    75
   109
   136
   126
   127
   139
   145
   156
   168
   158
   156
   163
   160
   156
   154
   149
   137
   124
   111
    93
    87
   121
   137
   135
   134
   130
   127
   125
   127
    99
    54
    34
    29
    29
    58
   108
   125
   139
   148
   147
   139
   137
   137
   143
   136
   139
   143
   147
   143
   143
   143
   136
   134
   129
   126
   111
   105
    94
    79
    77
    82
   110
   100
    73
    61
    78
    90
    99
   116
   125
   133
   126
   125
    94
    83
    67
    56
    63
    70
    91
   112
   132
   145
   151
   156
   162
   155
   160
   162
   161
   161
   161
   167
   177
   175
   173
   168
   157
   138
   117
    96
   101
   110
   109
   113
   127
   137
   142
   135
   121
   120
   122
    95
   107
   130
   127
   129
   129
   134
   150
   158
   162
   164
   161
   160
   152
   144
   132
   123
   109
   101
   110
   126
   136
   133
   134
   127
   120
   122
   130
   127
    76
    56
    47
    53
    38
    24
   108
   129
   137
   145
   152
   150
   147
   144
   147
   141
   138
   143
   141
   146
   145
   137
   137
   133
   126
   116
   112
   104
    95
    84
    79
    84
   100
   103
    77
    63
    80
    81
    91
   116
   122
   131
   133
   118
    81
    66
    57
    60
    69
    77
    96
   114
   140
   151
   153
   156
   150
   140
   149
   160
   159
   158
   162
   163
   167
   169
   171
   166
   159
   143
   115
   111
   107
   115
   115
   114
   119
   128
   128
   127
   120
   117
   127
   121
   127
   130
   129
   130
   144
   162
   171
   175
   168
   169
   171
   163
   153
   139
   134
   120
   123
   133
   130
   129
   133
   133
   140
   136
   129
   128
   148
   113
    78
    66
    60
    81
   102
    77
   108
   123
   130
   139
   134
   145
   143
   138
   133
   129
   129
   132
   139
   144
   143
   136
   132
   126
   119
   117
   110
   102
    97
    88
    75
    79
   100
    98
    80
    63
    76
    79
   100
   124
   128
   126
   123
   104
    72
    58
    64
    62
    61
    70
    97
   121
   133
   152
   158
   159
   164
   162
   158
   158
   160
   159
   158
   161
   165
   170
   169
   167
   156
   146
   127
   112
   110
   111
   112
   114
   114
   111
   115
   115
   115
   117
   120
   141
   149
   131
   126
   137
   151
   161
   165
   168
   173
   174
   170
   162
   147
   136
   130
   134
   143
   143
   134
   135
   137
   140
   136
   134
   138
   148
   150
   107
    90
    54
    55
    83
   115
    91
    51
   127
   136
   132
   139
   144
   136
   137
   127
   121
   128
   133
   136
   144
   140
   135
   126
   123
   119
   109
   104
    93
    88
    84
    74
    79
    92
   106
    88
    73
    77
    74
   101
   124
   124
   117
   117
    95
    76
    69
    65
    55
    62
    82
   105
   123
   144
   155
   156
   162
   162
   161
   164
   162
   160
   152
   144
   154
   162
   164
   170
   169
   164
   153
   141
   130
   118
   124
   123
   120
   110
   104
   105
   105
   107
   114
   134
   172
   164
   147
   146
   152
   152
   154
   161
   172
   175
   177
   174
   154
   127
   115
   112
   100
   103
   127
   139
   125
   127
   133
   137
   134
   137
   153
   135
   102
    66
    35
    37
    66
    60
    23
    67
   125
   138
   129
   135
   139
   136
   129
   122
   120
   125
   128
   138
   134
   133
   134
   130
   125
   119
   107
    99
    87
    77
    79
    77
    84
    91
    92
    89
    72
    74
    79
   110
   127
   117
   109
   109
    77
    61
    44
    52
    61
    69
    80
   100
   132
   141
   152
   162
   163
   161
   161
   163
   157
   158
   159
   156
   155
   163
   166
   167
   170
   163
   157
   142
   125
   121
   122
   119
   118
   119
   106
    95
    97
   106
   121
   140
   157
   167
   150
   143
   143
   153
   166
   175
   171
   174
   171
   172
   149
   137
   131
   113
   120
   113
    76
    75
   115
   131
   135
   135
   136
   148
   160
   118
    82
    45
    57
   110
   122
   101
    53
    85
   129
   143
   133
   128
   133
   131
   120
   114
   111
   113
   121
   129
   139
   134
   132
   123
   118
   105
    96
    85
    80
    78
    77
    82
    90
    76
   103
    98
    90
    85
    85
   119
   123
   121
   133
   118
    87
    69
    47
    62
    74
    75
    86
   107
   120
   139
   150
   157
   155
   159
   161
   162
   162
   164
   162
   161
   163
   168
   167
   167
   169
   165
   164
   160
   155
   146
   140
   137
   138
   134
   122
   113
   110
   112
   117
   125
   130
   130
   133
   147
   159
   165
   172
   174
   180
   177
   180
   173
   170
   174
   175
   198
   206
   185
   149
    87
    83
   124
   137
   146
   146
   144
   145
   112
    72
    52
   112
   154
   150
   138
    92
    50
   116
   151
   126
   124
   124
   124
   112
   113
   110
   114
   125
   138
   139
   140
   138
   123
   112
   103
    90
    88
    75
    73
    76
    78
    87
    83
    97
   101
    92
    82
    86
   117
   116
   124
   128
   112
    85
    52
    51
    65
    78
    89
   104
   111
   127
   138
   154
   160
   161
   161
   163
   160
   156
   157
   159
   157
   158
   159
   164
   167
   171
   170
   170
   163
   158
   151
   143
   141
   142
   145
   153
   142
   127
   117
   121
   127
   136
   147
   162
   163
   161
   161
   175
   178
   182
   182
   183
   180
   181
   185
   189
   199
   194
   154
   128
    99
    81
   122
   139
   144
   150
   157
   132
   102
    71
    47
    90
   147
   149
   152
   140
    57
   109
   163
   127
   124
   115
   112
   109
    98
   106
   115
   128
   138
   140
   130
   131
   126
   111
   100
    90
    85
    74
    71
    70
    79
    95
    72
    99
    99
    98
    93
    88
   118
   113
   128
   128
   105
    77
    50
    54
    57
    67
    76
    91
   116
   142
   151
   155
   163
   160
   163
   162
   162
   154
   159
   163
   156
   154
   160
   163
   163
   164
   164
   163
   165
   163
   155
   151
   148
   146
   149
   159
   166
   164
   153
   144
   145
   155
   168
   171
   175
   167
   172
   182
   186
   186
   190
   191
   191
   189
   183
   189
   196
   165
   115
    80
    88
    91
   124
   140
   142
   151
   153
   129
   104
    64
    38
    55
    88
    89
    69
    49
    80
   114
   154
   124
   105
    90
   103
   101
   101
   106
   118
   128
   131
   134
   137
   135
   124
   112
    98
    88
    81
    76
    74
    72
    75
   101
    65
    90
   104
   106
   107
    99
   112
   114
   136
   124
    95
    70
    53
    54
    74
    82
    91
   101
   117
   129
   152
   160
   165
   168
   164
   168
   165
   165
   162
   165
   163
   162
   164
   165
   164
   166
   168
   168
   166
   159
   160
   158
   155
   154
   155
   172
   179
   181
   185
   193
   179
   180
   185
   193
   189
   186
   190
   190
   196
   196
   198
   199
   194
   184
   184
   188
   186
   149
    52
    23
    74
   100
   126
   138
   147
   151
   141
   113
    91
    67
    53
   106
   164
   164
   150
   159
    63
    83
   136
   132
   103
    90
    95
   105
   106
   106
   121
   129
   127
   131
   132
   128
   116
   108
    94
    93
    78
    77
    72
    73
    77
   108
    61
    63
    86
    97
    95
   109
   113
   128
   130
   109
    90
    68
    49
    48
    69
    74
    84
    92
   112
   132
   148
   153
   160
   161
   160
   162
   163
   165
   163
   164
   162
   160
   160
   154
   157
   165
   165
   161
   164
   166
   163
   163
   163
   165
   162
   160
   168
   185
   185
   187
   192
   193
   193
   194
   199
   199
   199
   200
   201
   199
   197
   196
   189
   184
   185
   193
   188
   136
    42
    36
    64
   102
   137
   149
   145
   157
   156
   122
    90
    54
    63
   149
   172
   163
   154
   159
    88
    86
   121
   123
    99
    95
    96
   101
   108
   109
   123
   135
   138
   131
   135
   128
   119
   103
    97
    89
    86
    76
    64
    68
    78
   115
    53
    75
    95
   109
   107
   114
   118
   123
   115
   107
    86
    65
    50
    51
    74
    82
    87
    93
   104
   125
   145
   157
   161
   162
   167
   167
   169
   164
   163
   162
   162
   162
   164
   167
   165
   164
   165
   167
   170
   177
   175
   170
   163
   154
   156
   156
   160
   174
   183
   187
   184
   189
   194
   193
   189
   194
   199
   199
   195
   197
   196
   193
   188
   186
   190
   193
   173
   131
    45
    41
    74
   104
   131
   144
   149
   157
   143
   111
   102
    81
    58
   123
   165
   150
   143
   145
    84
    88
   118
   118
   106
   100
    94
   103
   105
   111
   120
   131
   130
   130
   125
   124
   115
   108
   100
    90
    88
    78
    70
    77
    92
   123
    65
    67
    83
    99
   107
   113
   112
   117
   113
    96
    78
    67
    55
    55
    70
    84
    98
   101
   110
   127
   142
   156
   162
   161
   164
   169
   166
   167
   165
   165
   166
   164
   162
   161
   167
   174
   171
   171
   167
   163
   162
   159
   157
   157
   156
   158
   164
   168
   174
   178
   187
   191
   193
   193
   193
   196
   195
   193
   193
   193
   192
   188
   186
   186
   194
   190
   156
   123
    58
    62
    85
   104
   108
   121
   144
   150
   140
   111
    94
    89
    60
    83
   158
   160
   147
   151
    93
    58
   115
   129
   104
   101
    96
    98
   110
   115
   123
   133
   133
   132
   125
   126
   122
   114
   105
    96
    91
    84
    81
    92
    76
    25
    59
    84
    84
    87
   112
   123
   111
   121
   113
    99
    77
    77
    67
    62
    75
    80
    96
   107
   112
   126
   138
   145
   156
   162
   169
   163
   165
   166
   166
   170
   168
   165
   162
   162
   164
   164
   168
   165
   166
   162
   159
   160
   160
   160
   164
   164
   162
   168
   170
   175
   176
   183
   183
   184
   189
   195
   193
   195
   192
   192
   191
   187
   185
   182
   197
   187
   139
   128
    68
    64
    77
    81
    90
   121
   144
   150
   143
   111
    97
    87
    54
    52
    89
   119
   135
    94
    57
    99
   113
   135
   122
   113
   107
    98
   103
   120
   131
   139
   127
   129
   135
   133
   124
   116
   109
    95
    95
    90
    87
    89
    61
    22
    62
    58
    94
    84
    91
   125
   118
   128
   114
    90
    69
    62
    65
    70
    79
    92
    97
   102
   110
   121
   140
   146
   159
   164
   163
   165
   166
   165
   165
   166
   169
   164
   162
   162
   166
   167
   165
   168
   169
   170
   170
   154
   154
   163
   169
   173
   172
   172
   176
   177
   172
   163
   161
   157
   177
   188
   199
   195
   191
   183
   182
   182
   184
   186
   186
   172
   146
   140
    96
    74
   113
    87
    65
    65
    97
   140
   147
   124
    99
   103
    72
   102
   160
   158
   153
   159
    90
   105
   123
   134
   116
   111
   106
   109
   122
   128
   137
   143
   138
   133
   127
   131
   127
   121
   113
   103
    88
    89
    94
    93
    39
    33
    53
    60
    62
    91
   108
   112
   110
   121
   119
   113
    86
    67
    63
    71
    78
    86
    96
   102
   105
   114
   135
   146
   157
   160
   161
   160
   158
   161
   163
   166
   159
   160
   167
   167
   169
   171
   172
   170
   170
   172
   171
   173
   167
   162
   164
   170
   176
   177
   178
   182
   171
   163
   154
   156
   171
   183
   189
   186
   179
   185
   184
   181
   181
   176
   172
   160
   138
   129
   131
   127
   146
   104
    72
    78
    83
   108
   146
   139
   114
   110
    83
   134
   203
   226
   239
   209
   107
    77
   108
   135
   114
   105
   103
   107
   113
   126
   141
   146
   147
   141
   142
   148
   135
   126
   120
   110
   116
   117
   106
    71
    28
    25
    37
    56
    61
    63
    87
   116
   118
   117
   106
   109
    91
    82
    77
    77
    78
    85
    96
   102
   104
   112
   127
   144
   149
   154
   159
   161
   161
   164
   164
   159
   158
   159
   163
   165
   166
   167
   164
   164
   161
   162
   159
   158
   164
   168
   167
   164
   161
   156
   134
   125
   145
   164
   170
   150
   152
   161
   178
   187
   185
   186
   182
   178
   178
   178
   176
   157
   134
   129
   120
   127
   124
   106
    98
   112
   113
   115
   141
   134
   130
   120
   107
   122
   133
   142
   133
   116
    56
    83
   126
   156
   130
   113
   114
   117
   119
   131
   137
   152
   147
   146
   147
   150
   147
   137
   116
   113
   104
    99
   106
    66
    23
    26
    46
    50
    50
    67
    83
    97
   123
   126
   117
    96
    80
    87
    77
    73
    76
    88
   101
   106
   109
   111
   126
   134
   150
   158
   158
   159
   159
   162
   158
   160
   162
   163
   160
   161
   163
   166
   169
   170
   170
   168
   171
   170
   167
   163
   147
   140
   129
   103
    97
   110
   118
   127
   129
   156
   158
   153
   159
   174
   183
   184
   181
   188
   207
   210
   183
   152
   132
   122
    96
    82
    81
    99
   119
   122
   118
   112
   136
   137
   125
    98
    81
   106
   132
   164
   180
   128
    15
    83
   129
   163
   141
   114
   122
   121
   131
   134
   140
   148
   149
   134
   133
   136
   141
   128
   119
   105
   106
   121
    81
    28
    35
    22
    37
    51
    66
    56
    81
    94
   114
   138
   115
   106
    85
    81
    67
    83
    79
    90
    99
   100
   108
   107
   118
   136
   151
   152
   153
   161
   158
   160
   158
   159
   161
   161
   160
   165
   166
   167
   165
   169
   168
   172
   172
   170
   159
   143
   136
   135
   133
   140
   136
   111
   117
    73
    62
   128
   145
   156
   164
   166
   177
   178
   192
   188
   191
   179
   159
   142
   129
   106
    84
    71
    85
   121
   123
   122
   116
   108
   122
   147
   128
    90
    79
    74
   168
   213
   171
    78
    73
   111
   137
   129
   130
   115
   119
   129
   138
   143
   142
   149
   149
   147
   149
   135
   131
   122
   119
   114
   130
    93
    24
    23
    36
    33
    63
    45
    54
    76
    71
    77
   100
   129
   132
   110
   107
    88
    82
    88
    88
    91
    89
    93
   103
   111
   116
   123
   136
   153
   160
   160
   160
   160
   162
   166
   164
   163
   168
   166
   167
   168
   169
   170
   175
   174
   179
   159
   133
   117
   130
   136
   149
   158
   133
   119
    92
    35
    66
   119
   140
   146
   153
   158
   162
   165
   170
   161
   154
   149
   141
   132
   124
   110
    91
    91
   117
   128
   132
   128
   119
   109
   106
   120
   124
    94
    51
    51
    44
    32
    12
    47
   122
   127
   119
   117
   113
   130
   138
   137
   138
   138
   141
   147
   154
   151
   143
   135
   129
   125
   129
   132
    76
    16
    28
    24
    20
    31
    46
    58
    74
    82
    74
    67
    96
   128
   138
   121
   108
    91
    89
    81
    89
    99
    86
    87
    96
   107
   112
   124
   134
   146
   155
   156
   149
   160
   160
   158
   156
   158
   158
   159
   168
   170
   175
   184
   188
   182
   163
   138
   119
   126
   137
   151
   171
   159
   133
   114
    63
    80
    95
   132
   140
   140
   151
   162
   160
   157
   157
   165
   165
   159
   158
   146
   127
   122
   107
   105
   108
    97
   109
   126
   122
   117
   109
   115
   123
   102
    84
    66
    38
    13
    39
   115
   136
   132
   130
   134
   141
   141
   139
   139
   142
   139
   142
   139
   139
   131
   134
   132
   130
   133
   124
    51
    15
    22
    25
    30
    30
    26
    40
    41
    60
    85
   107
   114
   115
   131
   134
   118
    89
    77
    71
    71
    92
    97
    82
    78
    66
    90
   106
   118
   131
   143
   150
   153
   156
   167
   164
   162
   162
   164
   158
   163
   168
   178
   180
   182
   180
   170
   139
   116
   103
   123
   145
   160
   175
   144
   131
   118
   111
    47
    63
   118
   139
   143
   147
   160
   164
   163
   155
   155
   164
   172
   181
   187
   169
   126
   115
   118
    84
    61
    60
    93
   127
   138
   128
   125
   125
   113
    91
    88
    74
    44
    82
   140
   150
   153
   155
   157
   154
   147
   147
   147
   142
   145
   140
   142
   140
   133
   129
   127
   131
   114
    40
    13
    26
    29
    26
    28
    27
    29
    41
    41
    48
    57
    83
    98
    92
   113
   123
   138
   102
    81
    81
    84
   104
    97
    86
    67
    71
    71
    94
   107
   125
   134
   148
   153
   156
   157
   160
   160
   161
   161
   158
   164
   174
   175
   179
   183
   180
   147
   117
    97
   107
   132
   148
   162
   169
   131
   117
    71
    53
    29
    55
   113
   146
   156
   143
   159
   166
   170
   175
   164
   150
   145
   156
   173
   155
   129
   128
   118
   105
    98
    92
    90
   109
   138
   150
   144
   141
   145
   133
   119
    97
   101
   126
   141
   144
   148
   150
   151
   150
   151
   151
   149
   149
   148
   148
   145
   138
   135
   130
   131
   112
    35
    19
    26
    25
    29
    30
    26
    25
    29
    34
    48
    51
    63
    63
    72
   103
   106
   120
   130
   132
   102
    87
    97
   108
   104
    91
    80
    65
    64
    66
    93
   112
   128
   139
   146
   146
   156
   159
   159
   162
   159
   164
   169
   173
   176
   177
   182
   180
   144
   111
    97
   120
   138
   165
   170
   168
   138
   110
    61
    63
    78
    70
    88
   135
   164
   144
   154
   172
   169
   165
   168
   169
   169
   161
   154
   154
   152
   141
   127
   119
   109
   104
    96
    93
   101
   129
   156
   162
   154
   150
   141
   143
   145
   139
   131
   124
   131
   134
   145
   149
   144
   144
   147
   147
   144
   136
   136
   130
   131
   134
   120
    38
    22
    28
    31
    25
    24
    25
    25
    33
    29
    41
    35
    41
    44
    60
    72
    79
    92
    94
   108
   114
   116
   105
   104
   106
   111
   104
    89
    78
    72
    63
    67
    87
   114
   126
   141
   148
   155
   158
   151
   157
   162
   161
   165
   164
   164
   170
   180
   169
   134
   105
   110
   126
   138
   156
   174
   172
   156
   119
    66
    44
    99
    92
   105
   139
   172
   165
   148
   169
   167
   166
   167
   166
   162
   169
   176
   171
   160
   148
   141
   129
   121
   113
   107
   101
    95
    92
   107
   125
   132
   135
   137
   137
   130
   130
   137
   143
   144
   143
   145
   141
   139
   140
   139
   133
   138
   141
   142
   145
   145
   110
    34
    30
    29
    31
    26
    27
    29
    29
    28
    24
    26
    34
    39
    39
    55
    59
    52
    38
    35
    45
    93
    95
   114
   118
   106
   103
   108
   103
    96
    77
    80
    72
    72
    81
    87
   109
   128
   136
   138
   143
   144
   155
   160
   160
   166
   166
   166
   168
   174
   160
   129
   105
   117
   135
   146
   152
   172
   175
   174
   135
    99
   121
   203
   196
   154
   152
   180
   181
   157
   166
   177
   177
   171
   163
   163
   168
   170
   175
   174
   165
   150
   139
   129
   124
   116
   107
   101
    92
    92
   104
   125
   137
   144
   145
   149
   150
   152
   152
   147
   147
   145
   143
   140
   141
   140
   142
   140
   145
   149
   141
    77
    24
    26
    33
    32
    31
    32
    31
    28
    28
    25
    30
    21
    39
    39
    49
    57
    44
    32
    36
    41
    43
    60
   100
   109
   111
    98
   102
   109
   104
   100
    96
    85
    83
    75
    73
    83
    97
   110
   128
   134
   138
   147
   145
   152
   156
   162
   163
   160
   164
   166
   139
   108
    94
   131
   154
   155
   162
   167
   182
   182
   146
    91
   113
   205
   199
   148
   136
   162
   178
   177
   165
   175
   179
   172
   172
   163
   157
   165
   171
   172
   168
   162
   148
   140
   133
   122
   116
   111
   105
   108
   106
   111
   135
   146
   152
   155
   156
   147
   145
   146
   146
   147
   151
   149
   145
   147
   150
   150
   141
   108
    43
    22
    26
    26
    31
    30
    32
    27
    26
    26
    28
    29
    28
    32
    40
    36
    36
    30
    37
    37
    38
    36
    31
    28
    66
    62
    58
    85
   102
   106
   107
    99
    90
    95
   102
   116
   118
    98
    87
    97
   101
   121
   129
   138
   141
   142
   150
   153
   159
   162
   161
   154
   135
   110
   118
   157
   169
   156
   154
   170
   174
   170
   162
   111
    61
    83
   122
   117
   145
   169
   180
   179
   164
   172
   172
   172
   166
   165
   166
   166
   169
   171
   179
   178
   176
   161
   148
   141
   132
   123
   122
   117
   122
   127
   131
   138
   146
   146
   148
   142
   140
   140
   140
   143
   145
   151
   158
   148
   131
   101
    37
     7
    27
    25
    29
    29
    31
    31
    33
    35
    32
    32
    31
    28
    26
    28
    37
    36
    39
    40
    35
    37
    32
    35
    43
    44
    46
    74
    75
    82
    97
    95
    95
   107
    98
    97
   106
    96
    98
   106
   112
   111
   108
    96
   106
   116
   123
   138
   136
   138
   134
   145
   153
   151
   134
   114
   134
   177
   189
   188
   175
   156
   170
   178
   190
   151
   102
    44
    26
    94
   153
   179
   176
   166
   168
   163
   165
   169
   170
   169
   166
   164
   172
   173
   177
   189
   187
   173
   161
   146
   139
   131
   128
   130
   129
   140
   147
   149
   143
   140
   135
   138
   138
   149
   155
   163
   152
   132
    89
    73
    54
    18
    30
    48
    47
    44
    45
    40
    36
    31
    30
    27
    28
    30
    30
    30
    31
    29
    36
    35
    35
    41
    39
    34
    37
    33
    33
    37
    66
    83
    64
    70
    93
    80
    72
   104
   109
    96
    84
    91
   101
   109
   109
   112
   123
   133
   126
   116
   114
   109
   119
   131
   136
   135
   130
   131
   126
   117
   134
   161
   188
   183
   179
   168
   173
   170
   166
   176
   144
   108
    84
    78
   118
   136
   148
   156
   167
   159
   169
   174
   167
   166
   167
   170
   168
   167
   172
   181
   185
   176
   166
   153
   143
   135
   131
   128
   132
   139
   139
   138
   140
   145
   155
   155
   154
   145
   117
    82
    52
    40
    60
    73
    49
    57
    57
    42
    28
    33
    39
    33
    31
    29
    31
    31
    30
    28
    30
    33
    33
    32
    34
    33
    34
    37
    41
    43
    46
    49
    58
    70
    60
    44
    45
    67
    80
    74
    74
    76
   104
   105
    93
    90
   109
   106
   108
   109
   111
   111
   114
   131
   136
   137
   123
   122
   125
   132
   134
   122
   122
   122
   123
   131
   155
   165
   167
   164
   163
   156
   146
   144
   151
   143
   135
   121
   128
   130
   143
   155
   166
   170
   175
   177
   174
   169
   165
   164
   164
   165
   170
   173
   170
   164
   159
   149
   142
   141
   138
   138
   138
   138
   139
   141
   140
   138
   126
   106
    89
    65
    57
    54
    65
    83
    85
    57
    53
    40
    25
    24
    38
    42
    33
    29
    31
    28
    31
    34
    30
    30
    28
    30
    31
    31
    36
    41
    36
    34
    32
    32
    37
    39
    48
    50
    42
    47
    52
    67
    73
    60
    60
    56
    67
   101
   107
   112
   109
   113
   109
    95
    87
    84
   106
   122
   133
   145
   155
   153
   142
   134
   143
   151
   142
   131
   116
   109
   120
   135
   143
   144
   140
   141
   137
   134
   129
   116
    97
    82
    70
    71
    71
    85
   102
   130
   149
   153
   162
   164
   164
   157
   157
   154
   151
   150
   151
   156
   153
   146
   143
   137
   136
   135
   129
   124
   111
    99
    92
    81
    72
    76
    79
    82
    79
    88
    97
    82
    43
    30
    28
    26
    31
    47
    41
    31
    30
    31
    31
    30
    28
    34
    33
    33
    33
    32
    34
    31
    35
    32
    34
    34
    36
    38
    33
    35
    35
    38
    39
    33
    40
    65
    71
    49
    50
    50
    53
    39
    95
    90
    86
    89
   107
   117
   121
   127
   107
    81
    97
   122
   131
   147
   152
   149
   144
   134
   128
   141
   146
   146
   136
   122
   118
   114
   105
   109
   119
   123
   124
   120
   113
   115
   120
   118
   100
    94
    99
   107
   120
   140
   157
   160
   157
   154
   152
   151
   144
   141
   141
   129
   129
   131
   129
   126
   123
   114
   112
   118
   118
   115
   112
    96
    85
    75
    80
    98
   112
    93
    58
    36
    27
    28
    38
    52
    58
    40
    29
    29
    30
    33
    30
    30
    28
    27
    30
    32
    31
    35
    36
    37
    32
    32
    33
    34
    31
    32
    36
    37
    39
    39
    34
    41
    37
    64
    53
    45
    54
    55
    57
    61
    41
    75
    90
    93
   102
   122
   132
   107
    92
    91
    84
    62
    78
    86
   116
   123
   106
   117
   145
   152
   150
   162
   176
   174
   161
   164
   155
   150
   115
    92
   100
   105
   115
   111
   113
   110
   120
   116
   108
   120
   127
   132
   144
   144
   148
   166
   177
   170
   169
   166
   149
   151
   143
   144
   130
   117
   119
   114
   109
   116
   107
    92
    87
    91
   111
   116
   106
    77
    46
    34
    29
    39
    53
    63
    62
    47
    35
    30
    36
    33
    30
    31
    34
    32
    35
    34
    36
    32
    34
    31
    36
    31
    32
    34
    34
    32
    34
    36
    38
    35
    39
    37
    39
    32
    37
    57
    45
    47
    51
    40
    53
    64
    59
    48
    73
    84
    67
    54
    54
    94
   104
    98
    88
    94
    91
   105
   109
   120
   131
   106
    85
   102
   138
   158
   154
   143
   143
   147
   131
   129
   124
   121
   111
   113
   117
   121
   109
   108
    98
    89
    95
    81
    78
    71
    63
    73
    96
   105
    97
   108
   113
   127
   150
   168
   178
   179
   163
   158
   157
   162
   165
   153
   141
   135
   132
   116
    99
    78
    63
    70
    76
    73
    81
    72
    61
    41
    36
    33
    33
    34
    34
    34
    33
    35
    37
    38
    38
    34
    37
    39
    36
    39
    34
    36
    33
    29
    34
    37
    33
    34
    34
    31
    41
    39
    40
    38
    50
    56
    53
    54
    52
    52
    37
    46
    63
    55
    49
    63
    76
    80
    75
    80
   102
   113
   107
    91
    84
    68
    67
    77
   100
   135
   141
   118
    81
    72
    87
   105
   112
   109
   117
   113
   114
    99
    83
    71
    68
    85
    96
    80
    78
    84
    83
    88
    87
    93
    93
    90
    64
    64
    74
    62
    61
    57
    64
    78
   104
   122
   148
   151
   144
   135
   129
   128
   129
   125
   122
   122
   115
   113
   105
    92
    73
    58
    41
    35
    30
    33
    32
    34
    35
    37
    37
    33
    33
    35
    37
    37
    38
    40
    37
    39
    39
    34
    38
    36
    34
    36
    32
    35
    36
    38
    36
    40
    38
    34
    33
    37
    58
    72
    72
    58
    52
    38
    46
    39
    46
    55
    44
    50
    64
    64
    83
    62
    55
    55
    63
    74
    71
    74
    76
    71
    65
    73
    94
   115
   123
   132
   113
    88
    83
   103
   119
    96
    81
    82
    89
    96
    91
    79
    62
    66
    64
    58
    47
    44
    49
    42
    46
    52
    78
    83
    75
    95
    82
    55
    39
    36
    26
    26
    32
    49
    77
    74
    77
    64
    73
    68
    57
    50
    48
    33
    29
    30
    32
    37
    36
    38
    39
    42
    41
    39
    37
    38
    39
    40
    41
    39
    44
    41
    40
    39
    38
    37
    38
    43
    39
    41
    35
    33
    36
    35
    36
    35
    34
    32
    37
    39
    37
    36
    39
    48
    35
    41
    36
    45
    40
    51
    41
    50
    49
    48
    57
    62
    48
    47
    38
    46
    44
    58
    69
    71
    54
    59
    66
    58
    58
    70
    85
    72
   102
   136
   133
   107
    79
    83
    84
    74
    60
    42
    34
    34
    46
    40
    49
    46
    43
    42
    40
    38
    37
    36
    33
    52
    49
    44
    57
    79
    88
    88
    79
    63
    47
    29
    30
    31
    26
    26
    25
    24
    32
    35
    34
    42
    49
    38
    40
    39
    42
    39
    40
    37
    40
    37
    39
    37
    37
    47
    48
    45
    41
    40
    40
    40
    41
    38
    37
    36
    36
    33
    31
    35
    35
    32
    32
    32
    33
    33
    32
    39
    43
    37
    49
    54
    42
    38
    36
    36
    36
    39
    45
    41
    53
    49
    45
    52
    51
    48
    57
    56
    58
    54
    46
    44
    59
    59
    55
    54
    56
    49
    46
    55
    48
    48
    92
   131
   135
    91
    64
    57
    46
    54
    58
    56
    59
    55
    54
    68
    51
    42
    42
    42
    45
    49
    46
    39
    42
    39
    40
    37
    39
    40
    50
    57
    71
    73
    56
    55
    71
    59
    48
    40
    38
    39
    38
    41
    43
    47
    38
    39
    36
    36
    34
    41
    39
    43
    48
    48
    48
    44
    40
    39
    44
    43
    41
    38
    41
    41
    40
    44
    41
    41
    34
    32
    34
    34
    35
    36
    35
    34
    33
    33
    37
    40
    45
    46
    45
    37
    33
    38
    36
    37
    36
    42
    40
    46
    46
    45
    55
    54
    62
    54
    47
    42
    39
    49
    47
    45
    44
    46
    46
    48
    48
    53
    47
    41
    30
    34
    47
    78
   101
    89
    80
    63
    50
    49
    51
    62
    55
    61
    62
    61
    53
    51
    54
    48
    46
    47
    47
    45
    45
    45
    44
    45
    45
    40
    40
    40
    50
    50
    63
    79
    70
    71
    65
    62
    61
    54
    49
    52
    56
    51
    53
    55
    58
    61
    56
    53
    40
    37
    43
    39
    40
    37
    38
    35
    38
    39
    38
    39
    40
    38
    39
    38
    31
    34
    34
    36
    36
    32
    31
    30
    33
    33
    30
    36
    50
    65
    41
    31
    34
    38
    36
    30
    36
    34
    36
    35
    36
    38
    42
    42
    44
    47
    41
    37
    38
    33
    39
    44
    45
    40
    38
    37
    39
    41
    42
    43
    42
    36
    35
    39
    56
    64
    57
    64
    62
    76
    68
    52
    56
    52
    60
    50
    49
    45
    44
    44
    43
    42
    44
    45
    44
    44
    42
    45
    41
    40
    38
    40
    42
    44
    37
    36
    39
    44
    46
    38
    44
    47
    47
    48
    52
    51
    48
    50
    48
    42
    42
    40
    39
    43
    41
    40
    41
    40
    40
    37
    40
    41
    38
    37
    36
    39
    39
    39
    34
    34
    33
    28
    28
    35
    37
    34
    36
    37
    41
    47
    58
    45
    38
    40
    33
    38
    35
    39
    38
    38
    37
    35
    36
    36
    39
    42
    42
    36
    40
    45
    47
    49
    47
    46
    47
    50
    42
    37
    37
    40
    39
    40
    43
    46
    42
    43
    37
    47
    55
    42
    41
    31
    37
    39
    44
    49
    53
    46
    45
    40
    42
    44
    40
    43
    41
    40
    45
    44
    43
    46
    43
    43
    48
    47
    43
    38
    41
    41
    46
    44
    42
    44
    43
    45
    43
    43
    42
    45
    40
    39
    36
    40
    40
    39
    41
    46
    44
    40
    42
    44
    39
    41
    39
    34
    39
    40
    36
    38
    35
    37
