    33
    38
    36
    34
    37
    35
    44
    37
    38
    40
    39
    33
    43
    38
    37
    42
    47
    45
    43
    43
    39
    37
    40
    57
    67
   104
   113
    74
    61
   120
   132
   104
   107
   114
   131
   142
   114
    76
    81
   100
   118
   125
   126
   116
   108
    98
    88
   106
   129
   134
   128
   120
   122
   119
   103
   101
   115
   134
   150
   159
   143
   141
   151
   121
   102
   105
   108
   162
   159
   126
   110
   137
   171
   185
   182
   147
   124
   118
    69
    30
   114
   169
   119
    94
   106
   116
   116
    69
    61
    52
    40
    37
    41
    36
    37
    37
    39
    35
    32
    33
    34
    34
    38
    33
    32
    36
    38
    35
    38
    37
    34
    34
    39
    33
    37
    40
    35
    34
    35
    35
    37
    39
    44
    39
    34
    38
    41
    38
    37
    37
    52
    45
    39
    38
    51
    83
   112
   102
    79
   103
   138
   119
   101
   108
   132
   147
   138
   119
   104
   110
   109
   110
   121
   117
    93
    83
    83
    91
   112
   121
   123
   117
   117
   115
   105
   104
   115
   135
   149
   141
   110
    78
    98
   140
   103
    70
    82
   123
   168
   159
   126
   112
   117
   101
   109
   126
   141
   170
   179
   154
   137
   113
    52
    44
   108
   138
   115
    94
   108
   111
    70
    43
    36
    36
    34
    37
    35
    34
    35
    37
    38
    34
    38
    34
    36
    36
    39
    34
    33
    28
    32
    34
    32
    34
    38
    37
    37
    40
    40
    41
    42
    37
    37
    37
    34
    38
    38
    37
    37
    38
    40
    43
    48
    37
    44
    64
   100
   111
    98
    99
   131
   145
   110
    99
   105
   123
   147
   145
   117
    97
   104
   100
    98
   120
   116
    81
    82
    85
   107
   119
   109
    96
   100
   103
    84
    82
   111
   135
   150
   141
   104
    40
    15
    78
   137
    59
    25
    87
   162
   177
   105
    81
    92
   109
   122
   136
   122
   115
   105
   109
   127
   166
   163
   136
   127
    88
    51
    82
   124
   131
    92
    92
    78
    66
    35
    36
    38
    38
    37
    32
    36
    35
    35
    37
    36
    35
    37
    35
    30
    34
    35
    38
    38
    35
    35
    34
    36
    36
    39
    31
    35
    36
    32
    36
    37
    38
    39
    36
    37
    40
    43
    42
    44
    38
    37
    63
    69
    96
   100
    87
   136
   164
   144
    92
    87
   102
   115
   147
   139
   105
    85
    86
    80
    90
   125
   107
    86
    86
   100
   116
   107
    79
    82
   104
    88
    63
    90
   129
   144
   138
    79
    44
    23
    18
   124
   180
    92
    42
    93
   133
    92
    34
     7
    13
    23
    31
    57
    75
    97
   121
   138
   129
   115
   115
   152
   176
   151
   119
    86
    66
    82
   102
   136
    86
    87
    36
    57
    37
    36
    38
    34
    36
    33
    32
    37
    36
    35
    35
    37
    39
    39
    38
    35
    33
    38
    36
    37
    35
    36
    37
    36
    41
    37
    39
    37
    37
    38
    41
    40
    41
    38
    38
    36
    39
    39
    40
    64
    64
   111
   126
   106
   130
   131
   116
    91
   101
   109
   135
   154
   126
    99
    95
    99
    89
   106
   128
   121
   105
    93
   115
   118
    99
    76
   100
   117
    97
    97
   124
   150
   147
   102
    78
    81
    69
    68
   139
   152
    97
    64
   116
   128
    73
    33
    31
    38
    32
    25
    18
    10
    25
    44
    30
    38
    79
   126
   131
   114
   127
   166
   161
   123
    72
    55
    73
    91
   134
    86
    53
    36
    55
    40
    37
    38
    38
    35
    40
    40
    37
    38
    37
    36
    32
    34
    36
    38
    36
    34
    33
    27
    31
    37
    33
    36
    36
    41
    38
    41
    38
    34
    34
    33
    36
    41
    38
    38
    38
    35
    45
    77
   116
   123
   124
   144
   131
   123
    99
   106
   122
   142
   147
   131
   102
    97
    82
    72
   107
   129
   112
   106
   106
   124
   117
    87
    71
   105
   124
   108
   119
   133
   149
   125
   104
    81
    91
   111
   116
   147
   163
   139
   107
   131
   119
    67
    42
    54
    67
    70
    67
    67
    63
    52
    34
    43
    56
    50
    29
    24
    67
   118
   118
   115
   147
   166
   142
    84
    69
    85
    97
   114
    85
    33
    28
    40
    35
    36
    37
    33
    34
    32
    35
    33
    31
    32
    34
    36
    35
    39
    32
    32
    34
    37
    37
    33
    41
    39
    35
    33
    38
    37
    37
    40
    36
    38
    41
    40
    37
    42
    34
    46
    92
   125
   131
   136
   149
   131
   130
    79
    94
   124
   147
   142
   113
    85
    95
    83
    96
   135
   128
   109
   124
   128
   116
    92
    81
    85
   121
   126
   114
   124
   146
   158
   140
   117
    91
   104
   127
   125
   153
   154
   136
   114
   105
   102
    56
    48
    60
    81
    72
    65
    69
    61
    63
    74
    65
    28
    52
    68
    83
    67
    17
    21
    83
   110
   118
   140
   165
   149
    90
    70
    75
    75
    91
    65
    55
    41
    35
    37
    33
    38
    34
    35
    36
    39
    39
    37
    35
    39
    39
    32
    38
    37
    38
    33
    32
    38
    34
    38
    37
    42
    39
    33
    41
    37
    38
    38
    35
    35
    38
    31
    53
   102
   117
   155
   163
   144
   121
   116
    76
   106
   142
   147
   144
   122
   110
   110
    94
   120
   140
   117
    96
   132
   135
   111
    94
    84
    99
   137
   130
   122
   145
   171
   182
   149
   132
   146
   158
   140
   141
   149
   141
   133
   113
   101
    61
    21
    34
    47
    35
     8
     6
    14
    25
    57
    58
    53
    76
    74
    46
    58
    63
    75
    73
    24
     7
    57
    96
   103
   123
   152
   150
   114
    92
    53
    63
    59
    44
    51
    48
    37
    38
    36
    38
    37
    36
    34
    35
    36
    35
    34
    34
    35
    33
    32
    31
    34
    37
    36
    37
    36
    37
    33
    37
    39
    30
    37
    39
    40
    37
    38
    27
    58
    94
   108
   121
   142
   135
   125
   112
    95
   122
   146
   111
   106
   109
   130
   101
   103
   147
   140
   123
   134
   148
   132
    98
    90
    94
   114
   137
   130
   127
   142
   170
   164
   134
   141
   146
   159
   162
   173
   171
   167
   140
   122
   124
   100
    98
    98
    70
    63
    78
   147
   162
   140
    75
    26
    33
    78
   134
   165
   114
    87
    90
    93
    94
    90
    36
     8
    35
    90
   102
   123
   139
   125
   127
    97
    66
    65
    45
    33
    31
    34
    30
    37
    36
    37
    34
    37
    34
    33
    39
    33
    33
    36
    30
    34
    32
    35
    32
    41
    37
    38
    40
    36
    41
    37
    41
    39
    40
    42
    36
    21
    64
    98
   110
   130
   165
   143
   111
   111
   108
   126
   135
   119
   125
   135
   135
    88
   116
   154
   135
   139
   149
   141
   124
   115
   101
    98
   119
   135
   126
   128
   148
   174
   179
   177
   185
   181
   174
   175
   179
   168
   177
   170
   177
   189
   201
   211
   209
   210
   193
   174
   170
   178
   177
   191
   190
   145
    51
    26
    99
   158
   139
   115
   109
   114
   113
   115
   108
    51
    15
    31
    90
   101
   120
   131
   112
    97
    55
    69
    56
    38
    33
    35
    39
    34
    33
    33
    40
    36
    34
    33
    31
    35
    38
    35
    37
    38
    36
    33
    33
    35
    41
    36
    35
    39
    35
    34
    51
    44
    43
    30
    24
    93
   101
   109
   126
   154
   145
   111
   105
   107
   103
   119
   127
   137
   138
   123
    83
   129
   152
   135
   166
   156
   122
   108
   110
   117
   109
   119
   129
   124
   140
   164
   184
   193
   190
   193
   196
   200
   200
   205
   201
   200
   200
   202
   201
   204
   199
   196
   195
   195
   199
   203
   196
   194
   189
   171
   172
   189
   191
   127
    99
   168
   149
   134
   119
   133
   138
   146
   143
   108
    23
    28
    50
    79
   105
   110
   125
   120
    68
    43
    49
    45
    40
    35
    39
    37
    38
    34
    36
    36
    38
    35
    31
    35
    31
    32
    32
    29
    31
    35
    36
    39
    34
    38
    38
    37
    39
    47
    40
    39
    29
    39
    99
    99
   104
   131
   170
   154
   119
    96
   102
    93
   139
   159
   160
   147
   112
    89
   143
   157
   154
   175
   127
   108
   111
   124
   129
   127
   130
   154
   172
   189
   198
   202
   201
   201
   202
   202
   201
   197
   200
   199
   201
   200
   197
   199
   199
   196
   192
   188
   190
   190
   187
   186
   186
   187
   186
   188
   183
   169
   170
   177
   163
   133
   118
   123
   124
   126
   141
   154
   163
   145
    63
    18
    18
    55
    86
   117
   119
   116
    77
    51
    37
    37
    39
    39
    32
    33
    36
    40
    32
    33
    32
    31
    37
    36
    34
    37
    38
    37
    39
    35
    29
    40
    41
    41
    39
    39
    40
    48
    42
    37
    42
    91
   112
   117
   148
   167
   160
   123
    94
   108
   106
   148
   174
   170
   140
   101
   102
   146
   168
   173
   152
    89
   101
   119
   142
   160
   165
   177
   191
   196
   200
   202
   200
   201
   200
   198
   198
   196
   194
   196
   194
   195
   195
   196
   198
   197
   195
   193
   196
   194
   193
   192
   191
   190
   190
   185
   183
   183
   183
   187
   182
   182
   176
   173
   169
   169
   160
   153
   157
   166
   165
   122
    37
    21
    36
    35
    61
    96
   108
   107
   109
    48
    37
    33
    34
    35
    39
    34
    34
    34
    35
    34
    34
    33
    32
    33
    33
    32
    32
    33
    31
    36
    37
    37
    34
    33
    34
    39
    35
    41
    39
    47
    75
   110
   124
   144
   152
   157
   121
    90
   115
   111
   148
   159
   169
   146
   118
   117
   147
   170
   175
   117
    86
   116
   138
   152
   170
   180
   191
   197
   201
   203
   204
   203
   202
   198
   196
   198
   194
   194
   190
   186
   184
   186
   191
   194
   195
   196
   195
   197
   197
   198
   198
   196
   193
   193
   190
   188
   187
   180
   182
   179
   180
   180
   185
   186
   184
   180
   179
   178
   170
   169
   143
    80
    21
     8
    12
    32
    49
    81
   106
   119
    83
    78
    44
    39
    34
    33
    40
    36
    36
    35
    35
    36
    35
    39
    39
    36
    36
    38
    38
    34
    36
    32
    27
    35
    37
    41
    41
    37
    42
    38
    48
    51
    96
   112
   131
   152
   163
   138
   102
   123
   123
   145
   171
   184
   162
   134
   112
   160
   188
   176
    98
    94
   139
   163
   168
   180
   191
   202
   200
   202
   200
   197
   192
   194
   194
   194
   189
   185
   188
   190
   189
   191
   190
   190
   191
   197
   201
   200
   203
   204
   201
   199
   198
   197
   199
   196
   198
   196
   194
   193
   190
   184
   183
   185
   178
   181
   184
   183
   182
   179
   182
   179
   180
   188
   181
   143
    95
    41
     6
    30
    90
   111
    55
    43
    42
    38
    39
    42
    29
    36
    34
    38
    33
    31
    34
    30
    32
    36
    35
    28
    35
    35
    37
    39
    36
    39
    39
    35
    35
    36
    37
    57
    55
   104
   120
   124
   146
   151
   160
   116
   115
   101
   115
   170
   185
   150
   130
   104
   130
   152
   133
    96
   114
   152
   171
   186
   202
   206
   208
   204
   204
   200
   200
   201
   203
   195
   192
   194
   194
   195
   197
   200
   202
   198
   200
   200
   199
   197
   193
   197
   201
   198
   198
   201
   201
   200
   200
   201
   197
   195
   196
   197
   194
   194
   183
   176
   185
   177
   180
   182
   183
   182
   168
   174
   177
   180
   182
   184
   190
   186
   171
   132
    92
    85
    79
    31
    23
    16
    17
     8
    21
    16
    22
    18
    21
    22
    19
    28
    27
    32
    32
    34
    23
    25
    15
    14
    78
    38
    36
    37
    36
    38
    34
    41
    75
   111
   120
   139
   124
   158
   124
   118
   108
   123
   161
   181
   157
   129
   104
   133
   139
   102
    97
   127
   152
   172
   194
   204
   207
   207
   206
   207
   207
   209
   206
   200
   190
   189
   192
   196
   196
   198
   198
   199
   200
   203
   198
   202
   200
   207
   208
   207
   202
   200
   204
   203
   207
   206
   203
   198
   198
   196
   194
   191
   191
   188
   189
   184
   183
   180
   177
   175
   178
   180
   186
   179
   177
   178
   176
   177
   174
   175
   170
   172
   166
   140
   109
    55
    35
    46
    64
    64
    79
    68
    69
    61
    65
    47
    32
    30
    30
    23
    30
    24
    36
    45
    60
   105
   126
    38
    40
    40
    37
    35
    49
    77
   118
   118
   131
   119
   150
   134
   103
    99
   109
   135
   181
   159
   125
    97
   128
   131
    98
   105
   128
   151
   178
   197
   203
   206
   204
   207
   210
   209
   209
   203
   196
   188
   188
   188
   189
   197
   201
   201
   201
   201
   196
   199
   204
   203
   201
   196
   188
   193
   202
   205
   205
   207
   208
   205
   205
   204
   200
   197
   194
   190
   188
   190
   186
   183
   181
   179
   180
   182
   175
   164
   176
   181
   185
   182
   179
   175
   172
   171
   168
   169
   168
   165
   154
   122
    76
    85
   114
   139
   143
   149
   161
   165
   168
   172
   166
   162
   158
   150
   151
   146
   157
   158
   166
   155
   144
    37
    31
    37
    47
    53
    87
   114
   107
   107
   111
   150
   162
   106
   108
   116
   137
   170
   149
   136
   115
   131
   110
   100
   107
   133
   158
   181
   198
   204
   205
   204
   206
   206
   205
   202
   201
   190
   187
   193
   201
   206
   205
   199
   200
   200
   201
   200
   199
   190
   198
   194
   182
   187
   191
   196
   200
   201
   204
   207
   205
   208
   209
   209
   207
   199
   197
   200
   194
   185
   184
   184
   185
   178
   181
   176
   175
   178
   174
   176
   180
   180
   186
   188
   186
   180
   173
   169
   163
   163
   163
   162
   150
   131
   133
   142
   152
   158
   157
   158
   157
   152
   157
   159
   157
   153
   153
   144
   138
   140
   133
   136
   134
    38
    42
    45
    36
    73
   112
   114
   111
   115
   133
   158
   123
   112
   105
   108
   129
   139
   127
   111
   108
    94
   103
   108
   125
   162
   185
   197
   203
   201
   202
   207
   207
   207
   203
   203
   189
   192
   200
   201
   210
   214
   211
   202
   192
   180
   176
   180
   189
   200
   197
   198
   185
   185
   195
   202
   200
   200
   202
   201
   206
   210
   207
   209
   207
   205
   200
   195
   192
   189
   184
   187
   183
   184
   181
   179
   174
   177
   180
   183
   188
   191
   189
   184
   180
   186
   190
   190
   181
   175
   177
   186
   180
   171
   152
   155
   163
   160
   160
   161
   161
   159
   154
   154
   160
   157
   151
   149
   150
   142
   141
   139
   142
    37
    40
    43
    61
   107
   109
   108
   109
   116
   145
   144
   115
   116
   114
   127
   144
   125
   103
    88
    78
    88
    98
   123
   159
   181
   195
   200
   201
   204
   207
   205
   205
   206
   204
   200
   190
   192
   197
   205
   211
   206
   193
   183
   184
   192
   195
   198
   205
   201
   196
   173
   162
   186
   195
   198
   202
   200
   192
   195
   197
   202
   205
   206
   205
   207
   203
   199
   196
   190
   190
   188
   184
   181
   181
   181
   180
   181
   181
   187
   186
   186
   187
   188
   188
   192
   192
   192
   198
   193
   168
   167
   172
   179
   176
   152
   150
   155
   172
   162
   161
   164
   162
   155
   145
   150
   163
   155
   147
   151
   154
   152
   147
    38
    39
    45
    86
   109
   112
    92
   106
   133
   148
   132
   132
   119
   121
   136
   121
   100
    79
    72
    77
    95
   121
   147
   177
   194
   198
   203
   202
   205
   204
   206
   204
   198
   194
   186
   170
   182
   194
   204
   206
   197
   188
   182
   167
   166
   189
   203
   192
   186
   160
   127
   164
   184
   191
   197
   196
   195
   200
   200
   202
   200
   204
   207
   209
   208
   201
   199
   197
   195
   189
   185
   185
   183
   186
   182
   178
   179
   177
   173
   177
   186
   178
   183
   190
   188
   191
   186
   176
   179
   175
   168
   168
   167
   167
   168
   157
   148
   145
   177
   168
   159
   163
   168
   164
   158
   157
   165
   155
   148
   146
   149
   145
    38
    44
    83
   112
   113
    98
    99
   115
   132
   131
   112
   115
   100
   116
   126
   113
    79
    43
    64
    94
   111
   132
   171
   202
   193
   199
   201
   204
   208
   204
   206
   201
   197
   188
   173
   171
   187
   202
   209
   204
   190
   188
   152
   172
   201
   212
   206
   207
   170
   102
   157
   193
   194
   192
   195
   201
   197
   191
   191
   192
   199
   207
   207
   203
   198
   198
   199
   201
   200
   199
   194
   190
   177
   169
   173
   179
   180
   181
   182
   175
   180
   182
   186
   187
   191
   187
   184
   185
   176
   176
   173
   170
   165
   167
   160
   157
   155
   148
   137
   163
   172
   160
   160
   158
   158
   154
   146
   160
   157
   161
   157
   149
    49
    82
   122
   118
   109
   104
   103
   127
   131
   112
   109
   110
   115
   138
   111
    63
    40
    63
    97
   106
   122
   158
   185
   191
   194
   201
   201
   205
   203
   204
   202
   197
   194
   186
   167
   160
   177
   203
   202
   191
   181
   155
   171
   188
   204
   210
   212
   177
    74
    73
   145
   192
   195
   200
   196
   198
   193
   199
   194
   192
   200
   200
   201
   199
   196
   200
   204
   194
   192
   187
   182
   182
   181
   179
   178
   180
   176
   176
   179
   183
   187
   190
   186
   183
   184
   187
   182
   180
   178
   169
   169
   170
   167
   168
   163
   157
   155
   148
   139
   131
   156
   174
   163
   153
   154
   151
   152
   144
   150
   147
   149
   151
    69
   106
   120
   117
   110
   112
   117
   144
   129
    99
   113
   111
   123
   107
    63
    47
    69
    90
    87
   109
   143
   174
   187
   193
   200
   202
   200
   201
   201
   202
   198
   195
   195
   162
   144
   151
   175
   192
   184
   179
   163
   139
   157
   189
   206
   205
   191
    87
    94
   163
   164
   197
   203
   189
   197
   194
   189
   188
   187
   193
   190
   191
   190
   192
   196
   198
   196
   193
   190
   190
   190
   187
   188
   184
   177
   176
   176
   175
   179
   187
   191
   190
   194
   192
   179
   180
   181
   181
   173
   164
   163
   162
   162
   167
   164
   163
   153
   148
   139
   126
   111
   151
   169
   151
   151
   157
   154
   157
   147
   150
   150
   143
   101
   114
   107
   109
   102
   105
   132
   133
   115
   111
   102
   103
    98
    72
    55
    69
    64
    67
    93
   135
   168
   180
   189
   194
   201
   201
   201
   205
   201
   199
   197
   196
   187
   169
   151
   152
   170
   185
   181
   162
   137
   146
   181
   201
   200
   180
   121
    61
    98
   117
   144
   166
   196
   190
   192
   183
   186
   193
   196
   184
   179
   184
   193
   197
   202
   197
   194
   191
   192
   190
   185
   183
   184
   179
   178
   177
   182
   180
   178
   179
   189
   197
   190
   188
   182
   174
   176
   173
   169
   157
   150
   149
   154
   154
   156
   154
   160
   156
   148
   139
   128
   108
   145
   159
   148
   145
   143
   157
   150
   142
   142
   158
   115
   110
    99
   105
    98
   121
   138
   135
   121
   123
   114
   113
    83
    54
    51
    35
    49
    79
   118
   150
   168
   177
   185
   194
   199
   201
   198
   202
   201
   199
   195
   195
   194
   189
   163
   134
   166
   176
   167
   148
   135
   153
   190
   198
   186
   159
    97
   120
   140
    72
   110
   158
   184
   196
   195
   173
   189
   186
   184
   185
   184
   187
   187
   188
   186
   194
   194
   196
   190
   184
   183
   184
   177
   172
   171
   175
   172
   173
   174
   180
   182
   178
   183
   186
   184
   184
   177
   172
   163
   159
   156
   153
   148
   140
   142
   156
   152
   150
   150
   142
   139
   133
   113
   136
   149
   145
   147
   145
   145
   148
   140
   130
   116
    98
   102
    99
   101
   110
   136
   134
   116
   123
   116
   102
    81
    54
    39
    45
    62
    99
   138
   166
   177
   184
   188
   192
   196
   191
   198
   199
   196
   198
   189
   193
   198
   183
   149
   132
   148
   172
   165
   150
   138
   160
   191
   191
   171
   131
    68
    53
    74
    97
   112
   139
   184
   184
   176
   173
   185
   182
   184
   188
   182
   179
   181
   186
   188
   189
   189
   187
   187
   185
   186
   179
   172
   170
   171
   171
   168
   170
   169
   173
   179
   181
   180
   182
   183
   181
   173
   166
   165
   156
   152
   149
   145
   156
   159
   157
   165
   163
   157
   142
   137
   136
   138
   125
   135
   139
   137
   134
   134
   135
   138
   139
   113
    89
    96
    87
   105
   120
   121
   123
   130
   122
   104
    77
    49
    32
    31
    43
    75
   116
   142
   169
   181
   185
   186
   183
   188
   188
   189
   194
   195
   197
   191
   181
   185
   176
   137
   120
   148
   156
   158
   144
   133
   160
   186
   179
   156
   129
    53
    25
    20
    70
   114
   136
   159
   177
   174
   172
   175
   179
   180
   182
   182
   181
   175
   177
   182
   184
   181
   182
   175
   175
   169
   178
   175
   171
   168
   151
   145
   161
   161
   173
   180
   181
   182
   184
   179
   177
   174
   170
   156
   148
   148
   145
   149
   157
   159
   165
   168
   163
   155
   149
   140
   145
   146
   143
   130
   136
   133
   128
   128
   131
   135
   142
   110
    94
   108
    92
   106
   123
   115
   135
   138
   113
    90
    70
    37
    30
    39
    58
    92
   126
   152
   169
   181
   183
   188
   188
   190
   188
   186
   191
   196
   197
   196
   191
   186
   181
   146
   127
   134
   160
   159
   144
   134
   164
   179
   178
   142
   114
   103
    81
    39
    70
   102
   139
   172
   185
   160
   171
   178
   177
   176
   176
   176
   181
   185
   179
   184
   180
   182
   182
   180
   172
   165
   168
   165
   163
   159
   161
   158
   163
   167
   166
   163
   168
   166
   161
   164
   164
   157
   147
   142
   139
   142
   150
   163
   163
   166
   160
   158
   155
   146
   138
   152
   153
   141
   135
   128
   121
   126
   129
   127
   131
   135
   128
   106
    99
   103
    96
   117
   119
   127
   131
   106
   102
    69
    40
    17
    29
    38
    62
    98
   133
   153
   173
   179
   180
   182
   178
   174
   174
   182
   188
   189
   189
   200
   206
   197
   187
   148
   106
   112
   146
   155
   148
   138
   161
   175
   165
   138
   118
    55
    83
   104
   102
   123
   148
   172
   163
   139
   169
   178
   172
   178
   180
   176
   177
   178
   181
   181
   180
   173
   166
   171
   172
   162
   158
   160
   155
   159
   165
   156
   169
   166
   170
   166
   175
   179
   173
   166
   149
   140
   141
   141
   161
   162
   160
   164
   169
   167
   157
   154
   159
   153
   154
   152
   152
   148
   135
   134
   123
   115
   119
   121
   126
   127
   130
    97
    94
    99
   100
   121
   124
   130
   120
   106
    77
    58
    44
    39
    39
    52
    72
   109
   131
   154
   172
   175
   180
   185
   183
   179
   169
   170
   179
   185
   189
   178
   179
   179
   178
   152
   115
   107
   137
   158
   156
   148
   155
   167
   164
   134
   120
    68
    27
    34
    61
   115
   150
   164
   152
   152
   172
   170
   171
   177
   175
   174
   173
   175
   179
   176
   177
   171
   164
   161
   160
   155
   154
   155
   152
   154
   136
   104
   163
   177
   181
   185
   185
   180
   164
   148
   142
   148
   157
   168
   172
   174
   177
   177
   174
   167
   164
   160
   156
   154
   152
   151
   145
   146
   139
   132
   135
   124
   130
   145
   145
   131
   121
    89
   103
    97
   109
   122
   117
   115
   108
    94
    56
    57
    41
    35
    50
    58
    89
   114
   136
   159
   171
   176
   178
   178
   174
   180
   174
   169
   173
   180
   178
   175
   177
   179
   177
   153
   121
   118
   123
   146
   157
   162
   163
   165
   157
   126
   120
    98
    81
   101
   109
   130
   151
   163
   140
   164
   175
   165
   170
   177
   181
   175
   183
   183
   183
   175
   169
   167
   157
   154
   146
   141
   145
   140
   150
   166
   174
   176
   186
   189
   189
   176
   172
   165
   149
   135
   157
   178
   188
   181
   175
   171
   165
   165
   161
   170
   163
   156
   167
   164
   155
   158
   153
   142
   142
   135
   125
   126
   109
   149
   147
   139
   131
    93
    94
    97
   118
   119
   118
   114
   110
    73
    50
    46
    28
    31
    40
    65
    91
   119
   140
   153
   165
   172
   179
   178
   174
   176
   178
   169
   167
   176
   184
   183
   179
   177
   174
   162
   138
   120
   128
   142
   152
   153
   169
   175
   168
   137
   115
   109
    73
   103
   125
   126
   142
   154
   149
   168
   166
   164
   170
   184
   185
   188
   183
   179
   172
   177
   166
   163
   154
   145
   140
   146
   148
   165
   173
   182
   192
   194
   192
   183
   174
   170
   181
   157
   106
   123
   167
   176
   179
   177
   175
   172
   163
   155
   154
   152
   149
   159
   153
   160
   163
   154
   145
   152
   141
   137
   131
   120
   115
   113
   155
   144
   140
    93
    86
    97
   117
   118
   122
   109
   105
    74
    55
    40
    37
    37
    46
    71
    99
   122
   140
   150
   163
   172
   174
   175
   177
   173
   166
   165
   168
   172
   182
   185
   187
   183
   180
   168
   138
   124
   120
   133
   144
   150
   163
   160
   161
   147
   113
   111
   100
    59
    93
   134
   151
   151
   160
   169
   163
   176
   189
   187
   184
   183
   182
   177
   174
   168
   157
   150
   144
   142
   144
   143
   152
   166
   179
   189
   185
   180
   177
   164
   157
   174
   167
   113
    69
   114
   163
   163
   164
   172
   166
   162
   152
   149
   158
   147
   148
   155
   160
   165
   162
   153
   151
   143
   138
   133
   129
   125
   116
    99
   127
   148
   144
    88
    95
   107
   124
   117
   118
   127
   112
    73
    59
    41
    32
    34
    54
    73
   102
   122
   145
   163
   167
   168
   170
   173
   169
   168
   171
   159
   164
   165
   172
   178
   180
   183
   178
   165
   134
   118
   120
   131
   146
   147
   149
   157
   159
   148
   135
   111
   116
    81
    69
   123
   144
   136
   158
   159
   168
   182
   185
   182
   186
   186
   181
   177
   167
   162
   153
   143
   145
   148
   157
   169
   182
   191
   188
   183
   183
   181
   178
   171
   176
   186
   155
   100
    95
   111
   141
   151
   155
   168
   170
   158
   155
   150
   151
   146
   147
   150
   156
   159
   159
   155
   148
   142
   134
   130
   126
   119
   115
    99
   103
   140
   142
    90
    88
   112
   125
   132
   130
   107
    87
    59
    47
    38
    37
    43
    57
    83
   102
   126
   146
   159
   162
   162
   165
   155
   159
   163
   162
   157
   161
   160
   162
   172
   179
   178
   173
   162
   146
   130
   120
   124
   138
   149
   151
   147
   143
   151
   141
   129
   127
   119
    90
   125
   142
   147
   159
   163
   175
   188
   194
   194
   193
   193
   188
   178
   167
   156
   150
   145
   150
   170
   179
   193
   194
   196
   195
   189
   189
   183
   171
   173
   175
   163
   110
   107
   103
    92
   140
   146
   156
   156
   143
   154
   151
   153
   141
   131
   137
   147
   156
   163
   155
   156
   141
   139
   135
   129
   123
   108
   110
   101
    93
   127
   148
    98
    94
   112
   119
   127
   121
   112
    97
    77
    55
    38
    39
    51
    64
    81
   109
   131
   154
   159
   158
   155
   157
   147
   149
   161
   165
   158
   149
   154
   161
   162
   174
   178
   170
   162
   139
   122
   121
   130
   143
   151
   148
   149
   147
   136
   140
   134
   134
   156
   145
   154
   152
   148
   155
   184
   196
   199
   200
   200
   206
   206
   199
   180
   163
   148
   141
   134
   131
   125
   142
   174
   194
   195
   188
   183
   184
   186
   189
   181
   182
   144
   122
   106
    86
    69
   135
   148
   147
   138
   137
   141
   144
   140
   132
   124
   131
   135
   139
   144
   146
   147
   144
   140
   124
   114
   105
   105
    90
    96
    89
    94
   110
    96
    98
   120
   127
   118
   119
   104
    92
    65
    45
    34
    43
    51
    62
    87
   111
   134
   153
   158
   156
   160
   168
   169
   166
   168
   168
   159
   143
   149
   160
   166
   171
   173
   169
   159
   154
   141
   133
   136
   139
   149
   157
   146
   131
   124
   123
   130
   134
   153
   165
   161
   153
   154
   177
   190
   198
   198
   192
   198
   198
   195
   192
   182
   173
   182
   193
   190
   186
   166
   137
   146
   170
   189
   181
   180
   170
   158
   162
   173
   172
   143
   111
    87
    53
    56
   134
   174
   151
   146
   136
   145
   147
   140
   124
   120
   119
   124
   142
   150
   151
   153
   138
   133
   118
   110
    99
    84
    88
    83
    87
    83
    74
    97
   103
   122
   127
   118
   121
   101
    85
    68
    41
    38
    45
    51
    68
    92
   120
   141
   153
   160
   162
   162
   168
   168
   170
   160
   159
   160
   159
   154
   165
   166
   173
   172
   168
   166
   166
   162
   155
   147
   150
   158
   167
   163
   142
   124
   118
   123
   125
   150
   188
   180
   169
   180
   191
   196
   190
   191
   200
   203
   201
   201
   191
   186
   193
   200
   187
   154
   138
   150
   161
   151
   155
   174
   184
   177
   175
   181
   172
   186
   165
   125
    86
    55
    41
    23
   103
   147
   168
   132
   131
   143
   143
   128
   126
   114
   119
   127
   145
   151
   147
   149
   141
   128
   116
   100
    95
    85
    87
    83
    83
    83
    72
    97
   104
   121
   132
   128
   125
    95
    88
    70
    48
    38
    42
    51
    79
    99
   118
   139
   145
   151
   157
   162
   162
   162
   167
   166
   164
   166
   161
   159
   163
   165
   169
   174
   173
   174
   170
   170
   172
   172
   166
   169
   175
   175
   171
   155
   136
   135
   147
   163
   183
   191
   188
   191
   185
   180
   188
   197
   203
   202
   202
   196
   191
   185
   185
   167
   152
   104
    72
    84
   116
   138
   160
   173
   178
   186
   186
   174
   164
   157
   141
   122
    74
    46
    19
    15
    84
   138
   155
   131
   130
   117
   119
   111
   104
    98
   110
   132
   152
   148
   143
   144
   137
   128
   112
   101
    94
    92
    78
    75
    85
    81
    67
    94
   110
   117
   127
   121
   117
    92
    86
    65
    50
    43
    40
    49
    76
    96
   130
   146
   161
   164
   167
   164
   169
   169
   168
   164
   167
   165
   160
   155
   153
   159
   163
   167
   166
   163
   170
   170
   174
   167
   168
   165
   169
   191
   195
   193
   185
   179
   173
   172
   176
   181
   186
   182
   180
   187
   198
   200
   197
   197
   190
   183
   174
   176
   170
   158
   152
    59
    23
    48
   100
   128
   163
   168
   177
   175
   167
   174
   178
   145
   133
   117
    77
    49
    22
    14
    62
   131
   167
   146
   114
    98
   104
    97
    85
    91
   102
   141
   139
   139
   147
   141
   130
   125
   109
   107
    91
    73
    83
    75
    74
    85
    66
    91
   115
   118
   133
   119
   113
    88
    84
    64
    49
    60
    61
    79
    91
   110
   124
   145
   150
   158
   163
   162
   168
   169
   163
   161
   157
   161
   155
   149
   157
   159
   163
   167
   171
   171
   171
   164
   159
   157
   157
   164
   170
   186
   204
   207
   201
   196
   192
   191
   191
   190
   190
   189
   189
   191
   190
   191
   186
   184
   176
   179
   189
   209
   201
   159
   149
   113
    19
    32
   117
   132
   144
   153
   167
   178
   179
   172
   166
   132
   112
    87
    55
    38
    45
    25
    44
   106
   128
   135
   107
   100
    84
    84
    80
    78
   106
   126
   137
   143
   142
   131
   125
   115
   103
    96
    95
    92
    80
    77
    80
    79
    68
    92
   114
   113
   126
   116
   105
    85
    71
    68
    53
    47
    71
    72
    87
   102
   122
   141
   152
   156
   167
   165
   165
   168
   171
   158
   161
   164
   165
   156
   156
   163
   170
   174
   175
   174
   174
   167
   157
   161
   166
   160
   165
   176
   187
   206
   208
   206
   204
   192
   185
   182
   180
   177
   180
   181
   185
   180
   176
   180
   186
   194
   204
   212
   189
   153
   142
   152
   116
   132
   158
   150
   175
   176
   189
   189
   184
   182
   156
   113
   111
    88
    41
    39
    46
    21
    47
   115
   141
   129
   105
    90
    76
    72
    73
    78
   106
   137
   139
   133
   130
   136
   129
   120
   108
   106
    96
    78
    72
    72
    74
    82
    72
   104
   116
   116
   130
   124
   109
    86
    75
    64
    50
    50
    67
    70
    95
   103
   127
   142
   153
   159
   163
   158
   163
   164
   167
   162
   161
   162
   162
   161
   159
   156
   164
   173
   180
   171
   157
   152
   152
   144
   137
   148
   163
   166
   171
   180
   192
   199
   198
   206
   201
   191
   181
   185
   186
   185
   179
   184
   195
   189
   189
   189
   175
   168
   158
   151
   138
   128
   138
   155
   162
   173
   177
   180
   176
   179
   173
   161
   134
   111
   101
   106
   105
    46
    49
    30
    23
    81
   117
   138
    90
    84
    72
    66
    71
    73
    96
   130
   135
   131
   134
   131
   118
   111
   102
    91
    87
    81
    71
    65
    65
    78
    69
    99
   107
   110
   129
   122
   111
    77
    64
    57
    40
    37
    56
    73
    90
   106
   121
   143
   153
   158
   166
   166
   167
   164
   167
   169
   163
   163
   163
   159
   157
   157
   156
   155
   154
   151
   144
   139
   138
   139
   145
   141
   146
   162
   168
   171
   177
   184
   187
   182
   178
   160
   170
   177
   184
   188
   190
   192
   190
   193
   181
   175
   168
   160
   148
   137
   123
   103
    87
   111
   146
   130
    86
    96
   130
   136
   139
   155
   151
   123
   116
    93
    65
    43
    45
    19
    36
    92
   116
   128
    97
    93
    92
    77
    75
    79
    98
   133
   123
   124
   132
   135
   122
   109
    99
    91
    86
    78
    70
    74
    75
    80
    77
    97
   105
   115
   122
   114
   105
    80
    62
    53
    49
    46
    61
    75
    84
    97
   125
   151
   157
   160
   170
   171
   167
   169
   172
   170
   168
   165
   164
   164
   158
   166
   168
   172
   173
   173
   169
   165
   163
   165
   161
   159
   163
   162
   169
   175
   173
   184
   179
   175
   167
   157
   152
   160
   165
   169
   179
   184
   183
   179
   171
   167
   161
   155
   138
   124
   110
    94
    83
    74
    85
   104
    69
    52
    94
   124
   131
   122
   145
   135
   106
    91
    75
    45
    54
    22
    38
    82
   117
   116
    86
    84
    83
    69
    63
    75
    99
   133
   122
   125
   129
   132
   111
   101
    95
    86
    78
    76
    66
    63
    71
    79
    76
   106
    96
   106
   127
   123
   109
    78
    75
    56
    54
    59
    60
    73
    84
    98
   119
   137
   154
   157
   164
   161
   165
   167
   171
   166
   163
   164
   163
   164
   165
   162
   170
   177
   176
   172
   165
   160
   164
   160
   158
   155
   161
   173
   174
   175
   177
   172
   163
   152
   155
   153
   152
   154
   152
   156
   160
   167
   181
   182
   174
   166
   152
   143
   137
   123
   114
    93
    75
    75
    82
    83
    94
   125
   154
   163
   165
   156
   147
   113
    89
    67
    55
    38
    57
    23
    50
    98
   121
   147
   105
    82
    69
    58
    67
    85
   102
   129
   123
   120
   127
   121
   106
   103
    95
    79
    72
    73
    65
    70
    72
    78
    65
   105
   111
   133
   130
   131
   104
    83
    58
    70
    55
    58
    68
    82
    93
   101
   122
   143
   147
   149
   153
   160
   167
   168
   169
   171
   168
   169
   169
   169
   164
   168
   172
   176
   172
   168
   169
   170
   171
   161
   150
   156
   163
   163
   159
   164
   164
   165
   161
   153
   150
   148
   144
   146
   154
   163
   159
   151
   150
   145
   148
   153
   152
   144
   138
   122
   111
    87
    73
    94
   107
    89
    80
   114
   143
   151
   155
   150
   126
   102
   104
    87
    51
    43
    59
    35
    13
    81
   121
   132
    89
    78
    70
    64
    64
    75
    94
   117
   114
   118
   126
   121
   110
   106
    92
    89
    90
    98
    80
    61
    72
    78
    65
   102
    99
   113
   123
   133
   111
    84
    57
    55
    54
    62
    68
    74
    90
   100
   114
   131
   141
   151
   158
   157
   160
   163
   165
   169
   169
   168
   168
   165
   164
   166
   170
   172
   170
   166
   169
   166
   162
   154
   148
   143
   142
   143
   149
   150
   149
   152
   163
   166
   158
   151
   148
   147
   148
   147
   147
   142
   139
   140
   148
   142
   140
   138
   137
   130
   112
    94
   110
   120
   111
   104
   122
   135
   143
   145
   140
   137
   125
    99
    84
    76
    51
    36
    51
    30
    19
    89
   138
   130
    96
    88
    80
    75
    68
    80
    98
   114
   119
   115
   118
   112
   107
   101
    92
    87
    93
    89
    88
    85
    71
    82
    74
   102
   104
   120
   127
   125
   116
   105
    65
    69
    57
    55
    69
    84
    91
    94
   112
   133
   148
   151
   154
   157
   162
   159
   158
   161
   165
   168
   165
   162
   171
   171
   174
   171
   166
   165
   162
   161
   152
   149
   145
   140
   135
   138
   146
   154
   154
   166
   170
   168
   157
   146
   140
   141
   136
   136
   141
   147
   147
   144
   144
   147
   145
   146
   143
   134
   118
   122
    91
    47
    90
   104
   117
   145
   146
   143
   140
   140
   136
   118
    93
    76
    57
    38
    23
    20
    43
   101
   121
   117
    95
    88
    87
    76
    65
    78
    92
   116
   123
   116
   116
   114
   108
   104
    98
    88
    87
    72
    63
    75
    84
    73
    63
    83
    96
   112
   124
   129
   121
   105
    87
    83
    82
    77
    83
    92
    99
    96
   114
   134
   140
   145
   156
   162
   166
   166
   168
   166
   169
   166
   162
   166
   169
   171
   174
   179
   178
   174
   164
   160
   160
   152
   145
   146
   139
   140
   149
   160
   172
   173
   156
   148
   154
   156
   156
   153
   154
   159
   155
   153
   151
   150
   132
   137
   148
   163
   179
   154
   127
   105
    28
     8
    31
    85
   126
   148
   145
   135
   134
   132
   129
   109
    94
    84
    64
    42
    41
    15
    28
   114
   129
   114
    94
    89
    89
    91
    95
    86
    90
   115
   121
   113
   113
   112
   117
   103
    96
    86
    80
    68
    75
    64
    73
    80
    50
    87
    90
   102
   119
   126
   123
    95
    98
    73
    79
    74
    78
    91
    95
    99
   111
   132
   138
   147
   159
   165
   171
   164
   166
   161
   159
   161
   162
   167
   165
   169
   174
   175
   170
   166
   166
   161
   152
   144
   143
   138
   135
   136
   146
   158
   139
   102
   103
   127
   131
   134
   144
   152
   151
   149
   158
   167
   171
   168
   168
   152
   142
   145
   159
   136
   113
    79
    24
    30
    58
    85
   127
   149
   147
   142
   135
   140
   141
   132
   102
    86
    56
    49
    38
    19
    31
   104
    95
    75
   104
   101
   101
    97
    95
   102
    97
   103
   123
   120
   120
   116
   111
   110
   108
    96
    87
    86
    69
    73
    82
    75
    59
    93
    91
   103
   124
   122
   135
   106
    82
    87
    67
    65
    85
    89
    93
   101
   111
   127
   140
   152
   158
   159
   162
   160
   154
   161
   161
   162
   162
   162
   164
   170
   177
   179
   168
   167
   163
   154
   147
   142
   137
   129
   133
   136
   140
   110
    70
    76
    92
   108
   133
   140
   136
   146
   159
   148
   145
   149
   162
   171
   166
   170
   162
   154
   156
   148
   128
   104
    85
    78
    98
    89
   123
   147
   152
   149
   148
   137
   131
   135
   119
    90
    80
    47
    31
    10
    51
   111
   124
   113
   106
   112
   103
   104
   107
   104
   104
   112
   113
   123
   128
   114
   114
   108
   110
    98
    90
    87
    84
    92
    85
    88
   105
   105
   103
   100
   126
   126
   138
   105
    79
    65
    95
   105
    95
    92
    97
    98
   108
   124
   141
   148
   154
   156
   162
   162
   170
   163
   163
   165
   163
   163
   163
   166
   174
   174
   172
   167
   161
   151
   146
   137
   131
   128
   130
   135
   109
    79
   101
   114
   118
   129
   149
   150
   144
   139
   147
   160
   154
   154
   154
   167
   170
   169
   153
   135
   120
   151
   167
   151
   138
   121
    95
    77
   134
   152
   152
   148
   135
   139
   136
   135
   137
   115
    85
    61
    40
    19
    72
   119
   118
   115
   116
   114
   124
   119
   113
   116
   116
   116
   124
   127
   124
   122
   116
   111
   107
   102
    94
    98
   102
    91
    88
   104
   110
    91
   104
   109
   120
   123
   133
   111
   101
    90
    93
   102
   103
   101
   104
   106
   109
   121
   133
   145
   151
   156
   162
   163
   166
   165
   160
   163
   165
   165
   166
   171
   176
   181
   171
   165
   157
   150
   146
   135
   122
   111
   116
   111
    91
   113
   127
   127
   113
   124
   137
   141
   147
   139
   143
   151
   161
   158
   160
   162
   160
   163
   156
   136
   113
    96
   112
   130
   136
   127
   125
   134
   140
   148
   145
   144
   150
   143
   149
   141
   139
   116
   101
    90
    65
    47
    84
   118
   112
   117
   114
   125
   125
   121
   117
   115
   116
   119
   121
   122
   127
   125
   122
   119
   114
   101
    97
    97
    96
    89
   100
   108
   102
   101
    96
    94
   113
   125
   126
   124
    91
    87
    81
    80
    98
   107
   103
    98
   103
   119
   137
   148
   159
   161
   162
   162
   167
   166
   167
   164
   158
   164
   163
   162
   171
   174
   168
   160
   151
   144
   135
   119
   109
   105
   114
   105
   124
   146
   134
   115
   108
   112
    90
   121
   140
   133
   136
   145
   156
   161
   157
   155
   151
   153
   144
   134
   131
   134
   123
   119
   119
   132
   145
   142
   133
   134
   148
   149
   152
   155
   152
   146
   148
   135
    95
    87
    89
    56
   106
   121
   122
   120
   128
   126
   122
   120
   118
   114
   121
   121
   121
   122
   125
   115
   122
   115
   116
   113
   109
   107
    95
    92
   105
   109
   105
   103
   104
   103
   107
   118
   131
   130
   102
    89
    81
    84
   100
   104
   118
   108
   110
   119
   134
   138
   152
   153
   157
   164
   171
   166
   166
   165
   160
   158
   157
   165
   169
   171
   161
   160
   152
   143
   122
   112
   104
   110
   113
   123
   148
   157
   140
   108
   107
    95
    76
   109
   129
   139
   135
   141
   153
   160
   163
   160
   158
   167
   158
   149
   136
   132
   134
   128
   123
   120
   129
   139
   140
   139
   141
   151
   146
   142
   142
   141
   148
   155
   131
    84
    69
    74
   111
   122
   122
   136
   133
   128
   125
   119
   117
   118
   115
   119
   123
   120
   125
   129
   119
   121
   115
   109
   108
   104
    93
    97
   105
   101
   109
   114
   109
   113
   115
   112
   136
   137
   112
    74
    82
    87
    91
   102
   100
   106
   106
   119
   132
   145
   154
   155
   160
   153
   161
   164
   159
   158
   159
   157
   155
   160
   171
   170
   165
   163
   155
   132
   110
    95
    86
    97
   113
   132
   156
   154
   125
   106
   100
    85
    61
   102
   131
   133
   143
   147
   145
   152
   161
   162
   164
   170
   176
   168
   154
   141
   135
   134
   133
   124
   109
   116
   126
   129
   138
   144
   146
   135
   130
   133
   140
   148
   151
   108
    70
    77
   128
   131
   136
   135
   139
   136
   130
   125
   123
   117
   129
   124
   125
   123
   120
   126
   121
   119
   110
   110
   106
    96
   101
   103
   101
    98
    86
   103
   117
   115
   108
   118
   130
   121
   129
   102
    81
    85
    90
   103
   108
   104
   105
   124
   136
   135
   144
   153
   156
   153
   153
   160
   163
   161
   160
   155
   159
   164
   165
   163
   162
   158
   151
   120
    89
    75
    87
   112
   131
   157
   169
   150
   111
   104
   102
    50
    77
   115
   128
   133
   138
   155
   151
   148
   155
   162
   161
   164
   171
   179
   171
   160
   153
   141
   141
   133
   124
   116
   114
   113
   119
   132
   149
   162
   147
   133
   127
   129
   137
   125
    97
    85
   115
   135
   143
   143
   145
   144
   138
   133
   123
   129
   121
   127
   129
   127
   123
   118
   116
   114
   113
   110
   100
   101
    99
    93
    88
    81
    89
    97
   101
   119
   117
   111
   118
   126
   122
   116
    95
    85
   101
   104
   107
   114
   108
   116
   135
   138
   141
   148
   151
   153
   155
   162
   159
   157
   156
   155
   160
   168
   166
   164
   162
   159
   145
   120
    92
    82
    95
   110
   131
   153
   165
   138
   105
   111
    90
    93
   112
   117
   132
   144
   137
   153
   157
   154
   159
   160
   157
   159
   158
   166
   176
   177
   166
   156
   150
   143
   133
   129
   120
   122
   122
   120
   127
   140
   155
   162
   145
   139
   123
   127
   115
   115
   118
   123
   128
   140
   139
   135
   133
   137
   134
   125
   128
   128
   127
   126
   121
   123
   121
   115
   113
   108
   109
   107
   103
    91
    82
    92
    94
    87
    89
    93
   123
   119
   112
   129
   132
   126
   107
   100
   104
   100
   110
   112
   111
   117
   130
   142
   146
   148
   148
   151
   154
   155
   155
   156
   154
   151
   158
   164
   165
   162
   162
   158
   145
   114
    87
    87
   100
   120
   148
   156
   156
   125
   105
   101
    63
    68
   103
   127
   142
   146
   129
   142
   155
   150
   142
   154
   155
   154
   155
   159
   161
   168
   176
   168
   156
   149
   139
   137
   131
   122
   111
   110
   112
   121
   134
   143
   160
   163
   158
   154
   144
   135
   121
   109
   102
   106
   120
   127
   138
   136
   128
   133
   126
   127
   124
   125
   126
   122
   118
   117
   107
   108
   107
    98
    93
    96
    99
    95
    89
    68
   102
    96
    96
   116
   102
   122
   123
   120
   109
    93
   113
   116
   114
   109
   112
   118
   127
   135
   142
   154
   155
   158
   151
   152
   152
   151
   154
   156
   159
   161
   159
   158
   154
   154
   134
   102
    90
    95
   111
   121
   150
   167
   158
   138
   111
    89
    38
    43
    53
    96
   122
   134
   133
   134
   165
   157
   160
   170
   164
   157
   158
   160
   158
   158
   155
   150
   143
   138
   133
   132
   125
   118
   118
   115
   105
   101
   115
   119
   121
   126
   127
   128
   126
   126
   122
   122
   120
   115
   121
   122
   115
   119
   127
   128
   119
   116
   117
   121
   122
   124
   116
   111
   118
   108
   101
   101
   106
   105
   104
   100
   106
    70
    86
    95
    76
    89
   108
   106
   125
   116
   107
   108
   105
   114
   112
   107
   109
   120
   130
   135
   142
   147
   151
   150
   156
   154
   152
   155
   158
   156
   161
   162
   162
   160
   158
   148
   136
   105
    89
    88
   103
   124
   159
   169
   163
   153
   114
    67
    52
    79
    76
   101
   139
   155
   144
   138
   146
   154
   161
   167
   164
   160
   154
   154
   160
   155
   154
   141
   142
   147
   144
   139
   136
   127
   118
   109
   107
   111
   111
   119
   132
   138
   138
   135
   134
   132
   134
   130
   129
   124
   118
   119
   121
   123
   119
   122
   124
   128
   124
   119
   118
   121
   131
   123
   108
   101
   104
   105
   106
   102
    97
   102
   102
    43
    75
    95
    95
    80
    91
    93
   106
   125
   113
   110
   114
    99
   104
   106
   117
   123
   131
   139
   140
   149
   153
   149
   145
   151
   150
   152
   152
   155
   162
   163
   160
   158
   158
   153
   126
   102
    81
    99
   117
   125
   150
   168
   166
   163
   119
    63
    76
    43
    51
   101
   137
   148
   139
   145
   140
   153
   159
   158
   169
   161
   153
   148
   151
   157
   154
   150
   142
   140
   137
   139
   136
   127
   122
   115
   113
   115
   111
   112
   125
   135
   135
   135
   134
   137
   138
   131
   129
   125
   130
   123
   117
   113
   109
   117
   120
   117
   116
   118
   118
   115
   108
   107
   109
   109
   109
   107
   104
   104
   109
   107
   101
    45
    75
    85
   105
    98
    89
   101
    87
    97
   107
    95
   100
    86
    96
   112
   122
   128
   131
   143
   149
   148
   153
   150
   155
   154
   149
   151
   157
   155
   161
   161
   159
   158
   152
   146
   121
    92
    80
   108
   122
   122
   141
   164
   171
   175
   130
    58
    81
    21
    31
    78
    95
   126
   139
   146
   141
   146
   153
   155
   157
   158
   156
   157
   156
   158
   159
   153
   150
   147
   139
   132
   132
   125
   126
   124
   119
   110
   115
   126
   125
   122
   129
   138
   143
   141
   143
   147
   140
   134
   123
   118
   119
   120
   120
   116
   120
   120
   124
   115
   114
   115
   109
   102
   104
   112
   107
   106
   107
   109
   108
   112
   110
    43
    43
    74
    64
    86
    83
    85
   102
   101
   101
   108
   104
    91
    90
   102
   113
   119
   125
   137
   143
   146
   146
   149
   150
   154
   153
   155
   159
   155
   162
   161
   159
   158
   157
   142
   118
    97
    92
   126
   134
   127
   139
   159
   166
   170
   141
    68
    23
    57
    70
    86
   109
   133
   146
   151
   155
   149
   157
   157
   151
   154
   157
   155
   155
   157
   147
   144
   148
   144
   144
   140
   137
   130
   123
   120
   119
   119
   123
   128
   138
   137
   130
   132
   140
   139
   136
   133
   139
   134
   135
   129
   121
   121
   121
   115
   118
   124
   123
   120
   118
   105
   102
    99
   106
   113
   113
   112
   112
   113
   106
   103
   103
    31
    41
    44
    57
    57
    77
    78
    89
    87
   115
   118
   111
    95
    97
   109
   115
   124
   129
   133
   139
   141
   147
   152
   148
   151
   151
   154
   154
   158
   158
   158
   156
   155
   152
   140
   124
    97
   104
   134
   140
   133
   144
   161
   164
   159
   148
    84
    37
    45
    44
    76
   122
   142
   149
   149
   157
   146
   156
   153
   159
   163
   158
   155
   149
   153
   156
   152
   154
   152
   144
   143
   139
   137
   132
   127
   127
   122
   125
   137
   139
   143
   142
   150
   151
   146
   147
   145
   143
   139
   140
   133
   126
   120
   126
   129
   127
   126
   125
   124
   117
   112
   105
   113
   114
   113
   120
   124
   138
   133
   131
   127
   130
    64
    61
    60
    70
    73
    81
    98
    90
    80
    99
   101
   101
    86
    86
    93
   109
   116
   122
   130
   136
   139
   143
   149
   149
   151
   150
   150
   152
   154
   153
   159
   159
   156
   153
   145
   130
   108
   113
   141
   150
   144
   132
   146
   166
   163
   166
   116
    55
    79
   116
   113
   132
   152
   165
   151
   161
   147
   156
   158
   157
   157
   159
   156
   155
   152
   158
   160
   161
   163
   157
   149
   148
   140
   138
   133
   129
   132
   131
   138
   141
   149
   145
   142
   141
   140
   139
   140
   137
   138
   136
   133
   137
   134
   132
   127
   130
   135
   125
   121
   119
   116
   119
   124
   129
   133
   125
   104
    75
    48
    34
    36
    47
    29
    30
    46
    58
    73
    82
    97
    72
    79
    89
    99
   107
   104
    92
    89
   102
   113
   120
   132
   137
   140
   141
   139
   148
   144
   153
   152
   147
   153
   153
   150
   147
   150
   149
   147
   134
   117
   133
   150
   150
   140
   138
   135
   158
   168
   173
   148
    86
    47
   101
   107
   128
   155
   166
   159
   163
   157
   151
   156
   154
   156
   155
   152
   146
   152
   158
   159
   162
   159
   162
   159
   152
   138
   137
   133
   132
   132
   129
   140
   142
   147
   153
   157
   160
   159
   157
   155
   152
   147
   136
   138
   132
   131
   130
   129
   132
   130
   128
   127
   142
   147
   138
   116
    81
    55
    32
    11
     8
    14
    20
    17
    14
    34
    47
    48
    48
    54
    55
    64
    66
    79
    91
    91
   107
   104
    74
    83
    94
   114
   126
   127
   133
   138
   143
   146
   146
   149
   150
   153
   152
   156
   159
   149
   153
   152
   145
   145
   134
   127
   135
   142
   154
   149
   140
   132
   154
   167
   164
   175
   130
    75
    19
    70
   129
   153
   155
   163
   164
   166
   154
   155
   159
   153
   154
   159
   158
   152
   151
   159
   163
   166
   165
   165
   154
   152
   147
   140
   140
   136
   138
   144
   138
   140
   140
   145
   146
   142
   143
   148
   147
   147
   142
   137
   139
   138
   138
   137
   131
   133
   136
   121
    56
    20
    12
     6
     9
    14
    23
    23
    26
    26
    21
    25
    29
    47
    44
    39
    44
    59
    66
    69
    74
    88
   104
   119
   104
    77
    88
    85
    88
   106
   125
   124
   130
   137
   142
   149
   153
   153
   150
   154
   158
   162
   163
   159
   156
   159
   150
   145
   139
   132
   136
   141
   148
   145
   141
   140
   145
   161
   166
   173
   175
   120
    79
    68
   132
   152
   158
   169
   160
   163
   160
   161
   158
   163
   160
   165
   164
   159
   158
   158
   157
   159
   160
   156
   152
   151
   147
   143
   140
   136
   129
   136
   142
   142
   146
   151
   153
   159
   160
   152
   149
   152
   141
   139
   136
   140
   137
   133
   137
   139
    90
    27
    11
    23
    25
    23
    28
    24
    28
    28
    29
    25
    27
    26
    24
    39
    36
    32
    30
    39
    58
    59
    80
    90
   101
   100
   105
   104
    88
    85
    90
    98
   102
   127
   130
   138
   145
   144
   148
   154
   155
   155
   156
   156
   160
   160
   157
   154
   149
   147
   146
   135
   127
   134
   150
   158
   154
   142
   151
   156
   156
   167
   177
   174
   129
    92
    93
   129
   156
   161
   167
   168
   161
   166
   164
   156
   161
   163
   162
   163
   167
   164
   167
   164
   162
   156
   148
   145
   145
   144
   140
   142
   148
   145
   143
   150
   152
   153
   154
   151
   154
   152
   147
   141
   140
   139
   136
   131
   127
   132
   112
    48
    16
    20
    26
    29
    31
    29
    23
    30
    25
    28
    25
    24
    27
    27
    23
    36
    35
    39
    40
    38
    55
    53
    50
    67
    92
    93
    97
   112
    95
    86
    84
    88
   100
   108
   124
   128
   136
   142
   144
   148
   153
   151
   158
   157
   160
   168
   161
   149
   154
   148
   140
   135
   131
   138
   149
   158
   161
   149
   147
   151
   150
   145
   150
   161
   164
   145
   126
   124
   147
   167
   165
   161
   161
   154
   163
   164
   157
   164
   165
   163
   165
   176
   176
   170
   155
   149
   148
   144
   141
   138
   136
   140
   143
   144
   146
   148
   151
   145
   153
   150
   146
   137
   141
   136
   130
   130
   126
   128
   131
    91
    36
    34
    42
    37
    26
    28
    22
    25
    30
    25
    25
    24
    25
    26
    19
    25
    25
    41
    39
    38
    39
    36
    39
    67
    66
    73
    88
    99
    91
    91
   105
    94
    91
    94
   109
   115
   114
   122
   131
   144
   144
   148
   154
   153
   150
   162
   159
   155
   161
   169
   156
   157
   150
   139
   130
   132
   151
   174
   173
   165
   155
   155
   153
   148
   146
   146
   155
   164
   158
   147
   143
   157
   161
   161
   164
   168
   160
   171
   178
   169
   168
   174
   182
   173
   176
   171
   166
   156
   146
   143
   140
   139
   140
   138
   146
   142
   142
   140
   143
   144
   142
   132
   134
   133
   131
   127
   126
   126
   128
   121
    67
    38
    44
    39
    34
    25
    32
    26
    29
    27
    24
    27
    27
    23
    24
    26
    25
    24
    23
    35
    35
    37
    37
    39
    39
    54
    57
    76
    84
    82
    96
   100
   107
   112
   107
   105
    94
    97
   104
   114
   127
   138
   143
   145
   145
   153
   156
   155
   159
   162
   159
   161
   165
   157
   151
   140
   138
   138
   143
   153
   169
   170
   167
   155
   150
   150
   152
   151
   156
   165
   164
   153
   142
   151
   160
   165
   165
   168
   168
   166
   170
   173
   178
   177
   182
   186
   173
   161
   154
   149
   140
   139
   136
   136
   136
   140
   136
   141
   140
   135
   139
   140
   141
   137
   133
   131
   130
   132
   133
   133
   113
    55
    33
    46
    37
    39
    34
    27
    23
    25
    28
    25
    22
    23
    23
    26
    25
    22
    24
    23
    24
    36
    34
    36
    36
    40
    39
    36
    57
    66
    83
    75
    87
   106
   100
   107
   110
   119
   116
   114
   110
   116
   128
   135
   136
   143
   145
   147
   150
   149
   147
   152
   156
   156
   155
   160
   160
   155
   147
   144
   145
   150
   162
   166
   172
   167
   155
   146
   156
   154
   166
   173
   155
   153
   152
   155
   159
   163
   166
   168
   169
   165
   171
   175
   178
   183
   183
   177
   167
   157
   155
   145
   143
   140
   137
   138
   138
   133
   140
   138
   140
   141
   134
   139
   134
   134
   132
   134
   136
   141
   126
    90
    36
    19
    34
    36
    43
    51
    48
    37
    25
    21
    20
    26
    26
    23
    26
    26
    25
    25
    25
    26
    30
    37
    38
    39
    38
    37
    40
    37
    39
    64
    84
    86
    84
    81
   104
    98
    99
    91
   106
   114
   117
   126
   119
   124
   127
   133
   139
   141
   147
   152
   157
   153
   154
   156
   161
   159
   154
   160
   160
   151
   140
   138
   148
   156
   157
   158
   149
   159
   153
   157
   162
   155
   158
   174
   155
   175
   164
   171
   172
   166
   169
   171
   175
   182
   187
   184
   173
   166
   156
   152
   146
   143
   137
   137
   133
   130
   130
   137
   133
   139
   138
   138
   139
   138
   140
   144
   147
   135
   124
   101
    58
    26
    26
    42
    54
    48
    50
    54
    45
    39
    36
    29
    26
    23
    23
    27
    27
    24
    29
    26
    23
    24
    19
    32
    35
    35
    32
    38
    39
    41
    43
    54
    71
    82
    89
    86
    94
    99
   100
    98
    73
    88
    93
    89
   116
   126
   130
   130
   130
   142
   142
   146
   145
   151
   150
   154
   162
   163
   161
   151
   149
   152
   150
   146
   137
   141
   142
   144
   147
   148
   150
   146
   143
   148
   149
   155
   148
   155
   164
   165
   171
   170
   171
   174
   169
   164
   164
   157
   152
   149
   150
   142
   136
   134
   131
   132
   132
   137
   141
   139
   143
   142
   143
   138
   136
   142
   126
   102
    84
    74
    59
    38
    33
    31
    42
    53
    43
    58
    66
    71
    63
    52
    36
    26
    23
    24
    24
    26
    23
    22
    20
    26
    28
    27
    24
    36
    33
    34
    37
    40
    40
    43
    44
    65
    66
    80
    95
    96
    82
    92
    98
   107
   110
    89
    92
   107
    97
    94
   102
   123
   137
   138
   135
   136
   141
   142
   145
   150
   152
   155
   155
   159
   158
   154
   157
   156
   154
   153
   149
   148
   149
   148
   143
   140
   142
   141
   145
   145
   146
   150
   155
   158
   157
   159
   159
   156
   155
   151
   145
   139
   139
   136
   133
   131
   130
   129
   134
   140
   142
   141
   143
   146
   135
   130
   122
   118
    96
    41
    31
    36
    34
    37
    34
    38
    40
    47
    48
    45
    50
    65
    73
    71
    71
    53
    38
    29
    26
    27
    27
    24
    24
    29
    30
    27
    28
    26
    28
    34
    34
    37
    35
    35
    41
    38
    49
    55
    50
    78
    87
   103
    99
   100
   107
   105
   117
   123
   109
    90
    97
   113
   108
   103
   110
   126
   139
   130
   132
   142
   141
   135
   139
   141
   146
   144
   149
   150
   155
   152
   157
   154
   157
   154
   147
   153
   150
   151
   152
   155
   152
   147
   148
   144
   145
   145
   149
   144
   145
   145
   145
   140
   138
   138
   139
   134
   137
   133
   134
   144
   151
   143
   132
   132
   126
   113
   113
   114
   127
   134
    95
    49
    52
    39
    42
    39
    46
    48
    48
    52
    42
    48
    77
    79
    86
    71
    85
    68
    39
    32
    32
    28
    26
    25
    26
    24
    25
    24
    20
    21
    24
    35
    37
    35
    38
    38
    40
    40
    51
    56
    54
    60
    80
    90
    94
   104
   100
    97
    96
   107
   111
   110
   101
    93
    97
   102
   109
   117
   121
   143
   139
   131
   132
   135
   124
   122
   127
   130
   128
   131
   131
   133
   138
   138
   137
   140
   141
   137
   136
   141
   139
   145
   147
   154
   152
   157
   156
   154
   148
   148
   146
   147
   147
   149
   153
   153
   141
   140
   136
   149
   157
   138
    80
    71
   118
   117
   106
   104
   118
   142
   154
   123
    33
    21
    20
    22
    23
    31
    46
    55
    52
    52
    63
    87
    93
    89
    88
    85
    84
    58
    49
    35
    32
    34
    27
    25
    25
    29
    26
    24
    25
    28
    24
    34
    35
    41
    39
    38
    38
    46
    38
    46
    42
    51
    64
    90
    95
    94
    99
   107
   104
   103
   116
   120
   116
   115
   114
   115
   114
   110
   115
   127
   138
   139
   140
   139
   139
   134
   130
   137
   133
   126
   121
   122
   126
   131
   132
   132
   134
   134
   141
   142
   144
   137
   137
   130
   122
   124
   134
   141
   144
   152
   151
   155
   154
   156
   140
   126
   139
   157
   178
   163
   118
    50
    69
   121
   129
   111
   112
   126
   139
   148
   118
    32
    15
    15
    20
    24
    30
    41
    54
    60
    63
    80
    86
    84
    91
    85
    81
    97
    84
    52
    28
    30
    28
    26
    28
    28
    28
    24
    25
    26
    28
    22
    29
    31
    41
    38
    37
    33
    51
    45
    43
    52
    45
    47
    56
    79
    89
    94
    99
   107
   103
   102
   100
   114
   135
   130
   119
   118
   114
   111
   117
   128
   129
   134
   135
   142
   148
   147
   148
   135
   133
   138
   135
   125
   118
   116
   122
   120
   123
   125
   119
   125
   129
   132
   135
   134
   136
   115
   105
   101
   102
   111
   128
   122
   115
    87
    47
    25
    78
   132
   104
    68
    60
    69
    92
   115
   112
   109
   130
   141
   149
   108
    27
    11
    19
    29
    29
    41
    54
    61
    70
    78
    84
    88
    84
    90
    91
    88
    91
    98
    59
    25
    32
    39
    34
    25
    26
    26
    24
    28
    25
    26
    22
    28
    26
    43
    33
    29
    36
    56
    49
    38
    36
    40
    42
    46
    57
    62
    79
    89
    98
    93
    95
    92
    98
    91
    96
   124
   129
   119
   122
   135
   141
   132
   128
   128
   136
   140
   139
   138
   140
   144
   143
   132
   134
   143
   140
   124
   112
   113
   116
   125
   139
   131
   119
   120
   126
   123
   109
   125
   125
   117
   120
   130
   113
   101
    68
    57
    59
    74
    58
    57
    71
    88
    99
   105
   120
   107
    94
   113
   126
   138
    85
    12
     7
    21
    25
    27
    56
    74
    80
    86
    85
    88
    89
    87
    93
    93
    94
    88
   106
    70
    49
    69
    60
    46
    36
    30
    28
    29
    28
    25
    29
    28
    31
    23
    21
    32
    44
    54
    54
    37
    37
    38
    50
    52
    54
    46
    54
    64
    61
    68
    80
    95
    90
    93
   102
   106
    95
    88
   110
   120
   111
   116
   116
   123
   129
   140
   139
   138
   143
   152
   149
   149
   146
   146
   144
   135
   138
   143
   155
   151
   138
   125
   117
   118
   123
   116
   106
   108
   104
   101
   109
   120
   116
    99
    94
    61
    59
    68
    74
    66
    73
    88
    94
   102
   109
   120
   106
    82
   108
   123
   113
    54
     7
    19
    31
    45
    69
    86
    97
   100
    98
    96
    98
    95
    88
    95
    97
    93
    89
   102
    92
    69
    85
    70
    37
    24
    23
    25
    29
    27
    25
    27
    26
    26
    22
    27
    30
    40
    39
    34
    35
    43
    35
    42
    35
    37
    50
    49
    53
    60
    58
    71
    80
    92
    98
   101
    94
    99
   108
   109
    97
   106
   115
   115
   121
   123
   128
   136
   145
   144
   145
   142
   148
   157
   171
   175
   181
   183
   174
   158
   141
   143
   146
   150
   149
   130
   123
   121
   117
   102
    92
    74
    59
    72
    94
   102
   104
   101
    91
    77
    78
    90
    86
    93
   107
   110
   111
    98
    92
   120
   118
    81
    37
    26
    52
    75
    88
    98
    99
   105
   107
   106
    99
    91
    91
    88
    96
   106
    98
    94
   102
    99
    92
    93
    74
    60
    40
    30
    29
    30
    26
    26
    28
    28
    29
    28
    28
    25
    26
    31
    31
    30
    34
    34
    39
    38
    39
    38
    34
    46
    50
    55
    58
    67
    76
    81
    91
    99
    94
   106
   113
   104
    97
   100
   113
   114
   107
   112
   119
   122
   137
   148
   143
   148
   148
   135
   142
   168
   189
   198
   189
   186
   176
   171
   163
   166
   162
   161
   164
   151
   126
    99
    79
    64
    52
    72
    89
    74
    82
   119
   120
   110
    83
    80
    92
    91
    79
    78
    81
    87
    85
    61
    33
    22
    42
    68
    84
    88
    97
   102
   104
    95
    97
    90
    84
    91
    96
    96
    95
    90
    91
    99
    99
    97
    92
    87
    55
    62
    53
    43
    31
    31
    29
    26
    26
    28
    25
    26
    29
    28
    28
    34
    35
    33
    35
    35
    31
    35
    34
    37
    45
    48
    36
    46
    56
    48
    55
    57
    62
    88
   102
    86
    82
   106
   123
   111
    96
   112
   120
   107
   109
   115
   110
   110
   130
   140
   142
   154
   146
   138
   139
   144
   144
   136
   141
   146
   154
   153
   150
   144
   129
   127
   136
   145
   135
   122
   128
   106
    77
    69
    75
    85
   111
    96
    75
    67
    66
    81
    88
    82
    68
    59
    61
    70
    84
    85
    85
    95
    99
   102
    98
   100
    94
    84
    84
    87
    99
   107
   102
    99
    98
    92
    93
   106
   118
   101
    84
    51
    66
    63
    42
    30
    36
    28
    33
    34
    28
    29
    29
    32
    27
    28
    30
    32
    33
    32
    35
    33
    36
    35
    39
    42
    43
    41
    40
    42
    54
    55
    55
    56
    63
    64
    80
    97
    81
    83
    92
    95
    92
    86
   101
   124
   133
   124
   124
   135
   125
   130
   136
   132
   146
   156
   156
   148
   134
   128
   120
   116
   115
   123
   128
   154
   159
   149
   136
   132
   135
   137
   136
   130
   128
   129
   140
   133
   155
   163
   123
    96
    79
    55
    46
    46
    71
    80
    81
    83
    93
    98
    95
   103
   100
   101
    98
    99
    88
    92
    98
    97
    96
    89
    90
    92
    82
   102
   119
   117
    91
    80
    52
    62
    70
    49
    41
    29
    24
    24
    22
    28
    28
    29
    29
    25
    25
    28
    26
    33
    33
    36
    34
    34
    36
    37
    43
    42
    34
    35
    46
    41
    45
    56
    43
    52
    46
    66
    67
    79
    76
    75
    78
    89
    96
    88
    86
    93
    93
   115
   136
   135
   154
   154
   149
   144
   140
   138
   142
   149
   145
   144
   145
   155
   154
   149
   130
   115
   115
   123
   130
   131
   139
   133
   130
   134
   134
   127
   125
   121
   118
   154
   167
   145
   144
   116
    99
    92
    86
    92
   103
   105
   111
   110
   109
   101
    94
    99
   102
    99
    98
    96
    99
    96
    88
    92
    97
    99
   119
   124
   106
    76
    79
    60
    53
    82
    50
    45
    32
    31
    25
    25
    29
    27
    27
    29
    25
    28
    29
    31
    27
    33
    33
    31
    33
    37
    41
    45
    37
    39
    38
    40
    43
    38
    35
    44
    61
    50
    62
    46
    66
    69
    77
    76
    73
    74
    76
    75
    81
    86
   113
    98
   115
   131
   108
   123
   120
   113
    95
   102
   119
   128
   137
   129
   129
   123
   132
   135
   131
   121
   102
   102
    99
    85
    94
   113
   108
    95
    93
   106
   111
   111
   111
   103
   123
   129
   118
   149
   163
   163
   162
   169
   159
   152
   138
   132
   128
   127
   135
   132
   122
   109
   113
   115
   113
   116
   116
   119
   117
   124
   106
    87
    73
    88
    80
    57
    84
    59
    36
    32
    24
    27
    27
    29
    26
    24
    26
    27
    27
    28
    30
    26
    27
