    52
    51
    52
    56
    52
    54
    53
    49
    48
    51
    50
    51
    56
    51
    49
    47
    54
    53
    56
    56
    73
    70
    61
    47
    44
    40
    44
    48
    46
    45
    48
    54
    69
    71
    80
    71
    70
    50
    36
    36
    37
    27
    22
    40
    61
    51
    32
    22
    25
    28
    34
    29
    24
    29
    32
    32
    31
    22
    20
    14
     5
    27
    27
    20
     5
     1
    10
    24
    41
    58
    55
    51
    56
    55
    48
    49
    55
    58
    57
    57
    56
    59
    54
    57
    57
    64
    56
    54
    56
    60
    56
    62
    47
    56
    58
    56
    48
    51
    52
    57
    65
    63
    63
    59
    62
    66
    67
    59
    58
    62
    60
    59
    48
    45
    48
    47
    45
    44
    49
    53
    51
    57
    50
    50
    54
    54
    54
    51
    52
    57
    53
    62
    63
    62
    60
    52
    41
    57
    52
    50
    42
    41
    47
    48
    45
    43
    44
    46
    40
    40
    46
    47
    33
    51
    57
    49
    35
    20
    21
    27
    27
    27
    25
    27
    29
    28
    24
    26
    28
    29
    26
    70
   162
   194
   207
   212
   207
   181
   150
    93
    57
    26
    14
    33
    44
    51
    55
    52
    56
    55
    56
    57
    63
    58
    57
    56
    57
    53
    59
    60
    57
    54
    56
    54
    63
    61
    62
    66
    63
    64
    60
    59
    63
    60
    57
    61
    60
    62
    56
    66
    63
    60
    56
    71
    47
    54
    48
    46
    50
    51
    48
    46
    49
    48
    51
    54
    53
    50
    51
    50
    58
    57
    66
    67
    65
    61
    35
    39
    48
    50
    42
    38
    40
    43
    49
    51
    52
    60
    53
    53
    59
    45
    39
    54
    70
    50
    29
    28
    31
    32
    37
    31
    30
    32
    30
    27
    27
    25
    29
    26
    31
    29
    64
   159
   170
   157
   132
   146
   164
   175
   200
   225
   220
   191
   137
    83
    53
    27
    20
    41
    50
    51
    49
    47
    46
    55
    59
    56
    60
    57
    58
    60
    61
    66
    63
    64
    61
    62
    60
    59
    60
    61
    63
    58
    58
    60
    62
    57
    58
    57
    55
    57
    59
    57
    56
    61
    50
    49
    52
    53
    55
    50
    51
    51
    50
    51
    48
    52
    49
    49
    49
    52
    55
    55
    66
    65
    55
    33
    47
    51
    38
    38
    42
    51
    48
    35
    41
    40
    38
    32
    40
    35
    35
    48
    50
    48
    35
    35
    41
    35
    30
    28
    22
    26
    28
    21
    23
    25
    23
    25
    19
    28
    25
    25
   102
   185
   167
    63
    59
    76
    91
    96
   102
   115
   129
   156
   186
   205
   206
   170
   112
    49
    23
    37
    45
    51
    51
    50
    46
    53
    57
    58
    57
    57
    62
    57
    57
    62
    52
    61
    62
    63
    60
    60
    59
    61
    63
    60
    56
    58
    59
    55
    57
    55
    54
    55
    39
    61
    53
    49
    48
    49
    48
    52
    49
    46
    51
    51
    50
    53
    55
    44
    38
    50
    48
    69
    71
    59
    30
    48
    56
    37
    32
    40
    44
    45
    39
    41
    35
    34
    32
    31
    27
    49
    48
    40
    40
    41
    49
    33
    29
    33
    28
    26
    22
    22
    17
    28
    20
    16
    19
    25
    26
    32
    30
    38
    79
   173
   207
   135
   103
   137
   145
   156
   153
   142
   153
   160
   158
   164
   173
   172
   191
   202
   153
    51
    25
    48
    50
    47
    49
    48
    45
    47
    55
    49
    50
    56
    57
    51
    62
    63
    60
    60
    58
    52
    52
    52
    55
    56
    53
    54
    60
    56
    54
    57
    59
    58
    47
   196
    51
    50
    49
    48
    49
    47
    50
    49
    47
    55
    52
    46
    46
    50
    52
    53
    71
    67
    46
    37
    50
    32
    19
    25
    37
    42
    50
    42
    41
    41
    46
    47
    48
    45
    53
    60
    54
    47
    42
    43
    31
    33
    24
    12
    16
    17
    25
    24
    24
    17
    25
    24
    27
    21
    23
    22
    32
    36
    51
   160
   208
   203
   189
   197
   202
   201
   203
   214
   221
   220
   221
   221
   217
   207
   195
   184
   204
   194
    95
    26
    45
    50
    47
    50
    48
    50
    44
    46
    48
    47
    48
    47
    47
    52
    53
    50
    49
    53
    55
    55
    59
    53
    58
    57
    54
    53
    56
    56
    53
    33
   144
   215
    45
    47
    48
    49
    49
    50
    49
    52
    52
    59
    45
    41
    38
    40
    53
    61
    65
    58
    55
    57
    40
    46
    52
    50
    55
    54
    47
    45
    47
    43
    43
    34
    56
    79
    80
    59
    51
    42
    46
    36
    29
    22
    35
    49
    51
    47
    36
    34
    53
    73
    70
    58
    62
    50
    58
    60
    52
    41
    45
    65
   162
   217
   224
   229
   213
   205
   208
   212
   208
   201
   183
   181
   182
   182
   189
   192
   186
   201
   179
   128
    39
    30
    46
    50
    46
    48
    44
    47
    51
    47
    46
    49
    46
    49
    46
    56
    60
    52
    59
    52
    54
    53
    56
    58
    52
    54
    58
    61
    54
    72
   214
   211
    52
    51
    47
    48
    49
    53
    51
    50
    59
    51
    33
    34
    39
    45
    66
    73
    54
    52
    48
    49
    53
    48
    45
    52
    54
    46
    50
    53
    49
    47
    49
    71
    70
    65
    44
    39
    37
    31
    17
    21
    32
    60
    68
    50
    21
    16
    26
    39
    41
    39
    40
    58
    77
    62
    61
    70
    60
    79
    64
    43
    28
    41
    88
   140
   163
   199
   223
   210
   201
   188
   174
   181
   171
   163
   175
   190
   186
   182
   188
   193
   166
    62
    47
    44
    45
    40
    40
    43
    43
    43
    40
    39
    42
    47
    46
    44
    52
    49
    49
    60
    51
    56
    54
    53
    55
    54
    58
    34
    31
   183
   223
   222
    44
    47
    50
    51
    48
    54
    46
    50
    44
    30
    29
    32
    38
    61
    70
    65
    66
    60
    59
    48
    48
    47
    55
    58
    53
    60
    52
    59
    70
    86
    81
    75
    79
    61
    56
    41
    25
    18
    29
    47
    73
    85
    88
    81
    96
   120
   138
   142
   144
   147
   146
   153
   160
   174
   182
   182
   186
   178
   177
   159
   127
   109
    83
    51
    35
    66
    90
    89
    80
   106
   141
   163
   179
   178
   205
   216
   215
   212
   208
   198
   188
   115
    42
    45
    43
    45
    52
    46
    45
    42
    45
    46
    46
    43
    44
    48
    44
    49
    54
    48
    52
    54
    51
    54
    53
    53
    32
    82
   192
   227
   182
   158
    55
    48
    52
    50
    57
    44
    50
    49
    29
    25
    28
    35
    60
    61
    62
    72
    60
    47
    29
    26
    43
    57
    61
    55
    59
    65
    78
    82
    96
   108
    97
    61
    33
    20
    24
    48
    79
   114
   146
   161
   164
   160
   159
   173
   187
   193
   195
   200
   200
   197
   198
   200
   204
   205
   202
   205
   203
   208
   206
   209
   211
   207
   205
   197
   179
   156
   118
   100
    90
    68
    45
    50
    55
    70
    87
   142
   184
   184
   198
   218
   198
   149
    60
    43
    50
    49
    42
    53
    51
    50
    54
    47
    38
    45
    42
    48
    52
    50
    45
    46
    49
    46
    57
    56
    57
    29
   122
   231
   206
   149
   130
   135
    44
    51
    51
    45
    45
    50
    41
    33
    35
    28
    31
    49
    64
    71
    64
    41
    35
    43
    68
    84
    60
    49
    56
    64
    74
    84
    82
    94
   106
    85
    52
    24
    53
   110
   152
   178
   192
   199
   196
   195
   190
   192
   197
   197
   198
   197
   194
   195
   196
   199
   200
   200
   199
   197
   196
   199
   203
   201
   201
   199
   201
   200
   198
   199
   201
   196
   197
   192
   186
   176
   165
   138
   118
    99
    73
    42
    24
    36
    48
    93
   125
   114
    47
    41
    38
    42
    42
    41
    37
    49
    45
    46
    51
    49
    51
    43
    40
    45
    50
    51
    53
    57
    53
    48
    25
   117
   223
   172
   128
   144
   129
   127
    49
    50
    46
    54
    49
    37
    27
    30
    26
    43
    56
    60
    62
    54
    47
    41
    55
    57
    51
    37
    39
    53
    78
   112
    94
    70
    87
    94
    82
    62
    45
   116
   185
   214
   211
   204
   202
   199
   199
   198
   200
   198
   197
   196
   198
   201
   210
   203
   202
   205
   202
   190
   191
   195
   203
   203
   202
   202
   203
   201
   202
   198
   193
   193
   192
   189
   185
   182
   182
   180
   183
   178
   180
   163
   143
   123
   100
    80
    69
    49
    50
    64
    85
    59
    61
    57
    49
    48
    50
    45
    50
    48
    47
    53
    44
    45
    50
    53
    44
    48
    47
    49
    50
    37
   110
   228
   178
   155
   162
   133
   142
   142
    54
    52
    52
    50
    42
    36
    38
    31
    41
    52
    60
    57
    50
    45
    35
    47
    54
    43
    40
    47
    56
    80
    87
    68
    66
    88
    87
    79
    70
    64
   132
   185
   208
   210
   206
   206
   202
   201
   200
   201
   196
   199
   196
   197
   200
   184
   158
   161
   162
   162
   146
   146
   178
   194
   203
   204
   202
   204
   204
   202
   199
   198
   195
   196
   195
   197
   198
   200
   197
   198
   194
   187
   171
   152
   157
   160
   155
   143
   122
   102
   110
    88
    97
    78
    64
    53
    61
    63
    53
    55
    53
    49
    50
    35
    48
    48
    43
    43
    57
    51
    49
    47
    31
    89
   214
   176
   153
   164
   144
   143
   135
   107
    49
    53
    53
    51
    34
    27
    33
    33
    52
    50
    52
    48
    46
    31
    37
    40
    36
    44
    54
    55
    77
    82
    72
    74
    64
    75
    97
    94
    91
   119
   177
   199
   208
   208
   206
   205
   204
   204
   204
   201
   200
   197
   202
   188
   142
    87
    94
    99
   105
   126
   142
   164
   188
   201
   206
   207
   210
   209
   207
   206
   205
   206
   203
   202
   201
   200
   199
   198
   199
   199
   194
   186
   182
   189
   178
   187
   181
   172
   171
   160
   164
   136
   121
   107
    91
    77
    62
    61
    76
    68
    63
    49
    52
    64
    47
    48
    48
    47
    36
    45
    46
    37
    64
   206
   175
   149
   152
   147
   148
   150
   164
   167
    53
    49
    50
    47
    25
    27
    35
    51
    48
    43
    42
    43
    38
    35
    46
    46
    47
    45
    53
    74
    88
    80
    62
    59
    86
    94
    92
    86
   119
   178
   191
   201
   206
   206
   208
   209
   206
   205
   204
   200
   191
   191
   173
   118
   100
    89
    90
   109
   136
   154
   170
   188
   195
   204
   209
   208
   207
   208
   207
   206
   207
   209
   209
   207
   209
   204
   202
   203
   200
   188
   190
   192
   180
   183
   174
   165
   176
   177
   180
   159
   142
   145
   144
   141
   129
   144
   137
   114
    90
    65
    62
    75
    59
    62
    75
    68
    63
    58
    48
    27
    22
    53
   192
   173
   121
   109
   104
   112
   123
   142
   147
   146
    47
    59
    59
    30
    23
    38
    44
    54
    46
    50
    49
    50
    37
    38
    51
    51
    49
    66
    80
    87
    81
    53
    55
    85
    81
    81
    73
   107
   177
   191
   198
   206
   204
   208
   208
   207
   210
   206
   199
   193
   198
   173
    96
    87
    92
    76
   101
   151
   161
   187
   189
   195
   201
   206
   209
   211
   208
   205
   206
   208
   210
   209
   209
   210
   204
   207
   209
   206
   202
   198
   191
   190
   192
   185
   184
   182
   182
   188
   173
   167
   165
   149
   160
   160
   165
   157
   159
   150
   139
   122
   100
    74
    59
    46
    62
    66
    69
    63
   101
   125
   139
   158
   154
   125
   119
   117
   118
   114
   116
    91
    42
     9
    54
    45
    45
    31
    36
    37
    42
    38
    35
    40
    41
    44
    53
    47
    51
    45
    44
    60
    72
    72
    47
    57
    75
    71
    78
    85
   113
   159
   173
   193
   206
   207
   207
   204
   207
   203
   202
   197
   198
   196
   168
    99
    92
   102
    87
   119
   151
   182
   191
   193
   205
   183
   175
   164
   189
   198
   200
   206
   209
   210
   209
   209
   210
   206
   211
   209
   205
   204
   204
   199
   201
   201
   198
   196
   196
   199
   200
   192
   182
   185
   180
   185
   178
   162
   155
   147
   146
   161
   165
   152
   132
   111
   112
    84
    53
    34
    40
    51
    53
    63
    61
    99
   159
   181
   171
   175
   173
   173
   174
   175
   175
   165
    54
    49
    39
    27
    34
    36
    40
    49
    53
    49
    51
    58
    59
    59
    56
    47
    61
    79
    64
    49
    62
    52
    61
    78
    89
   117
   150
   174
   198
   206
   204
   204
   204
   205
   203
   205
   199
   194
   193
   178
   136
   102
    98
    77
    85
   132
   176
   193
   202
   188
   139
   132
   127
   117
   171
   197
   204
   207
   209
   209
   208
   209
   208
   209
   207
   207
   207
   205
   204
   203
   204
   198
   198
   199
   196
   194
   201
   204
   201
   195
   187
   169
   185
   182
   185
   184
   181
   173
   152
   145
   148
   130
   133
   118
   108
    88
    57
    55
    44
    50
    59
    53
    48
    91
   135
   171
   173
   175
   170
   171
   181
   176
    45
    50
    38
    36
    36
    39
    43
    45
    47
    55
    53
    48
    49
    45
    46
    49
    46
    42
    40
    54
    53
    65
    84
    90
   108
   126
   166
   197
   209
   207
   205
   206
   203
   204
   204
   201
   200
   196
   189
   170
   121
    82
    88
    96
    98
   153
   186
   199
   185
   150
   158
   121
    84
   146
   186
   200
   210
   211
   209
   210
   210
   209
   209
   210
   209
   206
   206
   207
   209
   207
   202
   204
   205
   203
   202
   202
   196
   192
   199
   195
   194
   187
   179
   176
   165
   166
   151
   154
   163
   163
   150
   156
   157
   151
   136
   125
   114
    95
    73
    62
    58
    53
    55
    33
    59
   147
   177
   173
   175
   175
   167
   175
    55
    48
    40
    40
    38
    42
    46
    56
    44
    43
    52
    46
    45
    48
    47
    44
    44
    48
    53
    54
    67
    79
    85
    98
   109
   165
   200
   204
   203
   202
   203
   204
   205
   203
   205
   200
   195
   192
   179
   141
   107
    85
    85
    75
    97
   149
   188
   188
   167
   170
   111
    44
    86
   147
   200
   210
   210
   211
   209
   209
   209
   209
   208
   207
   208
   207
   207
   207
   208
   209
   207
   206
   203
   202
   204
   204
   203
   199
   200
   200
   199
   190
   187
   185
   176
   183
   173
   169
   163
   161
   158
   152
   146
   151
   153
   130
   141
   116
   109
    90
    58
    63
    69
    50
    56
    92
   161
   188
   174
   167
   169
   173
    55
    48
    49
    35
    37
    34
    42
    44
    45
    53
    49
    38
    41
    40
    42
    46
    42
    49
    56
    61
    69
    68
    86
   117
   175
   196
   198
   201
   205
   204
   203
   204
   201
   203
   201
   197
   196
   187
   159
   123
   101
    78
    66
    64
   110
   162
   190
   183
   167
    94
    57
   115
   129
   178
   210
   211
   214
   209
   207
   208
   209
   208
   207
   205
   206
   208
   208
   207
   211
   208
   206
   206
   208
   207
   207
   205
   202
   194
   199
   200
   194
   190
   190
   191
   191
   181
   173
   163
   158
   161
   160
   163
   157
   143
   142
   143
   155
   146
   122
   105
    99
    98
    83
    77
    60
    54
    71
   118
   175
   178
   174
   181
    45
    41
    39
    41
    35
    40
    46
    46
    56
    43
    42
    39
    35
    38
    39
    45
    64
    79
    71
    65
    75
   111
   147
   180
   198
   199
   201
   201
   200
   200
   203
   202
   199
   200
   200
   202
   191
   181
   162
   135
   113
    84
    62
    57
   116
   170
   187
   188
   151
    98
   173
   200
   162
   171
   198
   209
   206
   208
   207
   206
   204
   207
   206
   209
   207
   205
   204
   206
   206
   208
   207
   208
   205
   204
   205
   202
   192
   188
   189
   193
   199
   200
   190
   185
   177
   184
   167
   166
   169
   159
   157
   153
   149
   164
   158
   138
   129
   122
   125
   130
   108
   104
    89
    83
    66
    53
    47
    28
    99
   179
   188
   171
    44
    42
    42
    46
    36
    50
    41
    44
    50
    47
    31
    43
    49
    51
    55
    66
    69
    55
    65
    87
   126
   149
   177
   187
   186
   196
   200
   201
   201
   201
   199
   200
   201
   201
   200
   199
   198
   180
   173
   147
   111
    82
    55
    69
   126
   178
   182
   173
   128
   136
   160
   205
   184
   185
   210
   206
   200
   204
   205
   206
   202
   198
   201
   201
   206
   206
   206
   208
   206
   204
   204
   203
   202
   198
   192
   191
   196
   191
   189
   194
   189
   193
   188
   190
   195
   191
   189
   179
   170
   168
   166
   167
   160
   155
   155
   149
   149
   152
   147
   114
   120
   102
   113
   108
    98
    76
    61
    56
    34
    48
   131
   172
    41
    39
    44
    42
    48
    45
    44
    46
    50
    42
    40
    50
    47
    50
    62
    55
    43
    63
    94
   125
   137
   163
   179
   188
   192
   197
   200
   198
   199
   197
   198
   199
   200
   199
   200
   201
   194
   187
   172
   151
   101
    56
    50
    70
   129
   181
   162
   122
    96
   126
    83
   171
   175
   161
   189
   190
   193
   192
   197
   200
   201
   202
   202
   201
   203
   203
   206
   203
   202
   200
   203
   202
   196
   193
   193
   190
   185
   182
   183
   176
   184
   187
   179
   172
   172
   168
   173
   175
   168
   155
   156
   153
   155
   167
   160
   166
   139
   136
   140
   121
   113
   110
   104
    98
    62
    55
    49
    44
    43
    52
    86
   119
    39
    41
    45
    45
    37
    38
    42
    49
    41
    34
    35
    33
    39
    45
    44
    55
    68
    93
   119
   137
   163
   179
   187
   193
   197
   197
   196
   198
   195
   194
   196
   197
   201
   202
   203
   201
   194
   185
   180
   142
    92
    76
    56
    82
   147
   177
   148
    90
    20
    58
   101
   129
   162
   173
   185
   186
   191
   192
   199
   204
   201
   202
   204
   202
   201
   204
   203
   204
   204
   201
   199
   199
   194
   188
   180
   177
   178
   181
   185
   176
   162
   157
   164
   168
   158
   162
   158
   155
   164
   160
   152
   161
   164
   162
   167
   160
   166
   148
   143
   131
   122
   107
    95
    81
    86
    74
    74
    66
    62
    56
    48
   108
    45
    47
    36
    40
    37
    36
    47
    52
    44
    34
    28
    35
    42
    37
    37
    58
    97
   121
   135
   153
   169
   178
   191
   192
   196
   192
   193
   190
   195
   196
   194
   195
   196
   201
   204
   203
   199
   197
   181
   139
    84
    55
    45
    80
   161
   180
   168
   126
   100
    27
   114
   131
   152
   172
   177
   185
   184
   188
   192
   194
   199
   199
   198
   201
   203
   203
   203
   204
   199
   198
   196
   191
   188
   185
   180
   175
   179
   184
   182
   169
   149
   140
   123
   108
   140
   145
   157
   162
   158
   158
   161
   169
   167
   163
   169
   175
   161
   156
   141
   124
   115
    89
    93
    86
    65
    65
    60
    61
    56
    61
    76
    63
    49
    40
    40
    35
    33
    41
    49
    47
    35
    32
    41
    35
    28
    21
    39
    90
   120
   134
   146
   160
   171
   184
   190
   191
   191
   193
   195
   190
   190
   188
   192
   195
   195
   198
   201
   200
   202
   195
   177
   132
    75
    50
    38
    86
   165
   166
   126
    67
    64
    99
   122
   135
   130
   159
   174
   180
   189
   191
   194
   198
   200
   197
   203
   202
   204
   205
   203
   201
   202
   195
   194
   186
   181
   176
   173
   182
   188
   192
   179
   141
   111
    96
    72
    92
    95
   100
   114
   109
   115
   127
   159
   179
   187
   178
   161
   155
   170
   140
   127
   122
   125
   106
    77
    74
    73
    73
    49
    41
    53
    55
    40
    46
    36
    44
    39
    36
    40
    49
    43
    40
    33
    35
    35
    25
    25
    38
    65
   113
   130
   142
   154
   168
   178
   183
   189
   194
   198
   196
   192
   189
   190
   191
   192
   194
   197
   199
   203
   207
   206
   202
   185
   134
    78
    56
    50
    83
   157
   149
   113
    55
    73
    99
   117
   167
   171
   179
   175
   177
   188
   195
   197
   195
   196
   202
   200
   202
   205
   202
   201
   200
   195
   189
   183
   172
   171
   170
   177
   181
   175
   167
   139
   104
    91
    95
   100
    99
   105
   109
   129
   140
   142
   158
   157
   173
   175
   174
   170
   163
   161
   151
   168
   153
   126
   117
   107
   111
    94
    78
    67
    58
    58
    44
    48
    41
    45
    34
    33
    32
    40
    47
    46
    42
    31
    36
    32
    33
    30
    35
    82
   128
   140
   146
   158
   168
   178
   184
   187
   193
   190
   191
   188
   187
   188
   190
   190
   190
   194
   198
   200
   201
   201
   197
   175
   120
    75
    63
    53
    89
   155
   142
   110
   112
   141
   158
   187
   172
   160
   171
   170
   167
   181
   186
   191
   192
   199
   200
   201
   198
   199
   202
   197
   193
   187
   177
   177
   171
   173
   178
   181
   188
   187
   158
   128
   112
   103
    95
    97
   104
    94
    97
   121
   127
   137
   167
   170
   176
   179
   184
   175
   176
   171
   157
   172
   170
   164
   145
   131
   121
   103
    91
    81
    65
    54
    37
    38
    48
    45
    37
    25
    36
    39
    51
    51
    40
    33
    30
    35
    30
    29
    48
    86
   132
   143
   153
   161
   169
   178
   182
   187
   189
   192
   191
   189
   185
   186
   187
   188
   193
   193
   197
   202
   203
   199
   193
   171
   118
    84
    58
    65
    97
   136
   139
   111
   114
   173
   188
   181
   163
   180
   173
   165
   183
   192
   192
   195
   200
   201
   201
   204
   204
   204
   199
   197
   189
   181
   166
   163
   167
   178
   185
   193
   187
   147
   116
   115
   116
    93
    99
   106
    79
    76
   109
   133
   156
   164
   175
   178
   186
   186
   186
   176
   175
   177
   184
   188
   178
   150
   131
   123
   127
   112
   125
   115
    98
    78
    54
    39
    36
    38
    31
    37
    32
    45
    44
    41
    33
    42
    33
    28
    25
    30
    55
    97
   135
   148
   152
   163
   169
   177
   180
   189
   191
   192
   192
   189
   188
   187
   189
   189
   190
   197
   200
   199
   201
   200
   190
   170
   114
    78
    65
    69
   100
   131
   139
   108
    98
   134
   158
   162
   154
   155
   165
   173
   189
   189
   194
   197
   198
   203
   206
   205
   204
   203
   197
   191
   182
   172
   160
   173
   186
   194
   205
   196
   154
   127
   120
   107
   104
   113
   122
   141
   100
    44
    97
   156
   178
   188
   182
   172
   172
   175
   180
   168
   174
   182
   185
   179
   168
   166
   152
   161
   148
   145
   122
   109
   108
    96
    67
    42
    33
    41
    38
    36
    39
    40
    38
    41
    37
    42
    30
    37
    35
    31
    63
   108
   138
   153
   165
   169
   177
   179
   179
   186
   187
   190
   192
   191
   187
   185
   183
   182
   192
   193
   193
   198
   199
   200
   190
   170
   127
    84
    62
    70
   113
   138
   146
   108
   101
   109
   134
   131
   155
   161
   159
   182
   186
   196
   199
   200
   206
   207
   208
   212
   208
   198
   189
   177
   163
   161
   168
   186
   197
   202
   199
   187
   167
   124
   104
   105
   103
    98
   109
   125
   102
    43
    58
   127
   172
   182
   174
   172
   160
   138
   154
   149
   153
   173
   173
   175
   179
   187
   167
   161
   137
   139
   132
   118
    99
    82
    72
    49
    35
    44
    38
    23
    47
    55
    55
    32
    32
    35
    31
    25
    27
    38
    66
   120
   143
   159
   166
   171
   171
   178
   184
   184
   181
   187
   192
   191
   188
   184
   182
   184
   186
   192
   197
   203
   201
   194
   187
   168
   141
    99
    72
    81
   115
   141
   152
   111
   108
    91
   157
   169
   148
   162
   173
   182
   194
   201
   205
   207
   202
   204
   210
   211
   207
   194
   186
   195
   194
   190
   184
   185
   199
   201
   198
   169
   123
   109
   104
   115
   134
   152
   139
    96
    62
    31
    39
   125
   152
   162
   171
   164
   154
   132
   135
   159
   170
   163
   165
   173
   179
   169
   149
   131
   136
   105
    98
    94
    90
    81
    63
    61
    49
    40
    35
    39
    41
    56
    56
    52
    42
    40
    36
    37
    36
    42
    73
   113
   143
   160
   161
   167
   178
   179
   181
   185
   183
   193
   195
   192
   188
   182
   182
   182
   184
   187
   197
   201
   197
   196
   190
   175
   160
   134
   110
   103
   128
   147
   149
   128
   109
    98
   111
   135
   162
   169
   177
   195
   201
   200
   198
   200
   204
   200
   194
   185
   174
   176
   178
   169
   158
   138
   162
   190
   186
   194
   166
   115
    94
   103
   127
   120
   143
   136
   103
    71
    68
    56
    35
    92
   153
   168
   167
   168
   155
   160
   159
   152
   152
   155
   157
   174
   180
   172
   126
   126
   133
   118
   114
   103
    78
    53
    60
    58
    58
    45
    24
    34
    45
    47
    54
    41
    30
    36
    35
    41
    34
    47
    68
   116
   149
   164
   170
   172
   178
   178
   177
   183
   188
   192
   194
   191
   187
   182
   179
   181
   187
   185
   195
   198
   201
   197
   191
   186
   173
   156
   133
   127
   148
   164
   153
   148
   112
    98
    82
   144
   171
   165
   187
   190
   188
   190
   191
   193
   187
   183
   181
   186
   201
   202
   174
   164
   117
    61
   104
   183
   180
   158
   121
   113
    99
    92
   100
   112
   101
   101
    77
    67
    65
   102
   134
    46
   123
   158
   172
   177
   174
   154
   160
   173
   158
   141
   148
   146
   155
   160
   166
   154
   133
   106
   105
    95
   102
    91
    65
    67
    50
    48
    40
    30
    41
    46
    42
    41
    36
    37
    33
    41
    55
    66
    91
   110
   141
   167
   169
   171
   175
   180
   182
   184
   187
   189
   192
   189
   188
   187
   181
   178
   182
   185
   188
   199
   200
   197
   193
   191
   186
   179
   165
   160
   171
   190
   182
   170
   164
   145
   137
   177
   191
   183
   183
   182
   182
   179
   179
   178
   173
   182
   183
   186
   199
   204
   187
   174
   162
    59
    52
   131
   138
   110
   103
    99
   104
   100
   116
   131
   112
    83
    67
    57
    39
    52
    39
    10
    44
   125
   158
   165
   150
   137
   145
   154
   145
   134
   131
   121
   133
   149
   154
   140
   138
   128
   121
   124
   108
    88
    69
    51
    45
    44
    41
    41
    35
    45
    55
    50
    47
    31
    38
    37
    52
    67
    89
   117
   131
   153
   167
   175
   178
   178
   182
   186
   188
   191
   196
   193
   189
   183
   178
   176
   181
   184
   197
   204
   201
   197
   196
   192
   192
   187
   191
   196
   201
   200
   196
   184
   171
   184
   193
   179
   177
   173
   173
   175
   180
   182
   179
   188
   191
   174
   172
   177
   189
   180
   160
   145
   156
   157
   165
   153
   128
   129
   118
   108
   122
   121
   127
   116
   107
    99
    65
    67
   103
   134
   131
    57
   118
    83
   140
   170
   169
   144
   138
   145
   131
   119
   119
   130
   140
   149
   157
   146
   115
   127
   130
   119
   124
   102
    66
    59
    53
    35
    44
    38
    49
    58
    44
    46
    35
    46
    39
    44
    34
    49
    67
    99
   133
   151
   156
   172
   178
   181
   185
   188
   193
   194
   193
   188
   189
   185
   183
   181
   178
   182
   191
   200
   202
   195
   192
   194
   190
   194
   203
   213
   215
   209
   205
   205
   195
   184
   167
   180
   184
   181
   178
   179
   176
   185
   191
   190
   192
   181
   168
   189
   196
   173
   145
   121
   110
   124
   147
   123
   106
   102
   106
   127
   119
   124
   124
   124
   114
    96
    60
    37
    82
   136
   177
   125
   163
   198
   142
   168
   156
   133
   133
   132
   129
   126
   120
   102
   115
   135
   148
   110
   111
   123
   128
   109
    96
    88
    84
    66
    50
    43
    43
    47
    43
    48
    49
    49
    50
    36
    40
    37
    50
    57
    68
    86
   114
   136
   160
   164
   172
   181
   184
   190
   189
   196
   198
   194
   188
   184
   178
   175
   178
   180
   192
   199
   203
   200
   194
   187
   187
   187
   191
   201
   209
   212
   204
   194
   186
   172
   176
   167
   173
   180
   175
   179
   188
   184
   190
   208
   202
   191
   184
   195
   178
   159
   139
   115
    96
    81
   116
   130
   122
    91
    87
    84
    93
    94
    98
   132
   121
   100
    54
    72
   137
   174
   181
    93
    36
    75
   118
   152
   161
   142
   116
   118
   109
    90
    80
   128
   146
   132
   123
   131
   123
   109
    93
    95
    74
    69
    76
    70
    53
    36
    45
    47
    44
    48
    50
    36
    45
    47
    39
    43
    43
    48
    56
    75
   100
   134
   153
   169
   175
   179
   180
   183
   188
   192
   196
   196
   186
   183
   179
   175
   181
   182
   188
   194
   203
   202
   198
   193
   190
   187
   187
   189
   193
   195
   195
   185
   178
   174
   169
   161
   162
   159
   163
   167
   161
   164
   165
   170
   188
   179
   171
   184
   195
   166
   151
   117
    87
    73
    78
    99
    93
    82
    88
    84
    77
    73
   117
   155
   126
   109
    93
   110
   163
   199
   207
   178
   171
   176
   122
   147
   154
   135
   100
   104
    99
   100
   119
   125
   130
   130
   134
   128
   106
    87
   106
   118
   110
    80
    69
    64
    50
    37
    40
    41
    49
    35
    40
    41
    28
    29
    36
    37
    45
    57
    65
    76
    94
   122
   149
   168
   175
   179
   181
   181
   186
   190
   192
   194
   189
   184
   182
   180
   178
   184
   194
   196
   198
   195
   192
   190
   186
   184
   182
   196
   199
   193
   182
   171
   166
   166
   162
   157
   160
   153
   147
   149
   154
   147
   155
   159
   152
   160
   162
   180
   195
   166
   144
   126
    90
    82
    83
    76
    69
    56
    64
    75
    74
    93
   140
   171
   138
   110
    91
    96
   135
   164
   181
   143
   152
   160
   127
   147
   149
   121
    99
    91
    86
    79
    79
    88
    99
   108
    94
    91
    87
    97
    97
    88
    72
    47
    54
    42
    38
    32
    53
    51
    46
    46
    43
    49
    42
    40
    47
    55
    67
    71
    68
    79
    99
   126
   147
   168
   179
   180
   181
   184
   187
   188
   194
   190
   189
   187
   183
   181
   186
   186
   193
   198
   203
   198
   194
   188
   186
   187
   189
   200
   205
   192
   176
   168
   163
   155
   161
   155
   154
   148
   143
   152
   154
   153
   156
   160
   153
   152
   154
   159
   166
   158
   142
   118
    93
   102
   104
    78
    70
    74
    86
    88
   101
   129
   134
   160
   138
    99
    77
    89
   119
   150
   181
   143
   178
   197
   128
   146
   155
   126
   107
    91
   100
    88
    75
    82
    93
    84
    70
    62
    68
    85
    80
    64
    61
    68
    52
    40
    34
    37
    37
    43
    35
    31
    28
    40
    54
    59
    49
    60
    51
    47
    59
    81
   110
   128
   142
   163
   174
   178
   183
   188
   190
   193
   190
   187
   184
   180
   178
   181
   182
   188
   194
   201
   203
   201
   195
   186
   181
   180
   176
   183
   183
   179
   173
   167
   158
   150
   147
   146
   150
   150
   153
   147
   143
   145
   144
   149
   146
   150
   143
   151
   154
   146
   140
   117
   112
   105
    91
    66
    61
    81
    89
    94
    72
    71
   113
   148
   114
    86
    74
    57
    81
   117
   179
   160
   174
   190
   135
   147
   150
   133
   113
    91
    86
    85
    90
    71
    81
    74
   101
   119
   106
    99
    99
    98
    74
    65
    58
    51
    40
    25
    27
    43
    50
    38
    38
    29
    26
    34
    45
    40
    50
    57
    72
    91
   107
   122
   150
   166
   174
   179
   183
   193
   188
   190
   198
   199
   187
   181
   179
   185
   187
   190
   196
   205
   203
   198
   193
   186
   175
   175
   171
   172
   170
   168
   169
   169
   159
   148
   146
   145
   146
   153
   150
   149
   149
   145
   141
   142
   148
   146
   146
   148
   165
   185
   143
   114
   101
    91
    82
    65
    75
    84
    93
   100
   100
   104
   119
   124
   105
    85
    72
    46
    94
   113
   124
    81
   139
   151
   142
   160
   157
   114
    91
    82
    90
    67
    58
    69
    61
    91
    99
    79
    97
   104
   106
    98
    98
    81
    67
    67
    54
    35
    39
    33
    35
    42
    50
    52
    50
    49
    45
    54
    51
    58
    70
    91
   118
   148
   158
   166
   171
   175
   185
   187
   193
   194
   193
   186
   185
   185
   187
   183
   183
   187
   198
   203
   199
   184
   172
   169
   170
   167
   169
   173
   170
   162
   164
   170
   161
   151
   142
   139
   138
   140
   140
   143
   151
   151
   147
   144
   142
   146
   153
   146
   161
   195
   141
   113
    85
    48
   123
    99
    87
    98
   112
   109
    97
    95
    95
    98
    97
    80
    75
    85
   126
   172
   182
   131
   140
   140
   134
   149
   143
   115
    89
    95
    90
    87
    67
    68
    78
    63
    57
    73
    97
    85
    64
    52
    39
    55
    72
    64
    55
    36
    40
    37
    51
    64
    56
    40
    37
    42
    44
    47
    47
    48
    67
   101
   132
   149
   159
   168
   171
   177
   185
   188
   191
   191
   190
   189
   185
   179
   175
   182
   186
   192
   199
   200
   194
   188
   182
   169
   159
   156
   163
   175
   178
   163
   142
   135
   137
   139
   146
   147
   146
   143
   142
   142
   147
   151
   148
   147
   138
   140
   141
   147
   149
   162
   137
   117
    84
    26
   105
   126
   101
    90
    73
    84
    91
    89
    98
    96
    74
    73
    55
    84
   123
   156
   166
   127
   139
   138
   132
   142
   135
   113
    93
    97
    91
    80
    67
    67
    82
    92
   101
    94
    89
    84
   100
    99
    79
    61
    57
    55
    56
    30
    39
    56
    61
    61
    51
    57
    53
    50
    44
    44
    40
    51
    68
   114
   131
   147
   158
   165
   173
   176
   180
   189
   192
   192
   190
   185
   183
   179
   174
   180
   187
   193
   204
   206
   201
   191
   179
   165
   154
   148
   147
   160
   161
   147
   119
    99
   106
   130
   148
   157
   154
   154
   149
   150
   154
   160
   155
   146
   147
   142
   137
   136
   137
   145
   131
   117
   103
    48
    60
   111
   115
   103
    90
    87
    83
    92
   101
    98
    84
    69
    63
    95
   128
   163
   176
   139
   109
   123
   128
   141
   128
   114
    95
   107
    94
    80
    80
    64
    74
   101
    99
    97
   108
   118
   109
   107
    97
    84
    51
    33
    35
    40
    46
    55
    69
    58
    53
    35
    31
    30
    30
    35
    46
    48
    81
   111
   135
   149
   157
   167
   172
   175
   181
   187
   189
   190
   190
   183
   181
   175
   180
   181
   194
   198
   198
   199
   196
   185
   171
   158
   143
   128
   117
   129
   128
   109
    88
    96
   113
   125
   129
   136
   150
   156
   162
   157
   153
   154
   158
   159
   156
   159
   153
   147
   142
   137
   137
   134
   120
    80
    73
   112
   111
   103
   100
    81
    79
    99
   104
    91
    72
    63
    49
    85
   160
   180
   184
   130
    98
   122
   126
   132
   123
   112
   104
   100
    82
    74
    90
    93
    86
    86
   114
   125
   125
   106
    87
    88
    70
    59
    55
    54
    38
    29
    38
    36
    31
    39
    34
    34
    36
    31
    38
    42
    41
    51
    85
   109
   133
   151
   156
   165
   166
   166
   177
   182
   185
   186
   186
   182
   179
   175
   171
   181
   187
   195
   194
   191
   187
   173
   153
   139
   125
    99
   100
   100
    99
    96
   101
   111
   114
   131
   128
   114
   105
   132
   146
   155
   156
   160
   159
   166
   167
   161
   159
   152
   148
   142
   150
   161
   151
   134
   128
   122
   116
   109
    79
    72
    65
    74
    76
    97
    86
    66
    53
    53
    73
   110
    93
    51
   101
   122
   126
   131
   131
   115
   111
   115
   100
    98
    84
    85
    90
   123
   120
   117
   119
   125
   111
    90
    61
    51
    51
    49
    41
    44
    51
    53
    73
    62
    47
    45
    42
    46
    48
    48
    42
    59
    91
   123
   130
   147
   156
   159
   162
   171
   171
   181
   183
   184
   186
   183
   179
   176
   177
   178
   178
   183
   185
   186
   176
   169
   156
   110
    75
    65
    78
    81
    86
   104
   120
   125
   129
    71
    94
   145
   138
   127
   143
   148
   147
   155
   164
   162
   164
   166
   168
   165
   159
   153
   146
   144
   142
   120
    96
   103
   116
   138
   122
    91
    93
    86
    84
    90
    89
    69
    61
    66
    96
   123
    95
    40
   108
   129
   131
   137
   122
   114
   118
   108
   101
    93
    93
    91
   109
   124
   135
   110
   103
    88
    93
    75
    64
    52
    54
    43
    32
    46
    40
    49
    43
    52
    41
    37
    54
    52
    37
    25
    24
    59
    98
   125
   136
   140
   146
   158
   163
   166
   175
   181
   189
   185
   179
   176
   182
   180
   178
   174
   179
   180
   185
   187
   182
   167
   132
    92
    70
    66
    65
    78
    98
   119
   124
   116
   106
   102
   141
   158
   163
   155
   147
   158
   164
   159
   160
   169
   168
   170
   176
   176
   164
   148
   140
   123
   112
   104
   105
   117
   140
   156
   152
   131
    89
    83
    94
   103
   112
    81
    59
    53
    66
    74
    45
    55
   120
   128
   134
   135
   127
   125
   127
   115
   106
   101
   106
   112
   143
   151
   137
   120
   106
    97
    92
    92
   104
    87
    68
    40
    41
    37
    49
    47
    54
    58
    65
    72
    47
    28
    20
    30
    41
    71
   114
   132
   135
   143
   146
   156
   165
   169
   179
   183
   186
   185
   181
   177
   171
   171
   173
   174
   177
   177
   184
   188
   181
   166
   133
    91
    64
    59
    66
    76
   107
   132
   116
   115
    93
   100
   133
   150
   161
   164
   166
   155
   155
   164
   166
   166
   172
   173
   171
   171
   164
   158
   151
   151
   145
   148
   151
   149
   155
   158
   151
   133
   105
    93
    89
    88
    82
    77
    57
    48
    47
    36
    21
   100
   125
   130
   139
   142
   135
   136
   125
   117
   119
   114
   112
   115
   114
   108
   110
   110
   109
    99
    89
    78
    78
    61
    53
    58
    37
    29
    34
    50
    46
    55
    66
    47
    31
    26
    26
    29
    34
    69
   113
   125
   132
   144
   151
   161
   162
   171
   176
   178
   177
   183
   180
   175
   172
   169
   164
   173
   179
   180
   180
   182
   174
   163
   130
    97
    63
    49
    52
    74
   122
   135
   109
   105
    90
   135
   139
   134
   145
   163
   170
   170
   165
   161
   166
   175
   168
   171
   168
   168
   167
   169
   174
   163
   160
   159
   151
   150
   154
   159
   153
   146
   119
    92
    90
    86
    91
    87
    71
    48
    55
    62
    89
   123
   132
   141
   141
   139
   142
   139
   126
   128
   113
   113
   114
   118
   126
   126
   117
   113
   115
    85
    76
    74
    75
    62
    47
    29
    39
    39
    36
    35
    40
    40
    46
    40
    36
    29
    32
    33
    39
    85
   114
   126
   134
   140
   145
   156
   163
   168
   170
   175
   173
   167
   168
   172
   169
   168
   168
   169
   176
   177
   177
   173
   171
   164
   127
    82
    63
    47
    52
    83
   133
   130
   116
    95
   108
   140
   144
   144
   153
   154
   163
   183
   179
   170
   166
   172
   175
   169
   173
   175
   171
   165
   163
   174
   166
   158
   161
   157
   153
   155
   158
   148
   121
   104
    93
    91
    76
    88
    71
    48
    31
    40
   101
   126
   137
   149
   147
   147
   149
   143
   138
   121
   128
   125
   115
   136
   155
   150
   121
    99
   104
    96
    82
    61
    43
    44
    45
    41
    42
    29
    30
    29
    38
    39
    24
    29
    24
    29
    25
    26
    41
    81
   112
   121
   127
   138
   150
   157
   158
   167
   165
   167
   175
   174
   170
   169
   167
   168
   164
   167
   171
   174
   174
   171
   162
   149
   124
    79
    46
    36
    44
    90
   136
   121
   105
   105
   172
   194
   183
   155
   145
   148
   164
   172
   176
   179
   167
   173
   176
   176
   179
   174
   176
   178
   173
   169
   172
   166
   162
   167
   165
   159
   156
   154
   146
   117
   107
    94
    84
    70
    57
    46
    16
    55
   119
   134
   143
   148
   148
   156
   148
   150
   138
   146
   137
   120
   125
   131
   113
   101
   122
   116
   124
   106
   104
    94
    94
    83
    54
    60
    42
    26
    28
    44
    39
    40
    39
    24
    25
    29
    25
    30
    33
    78
   112
   124
   131
   141
   148
   152
   154
   159
   160
   164
   164
   168
   164
   166
   168
   166
   165
   166
   166
   173
   173
   161
   157
   149
   121
    75
    56
    41
    52
   106
   153
   131
   117
    87
    89
   133
   188
   162
   151
   157
   157
   167
   175
   179
   175
   168
   167
   180
   183
   178
   180
   179
   179
   180
   183
   171
   165
   161
   158
   162
   159
   154
   148
   117
   106
    95
    67
    59
    63
    40
    26
    89
   130
   134
   136
   145
   148
   152
   147
   142
   137
   129
   126
   143
   138
   133
   125
   128
   102
   111
   100
    92
    77
    68
    48
    44
    48
    43
    33
    32
    40
    37
    33
    25
    21
    23
    30
    32
    21
    24
    34
    65
   101
   116
   126
   134
   143
   146
   153
   159
   164
   165
   168
   167
   164
   164
   164
   163
   165
   167
   171
   172
   169
   164
   159
   150
   121
    76
    51
    45
    48
   117
   161
   128
   101
    62
    90
   104
   115
   160
   150
   165
   162
   163
   171
   172
   167
   165
   176
   178
   178
   180
   183
   176
   171
   179
   182
   173
   168
   161
   160
   154
   155
   159
   155
   141
   116
   106
    84
    57
    51
    65
    65
    96
   129
   139
   139
   136
   144
   147
   153
   149
   147
   142
   135
   136
   128
   108
   107
   100
   126
   106
    98
    88
    52
    42
    37
    28
    35
    30
    29
    29
    34
    32
    25
    21
    15
    17
    19
    20
    23
    25
    32
    57
   101
   120
   121
   131
   140
   148
   156
   159
   160
   162
   162
   160
   161
   162
   166
   166
   168
   170
   173
   172
   161
   153
   147
   135
   114
    73
    56
    52
    55
   121
   168
   147
   103
    51
    62
    89
   108
   143
   138
   144
   147
   159
   165
   171
   177
   178
   173
   178
   175
   179
   184
   185
   184
   181
   178
   174
   172
   164
   159
   155
   155
   151
   153
   153
   143
   112
    84
    75
    78
    71
    82
   104
   115
   125
   140
   144
   141
   147
   143
   148
   147
   145
   144
   146
   132
   118
   108
   113
    93
   104
    86
    66
    66
    48
    44
    48
    33
    39
    33
    33
    38
    29
    22
    22
    20
    32
    31
    21
    22
    23
    26
    58
    93
   106
   119
   134
   140
   148
   156
   158
   159
   161
   163
   162
   162
   160
   160
   163
   162
   162
   161
   162
   159
   148
   143
   130
   103
    78
    59
    41
    53
   118
   175
   153
   118
   121
    71
    35
    93
   124
   146
   170
   163
   160
   162
   175
   180
   168
   165
   171
   179
   178
   180
   181
   185
   183
   177
   175
   173
   169
   159
   151
   152
   152
   155
   144
   138
   122
   115
    90
    70
    74
    69
    86
   104
   108
   131
   152
   149
   145
   142
   146
   144
   136
   120
   137
   141
   113
   125
   114
   108
    87
    94
    99
    83
    61
    44
    35
    28
    26
    30
    36
    28
    30
    25
    20
    30
    32
    29
    26
    24
    25
    28
    38
    92
   113
   118
   123
   138
   150
   151
   158
   161
   157
   159
   162
   161
   164
   160
   161
   160
   164
   163
   162
   161
   150
   142
   125
   102
    64
    44
    43
    49
   120
   177
   156
   116
    48
    39
    74
    99
   117
   121
   120
   142
   151
   158
   164
   168
   176
   176
   177
   175
   176
   176
   184
   178
   181
   179
   177
   168
   166
   162
   153
   149
   150
   150
   157
   149
   131
   123
   121
   112
    98
    91
    93
   100
   100
   102
   123
   130
   144
   144
   129
   117
    98
   103
   102
   121
   120
   114
    96
    90
    86
    92
    69
    58
    54
    47
    49
    40
    30
    25
    27
    43
    38
    32
    27
    28
    34
    26
    25
    20
    24
    20
    40
    73
   103
   121
   129
   138
   143
   150
   154
   157
   156
   156
   159
   163
   160
   162
   160
   167
   166
   163
   164
   158
   148
   145
   130
   105
    71
    47
    35
    53
   112
   160
   159
   117
    49
    57
    78
    86
   145
   131
   134
   142
   146
   156
   165
   174
   169
   170
   175
   177
   175
   175
   167
   169
   172
   178
   177
   170
   168
   161
   158
   150
   148
   147
   155
   159
   150
   130
   126
   112
    89
    76
    73
    98
   116
   107
    92
   112
   145
   149
   143
   107
    94
    94
    88
    83
    85
    93
    99
    87
    72
    52
    53
    42
    45
    35
    34
    32
    39
    40
    31
    25
    34
    33
    26
    31
    29
    29
    25
    24
    24
    27
    33
    55
    81
    93
   107
   122
   137
   144
   154
   155
   158
   157
   159
   160
   160
   159
   163
   163
   165
   162
   159
   155
   148
   139
   120
    94
    68
    46
    43
    48
    91
   145
   153
   119
    87
    46
    80
   146
   161
   122
   138
   157
   155
   152
   165
   172
   173
   170
   169
   175
   174
   173
   174
   172
   173
   173
   171
   169
   164
   165
   162
   156
   148
   143
   147
   154
   157
   152
   147
   137
   128
   123
   105
   102
   122
   115
   111
    95
   108
   126
   125
   129
   112
    95
    77
    73
    74
    62
    72
    78
   106
    81
    64
    48
    41
    41
    38
    35
    29
    26
    24
    33
    39
    35
    27
    24
    36
    28
    28
    31
    28
    40
    44
    58
    80
    98
   106
   116
   132
   141
   148
   153
   155
   156
   157
   159
   159
   160
   156
   157
   158
   163
   162
   155
   148
   138
   126
    92
    67
    48
    35
    53
    88
   133
   155
   138
   107
    93
   124
   142
   153
   133
   126
   139
   147
   154
   160
   172
   171
   167
   169
   169
   168
   168
   170
   175
   173
   175
   169
   163
   164
   162
   158
   152
   155
   152
   148
   151
   154
   156
   156
   157
   153
   150
   145
   134
   133
   132
   118
   108
   105
   116
   120
   122
   127
   102
    79
   112
    96
    82
    68
    75
    71
    71
    67
    59
    43
    44
    43
    43
    34
    29
    28
    29
    27
    32
    25
    28
    36
    34
    25
    27
    53
    56
    63
    51
    56
    73
    90
   108
   126
   133
   140
   149
   151
   157
   158
   159
   161
   162
   158
   157
   163
   168
   164
   156
   149
   141
   123
    98
    68
    55
    42
    44
    83
   128
   154
   140
   119
    82
   150
   153
   146
   134
   152
   157
   150
   157
   162
   166
   169
   170
   173
   176
   167
   159
   162
   167
   168
   168
   168
   171
   166
   162
   158
   150
   148
   148
   147
   148
   149
   151
   158
   157
   158
   154
   151
   152
   146
   152
   139
   129
   114
   116
   121
   105
   103
   116
    96
    92
    94
    87
    63
    67
    54
    60
    57
    43
    43
    40
    40
    33
    33
    33
    28
    29
    28
    41
    33
    30
    37
    35
    33
    36
    33
    34
    35
    35
    35
    37
    64
    92
   111
   129
   133
   144
   152
   154
   156
   155
   155
   155
   157
   159
   158
   157
   153
   152
   154
   145
   119
    88
    66
    58
    52
    59
    80
   113
   134
   149
   132
   118
    45
    87
   102
   125
   158
   172
   169
   168
   171
   171
   171
   172
   175
   174
   174
   167
   164
   165
   167
   168
   164
   163
   160
   164
   159
   153
   149
   154
   147
   153
   160
   159
   158
   159
   155
   150
   151
   145
   131
   127
   119
   115
   112
   100
   111
   117
   106
   104
    96
    98
    86
    76
    71
    67
    73
    50
    41
    54
    49
    58
    55
    43
    29
    18
    23
    28
    30
    34
    31
    31
    35
    25
    32
    22
    25
    39
    31
    37
    30
    36
    37
    63
    99
   122
   130
   132
   140
   147
   150
   153
   155
   156
   160
   163
   162
   165
   163
   157
   153
   149
   130
    89
    59
    53
    53
    57
    64
    94
   134
   154
   140
   146
   101
    43
    82
   134
   167
   180
   180
   180
   173
   171
   172
   173
   171
   175
   174
   172
   173
   167
   162
   168
   175
   167
   168
   159
   154
   154
   155
   145
   150
   153
   155
   158
   148
   139
   133
   132
   122
   120
   135
   143
   135
   130
   119
   116
   109
   121
   118
   105
    83
    78
    84
    75
    82
    71
    53
    45
    68
    52
    49
    31
    27
    17
    29
    81
    22
    30
    29
    32
    34
    43
    39
    35
    29
    41
    27
    20
    42
    36
    36
    29
    31
    47
    76
   105
   127
   132
   131
   134
   143
   147
   152
   157
   164
   161
   165
   162
   161
   154
   151
   154
   147
   109
    56
    40
    53
    63
    67
    87
   112
   150
   162
   130
   130
    77
    49
   114
   161
   182
   183
   175
   178
   176
   173
   168
   170
   172
   173
   168
   163
   170
   165
   159
   160
   158
   160
   164
   154
   150
   147
   157
   165
   160
   162
   157
   159
   148
   148
   142
   136
   129
   129
   117
   114
   124
   121
   110
   107
    94
    79
    82
    90
    88
   101
    92
    79
    77
    72
    70
    47
    42
    56
    49
    41
    71
   107
   111
    27
    26
    37
    29
    32
    37
    36
    34
    33
    28
    32
    35
    30
    40
    39
    31
    28
    22
    44
    86
   114
   125
   130
   132
   140
   145
   149
   154
   160
   161
   167
   167
   164
   159
   150
   147
   151
   149
   106
    61
    53
    65
    79
    87
   106
   130
   157
   147
   109
   111
    84
    93
   131
   165
   177
   176
   176
   173
   171
   173
   170
   169
   171
   172
   166
   160
   164
   164
   165
   161
   151
   147
   162
   158
   156
   155
   158
   160
   154
   155
   144
   137
   133
   134
   130
   130
   128
   126
   108
   112
   106
   114
   110
   118
   101
    89
   101
    80
    80
    69
    83
    69
    61
    58
    57
    49
    34
    50
    53
    78
    96
   106
    27
    25
    26
    35
    37
    44
    32
    30
    34
    35
    39
    34
    25
    30
    37
    43
    30
    33
    37
    65
    96
   111
   122
   126
   129
   138
   146
   148
   156
   158
   167
   166
   165
   160
   158
   152
   148
   145
   129
    86
    65
    65
    67
    73
   102
   128
   145
   157
   142
   115
   110
   118
   141
   153
   167
   169
   169
   172
   168
   172
   173
   173
   166
   170
   169
   170
   171
   168
   168
   178
   171
   158
   154
   160
   159
   158
   153
   156
   156
   158
   147
   145
   139
   138
   130
   124
   131
   144
   129
   131
   122
   115
    94
   107
   108
    95
    86
    95
    94
    64
    58
    65
    78
    78
    79
    68
    69
    61
    85
   108
   112
   117
    25
    27
    33
    33
    29
    41
    37
    31
    37
    35
    32
    37
    35
    37
    36
    45
    46
    30
    18
    32
    83
    98
   112
   118
   127
   135
   143
   146
   145
   151
   160
   167
   165
   162
   157
   156
   154
   149
   138
   118
    78
    62
    66
    67
    85
   105
   125
   142
   155
   151
   138
   123
   131
   137
   156
   167
   173
   172
   171
   177
   178
   171
   168
   172
   170
   166
   159
   164
   159
   160
   164
   177
   171
   161
   153
   145
   148
   144
   151
   151
   134
   120
   129
   126
   122
   112
   127
   136
   136
   116
   112
   122
   122
   104
    86
    83
    82
    64
    65
    63
    41
    39
    51
    55
    66
    65
    75
    94
   121
   126
   126
   120
    31
    26
    23
    31
    31
    32
    35
    37
    38
    47
    38
    30
    45
    43
    41
    34
    42
    49
    37
    33
    59
    86
    97
   111
   115
   118
   124
   135
   146
   147
   152
   160
   164
   163
   162
   158
   158
   156
   152
   148
   128
    82
    66
    69
    76
    90
   108
   124
   143
   162
   169
   160
   152
   155
   161
   168
   169
   167
   170
   172
   177
   172
   171
   169
   171
   174
   160
   162
   170
   158
   153
   154
   158
   150
   137
   138
   129
   136
   135
   134
   137
   125
   117
   108
   110
   104
   100
   111
   109
    98
    80
    88
    84
    98
    90
    63
    48
    64
    55
    58
    64
    56
    44
    35
    38
    84
   118
   119
   127
   126
   123
   125
    24
    34
    26
    25
    22
    33
    37
    32
    33
    38
    36
    36
    35
    38
    36
    34
    35
    43
    54
    28
    33
    71
    87
    93
   100
   105
   117
   127
   130
   135
   141
   149
   148
   155
   152
   153
   149
   147
   145
   144
   142
   119
    78
    61
    64
    87
   107
   115
   130
   147
   167
   173
   169
   164
   159
   163
   167
   171
   169
   174
   181
   183
   181
   180
   176
   175
   171
   159
   153
   152
   158
   162
   158
   157
   148
   144
   134
   128
   125
   116
   129
   121
   116
   124
   114
   112
   118
   103
    94
    99
    99
    94
    80
    66
    47
    43
    53
    38
    50
    52
    44
    37
    30
    46
    96
   125
   126
   128
   123
   126
   125
   123
    37
    29
    28
    27
    28
    27
    28
    37
    34
    42
    44
    38
    30
    33
    36
    40
    40
    33
    39
    57
    47
    44
    74
    91
    97
    95
    99
   105
   116
   122
   124
   126
   127
   123
   130
   127
   125
   123
   127
   128
   129
   135
   119
   102
    93
   104
   103
   108
   117
   136
   159
   169
   171
   173
   171
   170
   170
   172
   170
   168
   170
   173
   172
   171
   166
   158
   157
   155
   151
   146
   142
   147
   142
   145
   144
   135
   130
   129
   115
   102
   102
   125
   126
   114
   115
   130
   126
   123
   111
    90
    90
    84
    90
    73
    63
    49
    34
    37
    33
    29
    26
    18
    49
    91
   113
   124
   124
   126
   125
   125
   128
   131
    32
    30
    36
    31
    25
    29
    33
    29
    39
    45
    40
    39
    25
    25
    28
    42
    44
    51
    41
    52
    53
    47
    47
    64
    84
    91
    92
    95
    99
   105
   111
   111
   109
   117
   117
   123
   128
   129
   128
   126
   127
   123
   127
   127
   118
   114
   113
   116
   124
   134
   160
   170
   166
   169
   171
   170
   167
   170
   165
   164
   164
   163
   158
   155
   160
   157
   152
   152
   147
   147
   146
   146
   148
   136
   135
   137
   142
   118
   107
   114
   100
   113
   119
   117
    99
   105
   110
   104
    85
    79
    80
    72
    58
    57
    40
    46
    47
    31
    21
    21
    50
    68
   101
   122
   130
   127
   132
   133
   131
   129
   117
    91
    31
    33
    33
    28
    25
    24
    27
    32
    31
    29
    39
    32
    29
    22
    27
    23
    28
    35
    46
    37
    53
    46
    53
    47
    48
    72
    80
    87
    82
    92
    96
   103
   108
   104
   106
   108
   112
   115
   117
   120
   115
   116
   112
   110
   110
   106
   106
   106
   115
   128
   147
   154
   159
   167
   171
   172
   167
   163
   162
   160
   159
   153
   157
   153
   151
   149
   152
   152
   148
   150
   149
   148
   144
   141
   122
   111
   123
   121
   118
   107
   117
   108
   103
   108
   111
    91
    73
    71
    79
    58
    47
    45
    37
    44
    47
    26
    32
    40
    59
    95
   129
   145
   140
   138
   128
   128
    83
    69
    60
    32
     8
    14
    35
    36
    31
    38
    27
    27
    30
    30
    26
    29
    33
    37
    33
    25
    27
    26
    20
    31
    43
    55
    37
    35
    30
    41
    46
    40
    45
    48
    55
    58
    64
    74
    77
    78
    79
    77
    78
    86
    94
    98
   106
   107
   113
   116
   114
   110
   110
   113
   116
   115
   113
   129
   136
   149
   154
   157
   160
   162
   158
   156
   152
   150
   145
   147
   149
   147
   140
   140
   143
   144
   145
   135
   132
   127
   118
   116
   110
    98
    70
    84
    89
    74
    61
    63
    62
    65
    61
    39
    51
    58
    59
    48
    45
    40
    45
    67
    75
    82
    95
    79
    64
    49
    34
    15
    16
    75
   185
    88
    43
    56
    77
    51
    35
    27
    30
    27
    31
    29
    26
    21
    27
    30
    35
    34
    31
    32
    20
    27
    26
    20
    34
    46
    45
    42
    29
    21
    35
    38
    35
    33
    30
    31
    39
    40
    40
    44
    49
    50
    58
    61
    66
    71
    81
    85
    81
    83
    89
    90
    89
    92
   105
   110
   123
   130
   139
   134
   141
   144
   145
   142
   139
   131
   125
   117
   120
   119
   127
   126
   134
   134
   139
   131
   125
   118
    96
    94
    89
    72
    79
    82
    92
    81
    63
    62
    67
    66
    57
    52
    45
    50
    48
    48
    40
    39
    45
    45
    45
    42
    38
    27
    14
    14
    15
    18
    19
    26
    23
    15
    37
   177
   140
    96
    86
    91
    40
    36
    40
    32
    26
    27
    23
    30
    34
    28
    27
    34
    36
    30
    26
    26
    29
    32
    20
    23
    35
    33
    32
    29
    21
    28
    30
    35
    28
    33
    28
    33
    34
    38
    38
    42
    44
    48
    51
    56
    55
    56
    60
    62
    65
    72
    77
    83
    87
    94
    96
   104
   111
   118
   108
   107
   105
    99
    95
    86
    81
    79
    74
    74
    68
    65
    63
    67
    60
    70
    85
    91
    83
    74
    77
    79
    70
    70
    59
    58
    66
    64
    48
    59
    56
    44
    48
    43
    47
    40
    34
    34
    26
    26
    27
    23
    28
    27
    27
    27
    23
    25
    26
    25
    27
    27
    16
    39
   166
   161
   133
   139
    43
    39
    32
    34
    31
    32
    28
    24
    24
    37
    34
    23
    35
    30
    27
    31
    33
    30
    34
    27
    17
    22
    27
    24
    37
    27
    29
    29
    29
    26
    26
    20
    27
    26
    25
    24
    23
    27
    30
    31
    38
    45
    48
    54
    53
    54
    59
    65
    67
    71
    80
    84
    83
    87
    82
    80
    76
    74
    70
    71
    68
    68
    71
    59
    59
    53
    52
    51
    51
    37
    33
    38
    58
    50
    45
    51
    51
    46
    46
    45
    44
    47
    45
    42
    40
    39
    35
    33
    28
    29
    29
    27
    26
    27
    26
    26
    25
    25
    25
    28
    29
    25
    26
    27
    27
    28
    29
    18
    26
   126
   181
   173
    43
    35
    40
    37
    27
    26
    27
    26
    35
    36
    41
    41
    32
    34
    35
    33
    26
    31
    36
    34
    37
    27
    27
    37
    36
    35
    31
    32
    33
    37
    38
    33
    26
    27
    25
    25
    27
    22
    22
    23
    23
    30
    34
    39
    42
    45
    44
    53
    54
    55
    56
    56
    57
    58
    58
    56
    56
    58
    54
    49
    49
    40
    39
    37
    36
    35
    30
    29
    31
    26
    25
    21
    20
    33
    44
    48
    48
    47
    47
    45
    43
    39
    40
    32
    27
    29
    31
    29
    31
    33
    28
    30
    28
    32
    28
    29
    26
    28
    30
    25
    21
    29
    33
    27
    30
    31
    30
    29
    20
    14
   100
   212
    41
    44
    38
    37
    37
    31
    29
    26
    26
    31
    34
    33
    39
    40
    41
    35
    33
    37
    30
    34
    40
    45
    41
    32
    43
    43
    42
    38
    36
    33
    29
    39
    27
    19
    23
    22
    20
    18
    14
    14
    23
    24
    28
    26
    28
    25
    28
    26
    26
    29
    30
    37
    43
    40
    40
    43
    34
    28
    29
    26
    30
    31
    27
    30
    24
    27
    27
    32
    20
    34
    33
    24
    38
    69
    61
    62
    68
    61
    29
    27
    25
    27
    26
    31
    25
    24
    24
    29
    26
    30
    31
    28
    28
    25
    26
    24
    27
    28
    27
    28
    32
    29
    22
    28
    30
    27
    30
    29
    31
    30
    12
    43
    40
    44
    47
    40
    35
    34
    26
    31
    29
    32
    29
    25
    26
    34
    34
    48
    48
    38
    36
    34
    31
    32
    41
    43
    27
    37
    34
    38
    33
    22
    21
    23
    30
    31
    24
    22
    20
    22
    25
    28
    25
    24
    21
    23
    23
    24
    25
    22
    21
    24
    28
    26
    20
    23
    22
    19
    27
    21
    21
    22
    21
    21
    32
    34
    38
    49
    69
    69
    65
    40
    36
    82
   107
   110
   111
   111
   110
    89
    38
    23
    24
    27
    31
    30
    29
    30
    32
    30
    29
    26
    25
    26
    30
    27
    29
    29
    30
    26
    24
    28
    26
    28
    30
    28
    23
    29
    26
    23
    23
    25
    24
    16
    41
    40
    35
    40
    46
    34
    40
    32
    33
    25
    28
    26
    31
    31
    38
    34
    36
    34
    39
    35
    36
    33
    20
    25
    38
    35
    32
    20
    24
    27
    25
    24
    25
    27
    25
    27
    28
    23
    24
    29
    28
    18
    19
    20
    18
    18
    23
    26
    24
    23
    23
    25
    28
    27
    27
    26
    24
    29
    30
    23
    25
    37
    41
    40
    47
    72
    76
    62
    42
    28
    25
    35
    97
   117
   116
   126
   121
   100
    39
    35
    35
    29
    26
    26
    29
    29
    25
    29
    29
    28
    28
    30
    28
    29
    31
    28
    24
    29
    29
    30
    29
    30
    27
    25
    30
    28
    27
    30
    28
    31
    30
    32
    45
    39
    46
    38
    33
    42
    32
    36
    34
    31
    26
    26
    25
    32
    35
    37
    31
    31
    30
    35
    30
    35
    39
    40
    31
    38
    45
    43
    33
    30
    28
    31
    31
    30
    30
    28
    25
    26
    29
    34
    27
    28
    27
    28
    26
    23
    19
    24
    32
    31
    24
    27
    30
    26
    20
    21
    32
    30
    23
    30
    42
    49
    45
    39
    38
    27
    23
    20
    17
    20
    27
    63
   109
   130
   130
   142
   139
   106
    36
    26
    26
    26
    26
    25
    24
    26
    27
    25
    26
    27
    26
    26
    26
    27
    27
    28
    31
    32
    33
    27
    29
    26
    28
    30
    25
    28
    29
    31
    30
    30
    30
    30
    44
    43
    39
    40
    38
    34
    40
    27
    34
    30
    31
    31
    27
    29
    30
    36
    41
    35
    40
    32
    34
    31
    35
    38
    32
    26
    42
    52
    50
    45
    46
    40
    37
    35
    41
    39
    37
    38
    32
    22
    23
    28
    33
    31
    32
    37
    36
    39
    42
    31
    32
    26
    29
    32
    33
    44
    38
    38
    45
    55
    60
    52
    50
    38
    29
    28
    22
    22
    24
    28
    52
    70
   124
   141
   131
   142
   142
    69
    25
    28
    30
    27
    30
    27
    30
    29
    28
    30
    30
    25
    31
    27
    28
    29
    27
    27
    30
    30
    25
    31
    25
    30
    29
    34
    28
    29
    29
    24
    29
    29
    30
    26
    38
    44
    42
    47
    46
    43
    39
    45
    31
    37
    29
    27
    29
    27
    24
    29
    30
    31
    28
    37
    36
    37
    37
    39
    45
    49
    37
    39
    35
    45
    36
    32
    35
    42
    44
    42
    35
    27
    33
    47
    48
    45
    33
    30
    30
    35
    36
    43
    38
    47
    30
    25
    25
    30
    38
    26
    31
    49
    55
    60
    57
    56
    42
    31
    31
    25
    20
    24
    26
    28
    24
    39
    95
   127
   137
   152
    96
    27
    28
    26
    23
    28
    25
    29
    31
    29
    28
    28
    27
    31
    24
    29
    32
    34
    34
    33
    27
    33
    32
    28
    30
    27
    25
    22
    31
    24
    31
    27
    29
    27
    32
    35
    43
    38
    40
    35
    40
    45
    36
    38
    48
    34
    38
    41
    40
    34
    32
    28
    31
    36
    32
    36
    38
    35
    27
    37
    41
    41
    54
    51
    42
    27
    37
    41
    39
    35
    41
    43
    54
    65
    83
    86
    64
    38
    37
    29
    32
    34
    35
    30
    38
    41
    46
    31
    27
    33
    38
    43
    49
    57
    53
    50
    49
    45
    42
    29
    29
    26
    27
    27
    28
    24
    70
    49
    86
   141
   128
    58
    15
    29
    29
    31
    32
    29
    31
    29
    21
    29
    30
    28
    32
    25
    31
    30
    26
    27
    29
    29
    30
    25
    29
    32
    26
    31
    30
    33
    28
    35
    30
    33
    30
    31
    28
    27
    38
    40
    45
    47
    42
    39
    47
    46
    34
    44
    40
    35
    31
    31
    33
    35
    28
    24
    30
    30
    35
    41
    37
    26
    34
    54
    53
    46
    52
    54
    50
    51
    50
    55
    55
    59
    69
    83
    68
    40
    26
    31
    32
    41
    31
    25
    27
    28
    31
    26
    29
    47
    61
    62
    56
    43
    40
    40
    47
    47
    50
    54
    36
    33
    28
    24
    26
    34
    35
    25
    49
    81
   138
   135
    47
    13
    24
    25
    33
    27
    24
    27
    27
    26
    30
    25
    28
    32
    29
    37
    30
    29
    33
    28
    30
    27
    31
    30
    34
    28
    35
    33
    31
    26
    30
    27
    29
    27
    33
    35
    33
    35
    43
    40
    37
    37
    43
    40
    41
    42
    48
    48
    37
    38
    40
    37
    42
    33
    32
    34
    31
    33
    31
    36
    42
    42
    30
    34
    38
    42
    46
    52
    50
    48
    45
    49
    60
    51
    42
    37
    29
    28
    45
    43
    44
    38
    36
    39
    38
    47
    46
    44
    43
    38
    36
    42
    43
    38
    40
    51
    55
    64
    60
    46
    41
    43
    40
    42
    38
    43
    29
    27
    76
   144
   119
    47
    21
    29
    31
    32
    29
    31
    32
    30
    31
    33
    31
    33
    33
    30
    29
    25
    28
    32
    31
    34
    34
    32
    29
    32
    29
    30
    29
    30
    33
    32
    31
    31
    31
    32
    29
    31
    33
    30
    40
    44
    42
    41
    43
    42
    49
    44
    42
    42
    45
    38
    38
    37
    36
    40
    35
    36
    42
    36
    34
    34
    34
    34
    43
    40
    34
    28
    31
    33
    41
    42
    38
    31
    19
    26
    31
    34
    38
    43
    38
    38
    40
    40
    44
    46
    44
    44
    50
    46
    49
    45
    42
    35
    39
    40
    45
    42
    40
    46
    54
    55
    48
    42
    40
    43
    46
    43
    25
    41
   110
    95
    28
    19
    27
    31
    31
    34
    33
    29
    30
    32
    32
    29
    30
    29
    30
    34
    33
    36
    33
    33
    33
    29
    27
    33
    32
    29
    34
    32
    29
    32
    30
    33
    31
    30
    30
    34
    36
    29
    32
    32
    40
    39
    43
    38
    38
    42
    36
    41
    41
    40
    42
    39
    43
    45
    45
    41
    47
    39
    36
    37
    44
    40
    36
    35
    33
    32
    38
    40
    40
    45
    46
    50
    45
    47
    43
    29
    22
    17
    22
    34
    42
    48
    50
    47
    44
    42
    35
    37
    48
    54
    47
    58
    58
    59
    56
    59
    60
    56
    61
    71
    72
    61
    48
    46
    43
    41
    27
    21
    27
    37
    39
    17
    23
    34
    32
    33
    32
    29
    31
    32
    31
    25
    27
    29
    29
    35
    31
    33
    31
    27
    35
    30
    31
    30
    33
    28
    33
    36
    32
    37
    38
    28
    33
    28
    35
    30
    28
    31
    32
    31
    28
    31
    41
    48
    38
    46
    43
    41
    46
    41
    43
    46
    45
    43
    43
    36
    42
    40
    49
    56
    51
    50
    51
    41
    40
    34
    30
    31
    29
    35
    35
    44
    55
    51
    52
    52
    45
    51
    50
    40
    32
    18
    15
    23
    34
    39
    44
    45
    46
    49
    43
    41
    46
    37
    38
    39
    43
    47
    58
    61
    71
    67
    54
    50
    54
    43
    44
    24
    23
    21
    26
    37
    33
    34
    31
    29
    28
    31
    26
    29
    30
    28
    27
    33
    30
    35
    31
    27
    35
    32
    32
    33
    26
    32
    31
    31
    33
    35
    36
    27
    34
    29
    29
    40
    34
    40
    25
    36
    39
    37
    31
    30
    35
    37
