    45
    46
    48
    44
    48
    50
    48
    46
    46
    51
    54
    52
    49
    47
    53
    52
    55
    49
    45
    51
    53
    56
    53
    63
    67
    63
    60
    51
    42
    47
    48
    50
    45
    47
    55
    64
    71
    76
    80
    69
    47
    31
    39
    40
    32
    25
    35
    57
    48
    30
    15
    21
    32
    30
    30
    25
    33
    31
    27
    23
    23
    15
     7
    20
    22
     2
     0
    30
    33
    43
    50
    52
    50
    51
    43
    48
    50
    48
    56
    52
    58
    57
    56
    54
    58
    57
    52
    62
    62
    62
    63
    64
    60
    54
    57
    57
    54
    55
    59
    56
    59
    48
    52
    59
    60
    59
    59
    58
    52
    53
    56
    67
    49
    51
    48
    46
    43
    46
    48
    51
    48
    48
    49
    48
    49
    47
    46
    47
    48
    50
    51
    49
    55
    56
    61
    69
    66
    64
    48
    39
    49
    57
    48
    38
    34
    53
    54
    45
    46
    43
    38
    39
    43
    52
    40
    29
    48
    55
    48
    32
    22
    20
    29
    31
    27
    25
    26
    34
    27
    30
    30
    29
    18
    89
   170
   196
   208
   204
   173
   144
   104
    62
    18
    23
    36
    41
    56
    59
    49
    56
    51
    52
    58
    56
    60
    58
    58
    57
    62
    52
    53
    53
    55
    57
    56
    56
    60
    54
    55
    60
    59
    58
    58
    66
    64
    61
    61
    61
    62
    63
    66
    62
    56
    84
    47
    50
    51
    50
    52
    52
    52
    47
    51
    51
    49
    53
    53
    56
    54
    56
    53
    50
    47
    59
    64
    53
    64
    57
    55
    36
    35
    48
    48
    39
    44
    45
    50
    49
    46
    52
    55
    56
    56
    55
    43
    33
    57
    73
    47
    23
    29
    29
    33
    33
    30
    27
    29
    25
    28
    23
    28
    28
    28
    27
    83
   165
   168
   144
   132
   162
   172
   189
   215
   226
   200
   147
   101
    54
    14
    15
    43
    60
    47
    51
    46
    51
    54
    54
    53
    57
    51
    57
    62
    59
    56
    60
    62
    62
    60
    63
    64
    61
    62
    59
    66
    65
    60
    62
    61
    57
    57
    59
    56
    59
    54
    88
    47
    47
    48
    48
    47
    50
    46
    47
    48
    46
    49
    45
    48
    50
    50
    51
    51
    44
    49
    51
    43
    64
    63
    58
    39
    43
    58
    36
    37
    41
    38
    43
    36
    38
    43
    31
    33
    39
    35
    35
    44
    54
    44
    33
    37
    41
    31
    30
    26
    26
    24
    23
    24
    26
    22
    21
    19
    28
    28
    31
   117
   189
   135
    48
    59
    75
    88
    95
   105
   122
   145
   178
   199
   205
   183
   127
    53
    26
    37
    45
    47
    44
    46
    52
    50
    54
    59
    57
    54
    60
    64
    52
    58
    60
    63
    59
    59
    58
    62
    61
    59
    56
    56
    55
    55
    59
    59
    54
    59
    50
    47
    61
    52
    48
    50
    47
    51
    50
    49
    49
    52
    50
    48
    53
    49
    50
    50
    54
    47
    40
    45
    48
    68
    66
    61
    35
    38
    47
    31
    35
    38
    42
    52
    47
    38
    39
    36
    39
    38
    27
    47
    53
    41
    36
    47
    43
    34
    27
    28
    25
    24
    21
    22
    21
    18
    15
    17
    27
    28
    24
    27
    39
    95
   182
   202
   117
   125
   141
   149
   158
   152
   152
   162
   158
   164
   173
   174
   186
   197
   161
    59
    25
    48
    52
    52
    46
    54
    47
    45
    51
    51
    55
    52
    57
    55
    57
    61
    61
    59
    61
    57
    55
    56
    60
    54
    56
    56
    54
    52
    56
    54
    56
    39
   163
    44
    46
    48
    48
    48
    50
    50
    45
    48
    48
    50
    44
    50
    52
    44
    38
    42
    48
    55
    63
    65
    54
    39
    50
    42
    28
    28
    38
    45
    50
    42
    40
    41
    44
    41
    44
    47
    63
    69
    60
    48
    45
    38
    31
    26
    19
    18
    19
    23
    22
    20
    22
    30
    28
    31
    22
    21
    25
    29
    29
    60
   172
   212
   204
   196
   201
   204
   202
   210
   218
   221
   218
   218
   214
   208
   193
   186
   201
   199
   105
    28
    46
    43
    49
    45
    47
    47
    49
    49
    44
    51
    46
    49
    49
    51
    52
    53
    49
    53
    51
    58
    54
    58
    54
    57
    54
    56
    56
    54
    39
   122
   217
    47
    45
    46
    47
    49
    47
    48
    50
    48
    46
    45
    47
    62
    54
    36
    45
    46
    44
    64
    69
    62
    50
    62
    51
    47
    53
    54
    50
    48
    52
    44
    43
    46
    42
    47
    58
    80
    78
    53
    46
    39
    35
    30
    26
    33
    46
    49
    47
    39
    35
    45
    67
    67
    60
    62
    59
    52
    62
    56
    48
    39
    63
   165
   212
   220
   227
   208
   209
   212
   209
   201
   186
   176
   181
   183
   188
   195
   183
   201
   185
   117
    46
    39
    43
    49
    48
    51
    48
    43
    50
    43
    47
    47
    43
    47
    48
    51
    51
    50
    53
    53
    49
    50
    57
    54
    56
    54
    55
    53
    57
   203
   210
    45
    50
    45
    47
    47
    49
    48
    44
    47
    54
    46
    58
    49
    29
    30
    27
    33
    60
    60
    57
    54
    63
    56
    54
    51
    44
    43
    51
    53
    48
    60
    56
    47
    55
    71
    69
    59
    40
    45
    36
    26
    20
    23
    36
    61
    64
    31
    13
    19
    28
    42
    34
    37
    52
    71
    69
    70
    75
    65
    74
    71
    40
    12
    31
    74
   128
   169
   220
   215
   197
   189
   170
   170
   171
   159
   163
   191
   185
   183
   187
   192
   171
    62
    44
    44
    45
    40
    39
    44
    42
    46
    42
    42
    47
    49
    46
    49
    47
    56
    59
    53
    56
    57
    56
    54
    51
    54
    45
    26
   159
   223
   220
    54
    50
    53
    46
    46
    45
    47
    53
    55
    45
    54
    43
    24
    27
    24
    40
    58
    58
    70
    71
    72
    54
    48
    42
    36
    48
    59
    59
    58
    62
    52
    63
    89
    86
    72
    77
    62
    55
    26
    17
    21
    40
    70
    98
   101
    95
   103
   134
   158
   167
   168
   173
   175
   168
   180
   190
   196
   198
   200
   198
   191
   183
   154
   135
   101
    55
    17
    49
    58
    73
    81
   122
   160
   184
   184
   201
   219
   205
   208
   199
   199
   190
   133
    48
    44
    40
    45
    52
    41
    46
    41
    40
    40
    43
    44
    46
    48
    47
    44
    44
    52
    50
    49
    50
    54
    57
    38
    47
   171
   234
   194
   172
    48
    47
    49
    54
    51
    52
    49
    49
    42
    51
    42
    35
    36
    27
    31
    51
    66
    72
    66
    55
    41
    37
    35
    47
    64
    56
    51
    60
    71
    86
    95
    98
   109
   111
    58
    20
    19
    39
    84
   123
   161
   181
   181
   172
   176
   185
   191
   194
   191
   196
   198
   197
   197
   201
   200
   205
   203
   202
   203
   203
   207
   204
   210
   211
   210
   210
   202
   172
   143
   113
    88
    56
    37
    51
    67
    75
   134
   188
   211
   211
   219
   196
   157
    63
    48
    48
    42
    44
    50
    50
    53
    55
    48
    45
    45
    45
    43
    50
    53
    49
    48
    48
    54
    56
    53
    35
    96
   225
   209
   150
   130
   135
    47
    49
    50
    51
    53
    51
    52
    50
    53
    32
    27
    23
    29
    36
    51
    66
    70
    69
    51
    37
    43
    55
    72
    62
    39
    61
    85
   101
    91
    81
    87
   102
    87
    39
    37
    89
   157
   189
   197
   203
   198
   195
   197
   196
   193
   192
   197
   197
   197
   193
   197
   199
   198
   201
   201
   197
   194
   199
   202
   204
   200
   199
   202
   199
   198
   197
   197
   198
   196
   191
   189
   176
   162
   131
   110
    93
    60
    38
    41
    66
    97
   144
   136
    62
    40
    44
    49
    44
    48
    41
    43
    45
    43
    46
    43
    47
    47
    42
    43
    47
    43
    50
    51
    47
    29
    95
   215
   176
   130
   143
   126
   128
    51
    48
    48
    50
    46
    49
    44
    50
    38
    34
    35
    38
    37
    53
    58
    57
    53
    46
    42
    52
    57
    48
    37
    46
    61
    85
   103
    87
    77
    87
    87
    80
    64
    57
   128
   189
   212
   212
   206
   202
   202
   203
   199
   197
   200
   198
   196
   201
   207
   211
   208
   201
   202
   187
   181
   193
   199
   204
   203
   201
   203
   203
   201
   198
   195
   193
   192
   188
   186
   184
   182
   177
   180
   178
   170
   146
   133
   100
    80
    56
    47
    48
    58
    64
    55
    51
    48
    45
    42
    50
    46
    53
    54
    50
    52
    47
    45
    52
    47
    47
    51
    53
    49
    42
    89
   217
   181
   153
   158
   134
   138
   136
    49
    50
    52
    50
    52
    51
    50
    48
    31
    31
    37
    33
    52
    53
    59
    48
    41
    32
    33
    40
    48
    44
    50
    53
    80
    90
    74
    66
    71
    94
    98
    82
    77
   133
   192
   207
   208
   207
   207
   203
   202
   201
   202
   199
   200
   195
   199
   194
   159
   130
   136
   142
   148
   142
   155
   187
   199
   205
   203
   205
   205
   202
   201
   199
   198
   197
   196
   196
   197
   199
   196
   197
   193
   187
   180
   168
   147
   152
   144
   132
   110
    84
    87
    85
    94
    64
    61
    52
    57
    44
    50
    47
    49
    48
    42
    49
    46
    42
    52
    50
    48
    49
    36
    77
   204
   179
   151
   161
   144
   141
   136
   114
    47
    49
    50
    52
    52
    54
    52
    41
    31
    31
    29
    47
    50
    45
    45
    47
    43
    34
    45
    42
    40
    46
    56
    86
    88
    74
    66
    71
    83
    92
    93
    91
   125
   179
   194
   207
   208
   208
   207
   206
   206
   206
   203
   197
   193
   200
   175
   119
    78
    91
   104
   115
   134
   152
   171
   197
   204
   208
   209
   208
   210
   206
   206
   206
   206
   206
   203
   201
   202
   200
   201
   198
   197
   192
   186
   172
   176
   179
   166
   166
   144
   134
   151
   118
   106
    93
    76
    63
    56
    75
    71
    65
    48
    47
    51
    36
    43
    43
    43
    47
    47
    35
    53
   194
   177
   148
   146
   144
   142
   146
   156
   163
    48
    49
    46
    51
    52
    56
    50
    31
    24
    30
    48
    56
    50
    41
    39
    45
    35
    39
    56
    57
    52
    65
    84
    84
    78
    58
    54
    88
    92
    89
    84
   116
   181
   193
   201
   208
   207
   209
   211
   209
   208
   204
   198
   191
   194
   154
    94
    99
    86
    86
   114
   143
   163
   177
   191
   199
   207
   210
   209
   209
   206
   207
   207
   208
   209
   208
   208
   210
   203
   203
   200
   201
   196
   190
   184
   184
   183
   177
   190
   184
   185
   181
   157
   149
   144
   125
   125
   121
   104
    78
    71
    59
    68
    60
    68
    75
    63
    58
    50
    31
    25
    56
   178
   174
   124
   119
   116
   119
   131
   152
   151
   148
    54
    50
    52
    52
    48
    52
    43
    29
    27
    40
    43
    41
    39
    42
    45
    45
    45
    45
    49
    43
    52
    73
    85
    84
    57
    54
    76
    72
    76
    80
   109
   168
   185
   199
   207
   207
   207
   207
   207
   208
   205
   199
   193
   200
   161
    90
   101
    89
    82
   118
   164
   172
   189
   195
   196
   196
   204
   212
   208
   205
   206
   208
   210
   209
   210
   211
   208
   205
   208
   206
   207
   197
   190
   192
   192
   190
   187
   175
   172
   184
   177
   161
   150
   145
   152
   160
   158
   158
   160
   138
   123
    95
    79
    59
    52
    57
    65
    64
    72
    94
    95
   146
   147
   100
    88
    78
    72
    82
    90
    59
    36
    26
    47
    48
    51
    54
    51
    47
    32
    27
    38
    35
    41
    42
    47
    49
    38
    45
    65
    58
    54
    44
    71
    85
    70
    47
    53
    62
    67
    80
    90
   115
   159
   175
   197
   206
   207
   207
   206
   206
   204
   201
   198
   198
   197
   166
   103
    90
    88
    93
   119
   154
   185
   195
   196
   187
   154
   161
   136
   185
   196
   202
   207
   210
   208
   210
   210
   210
   206
   209
   209
   208
   205
   207
   202
   197
   199
   194
   191
   188
   193
   194
   187
   184
   188
   177
   183
   162
   161
   148
   144
   164
   166
   146
   119
   102
    80
    50
    28
    48
    59
    60
    90
    96
   135
   169
   172
   164
   173
   167
   165
   163
   151
   126
    50
    49
    52
    53
    51
    49
    36
    30
    31
    33
    48
    51
    53
    50
    57
    61
    49
    50
    50
    58
    56
    48
    39
    57
    56
    62
    85
    93
   112
   139
   163
   201
   209
   208
   206
   204
   204
   203
   204
   201
   198
   191
   183
   145
   104
    91
    87
    74
   136
   182
   194
   199
   167
   132
   136
    92
   146
   185
   201
   208
   207
   207
   209
   209
   209
   210
   211
   206
   208
   207
   204
   201
   201
   203
   198
   196
   200
   197
   204
   205
   198
   194
   191
   183
   182
   183
   189
   189
   190
   182
   153
   147
   143
   132
   131
   113
    86
    47
    42
    39
    53
    54
    55
    88
   143
   157
   167
   170
   168
   168
   171
   174
    50
    51
    48
    43
    51
    47
    38
    37
    39
    42
    44
    50
    42
    43
    52
    50
    44
    42
    45
    42
    39
    43
    54
    48
    63
    85
    88
   101
   110
   168
   206
   207
   207
   203
   205
   203
   204
   206
   201
   198
   197
   192
   172
   129
    83
    88
    99
    97
   141
   183
   196
   172
   161
   160
    83
    94
   164
   199
   207
   210
   213
   212
   211
   210
   209
   210
   210
   210
   207
   206
   206
   207
   205
   203
   198
   202
   200
   197
   193
   200
   204
   203
   201
   191
   185
   190
   166
   167
   147
   152
   157
   161
   155
   157
   160
   147
   136
   115
    83
    56
    46
    59
    58
    47
    40
   113
   169
   166
   167
   169
   173
   172
    43
    44
    50
    52
    51
    45
    40
    42
    35
    33
    43
    51
    41
    51
    55
    38
    40
    43
    46
    43
    39
    49
    54
    64
    79
    76
    87
   120
   178
   199
   199
   203
   202
   203
   203
   204
   202
   205
   202
   197
   193
   179
   137
   102
    80
    75
    57
    91
   143
   185
   182
   176
   170
    60
    68
   116
   177
   207
   211
   213
   209
   206
   208
   209
   208
   208
   207
   209
   204
   207
   207
   207
   208
   205
   205
   201
   199
   204
   206
   197
   196
   199
   198
   201
   193
   189
   184
   184
   182
   169
   168
   161
   153
   145
   145
   152
   134
   136
   125
   117
    85
    45
    50
    51
    44
    76
   143
   184
   176
   162
   159
   166
    52
    52
    48
    52
    44
    37
    37
    36
    41
    43
    39
    42
    53
    47
    41
    38
    39
    40
    37
    44
    58
    71
    70
    59
    66
    98
   141
   177
   199
   198
   202
   202
   203
   203
   203
   199
   200
   201
   200
   196
   189
   171
   146
   115
    88
    68
    61
   103
   160
   186
   178
   196
    66
   113
   167
   145
   189
   211
   213
   211
   208
   209
   209
   208
   210
   207
   207
   206
   208
   207
   207
   209
   205
   202
   206
   203
   202
   202
   202
   203
   202
   202
   203
   198
   192
   194
   194
   187
   182
   170
   159
   152
   150
   157
   143
   141
   137
   140
   141
   114
   101
    99
    95
    73
    65
    42
    62
    96
   157
   178
   171
   171
    50
    50
    49
    47
    43
    38
    39
    46
    31
    49
    49
    40
    51
    47
    41
    44
    46
    44
    48
    60
    73
    63
    59
    87
   129
   157
   181
   190
   191
   197
   200
   201
   198
   201
   201
   201
   202
   201
   202
   197
   187
   170
   147
   120
    91
    60
    57
   106
   167
   184
   173
   126
   156
   191
   197
   156
   166
   198
   208
   199
   206
   207
   204
   206
   208
   210
   209
   208
   206
   208
   206
   207
   208
   206
   205
   204
   205
   206
   201
   196
   189
   201
   200
   202
   201
   198
   191
   186
   187
   169
   166
   164
   151
   146
   145
   149
   145
   127
   128
   140
   125
   104
    95
    89
    90
    60
    50
    37
    61
   147
   183
   175
    51
    52
    48
    46
    40
    38
    49
    46
    49
    48
    42
    42
    50
    35
    36
    47
    45
    53
    66
    65
    54
    76
    98
   125
   142
   165
   181
   188
   193
   200
   199
   201
   201
   200
   200
   202
   201
   201
   201
   199
   191
   179
   162
   118
    76
    45
    59
   112
   172
   170
   159
   138
   157
   170
   200
   180
   187
   205
   194
   196
   202
   202
   206
   203
   200
   203
   204
   206
   207
   204
   204
   205
   205
   205
   204
   202
   198
   198
   199
   198
   193
   190
   196
   197
   200
   192
   196
   197
   192
   189
   178
   164
   158
   153
   151
   142
   145
   137
   131
   116
   118
   109
   111
   116
   103
    86
    72
    57
    42
    50
   103
   159
    49
    48
    43
    40
    35
    42
    39
    45
    44
    40
    41
    48
    43
    37
    36
    35
    39
    48
    48
    51
    60
    92
   120
   143
   162
   179
   188
   192
   197
   196
   198
   197
   195
   194
   198
   200
   201
   201
   202
   198
   190
   181
   162
   110
    78
    54
    70
   123
   174
   154
   123
    63
    76
    73
   177
   158
   151
   184
   186
   189
   189
   198
   202
   203
   206
   204
   204
   206
   203
   206
   205
   202
   199
   201
   200
   197
   197
   194
   192
   195
   192
   192
   189
   186
   193
   192
   181
   183
   180
   179
   175
   163
   146
   150
   138
   146
   142
   125
   136
   143
   106
   103
   100
    94
    84
    63
    64
    56
    45
    49
    67
   107
    51
    53
    53
    39
    38
    43
    42
    40
    34
    36
    45
    51
    46
    31
    31
    41
    41
    40
    46
    66
   107
   124
   140
   157
   173
   184
   192
   195
   194
   193
   192
   196
   196
   196
   195
   198
   199
   204
   205
   199
   194
   186
   157
    99
    68
    47
    66
   142
   181
   161
    93
    36
    71
   100
   127
   162
   185
   181
   184
   186
   192
   199
   200
   201
   201
   202
   205
   203
   205
   203
   203
   204
   202
   201
   201
   199
   194
   191
   192
   191
   191
   190
   185
   179
   174
   165
   177
   164
   155
   161
   155
   168
   157
   136
   147
   146
   147
   148
   131
   127
   107
   111
    99
    95
    77
    68
    66
    63
    57
    63
    43
    92
    52
    49
    44
    42
    44
    44
    41
    36
    36
    39
    49
    43
    38
    31
    36
    31
    29
    26
    43
    95
   121
   140
   153
   163
   175
   184
   190
   192
   193
   195
   194
   189
   191
   192
   194
   193
   197
   202
   201
   202
   200
   186
   152
    91
    58
    47
    66
   156
   176
   165
   138
   109
    26
   112
   119
   128
   162
   175
   182
   187
   187
   190
   193
   202
   201
   201
   203
   206
   207
   207
   205
   203
   199
   197
   194
   192
   193
   192
   186
   188
   190
   187
   194
   182
   162
   158
   113
   113
   146
   150
   151
   150
   143
   151
   144
   155
   166
   159
   153
   136
   133
   102
    87
    80
    74
    67
    60
    62
    62
    64
    73
    56
    47
    49
    47
    31
    35
    39
    40
    37
    37
    51
    49
    42
    36
    38
    36
    29
    28
    38
    74
   119
   140
   146
   156
   172
   180
   186
   192
   193
   197
   196
   193
   192
   190
   191
   195
   198
   198
   199
   204
   205
   202
   193
   154
    90
    60
    40
    67
   144
   157
   111
    56
    47
    95
   118
   151
   167
   164
   167
   175
   189
   196
   200
   202
   198
   199
   202
   207
   208
   205
   204
   203
   201
   198
   197
   196
   194
   190
   189
   190
   190
   195
   201
   191
   143
   112
    80
    84
   115
   104
   112
   110
   114
   127
   142
   151
   155
   174
   170
   148
   129
   107
   108
    91
    78
    72
    65
    50
    38
    48
    55
    47
    50
    53
    47
    46
    43
    49
    43
    35
    33
    42
    46
    42
    34
    28
    36
    32
    31
    27
    38
   100
   136
   142
   151
   162
   171
   181
   185
   189
   195
   193
   189
   188
   190
   190
   193
   191
   194
   200
   200
   201
   202
   199
   188
   142
    82
    58
    50
    75
   148
   147
   111
    55
    76
    99
   103
   150
   135
   175
   173
   175
   181
   190
   192
   191
   196
   202
   204
   203
   205
   204
   201
   200
   199
   194
   190
   184
   184
   185
   185
   189
   192
   195
   187
   152
   105
    93
   101
   104
   105
   110
   119
   130
   134
   147
   161
   167
   162
   152
   162
   152
   145
   137
   114
    88
    87
    83
    73
    59
    56
    49
    40
    38
    45
    48
    43
    37
    41
    45
    36
    31
    31
    43
    50
    53
    45
    38
    34
    31
    24
    33
    54
   101
   137
   148
   158
   163
   172
   178
   185
   191
   189
   190
   190
   188
   188
   188
   187
   190
   193
   191
   199
   204
   201
   196
   183
   134
    92
    64
    55
    81
   128
   134
   107
   116
   144
   151
   181
   171
   179
   168
   164
   180
   190
   190
   194
   198
   201
   202
   203
   202
   202
   206
   200
   194
   187
   178
   184
   178
   180
   187
   189
   190
   191
   179
   162
   119
   110
   103
   118
   119
   111
    96
   102
   121
   125
   138
   143
   148
   159
   171
   166
   166
   175
   167
   151
   141
   126
   105
    95
    83
    69
    55
    36
    44
    42
    48
    33
    34
    37
    38
    35
    36
    40
    39
    40
    40
    30
    35
    33
    30
    30
    29
    62
   111
   143
   149
   158
   167
   173
   181
   184
   191
   192
   193
   191
   192
   186
   189
   190
   189
   193
   199
   199
   199
   201
   194
   181
   135
    80
    68
    60
    88
   122
   136
   106
    98
   155
   178
   163
   148
   155
   172
   174
   189
   188
   195
   197
   200
   203
   205
   206
   209
   210
   199
   195
   187
   184
   170
   167
   176
   185
   193
   199
   202
   193
   166
   114
   116
   108
    99
   109
   110
    83
    78
   122
   148
   161
   161
   161
   156
   165
   180
   177
   173
   177
   168
   133
   118
   114
   103
   119
   110
    89
    78
    53
    37
    35
    42
    33
    34
    46
    51
    37
    32
    35
    46
    40
    37
    36
    40
    28
    31
    29
    37
    81
   120
   145
   159
   167
   172
   175
   179
   183
   187
   191
   194
   194
   192
   189
   187
   184
   188
   193
   194
   197
   200
   199
   193
   178
   142
    94
    64
    63
    97
   122
   137
   102
    97
   116
   134
   133
   160
   162
   161
   184
   191
   195
   200
   201
   203
   207
   209
   211
   207
   199
   191
   179
   171
   165
   162
   186
   197
   205
   207
   207
   196
   161
   130
   134
   119
   112
    98
   111
   102
    53
   114
   157
   170
   176
   183
   185
   175
   160
   174
   182
   192
   187
   160
   142
   149
   144
   136
   118
   111
   111
   100
    69
    43
    32
    41
    29
    39
    40
    43
    37
    31
    49
    60
    57
    40
    35
    34
    33
    30
    31
    39
    75
   126
   149
   164
   168
   172
   176
   179
   185
   185
   184
   192
   195
   192
   187
   182
   183
   188
   191
   194
   201
   200
   196
   191
   174
   152
   107
    71
    71
   108
   131
   143
   103
    99
    90
   143
   139
   148
   166
   173
   183
   191
   202
   203
   205
   207
   209
   212
   213
   207
   189
   184
   185
   177
   180
   191
   202
   208
   208
   206
   208
   184
   157
   126
   102
   101
   108
    98
   108
    94
    34
   137
   173
   170
   162
   166
   169
   169
   168
   175
   187
   186
   165
   172
   162
   162
   144
   141
   132
   119
   102
    85
    80
    55
    42
    41
    27
    33
    40
    46
    35
    37
    39
    52
    53
    47
    38
    40
    34
    35
    33
    44
    85
   123
   152
   161
   166
   172
   178
   180
   183
   184
   188
   194
   193
   191
   189
   186
   184
   184
   186
   195
   203
   201
   195
   190
   178
   163
   137
   107
    96
   119
   138
   142
   114
   102
    88
   128
   143
   161
   169
   178
   195
   202
   200
   202
   202
   204
   206
   204
   196
   185
   184
   185
   178
   175
   170
   178
   186
   196
   201
   203
   192
   177
   151
   122
   117
   108
   100
   101
   103
    98
    91
   145
   169
   156
   155
   144
   152
   152
   144
   165
   174
   175
   176
   176
   160
   150
   139
   108
   100
    94
    85
    66
    56
    58
    53
    39
    23
    30
    40
    49
    31
    33
    44
    48
    51
    39
    31
    38
    37
    40
    41
    52
    77
   122
   154
   167
   170
   174
   177
   180
   181
   185
   190
   197
   196
   193
   186
   182
   181
   183
   188
   189
   199
   199
   199
   192
   188
   178
   156
   135
   119
   134
   159
   150
   136
   101
    84
    91
   147
   164
   165
   189
   192
   191
   191
   197
   198
   199
   188
   182
   185
   193
   199
   182
   160
   125
    90
   135
   172
   170
   193
   192
   163
   127
   100
    99
   108
   105
   119
   133
   125
   109
   112
   160
   161
   153
   139
   126
   130
   143
   146
   157
   167
   167
   169
   161
   135
   118
   116
   112
   112
    96
    78
    61
    66
    63
    59
    26
    25
    30
    33
    42
    42
    30
    37
    43
    43
    44
    37
    32
    33
    40
    57
    75
    97
   117
   145
   168
   172
   175
   180
   181
   183
   189
   189
   191
   192
   189
   192
   185
   182
   183
   185
   193
   198
   201
   196
   194
   188
   187
   178
   164
   153
   163
   187
   178
   170
   151
   132
   127
   174
   193
   182
   182
   183
   182
   184
   182
   180
   171
   179
   190
   195
   198
   210
   198
   174
   157
    56
    74
   158
   177
   180
   160
   122
   122
   117
   101
   105
   116
   102
   111
   116
   118
   116
   167
   168
   160
   146
   139
   137
   149
   160
   148
   153
   163
   169
   160
   146
   136
   140
   109
   102
    92
   102
    92
    66
    54
    44
    27
    20
    26
    35
    39
    42
    48
    44
    48
    52
    49
    49
    37
    38
    38
    41
    64
    88
   118
   140
   158
   173
   178
   176
   181
   187
   188
   193
   194
   198
   194
   189
   183
   176
   176
   183
   190
   201
   203
   197
   195
   193
   190
   185
   188
   195
   202
   198
   196
   178
   167
   178
   188
   178
   175
   177
   168
   173
   178
   181
   181
   185
   198
   196
   184
   186
   193
   200
   190
   167
   163
   155
    91
   161
   177
   137
   108
   109
   101
   110
   101
    99
    94
   103
    93
    90
    92
    96
   169
   166
   170
   155
   154
   156
   147
   134
   132
   140
   157
   149
   154
   159
   150
   126
   116
   111
   115
   101
    85
    68
    64
    54
    19
    26
    29
    27
    37
    44
    34
    41
    58
    49
    54
    38
    43
    40
    43
    43
    46
    70
   104
   135
   151
   160
   171
   185
   182
   185
   192
   192
   197
   196
   192
   190
   185
   185
   181
   183
   189
   200
   203
   199
   193
   194
   188
   191
   195
   211
   214
   212
   206
   204
   197
   185
   167
   173
   185
   183
   185
   180
   181
   180
   190
   194
   201
   203
   190
   181
   194
   194
   175
   139
   116
   127
   158
   163
   129
   127
   132
   124
   111
   120
   112
   106
   117
   114
   103
    90
    73
    82
   154
   162
   154
   138
   135
   144
   140
   132
   129
   121
   106
   134
   149
   146
   139
   117
   123
   126
   114
   105
    86
    61
    49
    48
    27
    15
    21
    30
    41
    47
    47
    42
    49
    45
    34
    50
    32
    33
    40
    48
    61
    71
    83
   112
   142
   165
   171
   174
   182
   187
   187
   198
   201
   199
   194
   187
   183
   176
   179
   179
   189
   196
   202
   201
   193
   189
   184
   185
   189
   199
   208
   209
   205
   197
   187
   174
   183
   175
   172
   176
   178
   178
   187
   195
   192
   209
   207
   198
   194
   201
   194
   168
   146
   124
   100
    89
   108
   119
    97
    85
   101
   106
   120
   115
   114
    99
    91
    98
    95
   100
    97
    97
   153
   168
   158
   145
   141
   141
   128
   114
   115
   110
   107
   109
   138
   145
   113
   102
   107
   112
    98
    98
    96
    92
    76
    52
    20
    25
    27
    30
    39
    38
    46
    46
    46
    46
    34
    37
    45
    44
    36
    42
    46
    55
    84
   113
   136
   155
   171
   176
   181
   182
   187
   191
   196
   201
   196
   190
   181
   180
   176
   184
   188
   196
   199
   202
   198
   191
   189
   187
   183
   186
   188
   193
   194
   184
   178
   173
   168
   163
   164
   165
   164
   167
   168
   164
   169
   180
   193
   192
   188
   189
   179
   165
   151
   132
    99
    71
    76
   116
   121
   113
   105
   115
   104
   112
   105
   107
   117
   113
    92
    96
    66
    78
   149
   162
   159
   144
   134
   131
   120
   106
    97
    87
   101
   117
   127
   125
   121
   117
    93
    91
    96
    77
    62
    67
    63
    54
    18
    20
    26
    26
    31
    48
    47
    47
    40
    32
    39
    28
    23
    29
    43
    51
    64
    67
    72
    96
   130
   160
   172
   181
   180
   184
   186
   189
   194
   197
   195
   188
   186
   183
   180
   184
   188
   197
   197
   195
   190
   189
   184
   181
   181
   196
   207
   199
   183
   173
   166
   165
   167
   161
   159
   159
   145
   145
   152
   150
   149
   161
   151
   155
   169
   173
   185
   178
   149
   135
   103
    73
    70
    81
    82
    84
   106
   122
   108
    82
    75
    89
   122
   127
   106
   103
   127
   107
   148
   159
   158
   135
   111
   114
    99
    89
    96
   103
   111
   111
   117
   119
   117
    94
    82
   101
   111
    95
    67
    63
    52
    41
    22
    18
    26
    26
    38
    45
    45
    34
    38
    43
    48
    57
    56
    57
    59
    62
    60
    69
    89
   114
   134
   151
   172
   179
   180
   185
   190
   192
   194
   194
   192
   187
   186
   183
   186
   186
   193
   199
   205
   199
   194
   189
   184
   185
   183
   190
   202
   193
   179
   172
   166
   155
   163
   158
   154
   150
   146
   151
   152
   154
   154
   157
   155
   153
   156
   162
   177
   167
   147
   130
   102
    84
   102
    95
    81
    95
   115
   118
   109
    98
   105
   126
   155
   150
   122
   116
   127
   102
   144
   152
   144
   116
    99
    96
    84
    68
    76
    86
    83
    88
   104
    93
    71
    73
    85
    82
    58
    58
    54
    49
    38
    34
    22
    23
    24
    26
    29
    33
    41
    43
    25
    26
    28
    35
    45
    45
    50
    54
    55
    62
    91
   110
   127
   150
   167
   178
   181
   187
   192
   192
   193
   196
   193
   184
   179
   182
   183
   187
   195
   200
   203
   202
   195
   188
   177
   177
   173
   182
   181
   177
   172
   169
   161
   150
   145
   146
   151
   151
   154
   153
   146
   144
   145
   147
   150
   148
   154
   153
   163
   171
   147
   128
   108
   106
   104
    69
    58
    85
   112
   124
   105
    99
    84
    98
   131
   145
   118
   103
    92
    68
   138
   148
   142
   136
   118
   102
    92
    92
    74
    68
    62
    72
    69
    70
    84
    77
    81
    86
    78
    64
    65
    55
    47
    45
    27
    20
    26
    28
    31
    35
    40
    41
    45
    44
    41
    40
    42
    47
    44
    47
    51
    77
    95
   115
   139
   160
   169
   177
   183
   189
   194
   191
   199
   200
   193
   187
   181
   185
   188
   187
   193
   205
   206
   194
   186
   184
   175
   172
   169
   171
   170
   168
   172
   172
   163
   152
   147
   144
   146
   150
   147
   144
   147
   146
   142
   144
   143
   148
   145
   147
   149
   168
   166
   132
   116
    96
    92
    57
    59
    84
   113
   108
   111
    85
    96
   100
   111
   110
   100
    94
    84
    70
   137
   148
   142
   118
   105
    94
    85
    67
    74
    64
    57
    64
    71
    99
    96
    94
    98
   101
   104
    93
    69
    57
    56
    42
    25
    22
    24
    26
    35
    44
    39
    47
    56
    56
    49
    41
    42
    42
    53
    51
    62
    72
    99
   135
   152
   164
   172
   172
   179
   187
   191
   196
   194
   191
   190
   187
   186
   184
   184
   188
   199
   204
   198
   188
   175
   166
   165
   162
   167
   172
   176
   166
   155
   159
   153
   143
   139
   139
   136
   137
   138
   144
   150
   149
   149
   144
   144
   147
   149
   154
   155
   171
   154
   120
   105
    36
    64
    96
    91
    98
   106
   113
   105
    97
    97
   104
    90
    97
    93
   100
   107
    92
   141
   138
   132
   101
    94
    89
    81
    77
    58
    62
    63
    53
    65
    61
    64
    87
    76
    59
    49
    54
    74
    80
    65
    61
    28
    25
    23
    28
    32
    35
    50
    55
    57
    46
    43
    52
    50
    46
    42
    42
    50
    73
   119
   138
   152
   164
   169
   174
   180
   188
   193
   194
   192
   195
   187
   184
   171
   177
   183
   191
   199
   202
   198
   191
   183
   174
   156
   151
   155
   171
   175
   160
   138
   114
   119
   134
   146
   152
   149
   152
   145
   142
   149
   156
   147
   148
   138
   139
   144
   148
   158
   178
   156
   121
    88
    24
    53
   118
   113
   103
   100
    74
    81
    84
    94
    98
    90
    95
    73
    76
    68
   106
   128
   132
   129
   103
    99
    98
    88
    69
    70
    62
    75
    78
    78
    92
    87
    79
    77
    87
    86
    64
    50
    53
    63
    55
    26
    33
    37
    42
    36
    48
    65
    73
    65
    61
    55
    37
    34
    40
    38
    43
    54
    82
   118
   136
   151
   158
   170
   178
   179
   185
   193
   195
   197
   189
   187
   187
   182
   179
   189
   196
   202
   206
   203
   194
   180
   165
   152
   142
   131
   140
   147
   131
   101
    90
   103
   123
   143
   159
   157
   156
   152
   151
   154
   161
   163
   154
   157
   146
   138
   134
   134
   159
   139
   115
    94
    37
    65
   113
   122
   121
   106
   106
    94
    87
    95
    96
    98
    77
    60
    70
    56
   105
   132
   135
   128
   103
   105
    98
    72
    76
    69
    66
    53
    64
    89
    85
    89
   102
   114
   109
    98
    95
    74
    44
    40
    48
    30
    21
    21
    30
    38
    43
    41
    43
    43
    33
    29
    36
    33
    25
    37
    46
    55
    93
   118
   142
   153
   164
   169
   169
   173
   181
   186
   188
   188
   189
   181
   179
   175
   185
   188
   198
   197
   194
   189
   183
   164
   150
   140
   117
   106
   111
   107
    93
    91
   103
   120
   129
   121
   118
   131
   153
   161
   158
   155
   158
   164
   166
   161
   157
   159
   156
   146
   135
   137
   134
   113
    79
    95
   125
   117
   111
   103
    89
    73
    70
    86
    93
    80
    82
    71
    68
    65
   110
   131
   138
   125
   111
   110
   100
    89
    77
    79
    75
    81
    94
    95
   116
   122
   120
    98
    76
    79
    56
    52
    63
    52
    29
    24
    27
    37
    33
    36
    45
    48
    56
    57
    43
    35
    37
    38
    46
    45
    41
    60
    99
   119
   136
   152
   159
   163
   166
   173
   181
   187
   189
   187
   188
   187
   178
   172
   173
   180
   187
   192
   189
   186
   175
   164
   140
   103
    76
    82
    84
    86
    97
   110
   124
   127
    95
   120
   132
   116
   131
   148
   151
   154
   158
   160
   164
   170
   169
   158
   151
   153
   151
   157
   164
   151
   133
   105
    98
   126
   139
   132
    99
    83
    86
    82
    74
    79
    94
    93
    70
    81
   129
   130
   133
   121
   111
   118
   102
    90
    91
    83
    79
    82
    98
   118
   122
    93
    98
   106
   100
    67
    51
    54
    48
    52
    41
    25
    22
    19
    26
    43
    47
    58
    61
    49
    44
    34
    52
    50
    45
    32
    36
    65
   100
   130
   135
   149
   156
   165
   164
   171
   175
   181
   186
   187
   182
   182
   182
   182
   179
   174
   179
   184
   184
   182
   171
   153
   105
    75
    68
    66
    77
    89
   110
   127
   119
   110
    93
   125
   157
   149
   137
   140
   153
   153
   155
   165
   169
   164
   168
   174
   163
   147
   136
   130
   129
   124
    98
    90
   110
   134
   158
   162
   146
   112
    92
    86
    96
    94
    99
    78
    73
    86
   129
   137
   140
   124
   122
   120
   110
   101
    89
    96
    98
   108
   132
   138
   129
   121
    97
    78
    75
    84
    82
    69
    54
    33
    35
    22
    22
    24
    37
    39
    43
    40
    41
    56
    57
    63
    51
    37
    22
    30
    39
    78
   120
   138
   139
   142
   148
   158
   168
   173
   184
   189
   188
   186
   182
   177
   177
   176
   177
   178
   179
   185
   185
   184
   175
   148
   105
    68
    58
    62
    69
    97
   127
   120
   114
    97
   100
   136
   159
   169
   163
   158
   154
   165
   164
   162
   165
   174
   175
   174
   170
   158
   150
   146
   147
   144
   146
   144
   147
   160
   166
   155
   154
   130
   102
    91
    75
    79
    78
    71
    69
    83
   122
   136
   126
   115
   121
   116
   113
   109
   111
   107
   112
   116
   111
   111
   110
   101
    99
    91
    83
    80
    78
    71
    64
    52
    51
    23
    24
    27
    26
    33
    42
    56
    56
    58
    72
    56
    33
    19
    26
    28
    41
    85
   117
   130
   137
   149
   155
   162
   165
   177
   182
   181
   186
   185
   181
   175
   170
   170
   174
   175
   182
   180
   185
   179
   163
   144
   107
    73
    51
    50
    69
   109
   135
   110
   111
    88
   127
   135
   147
   155
   167
   167
   163
   156
   162
   167
   171
   169
   170
   167
   168
   164
   170
   169
   162
   155
   159
   156
   158
   163
   162
   161
   154
   127
   109
    89
    93
    98
    95
    81
    55
    76
   127
   138
   113
   127
   132
   136
   134
   126
   121
   116
   112
   126
   132
   123
   112
   111
   101
    86
    80
    78
    86
    60
    46
    49
    34
    20
    22
    28
    31
    32
    34
    35
    38
    40
    50
    41
    32
    33
    28
    30
    49
    90
   119
   130
   136
   144
   154
   161
   165
   170
   176
   178
   173
   175
   176
   173
   168
   168
   166
   177
   179
   182
   178
   175
   169
   142
   102
    65
    48
    51
    70
   126
   136
   112
   101
   101
   144
   136
   142
   152
   161
   174
   180
   176
   163
   171
   175
   174
   171
   171
   172
   172
   162
   165
   170
   162
   157
   158
   163
   158
   163
   158
   158
   145
   120
   102
    99
    78
    75
    74
    41
    78
   131
   131
   121
   136
   138
   144
   133
   137
   125
   111
   120
   128
   127
   134
   116
    97
    94
    80
    62
    54
    43
    48
    42
    31
    46
    31
    28
    20
    28
    31
    30
    31
    40
    41
    28
    24
    28
    28
    25
    30
    47
    89
   118
   127
   136
   143
   151
   158
   165
   169
   166
   173
   175
   171
   169
   170
   167
   166
   166
   172
   176
   174
   174
   164
   159
   141
    93
    58
    44
    42
    75
   133
   129
   121
    94
   128
   155
   159
   153
   150
   149
   166
   175
   173
   173
   167
   176
   172
   177
   180
   173
   172
   172
   169
   171
   168
   164
   164
   169
   171
   170
   162
   162
   149
   125
   103
    85
    88
    68
    57
    34
    75
   116
   114
   127
   136
   145
   146
   139
   129
   130
   141
   134
   128
   121
   108
   113
   106
   112
   107
   106
    84
    81
    62
    50
    45
    43
    23
    22
    38
    35
    30
    27
    37
    34
    34
    34
    31
    26
    26
    23
    27
    50
    95
   121
   126
   134
   143
   150
   154
   154
   159
   163
   164
   165
   168
   168
   171
   171
   168
   169
   167
   174
   174
   168
   161
   151
   135
    89
    57
    33
    44
    88
   147
   128
   114
   109
   175
   193
   182
   151
   151
   149
   159
   171
   180
   183
   174
   170
   174
   185
   182
   176
   180
   178
   175
   174
   176
   170
   166
   164
   163
   163
   165
   163
   160
   136
   108
   106
    77
    75
    74
    60
    76
   109
   118
   129
   146
   149
   146
   141
   141
   133
   134
   130
   120
   108
   117
   112
   107
    96
    90
    77
    77
    64
    59
    53
    59
    38
    27
    28
    23
    18
    23
    43
    40
    37
    28
    25
    19
    30
    35
    25
    26
    37
    77
   112
   122
   130
   140
   147
   152
   158
   161
   164
   167
   169
   169
   164
   164
   165
   163
   164
   167
   170
   171
   168
   161
   152
   135
    93
    60
    49
    37
    97
   160
   138
   123
    96
    81
   113
   182
   167
   160
   167
   159
   162
   174
   169
   166
   169
   173
   175
   182
   181
   184
   170
   168
   181
   174
   170
   170
   167
   168
   165
   165
   168
   164
   155
   132
   114
    92
    62
    58
    66
    56
    96
   126
   131
   130
   127
   130
   143
   144
   147
   143
   130
   114
    97
    93
   110
   101
    94
    90
    51
    38
    34
    29
    36
    25
    30
    23
    25
    28
    28
    34
    29
    35
    26
    20
    15
    20
    24
    21
    20
    28
    38
    72
   114
   123
   128
   137
   145
   151
   158
   159
   164
   166
   163
   162
   162
   164
   163
   170
   170
   171
   174
   168
   157
   155
   144
   122
    86
    51
    56
    47
   105
   170
   144
   106
    28
    76
   110
   103
   164
   125
   136
   148
   161
   159
   171
   176
   177
   178
   177
   181
   182
   180
   183
   183
   178
   175
   176
   171
   168
   162
   159
   157
   164
   164
   163
   155
   125
    99
    86
    86
    85
    81
    95
   107
   122
   129
   136
   133
   139
   140
   131
   121
   136
   125
   116
   110
    94
   101
    89
    60
    64
    45
    44
    39
    34
    41
    37
    29
    31
    29
    29
    32
    37
    25
    22
    19
    23
    33
    23
    22
    24
    26
    32
    68
   103
   112
   123
   138
   147
   153
   158
   160
   160
   161
   162
   163
   165
   161
   166
   167
   164
   164
   166
   164
   155
   144
   136
   116
    80
    62
    41
    52
   100
   171
   158
   121
   148
    97
    70
   106
   130
   148
   169
   157
   161
   168
   182
   178
   166
   165
   173
   175
   174
   183
   180
   181
   181
   178
   173
   173
   172
   166
   160
   160
   162
   159
   159
   146
   137
   117
    97
    83
    82
    83
    81
    95
   103
   131
   127
   129
   129
   124
   115
   113
   117
   122
   116
   123
   108
    83
    90
   101
    75
    61
    47
    37
    26
    31
    26
    30
    26
    21
    26
    36
    28
    33
    23
    20
    24
    33
    31
    23
    23
    23
    30
    61
   100
   113
   120
   130
   142
   152
   154
   162
   160
   159
   162
   161
   164
   162
   160
   159
   164
   162
   162
   163
   155
   144
   132
   112
    81
    55
    41
    44
    98
   177
   159
   124
    46
    19
    30
    90
   118
   120
   135
   149
   151
   161
   164
   177
   177
   176
   177
   178
   173
   176
   182
   175
   180
   178
   177
   171
   167
   165
   159
   155
   154
   155
   160
   160
   141
   133
   124
   102
    87
    74
    86
    99
    98
    87
   116
   137
   140
   124
    97
    98
    94
   107
    98
    96
    85
    83
    80
    67
    59
    53
    44
    44
    42
    26
    22
    30
    28
    28
    36
    31
    35
    37
    30
    30
    30
    32
    30
    24
    25
    23
    26
    47
    88
   110
   123
   132
   142
   150
   152
   157
   157
   157
   156
   162
   160
   162
   160
   165
   165
   167
   162
   160
   152
   145
   134
   109
    76
    48
    42
    41
    97
   159
   161
   125
    55
    60
    94
    91
   122
   119
   130
   137
   149
   158
   171
   174
   170
   172
   175
   177
   176
   175
   168
   170
   175
   175
   176
   169
   173
   167
   165
   159
   156
   156
   162
   164
   160
   135
   128
   119
    97
    86
    83
    96
   109
   104
    88
   102
   129
   125
   106
    94
    67
    74
    81
    87
    81
    71
    51
    55
    43
    39
    34
    38
    28
    33
    41
    30
    25
    26
    28
    32
    33
    37
    33
    26
    30
    29
    26
    26
    22
    24
    26
    38
    68
    90
    97
   113
   129
   141
   147
   155
   157
   157
   160
   160
   161
   159
   160
   163
   164
   163
   162
   159
   151
   144
   130
   106
    79
    48
    40
    47
    82
   139
   154
   115
    69
    29
    40
    88
   148
   120
   150
   155
   153
   156
   164
   174
   175
   171
   168
   176
   172
   172
   176
   173
   174
   175
   169
   168
   162
   165
   160
   159
   159
   156
   158
   162
   164
   163
   154
   142
   130
   119
    92
    95
   116
   105
   100
    95
    90
   110
   120
    92
    87
    98
    74
    47
    61
    92
    81
    56
    47
    40
    42
    30
    33
    36
    26
    35
    29
    26
    28
    27
    29
    33
    33
    30
    29
    37
    30
    27
    33
    32
    48
    50
    63
    87
   103
   111
   124
   135
   145
   149
   153
   154
   156
   159
   161
   159
   158
   158
   159
   164
   165
   161
   154
   145
   135
   103
    73
    52
    35
    44
    73
   132
   157
   138
   104
   127
   133
   143
   150
   121
   123
   137
   148
   154
   168
   171
   171
   167
   173
   174
   167
   168
   168
   176
   171
   171
   170
   165
   167
   164
   162
   156
   156
   153
   157
   159
   161
   163
   164
   163
   160
   156
   149
   135
   124
   120
   104
    97
   102
    95
    91
   102
    83
    89
    90
    82
    63
    49
    51
    61
    55
    45
    42
    43
    42
    34
    29
    29
    27
    30
    33
    28
    32
    30
    32
    26
    29
    33
    26
    26
    33
    53
    56
    57
    48
    56
    75
    96
   116
   128
   135
   146
   152
   155
   157
   157
   158
   161
   159
   155
   161
   164
   164
   157
   152
   142
   128
   105
    72
    55
    46
    40
    76
   123
   148
   137
   117
    80
   145
   147
   147
   136
   158
   154
   148
   156
   163
   169
   168
   171
   177
   175
   171
   165
   166
   164
   164
   169
   166
   168
   162
   160
   154
   148
   151
   154
   151
   161
   162
   162
   168
   166
   161
   157
   149
   152
   141
   128
   111
   102
    99
   102
   100
    99
    85
    86
    72
    58
    61
    65
    59
    52
    45
    40
    47
    39
    40
    34
    35
    40
    37
    29
    22
    30
    28
    27
    36
    30
    31
    38
    30
    30
    28
    36
    30
    33
    34
    33
    42
    66
    95
   122
   131
   135
   145
   151
   155
   155
   154
   156
   157
   161
   160
   160
   156
   154
   152
   151
   128
   100
    64
    59
    49
    61
    71
   110
   136
   150
   130
   105
    57
   100
   101
   134
   164
   168
   169
   170
   172
   171
   171
   174
   174
   177
   173
   168
   167
   165
   168
   166
   167
   163
   162
   161
   157
   158
   159
   149
   158
   162
   167
   162
   154
   157
   150
   143
   136
   130
   126
   112
   102
    95
    85
    87
    95
    88
    76
    73
    76
    67
    73
    67
    48
    42
    52
    51
    47
    60
    41
    32
    16
    34
    24
    27
    28
    21
    28
    26
    36
    33
    35
    31
    35
    35
    30
    26
    40
    33
    32
    27
    32
    49
    74
   109
   127
   130
   135
   142
   147
   151
   154
   154
   157
   161
   163
   162
   163
   157
   154
   151
   139
    97
    69
    51
    49
    56
    61
    88
   130
   151
   140
   145
    82
    45
    89
   141
   173
   177
   178
   176
   174
   175
   175
   172
   174
   174
   170
   169
   172
   173
   158
   160
   157
   160
   162
   156
   150
   149
   152
   163
   164
   167
   168
   165
   158
   137
   142
   138
   122
   124
   123
   122
   128
   109
   106
    93
    80
    81
    79
    87
    96
    89
    73
    59
    67
    71
    65
    60
    50
    21
    27
    19
    64
    34
    33
    32
    33
    22
    28
    30
    31
    33
    44
    42
    28
    32
    36
    25
    21
    40
    39
    39
    31
    24
    55
    86
   116
   130
   132
   128
   141
   145
   147
   151
   161
   161
   165
   167
   165
   157
   152
   153
   153
   126
    68
    41
    53
    65
    61
    82
   106
   150
   157
   120
   120
    56
    57
   122
   166
   179
   179
   175
   178
   177
   173
   167
   171
   174
   171
   169
   161
   162
   167
   161
   163
   150
   145
   156
   159
   153
   155
   158
   167
   163
   158
   155
   145
   149
   139
   125
   123
   125
   115
    94
    93
    96
    92
    92
    86
    82
    94
    75
    84
    72
    82
    76
    65
    55
    38
    51
    54
    45
    53
    98
   111
    34
    32
    35
    28
    28
    31
    35
    30
    41
    38
    30
    35
    35
    30
    32
    33
    33
    35
    34
    27
    29
    32
    58
   100
   116
   124
   130
   135
   141
   148
   153
   159
   161
   165
   167
   165
   163
   151
   148
   147
   154
   121
    73
    51
    63
    77
    87
   109
   128
   156
   143
    98
   110
    83
   106
   139
   173
   176
   177
   174
   169
   169
   173
   171
   169
   174
   168
   165
   164
   162
   164
   166
   172
   159
   151
   156
   158
   160
   154
   160
   158
   164
   154
   153
   148
   145
   140
   130
   130
   130
   115
   120
   102
    95
    95
   105
    90
    82
   101
    84
    63
    79
    73
    77
    72
    68
    49
    39
    58
    78
    99
   106
    38
    33
    27
    30
    25
    21
    27
    36
    33
    46
    36
    30
    34
    35
    33
    34
    25
    35
    45
    39
    31
    27
    41
    78
   100
   120
   123
   126
   134
   145
   148
   148
   154
   161
   165
   165
   162
   162
   152
   154
   146
   138
    98
    66
    59
    71
    69
    89
   119
   139
   155
   139
   112
   107
   122
   136
   147
   164
   167
   169
   171
   172
   176
   180
   172
   169
   173
   169
   165
   164
   162
   157
   162
   168
   173
   162
   160
   145
   153
   150
   163
   163
   145
   135
   131
   129
   120
   116
   128
   134
   127
   114
   112
   110
    97
    84
    83
    89
    80
    84
    64
    39
    51
    72
    70
    74
    71
    65
    79
   103
   110
   114
    43
    41
    30
    26
    26
    25
    30
    29
    27
    41
    33
    30
    43
    36
    31
    36
    44
    39
    39
    47
    46
    29
    19
    52
    92
    97
   113
   120
   126
   134
   141
   144
   149
   155
   164
   166
   163
   156
   156
   155
   152
   143
   131
    94
    70
    61
    65
    87
   103
   118
   134
   152
   150
   139
   126
   136
   144
   162
   170
   173
   172
   175
   179
   175
   165
   164
   166
   174
   164
   156
   164
   162
   151
   152
   160
   156
   141
   145
   136
   139
   143
   138
   139
   128
   132
   128
   128
   113
   128
   127
   111
    90
   100
    98
    94
    99
    75
    55
    59
    55
    51
    58
    55
    54
    61
    59
    79
    91
   116
   124
   122
   122
    44
    42
    35
    30
    28
    27
    23
    26
    27
    29
    41
    33
    32
    43
    38
    34
    42
    42
    37
    35
    48
    54
    38
    41
    75
    90
    99
   110
   113
   117
   129
   140
   145
   147
   158
   160
   163
   164
   156
   157
   154
   152
   149
   137
    92
    65
    70
    69
    92
   109
   124
   142
   164
   166
   160
   155
   155
   164
   171
   166
   166
   170
   176
   181
   181
   177
   174
   174
   171
   159
   153
   151
   153
   162
   154
   155
   148
   144
   137
   128
   128
   127
   136
   123
   111
   105
   101
    96
    99
    92
    95
    93
    82
    78
    77
    58
    42
    50
    57
    59
    68
    55
    44
    38
    31
    75
   117
   119
   124
   123
   125
   121
    42
    39
    31
    30
    28
    29
    28
    28
    23
    30
    33
    32
    36
    40
    37
    35
    34
    37
    36
    38
    37
    44
    43
    29
    44
    81
    93
    95
   102
   109
   116
   125
   129
   130
   135
   139
   141
   142
   146
   141
   138
   137
   141
   137
   125
    87
    69
    70
    92
   104
   111
   127
   147
   169
   171
   172
   168
   162
   167
   172
   172
   173
   177
   177
   176
   181
   176
   164
   164
   160
   157
   144
   142
   144
   147
   147
   150
   139
   135
   131
   122
   112
   113
   122
   123
   124
   123
   128
   129
   112
    96
    89
    93
    83
    67
    58
    55
    49
    34
    49
    42
    39
    30
    36
    85
   112
   119
   124
   125
   121
   120
   120
    44
    41
    38
    33
    30
    27
    28
    29
    28
    29
    35
    34
    39
    42
    40
    33
    26
    27
    37
    45
    43
    38
    52
    64
    47
    48
    74
    92
    95
    93
    99
   104
   115
   119
   121
   119
   123
   123
   122
   123
   126
   125
   120
   123
   131
   126
   114
   100
   112
   102
   114
   121
   138
   162
   167
   166
   170
   171
   172
   170
   171
   166
   166
   171
   169
   165
   163
   162
   155
   151
   148
   149
   146
   145
   143
   136
   134
   135
   138
   119
   106
   105
   102
   122
   127
   108
   101
   115
   114
    89
    87
    75
    72
    69
    66
    52
    47
    42
    40
    26
    21
    20
    40
    85
   110
   126
   127
   125
   127
   133
   136
   130
    37
    43
    38
    30
    36
    35
    39
    29
    26
    24
    23
    32
    28
    34
    38
    33
    26
    22
    28
    32
    42
    49
    39
    55
    52
    57
    52
    63
    82
    90
    92
    96
    96
   106
   110
   108
   109
   115
   121
   125
   127
   125
   130
   124
   116
   116
   122
   115
   110
   110
   111
   119
   140
   163
   170
   167
   170
   171
   167
   164
   166
   163
   165
   160
   158
   154
   155
   150
   148
   151
   150
   146
   147
   148
   151
   141
   122
   109
   122
   119
   116
   111
   115
   101
    98
   110
    98
    82
    77
    74
    55
    52
    48
    38
    49
    42
    32
    36
    27
    24
    59
    94
   112
   133
   136
   117
   117
   122
   106
    76
    53
    36
    48
    44
    40
    36
    29
    33
    26
    29
    22
    25
    33
    30
    30
    27
    41
    33
    29
    24
    24
    23
    29
    35
    49
    40
    47
    39
    43
    42
    44
    57
    66
    70
    77
    84
    83
   100
    94
    93
    92
    96
    95
   103
   105
   107
   116
   108
   106
   105
   102
   104
   105
   109
   121
   131
   136
   148
   161
   161
   165
   160
   156
   154
   155
   152
   152
   148
   145
   144
   141
   140
   140
   140
   141
   136
   125
   126
   114
   110
   106
    87
    68
    77
    74
    67
    67
    63
    62
    58
    34
    49
    64
    61
    54
    49
    37
    47
    49
    49
    71
   104
   120
   118
   108
    82
    78
   132
    92
    32
    35
    38
    27
    36
    41
    43
    43
    41
    32
    31
    30
    31
    26
    30
    27
    24
    26
    32
    34
    30
    26
    23
    28
    28
    17
    37
    49
    43
    30
    29
    27
    37
    44
    33
    32
    35
    41
    40
    54
    45
    56
    56
    60
    63
    75
    80
    86
    95
    89
   103
   106
   106
   105
   102
   110
   118
   117
   122
   134
   131
   137
   148
   152
   159
   155
   150
   141
   138
   136
   136
   148
   146
   145
   145
   140
   135
   123
   116
    97
    90
    78
    67
    76
    83
    88
    73
    62
    58
    63
    53
    54
    48
    58
    46
    49
    35
    36
    36
    47
    51
    64
    57
    44
    27
     5
     8
     7
    10
     8
    43
   162
   139
    64
    69
    78
    64
    38
    43
    36
    39
    33
    32
    39
    29
    31
    23
    23
    28
    26
    23
    24
    34
    32
    28
    21
    24
    30
    24
    23
    42
    43
    33
    30
    23
    29
    35
    40
    32
    32
    37
    35
    42
    41
    45
    45
    54
    51
    54
    62
    63
    66
    65
    68
    76
    80
    80
    85
    89
    96
   111
   119
   134
   125
   121
   120
   112
   109
   103
    95
    90
    85
    84
    75
    77
    76
    77
    86
    91
   103
    99
    84
    72
    81
    79
    68
    62
    54
    65
    70
    55
    54
    67
    51
    54
    49
    55
    46
    45
    37
    40
    32
    28
    19
    24
    21
    22
    25
    26
    27
    28
    26
    20
    20
   145
   165
   102
    92
    88
    38
    45
    44
    41
    43
    35
    35
    32
    28
    24
    25
    27
    35
    36
    28
    31
    34
    24
    25
    32
    33
    30
    29
    24
    26
    28
    24
    29
    30
    25
    23
    29
    26
    27
    24
    27
    28
    27
    28
    29
    35
    40
    39
    45
    51
    50
    50
    53
    57
    67
    73
    79
    87
    90
    93
    95
    97
    90
    87
    83
    80
    73
    74
    69
    76
    67
    64
    58
    55
    54
    46
    37
    39
    51
    68
    52
    55
    57
    62
    56
    48
    48
    50
    51
    48
    48
    43
    46
    38
    33
    31
    32
    30
    23
    26
    27
    30
    24
    26
    26
    29
    28
    30
    29
    28
    28
    23
    23
   117
   172
   145
   147
    43
    49
    47
    40
    39
    37
    32
    33
    29
    31
    31
    23
    28
    37
    38
    30
    31
    32
    31
    28
    28
    37
    38
    30
    23
    23
    27
    33
    32
    29
    33
    33
    33
    31
    25
    22
    22
    23
    23
    24
    21
    22
    25
    28
    33
    43
    48
    48
    54
    55
    54
    58
    62
    63
    67
    63
    66
    59
    63
    59
    60
    58
    52
    51
    46
    42
    43
    38
    29
    34
    34
    27
    25
    24
    24
    43
    56
    46
    52
    46
    49
    48
    49
    47
    36
    30
    31
    24
    28
    26
    32
    27
    28
    28
    28
    26
    23
    26
    27
    31
    25
    27
    27
    27
    30
    29
    32
    28
    14
    77
   183
   188
    40
    45
    41
    43
    42
    42
    38
    32
    29
    28
    25
    30
    34
    36
    40
    38
    35
    38
    34
    28
    32
    30
    31
    37
    40
    36
    34
    42
    42
    43
    37
    29
    30
    35
    43
    33
    23
    23
    24
    21
    18
    16
    18
    20
    26
    27
    33
    32
    32
    33
    34
    35
    38
    40
    47
    51
    46
    50
    45
    37
    37
    36
    32
    29
    26
    31
    28
    29
    29
    26
    25
    34
    25
    17
    40
    59
    50
    53
    59
    36
    31
    28
    23
    27
    26
    25
    26
    30
    30
    32
    33
    27
    26
    30
    28
    29
    29
    26
    25
    24
    25
    27
    24
    28
    29
    29
    28
    28
    27
    15
    52
   169
    42
    41
    44
    40
    41
    38
    41
    40
    35
    32
    32
    27
    29
    31
    29
    30
    36
    37
    43
    49
    39
    33
    34
    30
    28
    39
    37
    33
    42
    37
    40
    38
    29
    21
    26
    29
    23
    23
    23
    20
    20
    22
    22
    27
    27
    22
    23
    23
    21
    21
    21
    20
    25
    29
    24
    22
    25
    23
    23
    26
    21
    24
    26
    27
    31
    28
    30
    38
    53
    61
    45
    34
    57
    86
   102
   106
   102
   108
    87
    37
    27
    28
    28
    27
    29
    29
    26
    28
    27
    26
    27
    30
    32
    28
    27
    26
    26
    28
    31
    29
    28
    26
    28
    26
    26
    27
    28
    27
    26
    25
    18
    19
    40
    39
    37
    43
    40
    48
    42
    40
    37
    33
    36
    28
    28
    24
    26
    23
    25
    36
    37
    33
    37
    37
    35
    35
    34
    29
    31
    37
    31
    31
    22
    28
    27
    20
    22
    26
    30
    26
    27
    27
    26
    22
    29
    22
    15
    22
    20
    17
    21
    22
    23
    25
    23
    26
    29
    24
    28
    28
    25
    24
    20
    17
    20
    26
    36
    43
    57
    97
    92
    68
    39
    28
    26
    65
   108
   110
   116
   115
   105
    44
    31
    30
    28
    34
    32
    29
    27
    27
    28
    30
    27
    23
    28
    26
    27
    30
    29
    29
    25
    29
    30
    29
    30
    29
    25
    27
    28
    28
    26
    29
    26
    25
    42
    42
    39
    40
    43
    39
    40
    37
    35
    38
    33
    39
    32
    29
    26
    28
    33
    31
    33
    30
    32
    29
    32
    32
    32
    32
    29
    30
    36
    43
    35
    22
    25
    26
    29
    30
    29
    25
    26
    22
    21
    33
    33
    24
    27
    20
    22
    24
    23
    25
    26
    24
    28
    27
    30
    30
    21
    17
    24
    32
    23
    29
    40
    50
    46
    41
    45
    33
    23
    22
    22
    26
    32
    73
   120
   125
   134
   140
   118
    41
    28
    31
    27
    24
    26
    26
    30
    28
    29
    24
    29
    30
    25
    25
    25
    27
    31
    24
    30
    28
    27
    27
    24
    27
    28
    27
    27
    28
    30
    29
    30
    33
    39
    38
    40
    42
    38
    44
    39
    37
    40
    37
    33
    27
    31
    27
    28
    27
    23
    29
    35
    42
    35
    40
    32
    29
    29
    34
    50
    33
    31
    35
    43
    51
    44
    39
    40
    30
    29
    37
    33
    32
    34
    29
    24
    23
    26
    33
    35
    32
    31
    32
    41
    36
    25
    28
    29
    23
    30
    39
    47
    36
    45
    50
    56
    45
    45
    42
    26
    27
    22
    20
    22
    33
    52
    89
   132
   134
   139
   142
    97
    29
    27
    26
    23
    29
    27
    26
    26
    26
    28
    31
    25
    22
    25
    35
    29
    25
    26
    32
    32
    28
    28
    29
    32
    31
    30
    27
    29
    30
    28
    28
    32
    24
    44
    40
    39
    41
    47
    41
    41
    44
    40
    37
    40
    41
    32
    36
    25
    31
    32
    22
    27
    33
    30
    28
    34
    34
    33
    35
    30
    44
    43
    36
    45
    43
    49
    39
    34
    40
    46
    48
    42
    34
    23
    24
    34
    36
    39
    31
    26
    35
    41
    40
    33
    39
    38
    21
    23
    32
    34
    32
    28
    46
    50
    60
    59
    56
    42
    27
    31
    24
    20
    26
    27
    23
    29
    60
   126
   130
   155
   130
    27
    25
    26
    25
    29
    32
    27
    27
    27
    28
    25
    25
    29
    30
    29
    26
    34
    39
    31
    24
    27
    28
    24
    30
    26
    26
    26
    29
    26
    26
    25
    27
    26
    35
    40
    42
    40
    38
    35
    39
    45
    41
    39
    41
    38
    44
    35
    34
    42
    37
    33
    33
    28
    28
    31
    31
    29
    41
    38
    29
    37
    36
    36
    46
    49
    39
    25
    31
    32
    37
    34
    33
    39
    49
    63
    77
    79
    60
    37
    34
    31
    30
    33
    29
    35
    39
    43
    41
    26
    33
    39
    36
    51
    59
    55
    47
    54
    40
    33
    32
    27
    27
    30
    26
    26
    35
    61
    52
   122
   138
    82
    16
    27
    30
    30
    29
    28
    26
    27
    30
    28
    29
    29
    30
    30
    28
    28
    32
    27
    24
    27
    36
    29
    31
    31
    25
    27
    29
    30
    29
    31
    29
    31
    31
    28
    28
    38
    42
    43
    41
    41
    39
    40
    44
    45
    42
    45
    39
    42
    37
    36
    34
    29
    29
    32
    31
    31
    29
    34
    27
    35
    38
    29
    34
    51
    56
    48
    49
    59
    51
    53
    47
    52
    56
    61
    69
    85
    72
    45
    24
    29
    33
    35
    27
    27
    32
    30
    26
    30
    35
    49
    52
    52
    48
    41
    46
    47
    45
    47
    52
    37
    31
    29
    27
    24
    35
    31
    28
    56
   107
   141
    64
    17
    25
    28
    33
    29
    28
    28
    25
    27
    28
    28
    27
    29
    31
    28
    29
    27
    27
    30
    34
    31
    27
    32
    26
    30
    32
    32
    31
    29
    31
    31
    31
    25
    32
    33
    31
    41
    38
    39
    39
    39
    42
    36
    37
    39
    42
    36
    37
    44
    42
    36
    36
    39
    37
    37
    31
    29
    27
    27
    34
    35
    38
    41
    32
    33
    42
    43
    46
    49
    53
    50
    48
    54
    59
    52
    46
    36
    24
    30
    46
    43
    37
    35
    33
    38
    36
    42
    42
    41
    37
    35
    42
    48
    44
    38
    44
    52
    68
    66
    44
    37
    37
    34
    37
    40
    41
    28
    41
   117
   139
    58
    17
    29
    30
    32
    26
    31
    31
    28
    34
    33
    28
    31
    30
    34
    31
    32
    31
    32
    32
    29
    31
    30
    32
    32
    31
    32
    31
    32
    28
    30
    32
    31
    31
    33
    32
    28
    33
    41
    39
    39
    37
    42
    39
    41
    41
    39
    41
    46
    45
    42
    41
    39
    39
    34
    42
    40
    38
    36
    40
    38
    33
    29
    34
    34
    44
    39
    32
    33
    27
    32
    42
    40
    35
    30
    22
    30
    32
    37
    39
    40
    37
    38
    45
    39
    41
    40
    41
    49
    47
    45
    50
    43
    43
    40
    41
    46
    48
    45
    46
    51
    50
    45
    41
    44
    44
    44
    29
    25
    57
    87
    35
    23
    29
    29
    32
    29
    33
    31
    30
    34
    30
    29
    32
    30
    32
    29
    27
    29
    30
    35
    31
    32
    30
    30
    29
    32
    30
    28
    33
    31
    33
    31
    30
    28
    30
    31
    33
    35
    32
    37
    41
    39
    43
    39
    41
    38
    41
    38
    39
    43
    40
    41
    38
    39
    40
    43
    40
    42
    45
    41
    39
    36
    40
    42
    31
    30
    32
    33
    37
    34
    38
    44
    45
    50
    50
    48
    45
    29
    21
    21
    28
    37
    45
    47
    44
    47
    42
    38
    36
    48
    53
    54
    56
    58
    58
    56
    56
    61
    52
    55
    71
    68
    59
    46
    49
    44
    39
    29
    26
    24
    33
    26
    21
    31
    29
    34
    32
    32
    31
    31
    31
    29
    29
    31
    30
    31
    33
    35
    35
    32
    33
    32
    31
    31
    33
    33
    31
    34
    34
    35
    31
    31
    29
    31
    29
    34
    36
    33
    29
    30
    31
    39
    40
    41
    41
    44
    45
    45
    40
    45
    44
    40
    43
    44
    47
    43
    42
    40
    47
    38
    48
    53
    47
    45
    50
    45
    47
    43
    37
    34
    29
    32
    36
    43
    47
    47
    55
    55
    44
    50
    48
    42
    29
    19
    19
    29
    35
    37
    41
    45
    47
    44
    45
    42
    37
    41
    39
    41
    48
    57
    64
    69
    68
    60
    49
    50
    44
    39
    30
    19
    23
    30
    35
    29
    34
    28
    30
    29
    28
    30
    34
    29
    31
    31
    31
    32
    30
    31
    35
    31
    31
    29
    27
    28
    29
    33
    31
    32
    32
    31
    31
    32
    32
    34
    32
    32
    34
    34
    32
    35
    30
    33
    32
    40
    41
    41
    42
    37
    40
    37
    42
    35
    34
    39
    40
    38
    41
    48
    47
    43
    44
    46
    47
    46
    51
    38
    32
    39
    39
    42
    40
    37
    39
    36
    45
    43
    35
    35
    35
    47
    47
    53
    57
    54
    53
    52
    51
    38
    30
    24
    33
    40
    41
    48
    45
    45
    50
    42
    44
    38
    38
    44
    43
    47
    53
    51
    48
    32
    27
    23
    22
    26
    33
    36
    34
    32
    31
    32
    29
    30
    30
    27
    27
    27
    28
    31
    30
    32
    33
    28
    29
    32
    29
    33
    33
    34
    30
    26
    30
    29
    27
    29
    28
    29
    30
    33
    30
    32
    33
    33
    33
    31
    36
    37
    40
    39
    39
    38
    40
    40
    38
    39
    39
    44
    48
    48
    46
    45
    39
    46
    49
    46
    42
    56
    57
    48
    54
    52
    37
    30
    28
    33
    40
    40
    33
    36
    34
    33
    39
    42
    39
    36
    36
    35
    46
    52
    57
    66
    58
    57
    53
    54
    47
    44
    50
    54
    57
    50
    49
    47
    46
    52
    54
    52
    39
    33
    36
    41
    40
    33
    24
    32
    32
    39
    36
    29
    28
    31
    29
    29
    32
    32
    32
    29
    31
    31
    33
    28
    29
    28
    27
    32
    32
    29
    29
    30
    32
    32
    33
    35
    31
    35
    36
    35
    34
    34
    36
    31
    35
    34
    35
    39
    38
    35
    33
    39
    30
    42
    37
    38
    39
    41
    41
    40
    38
    38
    41
    38
    45
    43
    51
    39
    41
    53
    50
    43
    67
    53
    41
    48
    43
    29
    27
    33
    36
    49
    44
    41
    44
    46
    40
    40
    42
    46
    43
    45
    34
    32
    44
    56
    58
    62
    62
    67
    71
    72
    67
    69
    61
    54
    56
    55
    57
    67
    62
    58
    52
    44
    39
    45
    36
    35
    37
    41
    37
    34
    28
    29
    36
    34
    35
    38
    36
    24
    30
    33
    30
    29
    26
    33
    30
    30
    29
    29
    34
    34
    35
    33
    34
    30
    32
    29
    32
    30
    32
    30
    36
    36
    30
    35
    36
    38
    39
    36
    37
    38
    36
    36
    44
