    50
    46
    48
    55
    49
    43
    52
    49
    52
    52
    48
    51
    51
    53
    58
    55
    57
    48
    56
    57
    51
    67
    68
    65
    63
    61
    55
    57
    54
    54
    72
    78
    68
    63
    65
    88
    90
    75
    65
    67
    58
    40
    33
    36
    41
    37
    41
    31
    31
    35
    28
    33
    25
    43
    29
     7
    10
    22
    35
    38
    45
    30
    16
     9
    23
    41
    36
    43
    52
    51
    59
    55
    61
    57
    62
    59
    56
    59
    66
    63
    65
    61
    61
    60
    60
    60
    58
    55
    61
    61
    55
    53
    54
    51
    55
    53
    53
    57
    53
    51
    54
    54
    56
    57
    58
    56
    60
    58
    46
    62
   211
   210
    46
    48
    49
    48
    46
    58
    53
    53
    48
    51
    53
    54
    56
    60
    48
    49
    46
    51
    57
    60
    59
    57
    69
    53
    56
    68
    69
    67
    68
    73
    59
    46
    41
    50
    60
    64
    80
    79
    61
    38
    29
    25
    31
    43
    43
    32
    27
    33
    39
    31
    32
    33
    22
    16
    86
   150
   192
   218
   220
   225
   221
   219
   206
   178
   136
   115
    79
    59
    24
    18
    28
    53
    56
    53
    54
    53
    57
    58
    56
    51
    51
    57
    61
    57
    56
    57
    52
    60
    59
    58
    54
    54
    54
    59
    52
    56
    55
    59
    64
    61
    57
    53
    55
    54
    53
    55
    57
    56
    40
   170
   214
   210
    49
    52
    53
    47
    52
    50
    49
    48
    52
    51
    52
    55
    55
    53
    59
    55
    57
    52
    50
    49
    57
    65
    53
    60
    61
    60
    62
    60
    54
    38
    44
    47
    46
    43
    39
    57
    57
    48
    31
    33
    33
    37
    48
    43
    31
    33
    33
    37
    36
    29
    31
    27
    31
   125
   189
   193
   155
   142
   150
   136
   138
   153
   164
   165
   181
   194
   199
   197
   186
   155
    97
    39
    24
    39
    47
    54
    51
    47
    53
    56
    54
    57
    57
    56
    49
    53
    54
    53
    53
    50
    47
    54
    51
    54
    55
    59
    59
    55
    54
    55
    55
    57
    57
    56
    54
    56
    49
    21
   117
   224
   222
   218
    49
    45
    48
    48
    48
    52
    51
    47
    50
    48
    48
    53
    48
    50
    51
    54
    58
    61
    59
    59
    54
    53
    61
    66
    64
    65
    58
    55
    55
    52
    47
    49
    55
    66
    66
    45
    43
    34
    28
    27
    41
    43
    36
    30
    31
    33
    28
    27
    28
    32
    30
    33
    90
   176
   170
   115
    78
    88
    95
   108
   110
   109
   107
   124
   134
   145
   162
   169
   172
   184
   202
   191
   114
    42
    46
    49
    49
    51
    51
    48
    48
    48
    46
    51
    51
    58
    62
    56
    57
    62
    61
    60
    59
    57
    58
    54
    56
    58
    57
    57
    58
    56
    56
    58
    55
    44
    51
   170
   229
   193
   148
   144
    55
    54
    51
    51
    50
    50
    52
    49
    51
    53
    53
    47
    49
    54
    54
    55
    59
    52
    47
    47
    57
    67
    69
    66
    69
    63
    55
    55
    50
    45
    42
    47
    51
    45
    33
    41
    35
    28
    46
    64
    39
    27
    24
    28
    26
    30
    34
    31
    27
    27
    31
    29
   112
   195
   192
    78
    89
   150
   167
   172
   178
   178
   197
   211
   215
   218
   215
   211
   198
   193
   182
   197
   208
   130
    30
    35
    50
    48
    49
    49
    50
    47
    52
    50
    49
    40
    46
    51
    59
    57
    53
    45
    52
    58
    61
    61
    61
    60
    58
    53
    51
    55
    55
    55
    43
    69
   202
   206
   160
   134
   142
   130
    47
    47
    48
    47
    50
    50
    51
    51
    56
    51
    54
    55
    52
    55
    63
    61
    56
    54
    50
    62
    58
    60
    58
    48
    40
    52
    57
    50
    50
    56
    50
    46
    36
    36
    43
    32
    34
    52
    51
    26
    22
    26
    30
    35
    32
    27
    20
    25
    25
    26
    29
    37
    74
   170
   209
   206
   177
   192
   203
   205
   205
   212
   215
   211
   200
   188
   179
   177
   173
   189
   193
   182
   196
   194
   165
    92
    22
    40
    47
    47
    45
    47
    42
    50
    49
    51
    50
    48
    46
    51
    55
    61
    63
    54
    55
    50
    56
    58
    63
    64
    64
    61
    58
    48
    66
   200
   195
   142
   140
   140
   129
   139
    46
    53
    51
    54
    51
    51
    49
    47
    45
    55
    51
    57
    60
    54
    50
    62
    62
    50
    51
    45
    56
    57
    51
    41
    47
    51
    58
    66
    46
    37
    39
    36
    34
    33
    35
    38
    38
    29
    25
    31
    37
    40
    28
    24
    29
    22
    27
    21
    15
    23
    27
    34
    46
   146
   201
   208
   202
   211
   212
   204
   204
   206
   202
   195
   180
   160
   167
   159
   149
   176
   202
   193
   187
   189
   194
   193
   109
    43
    53
    52
    53
    54
    52
    47
    51
    52
    50
    43
    56
    52
    48
    52
    52
    53
    59
    57
    57
    57
    62
    60
    56
    60
    50
    55
   201
   199
   156
   162
   142
   134
   130
   131
    53
    48
    47
    44
    51
    49
    49
    56
    61
    50
    52
    52
    51
    56
    58
    56
    50
    55
    50
    47
    46
    43
    48
    49
    51
    42
    37
    19
    35
    36
    34
    36
    45
    49
    49
    42
    38
    42
    38
    33
    29
    17
    25
    21
    17
    16
    15
    23
    36
    44
    42
    39
    41
    62
   177
   218
   211
   195
   187
   185
   205
   212
   202
   187
   181
   184
   190
   188
   165
   170
   196
   201
   200
   198
   201
   193
   160
    59
    41
    47
    50
    51
    48
    53
    50
    52
    52
    48
    43
    46
    53
    47
    47
    55
    49
    48
    49
    55
    57
    60
    59
    53
    51
   188
   198
   153
   159
   150
   149
   138
   141
   122
    50
    50
    55
    53
    50
    48
    50
    49
    45
    48
    53
    51
    46
    57
    63
    59
    51
    40
    32
    46
    53
    41
    34
    37
    46
    54
    56
    59
    46
    57
    57
    51
    38
    36
    47
    48
    48
    37
    30
    29
    22
    24
    15
    18
    15
    30
    37
    52
    39
    43
    50
    53
    45
    41
    64
   159
   198
   217
   217
   203
   228
   198
   175
   180
   179
   164
   178
   191
   192
   203
   212
   205
   202
   201
   201
   197
   176
    97
    50
    50
    46
    45
    43
    47
    46
    43
    45
    48
    47
    48
    51
    49
    46
    44
    48
    54
    58
    54
    53
    51
    55
    37
   158
   193
   148
   151
   142
   143
   135
   156
   154
   166
    51
    51
    50
    48
    50
    53
    51
    46
    44
    54
    53
    55
    61
    67
    60
    57
    46
    40
    57
    51
    40
    36
    45
    47
    44
    36
    33
    42
    45
    35
    32
    33
    41
    45
    50
    47
    32
    26
    21
    20
    22
    29
    30
    44
    64
    52
    68
    58
    58
    69
    61
    55
    60
    38
    16
    22
    33
    34
    56
    78
    85
    80
    87
    92
   125
   164
   159
   160
   171
   146
   194
   208
   211
   204
   221
   213
   180
   102
    43
    44
    43
    42
    47
    43
    42
    50
    44
    45
    44
    40
    44
    44
    47
    47
    49
    47
    47
    56
    61
    54
    40
   139
   217
   166
   152
   137
   135
   129
   146
   156
   153
   133
    54
    50
    50
    48
    47
    54
    56
    47
    51
    55
    50
    45
    58
    63
    58
    42
    35
    52
    46
    39
    38
    38
    33
    29
    27
    28
    32
    26
    16
    26
    36
    40
    45
    52
    43
    29
    22
    21
    34
    35
    37
    27
    42
    60
    62
    53
    62
    64
    64
    73
    80
    88
   113
   119
   111
    99
   109
   104
    78
    69
    89
    84
    77
    69
    56
    52
    47
    46
    46
    42
    60
    59
    57
    64
   109
   120
   113
    69
    45
    49
    43
    41
    37
    46
    37
    43
    52
    47
    48
    50
    45
    50
    46
    49
    48
    46
    45
    47
    50
    43
   120
   203
   171
   144
   126
   119
   119
   145
   130
    92
    37
    43
    52
    49
    45
    46
    52
    46
    42
    44
    47
    52
    42
    50
    55
    57
    46
    39
    50
    40
    41
    35
    32
    38
    37
    33
    37
    31
    29
    30
    45
    57
    59
    58
    55
    44
    33
    30
    45
    62
    41
    25
    35
    48
    52
    65
    80
   109
   124
   152
   170
   178
   190
   201
   201
   200
   200
   196
   196
   199
   202
   196
   192
   182
   174
   167
   164
   147
   140
   131
   134
   105
    91
    76
    64
    65
    48
    61
    60
    78
    85
    69
    73
    66
    63
    57
    60
    58
    54
    49
    51
    39
    43
    39
    35
    25
    28
    21
    33
    27
    32
    56
   181
   147
   108
    96
    99
    87
    88
    49
    24
    13
    74
   146
    48
    49
    49
    53
    49
    47
    52
    43
    40
    40
    45
    59
    63
    46
    35
    48
    37
    27
    35
    40
    50
    45
    33
    35
    33
    37
    49
    59
    64
    62
    50
    44
    42
    30
    29
    54
    75
    59
    50
    75
   107
   138
   163
   176
   188
   182
   192
   196
   197
   202
   202
   203
   203
   203
   203
   202
   204
   202
   198
   200
   200
   199
   193
   189
   183
   186
   182
   170
   162
   153
   144
   108
   109
   102
    93
    84
    95
    89
    92
    68
    61
    53
    63
    67
    78
    68
    70
    56
    58
    73
    82
    68
    71
    81
    83
    79
    78
    78
    85
   121
   148
   111
   105
   118
   122
   130
   128
   130
   136
   133
   119
    72
    49
    49
    50
    48
    48
    51
    44
    45
    55
    54
    56
    56
    49
    34
    38
    32
    25
    40
    47
    49
    40
    30
    43
    37
    38
    42
    59
    63
    62
    57
    50
    31
    17
    22
    42
    75
    93
   110
   143
   172
   196
   200
   198
   196
   189
   195
   197
   199
   202
   200
   200
   202
   203
   202
   202
   202
   201
   199
   198
   195
   191
   184
   183
   183
   177
   180
   185
   186
   173
   160
   150
   155
   150
   147
   139
   142
   130
   121
   130
   120
   111
   101
    91
    91
    91
    84
    77
    75
    64
    57
    57
    76
    73
    85
   129
   161
   175
   190
   190
   179
   170
   176
   178
   175
   175
   176
   175
   175
   177
   175
   177
   176
    54
    52
    53
    54
    49
    44
    35
    36
    46
    48
    52
    45
    39
    42
    39
    46
    53
    40
    42
    39
    41
    42
    29
    36
    53
    66
    60
    60
    63
    44
    26
    27
    56
   100
   134
   142
   159
   179
   192
   195
   190
   191
   193
   194
   197
   203
   196
   198
   195
   199
   203
   203
   200
   201
   202
   202
   200
   195
   194
   192
   192
   197
   192
   192
   198
   199
   193
   185
   173
   161
   181
   178
   171
   169
   149
   148
   163
   135
   134
   128
   129
   142
   135
   137
   128
   105
    90
   101
    70
    57
    52
    51
    55
    55
    49
    49
    68
    81
   133
   176
   184
   174
   181
   183
   180
   178
   177
   179
   178
   175
   175
   177
    51
    47
    58
    51
    38
    31
    34
    37
    43
    50
    46
    38
    37
    41
    42
    41
    42
    49
    38
    39
    39
    42
    64
    77
    73
    67
    66
    66
    47
    45
    75
   121
   162
   176
   179
   188
   194
   195
   196
   197
   200
   196
   197
   200
   198
   197
   196
   195
   196
   203
   203
   203
   206
   207
   203
   200
   197
   197
   198
   196
   201
   199
   204
   203
   200
   199
   192
   189
   184
   192
   182
   198
   189
   186
   192
   173
   159
   160
   162
   156
   151
   169
   181
   161
   147
   143
   134
   116
   118
   108
    96
    68
    50
    38
    31
    45
    53
    50
    47
    65
   108
   147
   176
   178
   177
   181
   184
   180
   180
   183
   182
   180
    49
    57
    50
    33
    26
    26
    32
    44
    50
    46
    43
    41
    48
    44
    45
    46
    44
    43
    56
    53
    56
    75
    95
   102
    87
    69
    54
    49
    74
   127
   169
   192
   194
   193
   193
   191
   191
   192
   194
   196
   193
   192
   192
   191
   201
   181
   169
   190
   201
   204
   204
   205
   207
   204
   205
   203
   203
   203
   203
   203
   201
   201
   201
   201
   202
   197
   193
   191
   183
   190
   175
   174
   181
   183
   177
   165
   161
   156
   162
   165
   168
   154
   140
   153
   163
   166
   158
   125
   122
   125
   124
   115
   107
    97
    87
    63
    64
    60
    62
    49
    37
    67
   152
   183
   179
   184
   181
   180
   179
   181
   187
   184
    49
    48
    32
    29
    25
    31
    43
    49
    45
    46
    50
    46
    37
    38
    31
    35
    46
    55
    37
    55
    78
    85
    82
    82
    80
    55
    71
   132
   180
   197
   197
   196
   195
   195
   196
   197
   196
   197
   198
   198
   201
   197
   193
   186
   174
   149
   155
   185
   200
   206
   206
   207
   209
   207
   206
   205
   207
   208
   207
   208
   208
   203
   203
   204
   198
   192
   193
   193
   189
   190
   185
   187
   195
   195
   182
   185
   185
   185
   187
   170
   172
   170
   182
   189
   170
   145
   145
   146
   151
   150
   133
   140
   133
   112
   108
   102
    80
    61
    60
    63
    48
    61
    91
   154
   193
   181
   174
   179
   183
   186
   182
   185
    44
    41
    34
    25
    25
    36
    50
    50
    55
    55
    45
    36
    32
    33
    36
    49
    52
    53
    79
    85
    69
    63
    70
    81
    59
    87
   155
   200
   207
   202
   200
   199
   202
   202
   200
   196
   199
   195
   193
   188
   162
   123
   125
   115
   134
   147
   170
   196
   207
   208
   210
   209
   206
   205
   205
   205
   205
   207
   208
   207
   204
   207
   207
   205
   202
   198
   196
   200
   196
   197
   197
   201
   202
   200
   197
   197
   191
   181
   187
   189
   189
   185
   164
   158
   152
   175
   164
   156
   162
   168
   173
   142
   133
   147
   127
   119
    97
    98
    99
    83
    73
    56
    56
    52
    67
   158
   192
   184
   185
   183
   182
   179
    47
    36
    28
    28
    35
    52
    50
    50
    48
    41
    34
    40
    46
    56
    58
    53
    59
    99
    93
    57
    61
    65
    76
    80
    86
   150
   191
   203
   204
   203
   203
   202
   202
   200
   199
   199
   197
   195
   185
   144
    96
    92
    98
   119
   151
   170
   194
   198
   206
   211
   206
   203
   202
   204
   206
   206
   208
   205
   207
   205
   206
   207
   206
   202
   204
   200
   203
   197
   201
   198
   197
   199
   206
   207
   205
   203
   197
   191
   189
   189
   172
   179
   179
   176
   177
   170
   167
   162
   155
   145
   152
   145
   146
   159
   139
   120
   110
   113
   102
    91
   100
    68
    53
    46
    46
    47
   113
   171
   184
   186
   184
   184
    30
    26
    33
    44
    43
    47
    48
    52
    48
    38
    38
    32
    53
    53
    41
    59
    90
    87
    56
    66
    80
    88
    70
    70
   133
   182
   198
   204
   203
   204
   202
   203
   202
   201
   199
   191
   187
   186
   136
   102
    93
    86
   105
   144
   172
   186
   200
   205
   204
   205
   202
   202
   203
   205
   208
   205
   203
   203
   204
   204
   203
   207
   203
   201
   200
   202
   203
   200
   198
   204
   203
   204
   197
   192
   203
   200
   200
   200
   194
   195
   192
   185
   179
   178
   174
   171
   171
   164
   171
   161
   165
   158
   153
   148
   144
   156
   143
   125
   127
   134
   114
   104
    85
    72
    48
    43
    43
    74
   127
   152
   167
   172
    31
    28
    38
    41
    46
    51
    62
    46
    34
    35
    42
    59
    40
    40
    58
    77
    76
    55
    49
    59
    79
    78
    75
   111
   166
   177
   196
   202
   202
   203
   207
   204
   203
   201
   194
   187
   191
   140
    84
    90
    74
    84
   148
   167
   188
   194
   197
   203
   204
   190
   200
   207
   205
   205
   206
   205
   206
   204
   204
   206
   205
   203
   203
   204
   205
   204
   203
   207
   203
   202
   203
   205
   205
   204
   203
   205
   204
   197
   195
   194
   197
   196
   183
   168
   165
   164
   157
   163
   160
   165
   161
   161
   141
   154
   152
   132
   112
   112
   110
   107
    98
    65
    53
    57
    53
    51
    49
    53
   104
   153
   166
   172
    34
    35
    41
    49
    56
    50
    37
    31
    28
    34
    45
    36
    37
    55
    79
    74
    59
    53
    60
    76
    65
    59
    89
   152
   181
   191
   200
   199
   203
   204
   202
   204
   197
   192
   188
   194
   152
    94
    99
    87
    90
   125
   165
   191
   190
   194
   191
   185
   183
   168
   196
   206
   207
   206
   204
   202
   202
   205
   206
   205
   205
   201
   202
   203
   204
   204
   203
   205
   205
   204
   206
   204
   206
   199
   204
   204
   203
   204
   204
   201
   193
   192
   193
   186
   182
   178
   173
   168
   168
   169
   161
   165
   157
   140
   156
   155
   128
   121
   110
   103
    92
    86
    80
    77
    82
    78
    78
    65
    72
   112
   161
   171
    32
    32
    53
    47
    42
    43
    42
    31
    43
    44
    40
    43
    61
    78
    80
    65
    53
    49
    75
    76
    65
    80
   128
   176
   181
   197
   200
   202
   201
   200
   197
   194
   193
   192
   192
   169
   112
    88
    83
    74
   107
   147
   175
   195
   202
   201
   184
   182
   166
   130
   164
   201
   207
   206
   203
   203
   203
   202
   201
   201
   201
   205
   202
   202
   206
   207
   203
   205
   205
   206
   207
   205
   199
   191
   192
   195
   201
   201
   197
   194
   201
   201
   192
   192
   188
   172
   162
   172
   159
   163
   170
   163
   167
   150
   143
   139
   124
   133
   125
   109
    95
    73
    67
    57
    50
    47
    51
    53
    46
    57
   104
   139
    32
    47
    45
    42
    45
    43
    39
    37
    42
    51
    51
    53
    78
    79
    72
    53
    41
    62
    67
    60
    77
   112
   160
   169
   193
   200
   201
   200
   200
   199
   199
   193
   190
   189
   177
   139
   105
    94
    87
    84
   111
   145
   181
   201
   209
   206
   187
   194
   141
   105
   157
   194
   200
   202
   201
   202
   203
   202
   203
   203
   201
   201
   202
   203
   202
   205
   203
   205
   203
   201
   199
   198
   199
   197
   195
   195
   197
   202
   200
   189
   180
   176
   177
   169
   159
   171
   165
   143
   161
   167
   165
   173
   166
   173
   159
   151
   145
   112
    90
   102
    93
    85
    72
    58
    55
    73
    62
    50
    48
    42
    41
    56
    39
    46
    46
    46
    39
    43
    45
    38
    45
    51
    44
    60
    71
    65
    55
    39
    53
    60
    57
    72
   104
   141
   164
   192
   201
   200
   200
   198
   199
   196
   195
   194
   192
   184
   170
   133
    90
    79
    86
    88
   102
   157
   188
   203
   209
   195
   192
   194
   140
    85
   150
   187
   199
   200
   199
   198
   200
   201
   203
   204
   202
   203
   200
   202
   203
   202
   201
   201
   200
   197
   199
   193
   193
   192
   194
   194
   186
   185
   176
   185
   183
   176
   171
   169
   170
   166
   154
   164
   163
   160
   164
   172
   174
   162
   148
   130
   119
   119
   100
    84
    92
    87
    77
    74
    67
    49
    39
    44
    44
    40
    32
    44
    45
    44
    43
    48
    51
    56
    49
    51
    49
    48
    45
    63
    63
    47
    39
    48
    51
    53
    76
    94
   120
   146
   183
   201
   201
   199
   201
   199
   198
   201
   197
   191
   188
   181
   158
   115
    85
    67
    68
    71
   109
   156
   192
   205
   206
   187
   195
   189
   116
    92
   152
   187
   193
   196
   197
   198
   196
   193
   191
   192
   200
   200
   203
   202
   201
   199
   198
   202
   200
   195
   189
   186
   186
   187
   191
   191
   182
   165
   161
   135
   106
   128
   137
   140
   129
   124
   135
   151
   178
   185
   165
   158
   161
   163
   142
   141
   148
   123
   100
   107
   117
   107
   102
    93
    80
    55
    42
    45
    46
    36
    36
    36
    33
    42
    44
    46
    46
    49
    59
    63
    52
    54
    59
    45
    36
    37
    47
    58
    62
    76
    88
   103
   128
   183
   200
   200
   199
   196
   195
   197
   197
   197
   194
   192
   187
   175
   138
   110
    90
    69
    62
    68
   121
   170
   196
   207
   192
   180
   200
   169
    94
    97
   165
   190
   188
   197
   197
   200
   200
   200
   203
   202
   200
   201
   200
   201
   202
   202
   200
   196
   195
   194
   193
   189
   183
   187
   187
   190
   170
   136
   114
    83
   103
   107
   103
   122
   122
   127
   141
   162
   182
   180
   176
   163
   154
   155
   163
   173
   163
   156
   157
   138
   126
   107
   106
   101
    96
    91
    62
    51
    40
    39
    40
    44
    46
    48
    42
    46
    55
    48
    55
    47
    42
    39
    42
    46
    44
    47
    64
    63
    74
    81
    94
   123
   178
   192
   190
   195
   193
   197
   198
   197
   194
   196
   195
   192
   182
   171
   151
   123
    96
    72
    56
    65
   117
   175
   196
   197
   186
   183
   190
   157
    93
    97
   137
   166
   181
   184
   190
   198
   199
   199
   197
   195
   197
   200
   201
   199
   199
   198
   196
   197
   194
   190
   184
   183
   186
   189
   197
   171
   122
   101
    91
    84
   108
   119
   124
   129
   137
   140
   160
   156
   171
   182
   176
   168
   179
   159
   166
   177
   176
   147
   122
   115
   122
   112
   144
   128
   112
   101
    79
    48
    43
    37
    42
    47
    39
    49
    47
    39
    36
    47
    46
    41
    40
    45
    47
    46
    56
    75
    66
    78
    76
    80
   123
   176
   188
   192
   196
   192
   198
   199
   196
   194
   196
   196
   196
   192
   187
   171
   159
   131
   100
    73
    56
    64
   120
   182
   196
   196
   176
   174
   182
   156
    92
    79
   136
   163
   180
   188
   192
   193
   199
   196
   195
   195
   201
   204
   204
   201
   200
   200
   197
   193
   183
   179
   174
   179
   183
   185
   172
   152
   114
    95
   100
   123
   118
   113
   100
   122
   140
   149
   173
   178
   183
   186
   173
   171
   178
   178
   189
   185
   173
   144
   159
   163
   155
   152
   124
   116
   108
    96
    88
    73
    47
    54
    51
    47
    43
    38
    46
    43
    43
    49
    46
    42
    38
    39
    42
    52
    69
    75
    66
    65
    90
   141
   169
   183
   189
   193
   194
   195
   191
   192
   195
   195
   195
   195
   195
   196
   187
   177
   166
   138
   100
    61
    48
    76
   119
   175
   199
   203
   167
   163
   170
   121
    92
   123
   158
   186
   191
   191
   194
   197
   197
   195
   196
   199
   200
   202
   199
   199
   201
   198
   190
   185
   177
   176
   180
   184
   189
   174
   166
   129
   114
   106
   107
   121
   133
   106
   104
   147
   174
   184
   180
   180
   182
   187
   184
   179
   180
   186
   189
   176
   177
   176
   170
   156
   142
   137
   130
   113
   105
    93
    74
    66
    62
    57
    51
    39
    38
    42
    42
    45
    47
    42
    42
    41
    43
    42
    56
    67
    71
    62
    68
    96
   138
   164
   180
   181
   185
   191
   195
   195
   196
   194
   191
   193
   195
   195
   192
   193
   190
   180
   168
   138
    90
    68
    48
    66
   131
   182
   193
   196
   153
   138
   133
    94
    70
   104
   142
   179
   185
   191
   196
   197
   190
   192
   197
   196
   200
   201
   201
   198
   194
   188
   170
   174
   164
   177
   189
   190
   190
   179
   134
   111
   119
   107
   108
   139
   144
    94
    94
   163
   180
   179
   169
   162
   160
   171
   159
   161
   178
   178
   174
   179
   188
   167
   158
   142
   131
    99
    98
    98
    82
    55
    65
    79
    67
    58
    46
    41
    45
    40
    47
    55
    46
    36
    36
    37
    46
    57
    59
    64
    57
    65
    92
   125
   147
   168
   178
   186
   191
   194
   192
   191
   190
   189
   192
   193
   197
   198
   200
   196
   189
   187
   177
   140
    86
    54
    43
    61
   132
   170
   172
   172
   142
   146
   136
    83
    80
   110
   145
   169
   179
   186
   192
   189
   190
   194
   196
   199
   197
   200
   201
   200
   190
   181
   167
   161
   172
   187
   191
   193
   178
   144
   126
   114
   113
   113
   121
   145
   140
    88
    81
   155
   177
   172
   169
   166
   147
   156
   153
   154
   171
   173
   166
   169
   174
   155
   128
   120
   115
   112
   113
   101
    95
    97
    84
    67
    58
    37
    30
    38
    37
    41
    41
    52
    48
    34
    37
    44
    49
    54
    57
    43
    43
    80
   113
   138
   158
   172
   182
   187
   191
   192
   191
   190
   189
   189
   188
   191
   189
   194
   198
   197
   197
   192
   176
   140
    84
    51
    43
    54
   121
   160
   167
   168
   143
   137
   123
    78
    88
   109
   145
   161
   173
   186
   191
   190
   193
   196
   196
   200
   198
   200
   198
   190
   181
   171
   156
   172
   189
   197
   197
   198
   171
   128
   107
    98
   109
   106
   102
   109
   105
    85
    91
   142
   161
   167
   155
   143
   120
   131
   150
   164
   156
   160
   170
   170
   175
   161
   138
   139
   144
   119
   113
   108
   113
   103
    81
    70
    64
    60
    56
    44
    37
    40
    47
    41
    41
    30
    35
    51
    41
    36
    35
    56
    87
   116
   133
   149
   165
   177
   185
   189
   191
   192
   192
   187
   186
   186
   187
   187
   191
   194
   196
   199
   200
   196
   187
   152
    94
    68
    52
    65
   117
   153
   162
   162
   134
   132
   120
    81
    87
   125
   149
   164
   185
   192
   189
   191
   192
   195
   200
   199
   202
   199
   194
   186
   161
   155
   161
   180
   191
   193
   193
   183
   162
   149
   113
   107
   103
   116
   142
   136
   105
    84
    94
   150
   157
   159
   159
   143
   149
   144
   156
   159
   150
   152
   165
   164
   148
   162
   164
   145
   116
   107
   113
   116
   123
   106
    93
    64
    59
    55
    47
    43
    39
    40
    44
    51
    38
    30
    41
    39
    39
    37
    41
    63
   103
   119
   138
   154
   165
   175
   186
   191
   193
   196
   192
   187
   187
   184
   188
   191
   194
   196
   197
   198
   198
   194
   181
   134
    83
    57
    54
    68
   115
   145
   152
   160
   137
   127
   115
    74
   109
   132
   151
   166
   183
   190
   193
   195
   198
   201
   203
   207
   203
   196
   182
   171
   180
   183
   195
   194
   198
   197
   189
   167
   142
   113
   103
   104
   116
   140
   152
   126
    93
    78
    80
   146
   165
   168
   172
   172
   155
   165
   164
   150
   134
   139
   115
   128
   147
   152
   144
   136
   125
   130
   131
   121
   110
    89
    88
    94
    73
    48
    52
    39
    38
    51
    49
    37
    31
    34
    37
    30
    21
    24
    45
    95
   120
   138
   150
   158
   168
   175
   185
   192
   195
   191
   187
   182
   182
   184
   181
   182
   189
   189
   197
   199
   200
   196
   183
   141
    91
    72
    61
    80
   113
   134
   150
   151
   134
   123
   116
    77
   103
   124
   155
   180
   185
   191
   196
   197
   198
   202
   205
   208
   205
   194
   187
   193
   203
   187
   171
   178
   173
   189
   190
   160
   118
    87
   101
   118
   126
   121
   129
   109
    71
    40
    32
   118
   156
   163
   160
   144
   140
   141
   149
   138
   129
   124
   121
   116
   133
   151
   154
   128
    99
   107
   118
   110
    97
    99
    95
    82
    74
    59
    48
    40
    46
    50
    46
    39
    29
    40
    34
    26
    24
    25
    69
   116
   135
   146
   153
   160
   169
   177
   182
   189
   189
   188
   187
   182
   184
   184
   183
   186
   190
   194
   199
   201
   200
   194
   183
   148
    96
    76
    64
    84
   124
   142
   145
   145
   130
   134
   112
    76
   129
   149
   165
   179
   188
   195
   199
   199
   197
   198
   204
   204
   193
   188
   188
   184
   175
   153
   109
   128
   162
   175
   171
   121
   106
    96
    88
    88
   101
    99
    86
    82
    59
    51
    59
    90
   132
   157
   164
   163
   141
   140
   140
   122
   115
   115
   105
   102
   116
   137
   129
   114
   122
   101
    90
   100
   100
    86
    74
    73
    64
    47
    39
    32
    39
    36
    36
    34
    34
    32
    27
    24
    27
    38
    76
   128
   140
   144
   149
   158
   167
   173
   182
   187
   189
   191
   189
   183
   178
   183
   182
   184
   188
   194
   196
   201
   200
   195
   183
   159
   114
    77
    64
    83
   125
   146
   140
   135
   128
   133
   122
   104
   131
   154
   168
   183
   192
   190
   191
   193
   198
   200
   196
   184
   180
   180
   182
   167
   160
    84
    48
    75
   145
   149
   122
   102
    96
    96
    92
   105
   122
   129
   106
    79
    46
    30
    49
    72
   115
   150
   162
   147
   133
   132
   128
   121
   112
    91
    93
   112
   112
   113
   120
   123
   106
    91
    96
   111
   110
    85
    58
    58
    45
    39
    36
    33
    40
    37
    38
    34
    34
    31
    28
    27
    24
    44
    86
   130
   141
   147
   153
   160
   167
   172
   180
   185
   189
   191
   190
   186
   180
   178
   178
   178
   188
   189
   194
   198
   197
   192
   180
   164
   132
   101
    90
    98
   129
   153
   143
   130
   105
   128
   104
   123
   150
   143
   164
   182
   183
   189
   189
   189
   188
   179
   172
   179
   185
   198
   204
   181
   174
   155
    42
   108
   165
   152
   133
   125
   112
   112
   115
   112
   126
   120
   109
    91
    52
    87
   171
   172
   110
   132
   157
   160
   141
   118
   122
   105
    91
    95
   105
   112
   119
   127
   113
    93
    93
    83
    99
    84
    60
    56
    63
    62
    49
    45
    45
    43
    36
    40
    36
    37
    37
    27
    24
    23
    27
    45
    93
   126
   145
   153
   156
   162
   167
   173
   179
   184
   183
   189
   191
   186
   180
   175
   173
   177
   184
   190
   200
   204
   196
   191
   182
   166
   156
   142
   119
   119
   140
   173
   166
   140
   133
   113
   117
   119
   145
   167
   179
   181
   182
   178
   181
   177
   172
   174
   185
   182
   181
   189
   197
   182
   170
   176
   179
   172
   139
   115
   135
   114
   119
   121
   115
   113
   117
   121
   105
    95
    74
   101
   130
   164
   128
   128
   148
   154
   132
   101
    93
    83
    69
    75
    72
    68
    75
    82
    76
    68
    62
    69
    79
    82
    78
    70
    75
    60
    53
    39
    44
    40
    37
    36
    46
    29
    35
    29
    28
    27
    27
    52
   104
   132
   144
   154
   162
   164
   167
   172
   177
   176
   180
   187
   190
   184
   179
   176
   175
   177
   178
   181
   191
   196
   200
   196
   190
   184
   171
   159
   152
   150
   164
   193
   201
   189
   185
   194
   191
   184
   176
   168
   171
   172
   173
   175
   175
   180
   183
   177
   166
   171
   175
   192
   183
   158
   138
   134
   130
   145
   124
   108
    91
   100
    96
    98
    98
    88
   103
   133
   119
   106
    96
    89
   124
   156
   149
   126
   141
   145
   126
   106
    98
    91
    99
    74
    73
    71
    74
    77
    64
    97
    96
    93
   106
   117
   114
   110
    91
    78
    72
    67
    55
    46
    43
    42
    27
    40
    31
    29
    27
    28
    32
    53
    94
   127
   148
   157
   158
   163
   168
   169
   176
   178
   181
   191
   190
   184
   178
   175
   172
   172
   178
   179
   188
   192
   194
   193
   191
   187
   186
   180
   178
   183
   197
   203
   203
   198
   195
   190
   187
   173
   171
   183
   176
   176
   180
   184
   186
   177
   184
   189
   179
   169
   194
   206
   178
   149
   122
   106
    87
    98
   130
   108
    87
    95
    94
    69
    49
    56
   132
   169
   132
   117
   103
    88
   103
   137
   150
   119
   136
   143
   129
   127
   100
    99
    67
    71
    76
    60
    62
    67
    86
    81
    69
    90
    84
    59
    51
    46
    65
    71
    77
    66
    64
    61
    55
    49
    45
    34
    39
    35
    37
    32
    31
    51
    94
   131
   148
   156
   159
   166
   171
   175
   172
   176
   184
   191
   189
   184
   181
   178
   175
   172
   174
   176
   182
   197
   200
   197
   196
   190
   185
   184
   191
   207
   216
   213
   208
   206
   201
   188
   172
   166
   180
   179
   178
   174
   172
   174
   181
   198
   203
   207
   197
   171
   177
   176
   163
   144
   121
    97
    73
    65
    80
    86
    65
    59
    69
    82
    87
   120
   137
   158
   143
   105
    84
    56
    64
    80
   112
   118
   133
   140
   124
    97
    80
    73
    87
    75
    52
    67
    63
    62
    69
    68
    83
    89
    74
    96
    99
    86
    70
    63
    52
    45
    48
    37
    43
    47
    39
    38
    29
    34
    33
    40
    42
    60
    81
   116
   143
   160
   163
   165
   166
   171
   176
   180
   180
   182
   192
   186
   179
   175
   169
   170
   169
   173
   179
   190
   196
   193
   189
   193
   189
   187
   187
   193
   199
   204
   205
   196
   188
   176
   168
   168
   161
   164
   169
   167
   173
   176
   173
   170
   188
   187
   183
   172
   164
   182
   180
   157
   140
   109
    86
    82
    88
    73
    69
    74
    97
    91
    90
    89
   116
   146
   110
    85
    78
    64
    86
   116
   118
   129
   139
   139
   122
    95
    86
    96
    77
    70
    65
    63
    76
    86
    88
    92
    91
    97
   118
   114
   113
   101
    89
    68
    45
    45
    34
    46
    42
    36
    38
    31
    35
    37
    33
    43
    55
    77
    94
   108
   126
   145
   162
   164
   170
   171
   176
   180
   183
   187
   190
   183
   183
   180
   176
   172
   168
   173
   177
   187
   195
   199
   193
   189
   187
   187
   187
   189
   192
   191
   191
   188
   179
   169
   166
   159
   152
   153
   153
   153
   154
   153
   151
   155
   149
   148
   152
   153
   161
   177
   173
   149
   135
   108
    81
   106
    89
    63
    64
    86
    97
   101
    81
    93
   112
   121
   107
    87
    68
    66
    80
   105
   116
   125
   130
   128
   121
   100
    93
   104
    95
    82
    66
    59
    52
    68
    88
   101
   116
   125
   116
    99
    89
    85
    66
    65
    65
    51
    40
    35
    42
    44
    38
    34
    26
    30
    31
    31
    47
    55
    72
   100
   126
   141
   154
   163
   166
   175
   178
   183
   186
   187
   187
   187
   180
   178
   171
   168
   172
   168
   178
   185
   191
   196
   198
   195
   190
   189
   185
   189
   202
   208
   192
   174
   163
   159
   160
   159
   154
   159
   148
   141
   147
   153
   149
   152
   163
   159
   153
   152
   153
   152
   154
   145
   124
   107
   101
    79
    71
    69
    77
    93
   101
   102
   100
   103
   102
   102
    91
    75
    61
    53
    77
   100
   111
   123
   128
   128
   124
   104
    97
   101
    82
    66
    80
    81
    80
    84
   107
   117
   117
   111
   117
   109
    96
    65
    49
    45
    51
    51
    39
    34
    37
    46
    46
    44
    43
    34
    36
    38
    35
    41
    59
    87
   110
   133
   146
   155
   161
   171
   171
   175
   176
   184
   189
   192
   182
   175
   177
   171
   166
   176
   175
   183
   184
   189
   188
   184
   183
   177
   180
   185
   198
   197
   184
   170
   164
   162
   154
   158
   151
   152
   150
   145
   150
   149
   149
   146
   145
   148
   148
   146
   143
   154
   156
   142
   132
   107
    91
    52
   109
    91
    87
    90
    91
   100
   100
    85
    96
    85
    84
    70
    55
    53
    78
   104
   116
   118
   128
   134
   127
   109
   113
   109
    94
    89
    80
    77
    76
    83
   109
   124
   118
   106
    95
    92
    88
    89
    87
    82
    63
    33
    46
    44
    35
    45
    41
    45
    34
    37
    40
    38
    39
    54
    64
    66
    88
   113
   142
   156
   166
   169
   174
   172
   175
   173
   184
   184
   185
   181
   173
   173
   172
   175
   181
   188
   193
   196
   191
   183
   179
   177
   177
   172
   173
   174
   172
   170
   165
   158
   143
   141
   145
   149
   152
   149
   143
   141
   140
   134
   136
   138
   142
   145
   146
   153
   203
   199
   125
   113
    77
    16
   100
   127
    95
    83
    69
    71
    79
    89
    84
   105
    84
    70
    63
    44
    39
    61
    91
   114
   124
   135
   136
   112
   112
   110
    97
    94
    93
    89
    92
   116
   144
   145
   125
   106
    97
    93
    89
    86
    91
    67
    63
    65
    45
    33
    44
    51
    46
    38
    48
    34
    36
    46
    50
    41
    48
    68
    83
   104
   127
   154
   164
   167
   172
   170
   173
   179
   178
   180
   179
   175
   177
   175
   174
   179
   177
   182
   189
   192
   192
   189
   178
   170
   169
   166
   170
   174
   169
   173
   176
   165
   147
   143
   134
   129
   136
   140
   135
   137
   142
   143
   141
   138
   139
   145
   145
   143
   159
   158
   126
   114
    98
    28
    37
   100
   115
    96
    88
    91
    66
    90
   102
    86
    80
    77
    65
    58
    48
    57
   108
   132
   136
   135
   120
   115
   119
   117
   105
    91
    84
   100
   103
   107
   104
   108
   114
   115
   106
    91
    87
    79
    82
    72
    48
    37
    44
    36
    36
    39
    41
    32
    32
    42
    42
    34
    32
    50
    57
    60
    76
   106
   132
   147
   164
   175
   172
   174
   183
   183
   185
   187
   180
   178
   171
   171
   172
   173
   179
   187
   193
   196
   192
   185
   182
   171
   164
   168
   167
   173
   171
   169
   161
   159
   152
   136
   136
   137
   132
   129
   130
   135
   145
   148
   141
   137
   134
   133
   134
   138
   131
   136
   131
   118
   105
    81
    58
   117
   115
    91
    74
    62
    69
    70
    73
    77
    96
    93
    73
    62
    64
    46
   110
   125
   133
   137
   132
   120
   123
   118
   112
   112
   111
   100
   114
   124
   127
   130
   119
   110
   108
    86
    67
    61
    46
    46
    49
    42
    35
    45
    44
    34
    35
    36
    26
    20
    27
    43
    61
    59
    60
    63
    81
   106
   124
   144
   159
   163
   167
   173
   179
   183
   188
   185
   183
   176
   175
   171
   176
   180
   179
   185
   191
   190
   178
   167
   160
   161
   156
   155
   169
   177
   166
   151
   137
   111
   101
   114
   125
   128
   141
   146
   144
   141
   147
   153
   154
   154
   153
   151
   142
   140
   139
   135
   134
   134
   126
   126
   120
   126
   128
   120
   104
    93
    82
    82
    80
    84
    93
   104
    81
    59
    50
    58
   107
   125
   134
   137
   123
   126
   130
   127
   117
   116
   118
   111
   115
   127
   133
   131
   119
    99
   102
   111
   105
    91
    82
    78
    52
    54
    59
    30
    37
    42
    38
    43
    51
    53
    53
    55
    54
    47
    42
    54
    84
   103
   122
   142
   157
   164
   169
   174
   182
   178
   175
   180
   179
   174
   175
   177
   178
   172
   177
   185
   189
   185
   181
   180
   169
   154
   143
   143
   142
   144
   137
   123
    86
    80
    98
   108
   101
    96
   107
   130
   146
   150
   146
   152
   155
   159
   161
   160
   158
   151
   148
   143
   142
   147
   145
   128
   107
   117
   125
   129
   136
   134
   106
    85
    85
    85
    92
    82
    76
    69
    50
    45
   103
   124
   138
   132
   129
   135
   135
   137
   136
   142
   127
   120
   123
   122
   117
   108
   109
   107
   109
   104
    85
    81
    67
    51
    49
    41
    34
    31
    46
    37
    32
    31
    37
    37
    37
    40
    39
    44
    52
    66
    86
   116
   138
   153
   158
   161
   166
   174
   177
   179
   178
   179
   177
   179
   171
   164
   168
   175
   180
   189
   195
   195
   190
   174
   163
   152
   139
   119
   108
   111
   105
    91
    86
    89
    95
    96
   102
   119
   115
   118
   125
   138
   143
   151
   157
   161
   162
   163
   165
   167
   164
   145
   133
   125
   105
    82
    69
    77
   108
   132
   146
   148
   137
   102
    83
    86
    83
   104
   108
    90
    61
    40
   103
   133
   142
   135
   136
   137
   143
   146
   134
   120
   121
   134
   130
   117
   108
   110
   111
   112
    95
    93
    78
    46
    46
    32
    30
    33
    32
    28
    43
    46
    45
    45
    47
    52
    50
    38
    41
    38
    50
    65
    91
   124
   142
   152
   160
   163
   168
   172
   180
   181
   183
   179
   175
   172
   173
   166
   171
   179
   184
   186
   194
   189
   182
   174
   154
   139
   119
   100
    91
    85
    90
    93
   101
   106
   121
    97
    95
   140
   138
   135
   133
   141
   152
   152
   157
   165
   169
   171
   174
   175
   169
   156
   152
   149
   146
   142
   137
   127
   126
   145
   159
   159
   146
   119
    98
    86
    92
    67
    75
    76
    64
    52
   109
   128
   125
   133
   138
   143
   155
   142
   137
   138
   132
   128
   128
   120
   101
    97
    93
   103
    99
    85
    64
    59
    37
    47
    37
    31
    36
    30
    37
    28
    42
    50
    46
    41
    37
    41
    37
    42
    43
    59
   101
   125
   143
   150
   156
   161
   167
   168
   174
   179
   176
   179
   175
   172
   168
   172
   175
   176
   179
   178
   180
   180
   177
   161
   145
   118
    81
    63
    69
    74
    86
   106
   117
   120
   136
   143
    88
   126
   138
   149
   155
   157
   150
   162
   165
   167
   174
   175
   172
   164
   167
   163
   165
   162
   156
   156
   156
   152
   156
   154
   161
   166
   161
   142
   115
    94
    86
    91
    66
    47
    70
    84
    99
   122
   119
   121
   122
   135
   132
   131
   141
   136
   131
   128
   131
   124
   115
   110
   113
    95
    89
    91
    96
    70
    61
    41
    40
    33
    31
    26
    39
    55
    66
    54
    47
    42
    47
    44
    36
    38
    51
    69
    96
   124
   137
   148
   158
   162
   163
   163
   170
   172
   172
   171
   174
   173
   171
   160
   163
   170
   174
   180
   178
   178
   168
   162
   140
    92
    68
    65
    61
    77
    96
   122
   138
   139
   139
   134
    87
   110
   132
   146
   160
   166
   166
   162
   159
   170
   174
   168
   168
   171
   171
   169
   159
   162
   165
   159
   157
   160
   161
   160
   158
   159
   163
   158
   127
   109
   109
    79
    68
    70
    64
    80
    85
   106
   117
   131
   133
   126
   134
   139
   142
   132
   128
   112
   117
   119
   111
   116
    95
    84
    81
    85
    62
    63
    53
    46
    46
    35
    33
    36
    45
    59
    57
    56
    61
    44
    31
    28
    37
    44
    47
    68
    99
   122
   140
   144
   153
   158
   158
   159
   164
   169
   172
   174
   171
   169
   167
   169
   170
   168
   167
   168
   174
   175
   176
   161
   130
    92
    59
    50
    53
    67
   105
   134
   148
   147
   134
   134
    77
    91
   121
   138
   152
   170
   170
   169
   167
   164
   174
   176
   177
   176
   171
   171
   173
   172
   167
   170
   166
   164
   163
   163
   162
   156
   161
   163
   153
   126
   114
   101
    75
    78
    84
    96
   106
   104
   103
   112
   124
   124
   129
   123
   126
   119
    91
    85
    85
    88
    90
    81
    82
    74
    61
    47
    53
    37
    40
    36
    35
    33
    27
    30
    45
    51
    61
    54
    29
    27
    33
    35
    44
    40
    43
    66
   105
   116
   135
   147
   149
   153
   156
   160
   164
   167
   175
   174
   168
   165
   170
   172
   168
   165
   168
   167
   172
   174
   169
   155
   129
    95
    65
    49
    48
    69
   111
   149
   166
   149
   131
   133
    87
    87
   115
   141
   152
   163
   165
   171
   170
   167
   167
   167
   180
   179
   173
   174
   173
   168
   171
   174
   169
   166
   164
   161
   159
   158
   158
   162
   164
   157
   135
   109
    97
    82
    87
    85
    87
    87
   103
    97
   100
   127
   130
   143
   134
   121
    95
    90
    74
    52
    60
    59
    55
    66
   100
    93
    70
    55
    40
    43
    35
    41
    41
    28
    46
    53
    54
    47
    48
    42
    44
    46
    37
    32
    40
    68
   102
   127
   132
   135
   141
   148
   157
   158
   165
   171
   172
   172
   170
   166
   163
   164
   165
   166
   168
   170
   170
   170
   168
   163
   135
    99
    71
    52
    42
    66
   114
   150
   156
   151
   139
   146
    97
   112
   111
   125
   143
   154
   159
   166
   169
   159
   163
   172
   173
   175
   177
   177
   176
   169
   170
   176
   173
   171
   169
   164
   156
   155
   155
   158
   161
   156
   148
   134
   119
   105
    92
    89
    89
   103
   103
   108
    93
    83
    91
   117
   134
   119
   120
   102
    77
    89
    93
    79
    69
    56
    53
    54
    57
    56
    47
    42
    39
    34
    35
    31
    45
    52
    61
    52
    38
    48
    56
    42
    29
    28
    37
    70
   110
   127
   132
   138
   143
   150
   153
   161
   165
   164
   166
   170
   166
   166
   162
   165
   160
   161
   168
   170
   170
   166
   166
   158
   135
    90
    57
    38
    41
    63
   125
   169
   173
   157
   135
   144
   100
    87
   119
   127
   154
   159
   165
   158
   157
   168
   170
   168
   172
   172
   175
   174
   177
   179
   177
   171
   172
   168
   169
   163
   160
   156
   154
   152
   155
   167
   164
   151
   138
   137
   127
   101
    92
    83
    96
   118
   117
   107
    94
    87
    97
   102
   101
   106
    93
    77
    80
    83
    75
    67
    61
    59
    56
    52
    50
    46
    53
    57
    32
    21
    41
    48
    44
    57
    66
    60
    43
    25
    27
    29
    36
    71
   108
   122
   125
   140
   148
   151
   155
   158
   160
   166
   163
   157
   162
   162
   166
   161
   164
   164
   168
   169
   169
   169
   158
   150
   135
    96
    65
    53
    38
    54
   134
   177
   185
   170
   138
   150
   121
    52
    97
   103
   126
   151
   156
   161
   169
   168
   164
   162
   165
   173
   174
   174
   181
   174
   175
   175
   175
   172
   166
   168
   161
   156
   154
   154
   151
   160
   167
   166
   153
   147
   143
   137
   137
   124
   113
   112
   120
   111
   107
    95
   106
   108
    99
    97
   101
    93
    90
    71
    67
    64
    69
    61
    42
    47
    48
    53
    39
    28
    32
    57
    41
    50
    53
    69
    64
    47
    29
    28
    25
    34
    37
    67
   101
   119
   126
   134
   141
   148
   154
   159
   161
   155
   163
   168
   160
   164
   163
   163
   159
   163
   162
   166
   169
   161
   153
   148
   136
   107
    60
    44
    47
    53
   134
   186
   187
   186
   150
   155
   136
    63
    71
    97
   106
   136
   151
   154
   159
   165
   166
   167
   169
   167
   169
   165
   167
   170
   164
   174
   173
   172
   167
   168
   163
   164
   158
   150
   151
   154
   159
   164
   165
   165
   165
   158
   154
   151
   152
   144
   142
   137
   122
   113
   102
   104
   108
    99
    92
    78
    70
    77
    83
    75
    65
    59
    63
    62
    49
    50
    46
    33
    56
    97
    37
    34
    48
    36
    46
    44
    38
    29
    25
    21
    33
    64
   100
   112
   125
   135
   143
   149
   150
   150
   154
   156
   159
   159
   165
   160
   161
   161
   163
   161
   168
   169
   167
   160
   156
   147
   132
   103
    56
    50
    50
    59
   117
   178
   185
   185
   152
   146
   143
    72
    58
    86
   101
   136
   155
   160
   161
   164
   167
   164
   169
   170
   172
   172
   167
   167
   167
   167
   171
   171
   166
   164
   160
   160
   156
   160
   154
   149
   152
   152
   157
   161
   165
   164
   157
   156
   145
   141
   130
   126
   104
   103
   101
    97
    94
    99
    86
    76
    77
    93
    82
    73
    74
    64
    57
    55
    48
    39
    39
    58
    87
   101
    35
    31
    32
    42
    25
    18
    30
    27
    27
    29
    29
    52
    87
   114
   120
   130
   141
   144
   151
   154
   157
   163
   164
   163
   158
   158
   160
   160
   164
   168
   165
   170
   166
   157
   146
   139
   127
   102
    71
    53
    39
    46
    91
   171
   179
   176
   152
   144
   144
   102
    55
    84
    92
   133
   148
   152
   157
   165
   169
   168
   162
   164
   168
   164
   171
   174
   174
   172
   169
   168
   165
   164
   165
   158
   150
   147
   153
   152
   154
   161
   163
   158
   155
   150
   150
   133
   123
   119
   127
   128
   132
   128
   108
   109
    91
    78
    69
    89
    94
    74
    68
    73
    67
    70
    79
    67
    61
    62
    67
    94
   116
   122
    23
    31
    41
    38
    42
    35
    25
    31
    24
    21
    28
    39
    76
   102
   116
   123
   134
   143
   147
   153
   155
   157
   160
   160
   161
   161
   159
   161
   162
   160
   159
   161
   163
   158
   147
   140
   125
   100
    68
    39
    32
    39
    86
   147
   166
   169
   161
   135
   140
   119
    72
    81
    95
   125
   150
   151
   153
   164
   170
   168
   164
   167
   170
   169
   160
   156
   165
   166
   168
   164
   168
   164
   159
   161
   158
   154
   154
   153
   154
   155
   165
   160
   151
   143
   139
   144
   130
   127
   124
   107
   103
   106
   107
   101
   102
   110
    97
    82
    72
    86
    79
    47
    39
    45
    48
    45
    43
    75
   105
   115
   125
   122
    37
    41
    39
    36
    26
    18
    29
    29
    23
    24
    25
    36
    67
   101
   109
   122
   131
   142
   149
   155
   156
   159
   158
   157
   160
   161
   161
   158
   158
   161
   162
   159
   158
   157
   148
   137
   125
   102
    70
    48
    47
    45
    70
   127
   155
   163
   168
   147
   142
   132
    85
    60
    83
   114
   149
   160
   165
   164
   164
   168
   172
   173
   173
   170
   167
   167
   164
   164
   166
   167
   164
   165
   164
   159
   151
   154
   156
   161
   165
   166
   163
   159
   154
   140
   140
   125
   126
   119
   124
   127
   108
   118
    98
    97
    87
    78
    74
    77
    70
    59
    55
    54
    54
    46
    37
    32
    65
   115
   122
   124
   121
   124
    34
    36
    33
    23
    18
    23
    27
    22
    25
    21
    20
    26
    52
    90
   102
   117
   131
   138
   149
   151
   153
   156
   157
   159
   158
   158
   160
   157
   159
   161
   164
   161
   162
   156
   144
   138
   124
   103
    78
    55
    38
    45
    58
   107
   141
   161
   167
   154
   135
   147
   119
    64
    77
   126
   154
   166
   170
   167
   173
   171
   171
   174
   174
   173
   172
   172
   174
   168
   160
   164
   161
   161
   160
   156
   152
   151
   153
   160
   161
   156
   151
   151
   141
   141
   135
   137
   125
   118
   124
   130
   126
    93
    96
   104
    99
    97
    80
    52
    47
    54
    52
    54
    47
    34
    28
    61
   102
   114
   122
   125
   123
   121
    29
    36
    27
    26
    22
    24
    32
    27
    22
    25
    21
    28
    39
    80
   102
   106
   123
   137
   142
   145
   154
   155
   152
   153
   161
   164
   160
   158
   161
   164
   163
   162
   161
   157
   150
   144
   133
   106
    76
    59
    41
    35
    51
    92
   133
   152
   163
   163
   137
   147
   144
    89
    65
   117
   150
   170
   177
   176
   172
   173
   171
   169
   173
   173
   168
   164
   161
   162
   156
   160
   159
   152
   144
   152
   161
   154
   158
   155
   153
   152
   159
   154
   135
   120
   117
   111
   110
    99
   108
   114
   101
    95
    77
    74
    69
    66
    47
    41
    44
    34
    37
    35
    25
    20
    49
    98
   117
   126
   128
   125
   127
   122
    36
    31
    33
    23
    24
    29
    34
    33
    23
    24
    24
    23
    32
    52
    79
    96
   109
   124
   136
   143
   153
   153
   159
   157
   158
   161
   161
   161
   154
   153
   157
   163
   163
   158
   151
   142
   129
   115
    78
    61
    50
    42
    57
    77
   111
   137
   160
   180
   162
   136
   153
   112
    92
   117
   150
   159
   174
   180
   178
   173
   171
   172
   171
   171
   174
   168
   165
   165
   167
   164
   168
   170
   164
   160
   153
   152
   152
   150
   143
   141
   138
   126
   130
   122
   114
   105
   101
    91
   106
   100
    91
    89
    90
    84
    81
    70
    57
    52
    41
    41
    26
    20
    49
    92
   130
   143
   141
   126
    86
    71
    54
    33
    23
    40
    27
    28
    30
    36
    32
    27
    28
    23
    24
    26
    26
    42
    70
    89
    86
   102
   126
   139
   144
   146
   150
   157
   161
   161
   161
   164
   163
   159
   158
   160
   161
   156
   150
   147
   137
   107
    83
    57
    55
    54
    60
    62
    81
   110
   146
   168
   174
   141
   118
   136
   111
   138
   170
   172
   170
   174
   171
   167
   168
   173
   179
   171
   169
   172
   168
   159
   157
   157
   147
   152
   153
   163
   161
   146
   134
   125
   118
   123
   127
   126
   126
   116
   106
   115
   111
   129
   118
   109
    89
    81
    77
    72
    62
    58
    46
    39
    38
    27
    45
    79
   113
   115
    89
    61
    44
   104
   169
    97
    82
    75
    35
    26
    39
    31
    26
    25
    32
    33
    29
    31
    28
    40
    49
    51
    56
    64
    85
   102
   110
   120
   135
   147
   155
   151
   159
   157
   156
   154
   153
   162
   162
   164
   163
   157
   154
   156
   148
   128
    79
    47
    36
    52
    71
    71
    88
   103
   115
   137
   148
   148
   128
   135
   134
   138
   157
   166
   166
   163
   169
   169
   175
   180
   181
   171
   170
   171
   170
   165
   153
   157
   167
   148
   148
   144
   144
   147
   141
   140
   127
   122
   118
    94
    85
   114
   121
   111
    90
    87
    99
    99
    88
    63
    64
    51
    39
    43
    44
    40
    48
    60
    60
    46
    16
    12
     7
    11
    18
    15
    86
   174
   139
   124
    25
    28
    28
    32
    31
    26
    37
    31
    29
    33
    46
    46
    49
    42
    41
    43
    51
    69
   100
   116
   120
   127
   138
   148
   152
   153
   155
   158
   162
   163
   165
   166
   168
   161
   156
   148
   156
   154
   141
    90
    60
    61
    61
    67
    64
    89
   109
   128
   140
   146
   149
   156
   158
   155
   167
   166
   168
   171
   171
   171
   174
   182
   184
   178
   180
   170
   169
   172
   160
   149
   137
   139
   141
   147
   140
   134
   133
   126
   132
   116
    99
   106
   104
    95
    98
    99
   105
    89
    70
    50
    54
    51
    46
    44
    40
    38
    42
    39
    38
    26
    20
    19
    25
    25
    30
    27
    27
    24
    11
    37
   135
   166
    29
    30
    22
    27
    34
    31
    31
    32
    28
    30
    32
    34
    27
    31
    22
    26
    33
    39
    62
    91
   115
   123
   129
   130
   142
   147
   152
   153
   156
   162
   164
   169
   169
   166
   159
   154
   148
   152
   154
   136
    93
    64
    65
    72
    72
    73
    82
   102
   120
   131
   153
   164
   170
   172
   171
   171
   166
   172
   175
   174
   177
   178
   182
   177
   177
   171
   166
   153
   151
   144
   142
   137
   136
   134
   141
   139
   120
   113
   116
   114
   101
    90
    95
    93
    72
    72
    67
    63
    49
    42
    38
    48
    44
    33
    35
    27
    28
    28
    25
    24
    24
    27
    26
    31
    28
    30
    26
    26
    30
    17
    19
    93
    21
    27
    28
    30
    35
    31
    37
    30
    35
    32
    29
    30
    38
    34
    33
    31
    29
    22
    29
    59
    95
   119
   121
   123
   123
   133
   143
   146
   151
   157
   162
   167
   170
   170
   167
   162
   161
   156
   152
   143
   132
   106
    78
    69
    65
    74
    66
    96
   111
   121
   135
   151
   167
   169
   174
   175
   175
   180
   177
   177
   172
   167
   166
   164
   160
   155
   156
   149
   146
   149
   142
   140
   140
   138
   141
   127
   113
    99
   103
    93
    74
    76
    68
    52
    49
    60
    50
    49
    46
    47
    37
    36
    31
    34
    25
    31
    31
    27
    27
    27
    29
    27
    27
    25
    24
    24
    29
    27
    23
    29
    22
    10
    31
    29
    31
    29
    36
    46
    37
    31
    31
    33
    40
    29
    25
    33
    34
    31
    27
    27
    18
    18
    55
    86
   108
   118
   124
   123
   132
   145
   145
   147
   152
   161
   171
   173
   170
   165
   161
   156
   154
   151
   147
   142
   117
    81
    62
    72
    72
    99
   103
   113
   120
   135
   158
   169
   167
   172
   173
   171
   169
   168
   162
   161
   157
   154
   148
   144
   142
   139
   138
   135
   135
   138
   136
   127
   104
    97
    94
    76
    63
    68
    74
    67
    61
    63
    47
    40
    54
    39
    41
    33
    35
    29
    28
    22
    30
    23
    26
    28
    29
    28
    27
    29
    22
    25
    25
    27
    25
    27
    29
    24
    30
    26
    26
    25
    28
    28
    30
    44
    38
    34
    33
    37
    32
    39
    37
    35
    37
    36
    31
    29
    33
    29
    29
    67
    85
   100
   111
   121
   123
   130
   137
   147
   149
   153
   163
   169
   167
   167
   164
   158
   150
   147
   143
   139
   135
   134
    99
    94
    94
   111
   109
   111
   120
   128
   152
   160
   162
   166
   168
   166
   162
   156
   156
   149
   147
   142
   143
   144
   147
   140
   140
   128
   126
   114
   101
    90
    88
    69
    67
    69
    66
    64
    46
    40
    38
    41
    42
    38
    24
    30
    27
    24
    23
    28
    30
    30
    28
    30
    26
    26
    23
    28
    29
    25
    34
    30
    29
    27
    28
    31
    30
    31
    27
    29
    27
    25
    25
    33
    30
    36
    37
    28
    29
    34
    29
    32
    37
    28
    31
    39
    47
    42
    34
    21
    20
    35
    65
    82
    93
   100
   109
   114
   121
   131
   145
   143
   144
   145
   148
   139
   138
   129
   125
   120
   122
   120
   126
   123
   128
   124
   119
   114
   117
   118
   123
   128
   141
   146
   148
   151
   152
   152
   153
   153
   152
   152
   142
   140
   126
   115
   100
    75
    59
    52
    36
    23
    27
    32
    31
    36
    26
    21
    25
    31
    33
    35
    35
    26
    30
    33
    26
    29
    24
    29
    28
    26
    28
    29
    26
    28
    31
    28
    30
    26
    26
    26
    21
    26
    23
    26
    27
    27
    24
    24
    25
    28
    29
    35
    29
    32
    26
    21
    37
    39
    30
    37
    38
    40
    30
    43
    43
    42
    33
    38
    47
    51
    33
    23
    39
    60
    77
    87
    94
    92
    94
    96
   107
   114
   118
   115
   106
   107
   105
   109
   114
   118
   121
   122
   122
   123
   120
   120
   118
   104
    99
    98
   108
   111
   112
   126
   136
   136
   141
   138
   139
   133
   125
   108
    97
    72
    61
    40
    28
    34
    25
    23
    25
    26
    18
     8
     6
    10
    27
    56
    75
    95
    81
    38
    24
    29
    26
    26
    30
    29
    34
    30
    25
    33
    29
    33
    31
    29
    29
    27
    28
    28
    25
    29
    27
    27
    29
    27
    24
    26
    30
    28
    27
    28
    31
    21
    25
    27
    27
    28
    31
    36
    32
    32
    35
    31
    34
    29
    29
    29
    41
    41
    36
    42
    60
    46
    28
    33
    45
    68
    74
    83
    83
    82
    79
    87
    91
    95
   100
   101
    98
    98
    94
    98
    99
   101
    98
    99
    99
    99
   101
   101
    96
    95
    95
    92
    97
   107
   117
   128
   119
   107
    97
    84
    67
    57
    46
    33
    29
    26
    23
    14
    22
    15
    16
    17
    30
    45
    78
   103
   120
   116
   115
   115
   100
    51
    27
    25
    28
    27
    28
    26
    28
    25
    28
    25
    29
    25
    28
    30
    29
    29
    31
    26
    30
    27
    27
    28
    32
    28
    30
    23
    23
    29
    32
    30
    32
    30
    27
    23
    29
    23
    25
    34
    30
    31
    35
    32
    32
    29
    28
    28
    28
    40
    43
    40
    47
    62
    45
    38
    34
    33
    40
    45
    48
    51
    58
    52
    56
    56
    54
    57
    51
    51
    47
    50
    47
    46
    52
    53
    48
    48
    46
    53
    60
    60
    64
    68
    67
    72
    73
    67
    64
    55
    43
    33
    31
    24
    20
    20
    21
    22
    25
    23
    26
    41
    55
    75
    61
    47
    86
   122
   127
   129
   133
   130
   113
    50
    33
    31
    30
    33
    29
    26
    29
    35
    31
    31
    29
    29
    30
    25
    28
    30
    30
    31
    30
    31
    32
    30
    27
    32
    30
    32
    32
    32
    27
    28
    34
    30
    28
    27
    23
    30
    27
    30
    30
    28
    33
    35
    34
    26
    23
    26
    28
    29
    37
    48
    37
    47
    47
    40
    45
    35
    33
    28
    28
    24
    25
    29
    26
    24
    23
    24
    29
    27
    29
    22
    27
    21
    23
    26
    26
    29
    28
    24
    27
    32
    37
    31
    33
    34
    32
    29
    26
    24
    25
    22
    20
    18
    23
    22
    22
    25
    23
    32
    41
    50
    43
    37
    27
    19
    19
    89
   129
   130
   135
   142
   105
    40
    28
    29
    28
    29
    30
    34
    31
    24
    30
    29
    29
    29
    27
    32
    30
    32
    26
    27
    28
    28
    30
    30
    32
    28
    27
    27
    28
    26
    33
    33
    40
    36
    31
    27
    28
    30
    29
    31
    30
    32
    28
    32
    36
    24
    23
    23
    27
    22
    25
    35
    46
    40
    38
    35
    25
    32
    36
    32
    24
    23
    19
    22
    25
    21
    23
    20
    17
    20
    20
    23
    17
    19
    18
    22
    22
    22
    22
    25
    26
    22
    24
    24
    21
    18
    20
    19
    21
    21
    24
    25
    18
    24
    17
    21
    41
    50
    50
    40
    35
    28
    20
    18
    18
    21
    47
    90
   131
   135
   145
   128
    52
    26
    32
    33
    31
    32
    31
    31
    32
    33
    32
    36
    29
    30
    31
    33
    33
    32
    34
    31
    29
    30
    29
    29
    27
    28
    30
    30
    29
    27
    29
    27
    34
    36
    35
    35
    36
    20
    24
    25
    27
    27
    25
    31
    31
    31
    29
    26
    26
    27
    22
    20
    31
    41
    41
    31
    31
    26
    29
    33
    38
    36
    34
    28
    24
    24
    22
    22
    22
    25
    17
    20
    20
    18
    15
    17
    22
    25
    25
    27
    24
    24
    25
    24
    23
    26
    27
    29
    26
    27
    20
    22
    31
    25
    36
    42
    54
    50
    36
    35
    33
    25
    25
    19
    22
    31
    48
    68
   126
   141
    94
    31
    21
    29
    28
    29
    32
    34
    34
    32
    29
    28
    28
    31
    33
    32
    29
    29
    29
    33
    30
    30
    32
    32
    27
    31
    28
    27
    29
    28
    34
    29
    25
    26
    46
    43
    36
    41
    34
    37
    29
    25
    23
    24
    26
    27
    35
    28
    23
    23
    24
    26
    28
    32
    18
    22
    26
    30
    31
    31
    32
    34
    34
    30
    33
    37
    38
    39
    29
    24
    22
    19
    20
    15
    16
    22
    28
    24
    22
    23
    24
    21
    18
    24
    25
    22
    21
    22
    26
    29
    29
    21
    24
    25
    28
    28
    30
    41
    46
    43
    42
    35
    26
    22
    18
    23
    24
    30
    28
    47
   137
   110
    22
    24
    26
    30
    29
    31
    26
    27
    32
    32
    33
    33
    28
    34
    27
    28
    25
    32
    31
    29
    32
    31
    31
    31
    31
    26
    29
    30
    26
    32
    27
    31
    34
    33
    43
    37
    34
    36
    33
    31
    33
    33
    25
    27
    30
    33
    25
    35
    35
    31
    27
    34
    34
    27
    40
    41
    31
    31
    30
    38
    45
    45
    43
    46
    34
    38
    43
    42
    33
    23
    18
    21
    30
    30
    27
    23
    20
    27
    18
    22
    20
    17
    19
    26
    24
    27
    30
    29
    22
    24
    21
    29
    38
    32
    42
    67
    84
    71
    54
    54
    34
    24
    26
    27
    24
    26
    25
    27
    66
    87
    80
    24
    29
    30
    31
    30
    30
    28
    31
    29
    27
    26
    20
    32
    31
    27
    27
    34
    30
    28
    31
    27
    24
    31
    29
    26
    28
    28
    31
    28
    31
    26
    30
    26
    30
    25
    36
    45
    42
    36
    35
    33
    28
    26
    31
    30
    30
    33
    32
    28
    30
    33
    34
    32
    33
    38
    26
    23
    39
    37
    33
    40
    49
    43
    42
    48
    41
    29
    18
    27
    32
    34
    30
    29
    20
    23
    19
    23
    36
    33
    29
    27
    20
    23
    29
    23
    28
    35
    39
    33
    31
    34
    35
    31
    34
    35
    49
    56
    52
    53
    56
    42
    29
    30
    30
    25
    25
    33
    29
    28
    57
    45
    20
    25
    26
    35
    32
    33
    28
    29
    29
    31
    34
    32
    35
    31
    29
    30
    33
    30
    27
    29
    33
    32
    33
    30
    29
    30
    28
    29
    30
    30
    26
    30
    29
    29
    30
    31
    48
    39
    40
    42
    41
    36
    39
    35
    31
    31
    35
    36
    40
    40
    40
    38
    40
    34
    37
    37
    43
    43
    35
    31
    41
    37
    34
    42
    35
    21
    31
    30
    25
    20
    21
    26
    24
    23
    33
    27
    31
    36
    29
    27
    30
    26
    37
    36
    38
    41
    46
    46
    48
    46
    35
    27
    33
    38
    42
    49
    42
    39
    38
    41
    48
    46
    46
    37
    23
    24
    25
    34
    29
    27
    27
    22
    27
    32
    29
    27
    33
    28
    31
    28
    30
    30
    31
    32
    31
    31
    32
    33
    30
    30
    32
    35
    26
    29
    29
    36
    31
    29
    30
    30
    27
    29
    32
    31
    31
    30
    27
    29
    35
    41
    43
    40
    40
    37
    33
    34
    36
    38
    39
    44
    38
    36
    36
    43
    46
    62
    50
    39
    34
    39
    42
    48
    39
    37
    37
    35
    40
    37
    24
    24
    22
    28
    33
    31
    34
    39
    36
    41
    42
    39
    32
    32
    31
    40
    35
    31
    39
    44
    42
    42
    52
    55
    45
    33
    29
    38
    42
    38
    33
    34
    36
    40
    47
    44
    36
    37
    33
    40
    35
    25
    25
    28
    32
    32
    31
    31
    32
    34
    31
    30
    28
    31
    31
    31
    32
    30
    30
    31
    31
    32
    30
    31
    28
    28
    31
    35
    32
    30
    31
    34
    30
    31
    32
    34
    36
    30
    33
    29
    29
    32
    43
    38
    37
    41
    38
    42
    38
    35
    35
    32
    33
    30
    32
    31
    31
    31
    37
    31
    38
    34
    42
    35
    39
    37
    35
    33
    33
    34
    41
    45
    51
    53
    51
    45
    39
    38
    44
    41
    43
    37
    31
    23
    31
    46
    49
    38
    30
    31
    34
    32
    24
    30
    38
    44
    42
    45
    58
    55
    39
    34
    39
    43
    48
    55
    53
    37
    33
    41
    42
    34
    29
    23
    18
    26
    35
    35
    36
    34
    34
    35
    33
    31
    32
    27
    32
    30
    30
    29
    30
    32
    29
    26
    25
    31
    26
    31
    31
    29
    28
    30
    27
    27
    32
    33
    34
    32
    30
    32
    32
    38
    31
    33
    41
    44
    45
    39
    43
    40
    43
    42
    41
    40
    36
    35
    29
    27
    29
    32
    31
    37
    30
    38
    30
    30
    28
    28
    34
    41
    43
    37
    31
    38
    41
    39
    40
    47
    43
    42
    42
    47
    35
    33
    34
    49
    68
    58
    37
    32
    37
    40
    32
    30
    37
    40
    34
    32
    41
    44
    45
    48
    51
    43
    48
    52
    50
    43
    39
    49
    48
    39
    30
    27
    21
    18
    24
    32
    33
    33
    31
    31
    34
    34
    33
    33
    31
    36
    30
    36
    34
    29
    35
    34
    33
    35
    35
    32
    36
    30
    31
    29
    27
    34
    34
    30
    28
    35
    31
    30
    32
    34
    35
    34
    33
    33
    36
    43
    38
    43
    42
    38
    40
    43
    44
    39
    39
    36
    32
    36
    37
    33
    34
    35
    39
    37
    36
    39
    39
    33
    34
    38
    39
    49
    50
    43
    39
    30
    30
    33
    37
    33
    32
    40
    43
    60
    78
    92
    68
    47
    42
    46
    42
    35
    35
    41
    44
    43
    42
    44
    54
    46
    37
    33
    37
    42
    34
    31
    52
    70
    70
    66
    45
    38
    29
    21
    20
    25
    31
    34
    31
    33
    32
    34
    28
    27
    27
    29
    32
    32
    31
    29
    29
    34
    31
    30
    30
    30
    28
    30
    28
    31
    30
    33
    36
    29
    32
    31
    34
    32
    37
    37
    37
    34
    34
    37
    32
    41
