   117
   112
   116
   115
   116
   115
   116
   114
   116
   115
   117
   114
   115
   113
   108
   104
   110
   100
    79
   100
    94
    95
    86
    73
    69
    58
    54
    54
    59
    55
    63
    71
    64
    67
    66
    68
    69
    67
    66
    65
    67
    55
    50
    49
    39
    40
    41
    49
    56
    56
    59
    56
    50
    49
    43
    41
    38
    37
    40
    40
    39
    39
    42
    44
    59
    88
   115
   129
   125
   127
   131
   125
    45
    17
    20
    25
    28
    24
    22
    19
    20
    22
    20
    21
    19
    22
    23
    24
    17
    20
    21
    18
    24
    23
    26
    21
    26
    22
    22
    21
    18
    18
    16
    15
    19
    20
    21
    42
    59
    65
    67
    67
   114
   116
   113
   113
   112
   113
   112
   115
   112
   115
   114
   113
   111
   110
   108
   110
   108
    87
    81
    97
    91
    88
    73
    73
    61
    49
    51
    53
    52
    56
    63
    58
    64
    69
    72
    66
    61
    59
    66
    64
    54
    53
    53
    41
    44
    48
    55
    58
    53
    47
    39
    33
    30
    23
    20
    30
    38
    44
    43
    37
    28
    20
    19
    25
    74
   114
   123
   131
   133
   137
   139
   127
    78
    20
    19
    24
    22
    22
    23
    22
    24
    19
    18
    21
    19
    20
    18
    22
    21
    24
    25
    22
    22
    21
    21
    23
    21
    19
    21
    21
    19
    18
    18
    13
    16
    16
    24
    48
    63
    65
    68
    68
   116
   112
   114
   116
   114
   113
   113
   114
   116
   112
   107
   110
   107
   110
   109
   106
   101
    85
    94
    97
    86
    73
    68
    59
    58
    48
    46
    46
    50
    51
    51
    59
    65
    75
    71
    60
    65
    68
    65
    57
    53
    44
    40
    48
    50
    50
    44
    32
    29
    25
    17
    15
    13
    19
    24
    27
    33
    34
    34
    32
    43
    47
    40
    32
    55
   107
   123
   123
   130
   140
   144
   129
    85
    28
    19
    18
    25
    23
    21
    25
    24
    24
    26
    21
    19
    18
    16
    18
    22
    21
    17
    17
    18
    22
    22
    21
    25
    24
    23
    24
    24
    24
    22
    24
    17
    14
    27
    49
    56
    56
    65
    73
   114
   116
   116
   115
   114
   114
   114
   112
   110
   112
   114
   115
   117
   114
   104
    97
    92
    82
    94
    91
    83
    70
    66
    61
    51
    45
    48
    45
    44
    42
    56
    65
    76
    72
    54
    66
    68
    65
    54
    45
    39
    40
    43
    39
    31
    25
    20
    22
    16
    12
    19
    22
    27
    26
    25
    24
    24
    33
    38
    61
    84
   105
   120
   123
   117
   112
   116
   125
   140
   153
   154
   127
    68
    25
    22
    22
    17
    20
    21
    23
    20
    20
    20
    23
    21
    19
    19
    18
    18
    19
    21
    22
    20
    18
    19
    20
    23
    20
    23
    19
    21
    19
    17
    15
    19
    24
    36
    47
    58
    64
    69
    74
   116
   117
   114
   112
   112
   112
   112
   106
   108
   113
   110
   113
   108
   103
    97
    83
    76
    85
    92
    77
    72
    64
    61
    56
    47
    46
    45
    43
    39
    47
    63
    71
    74
    59
    60
    56
    59
    56
    52
    45
    39
    35
    33
    29
    21
    18
    20
    24
    32
    30
    28
    33
    40
    53
    55
    57
    60
    58
    59
    64
    70
    79
    90
   105
   111
   116
   119
   123
   141
   155
   152
   126
    55
    17
    14
    18
    20
    22
    22
    21
    19
    19
    17
    21
    23
    20
    22
    20
    19
    19
    18
    20
    20
    18
    17
    18
    17
    16
    18
    21
    18
    18
    15
    18
    16
    21
    35
    45
    51
    63
    68
    80
   115
   114
   116
   114
   112
   114
   110
   107
   109
   107
   111
    92
    88
    91
    98
    84
    84
    84
    83
    75
    62
    64
    61
    53
    41
    38
    49
    43
    44
    56
    57
    61
    56
    50
    41
    60
    45
    41
    42
    41
    34
    32
    22
    18
    15
    21
    18
    30
    36
    54
    79
    93
   114
   118
   126
   133
   132
   133
   134
   128
   123
   117
   115
   113
   113
   108
   105
   109
   105
   105
   110
   104
    61
    12
     0
     1
     3
     4
    13
    16
    17
    21
    21
    17
    16
    25
    23
    19
    19
    19
    15
    16
    17
    21
    17
    15
    18
    19
    16
    13
    17
    17
    20
    17
    18
    23
    43
    53
    59
    67
    77
    79
   116
   116
   113
   113
   114
   113
   109
   111
   109
   111
    92
    85
    98
    92
    89
    85
    91
    86
    76
    69
    62
    62
    56
    52
    38
    53
    49
    46
    60
    54
    54
    45
    46
    44
    53
    39
    38
    36
    33
    31
    28
    21
    22
    19
    33
    47
    73
    90
   113
   125
   136
   142
   143
   145
   146
   143
   146
   148
   145
   147
   138
   135
   133
   134
   132
   134
   135
   131
   133
   128
   121
   119
   115
   109
    96
    82
    68
    38
    23
    18
     9
     4
     9
    13
    16
    18
    22
    20
    22
    17
    18
    18
    16
    16
    19
    17
    15
    16
    16
    18
    17
    15
    14
    18
    17
    29
    41
    50
    61
    68
    78
    84
   112
   117
   115
   115
   113
   108
   108
   113
   103
    99
    82
    95
    96
    99
    88
    93
    94
    85
    83
    69
    60
    56
    58
    49
    39
    47
    59
    58
    54
    44
    43
    42
    47
    47
    46
    38
    36
    36
    36
    39
    36
    49
    67
    92
   108
   126
   132
   142
   148
   157
   163
   166
   164
   163
   163
   165
   162
   160
   156
   154
   156
   149
   146
   142
   144
   140
   140
   145
   146
   147
   151
   151
   153
   151
   151
   152
   150
   150
   137
   125
    99
    67
    37
     4
     2
     9
    20
    23
    20
    21
    17
    19
    18
    20
    19
    19
    16
    17
    16
    16
    18
    17
    18
    14
    18
    35
    48
    57
    63
    71
    78
    89
   116
   112
   112
   112
   109
   103
   102
   106
   106
    98
    92
    95
    96
    95
    90
    93
    83
    67
    65
    61
    59
    58
    57
    53
    54
    53
    71
    58
    50
    50
    43
    50
    45
    45
    35
    38
    45
    50
    60
    78
   102
   116
   130
   138
   144
   149
   155
   161
   166
   169
   172
   173
   177
   177
   176
   176
   174
   176
   170
   172
   169
   167
   168
   168
   164
   160
   161
   157
   157
   159
   157
   160
   164
   165
   166
   165
   164
   159
   160
   160
   159
   158
   149
   133
    92
    38
     7
     7
    19
    21
    24
    20
    19
    16
    19
    19
    17
    19
    18
    20
    17
    17
    15
    19
    23
    34
    44
    54
    65
    74
    78
    84
   115
   115
   110
   110
   109
   105
   104
   101
    99
    86
    87
   102
    98
    89
    84
    85
    68
    63
    59
    56
    61
    60
    65
    60
    54
    52
    58
    59
    50
    50
    48
    49
    54
    47
    47
    55
    75
    96
   112
   125
   138
   145
   150
   151
   157
   161
   165
   170
   171
   177
   181
   184
   185
   187
   187
   186
   187
   185
   183
   182
   183
   183
   182
   180
   179
   177
   173
   172
   173
   170
   170
   172
   170
   170
   174
   175
   172
   170
   166
   168
   170
   163
   161
   156
   154
   140
   100
    39
     9
     9
    18
    22
    19
    20
    18
    20
    21
    19
    19
    19
    19
    18
    16
    18
    32
    40
    45
    56
    65
    71
    78
    84
   111
   112
   110
   113
   106
   103
   102
   101
    98
    89
    97
   100
    90
    90
    88
    74
    71
    63
    56
    58
    66
    61
    63
    57
    53
    50
    44
    51
    48
    49
    53
    58
    58
    69
    83
   113
   123
   136
   150
   153
   157
   163
   166
   169
   171
   174
   177
   179
   185
   185
   190
   190
   194
   197
   195
   196
   195
   196
   194
   193
   192
   192
   191
   191
   188
   186
   184
   182
   182
   179
   179
   179
   178
   180
   180
   181
   180
   183
   180
   178
   176
   174
   176
   169
   163
   157
   153
   145
    97
    34
     2
     2
     8
    11
    16
    16
    20
    20
    22
    20
    19
    17
    17
    17
    31
    42
    57
    66
    77
    81
    85
    92
   116
   114
   109
   105
   108
   106
   110
   100
    98
    94
    98
   101
    90
    84
    81
    74
    67
    61
    63
    60
    64
    58
    52
    54
    47
    48
    49
    52
    51
    62
    67
    73
    89
   109
   127
   144
   153
   158
   167
   166
   166
   167
   173
   175
   174
   180
   183
   185
   189
   193
   195
   196
   199
   199
   200
   201
   201
   200
   200
   198
   197
   196
   197
   196
   195
   193
   187
   184
   185
   185
   180
   180
   182
   183
   183
   184
   184
   184
   184
   185
   183
   178
   177
   180
   175
   167
   163
   158
   149
   137
    98
    62
    37
    28
    21
    13
    11
     3
     3
     8
    11
    14
    14
    37
    62
    70
    77
    79
    81
    83
    84
    89
   115
   117
   108
   108
   114
   111
   107
   106
   101
    92
    92
    92
    91
    92
    80
    73
    61
    59
    58
    66
    64
    51
    50
    52
    51
    52
    48
    55
    69
    80
    82
    95
   113
   137
   146
   159
   161
   161
   164
   171
   170
   173
   178
   180
   178
   182
   187
   189
   193
   196
   197
   201
   201
   202
   201
   201
   201
   201
   202
   201
   201
   201
   202
   199
   198
   194
   194
   190
   189
   187
   186
   183
   183
   183
   185
   187
   186
   186
   185
   184
   185
   185
   186
   185
   184
   178
   175
   170
   164
   154
   146
   134
   124
   125
   123
   104
    90
    72
    54
    39
    20
    15
    31
    45
    52
    54
    61
    69
    68
    61
    63
    60
   110
   106
   106
   110
   111
   107
   106
   104
    88
    85
    91
   105
    99
    85
    74
    69
    57
    60
    65
    62
    53
    42
    50
    46
    47
    55
    71
    79
    84
    90
   104
   121
   143
   156
   162
   164
   168
   173
   176
   174
   177
   175
   168
   175
   177
   185
   190
   193
   193
   195
   200
   200
   201
   201
   202
   201
   202
   201
   201
   201
   202
   202
   201
   202
   200
   202
   198
   195
   193
   189
   186
   185
   185
   185
   187
   186
   185
   187
   185
   186
   186
   186
   186
   187
   189
   185
   183
   175
   173
   169
   162
   149
   133
   119
   122
   131
   135
   136
   138
   137
   136
   124
   111
    98
    79
    64
    41
    24
     9
     3
     2
     6
   111
   105
   100
    96
   102
   104
   102
   102
    89
    98
   103
    95
    93
    81
    67
    71
    62
    64
    60
    54
    49
    44
    46
    49
    55
    65
    77
    93
   105
   118
   127
   142
   157
   167
   169
   176
   177
   179
   178
   184
   174
   167
   162
   173
   176
   182
   186
   188
   190
   194
   196
   199
   200
   201
   201
   201
   200
   197
   201
   202
   202
   205
   203
   203
   203
   199
   198
   198
   196
   193
   190
   188
   188
   186
   185
   187
   186
   187
   189
   188
   189
   189
   190
   187
   188
   185
   184
   182
   178
   177
   173
   167
   157
   138
   119
   120
   126
   130
   131
   128
   129
   128
   127
   125
   121
   117
   116
   108
   101
    90
    82
    76
   119
   105
    93
    99
    99
   100
    96
    94
    90
    95
    93
    88
    92
    78
    69
    67
    61
    61
    55
    45
    44
    45
    46
    49
    64
    73
    97
   118
   131
   142
   152
   160
   165
   176
   179
   181
   182
   182
   185
   171
   152
   163
   170
   175
   176
   179
   181
   183
   186
   186
   194
   199
   199
   200
   199
   203
   202
   201
   201
   202
   200
   201
   203
   203
   202
   201
   201
   199
   198
   195
   195
   191
   186
   185
   188
   187
   188
   188
   187
   188
   188
   189
   189
   188
   188
   186
   184
   180
   181
   180
   176
   171
   167
   158
   143
   119
   113
   122
   129
   132
   130
   130
   131
   131
   127
   126
   121
   119
   115
   117
   117
   117
   109
   101
   107
    97
   101
   101
    97
    85
    88
    79
    66
    79
    87
    78
    75
    63
    59
    58
    57
    40
    46
    46
    48
    61
    76
   101
   132
   144
   149
   161
   162
   170
   174
   181
   184
   185
   187
   186
   164
   147
   150
   167
   178
   181
   175
   173
   176
   180
   178
   182
   187
   194
   198
   199
   202
   201
   203
   202
   204
   203
   202
   202
   202
   203
   203
   202
   202
   202
   202
   201
   198
   194
   194
   192
   191
   193
   193
   193
   193
   194
   194
   193
   191
   190
   191
   191
   189
   185
   184
   183
   182
   180
   175
   171
   161
   148
   125
   111
   117
   126
   132
   130
   131
   129
   131
   128
   129
   125
   122
   119
   120
   119
   100
    94
    97
    95
    96
    95
    88
    84
    82
    68
    65
    72
    90
    75
    73
    62
    63
    50
    40
    45
    45
    51
    66
    78
   106
   140
   151
   158
   165
   167
   176
   180
   184
   185
   187
   191
   190
   181
   153
   154
   173
   183
   184
   183
   174
   171
   171
   169
   171
   172
   183
   195
   198
   199
   200
   204
   203
   202
   203
   204
   203
   205
   203
   203
   204
   203
   203
   203
   203
   201
   200
   198
   198
   195
   192
   191
   194
   191
   194
   195
   195
   198
   195
   193
   193
   189
   189
   187
   186
   185
   184
   186
   183
   174
   168
   160
   146
   125
   116
   118
   121
   130
   131
   129
   130
   130
   128
   127
   127
   122
   116
   119
    71
    95
    95
    90
    88
    88
    90
    71
    65
    60
    69
    74
    87
    72
    67
    59
    55
    42
    45
    50
    61
    75
    91
   114
   139
   153
   167
   170
   171
   178
   183
   186
   189
   189
   189
   191
   192
   176
   145
   164
   184
   190
   184
   176
   170
   164
   163
   168
   162
   160
   165
   178
   191
   192
   196
   200
   204
   204
   204
   206
   203
   204
   204
   203
   204
   204
   204
   203
   202
   201
   198
   197
   194
   195
   192
   193
   188
   189
   191
   196
   197
   198
   198
   194
   191
   193
   190
   187
   184
   187
   186
   183
   182
   181
   175
   167
   157
   140
   122
   112
   120
   124
   127
   126
   129
   129
   129
   129
   128
   125
   123
   119
    79
    77
    88
    83
    84
    85
    73
    55
    63
    53
    68
    71
    76
    71
    61
    57
    42
    38
    48
    69
    82
    98
   115
   132
   158
   168
   178
   181
   182
   188
   191
   194
   194
   198
   196
   199
   188
   163
   151
   175
   191
   189
   180
   171
   165
   160
   163
   161
   154
   144
   142
   138
   170
   186
   194
   200
   202
   204
   205
   204
   204
   203
   204
   203
   202
   201
   202
   202
   202
   201
   200
   198
   194
   193
   192
   191
   191
   193
   195
   198
   199
   199
   199
   199
   197
   195
   192
   189
   190
   189
   187
   187
   187
   182
   178
   173
   165
   151
   137
   119
   109
   117
   122
   128
   129
   123
   125
   127
   124
   125
   124
   120
    68
    71
    75
    77
    82
    80
    62
    47
    66
    54
    64
    70
    71
    71
    60
    49
    42
    55
    81
    90
   103
   114
   130
   155
   172
   181
   187
   187
   192
   193
   197
   198
   197
   199
   201
   200
   173
   156
   155
   179
   192
   185
   177
   166
   159
   161
   160
   161
   151
   126
   113
   106
   155
   178
   185
   196
   200
   204
   203
   205
   204
   205
   206
   206
   203
   204
   203
   203
   202
   202
   202
   199
   196
   193
   193
   189
   192
   193
   197
   198
   199
   198
   201
   199
   199
   197
   193
   192
   190
   190
   189
   189
   186
   184
   183
   175
   175
   165
   154
   134
   112
   109
   115
   122
   124
   126
   126
   125
   126
   123
   124
   122
    74
    73
    70
    70
    62
    59
    59
    56
    53
    57
    56
    70
    70
    62
    59
    53
    60
    80
    95
   104
   115
   128
   157
   174
   184
   186
   190
   194
   196
   198
   198
   200
   199
   200
   202
   203
   153
   159
   167
   182
   190
   186
   171
   167
   165
   164
   165
   167
   164
   137
    87
    82
   134
   159
   173
   188
   200
   203
   205
   205
   205
   206
   204
   204
   204
   204
   206
   204
   201
   199
   195
   195
   192
   191
   186
   188
   188
   187
   187
   191
   195
   198
   198
   199
   197
   195
   194
   194
   193
   192
   191
   191
   193
   193
   187
   184
   172
   165
   161
   148
   131
   111
   112
   112
   118
   124
   125
   125
   124
   122
   122
   124
    75
    70
    65
    64
    56
    48
    54
    55
    55
    51
    58
    70
    63
    58
    56
    63
    80
    99
   107
   115
   130
   154
   178
   188
   191
   192
   195
   196
   199
   201
   201
   203
   201
   201
   201
   199
   147
   162
   167
   179
   190
   184
   175
   168
   169
   169
   171
   169
   163
   146
    89
    80
   123
   153
   165
   186
   195
   201
   204
   206
   206
   205
   206
   207
   205
   203
   204
   203
   203
   199
   198
   195
   192
   189
   185
   180
   177
   174
   182
   190
   193
   196
   198
   197
   197
   195
   195
   195
   193
   190
   190
   192
   192
   191
   192
   191
   183
   170
   164
   156
   141
   122
   108
   113
   117
   120
   124
   123
   122
   122
   122
   120
    77
    63
    52
    50
    49
    40
    43
    50
    56
    62
    62
    70
    63
    57
    64
    72
    90
   102
   117
   131
   148
   171
   187
   189
   195
   197
   200
   200
   200
   201
   200
   200
   202
   203
   203
   191
   141
   152
   156
   175
   180
   182
   178
   173
   174
   173
   177
   177
   173
   153
    92
    75
   110
   145
   150
   172
   191
   201
   204
   206
   206
   206
   204
   206
   205
   205
   202
   203
   202
   201
   198
   193
   190
   184
   179
   174
   172
   186
   193
   195
   193
   193
   194
   193
   192
   194
   197
   195
   196
   193
   193
   194
   194
   194
   194
   191
   192
   188
   172
   159
   148
   133
   117
   110
   118
   118
   122
   124
   124
   121
   121
   122
    56
    61
    50
    48
    45
    43
    41
    46
    52
    57
    66
    67
    57
    54
    69
    82
    92
   111
   130
   146
   167
   185
   189
   193
   197
   200
   199
   200
   200
   200
   200
   200
   200
   201
   201
   181
   138
   138
   142
   174
   175
   175
   176
   174
   175
   175
   182
   178
   174
   159
   101
    98
   111
   142
   144
   158
   187
   197
   204
   204
   207
   206
   207
   207
   207
   204
   204
   203
   201
   198
   197
   191
   187
   184
   175
   173
   186
   195
   197
   192
   185
   183
   182
   188
   194
   199
   196
   196
   197
   196
   193
   192
   194
   194
   193
   196
   194
   194
   189
   178
   165
   148
   133
   114
   113
   117
   119
   122
   120
   120
   120
   124
    56
    57
    50
    42
    42
    41
    40
    42
    50
    53
    65
    68
    59
    61
    77
    89
    99
   123
   143
   153
   176
   186
   190
   196
   196
   200
   199
   200
   201
   201
   200
   202
   202
   203
   201
   176
   145
   132
   134
   168
   177
   176
   178
   180
   182
   181
   183
   183
   179
   156
    93
   100
   110
   114
   134
   147
   183
   199
   203
   205
   205
   205
   205
   206
   206
   205
   203
   202
   201
   198
   194
   188
   184
   182
   179
   187
   191
   195
   193
   191
   179
   179
   188
   192
   195
   198
   200
   198
   198
   197
   195
   193
   192
   195
   196
   200
   199
   198
   194
   190
   181
   163
   138
   118
   111
   114
   116
   121
   123
   121
   124
   123
    48
    59
    57
    46
    39
    40
    43
    46
    53
    53
    61
    61
    54
    66
    82
    98
   118
   140
   152
   169
   184
   187
   191
   195
   199
   201
   201
   201
   200
   202
   202
   201
   202
   202
   199
   175
   149
   131
   124
   162
   182
   176
   178
   179
   184
   180
   185
   183
   182
   152
    80
    55
   107
   109
   131
   139
   178
   195
   204
   206
   206
   206
   206
   205
   204
   204
   202
   200
   198
   196
   194
   187
   179
   178
   186
   192
   194
   197
   198
   189
   170
   163
   193
   199
   200
   201
   203
   200
   200
   198
   196
   196
   195
   198
   200
   200
   200
   199
   199
   196
   190
   179
   163
   133
   116
   112
   118
   117
   121
   125
   120
   119
    51
    44
    52
    54
    50
    44
    43
    39
    49
    55
    61
    60
    64
    68
    87
   107
   125
   145
   164
   177
   186
   192
   194
   197
   199
   201
   200
   201
   201
   201
   202
   202
   201
   201
   198
   180
   158
   128
   114
   140
   175
   181
   176
   181
   181
   181
   185
   185
   182
   147
    74
    47
    99
   112
   124
   134
   170
   191
   202
   204
   205
   205
   205
   202
   204
   201
   201
   199
   198
   195
   191
   188
   185
   187
   190
   194
   199
   199
   198
   182
   136
   116
   174
   206
   201
   200
   201
   201
   199
   197
   195
   195
   196
   197
   198
   199
   199
   200
   198
   197
   193
   187
   175
   155
   127
   115
   115
   119
   119
   121
   125
   122
    69
    59
    43
    46
    50
    46
    43
    43
    40
    52
    55
    63
    69
    79
    96
   115
   131
   149
   167
   183
   190
   195
   200
   200
   200
   200
   202
   202
   201
   202
   201
   202
   202
   203
   201
   187
   163
   128
   107
   128
   166
   178
   176
   181
   182
   180
   186
   184
   179
   143
    67
    41
    81
   115
   118
   128
   164
   192
   200
   205
   205
   205
   204
   201
   191
   193
   197
   200
   197
   194
   190
   184
   185
   189
   192
   198
   201
   202
   197
   177
   118
    74
   121
   175
   197
   201
   200
   202
   200
   198
   197
   194
   193
   197
   196
   201
   200
   200
   201
   199
   196
   189
   175
   155
   142
   117
   114
   117
   119
   120
   121
   125
    59
    63
    55
    43
    44
    45
    44
    44
    40
    49
    57
    61
    68
    78
   103
   125
   147
   162
   177
   190
   194
   197
   197
   198
   201
   202
   202
   202
   201
   201
   200
   202
   203
   203
   202
   186
   153
   121
   107
   111
   159
   177
   175
   180
   182
   178
   181
   182
   176
   149
    78
    48
    83
   130
   123
   126
   160
   187
   202
   205
   206
   204
   201
   197
   187
   188
   195
   193
   192
   191
   187
   187
   190
   194
   195
   201
   202
   202
   202
   180
   125
    55
    56
   131
   167
   183
   195
   195
   194
   188
   194
   197
   193
   195
   198
   200
   199
   201
   200
   199
   195
   189
   178
   152
   142
   130
   116
   116
   117
   118
   117
   117
    61
    60
    58
    54
    47
    45
    44
    37
    46
    49
    55
    66
    71
    81
   109
   137
   159
   173
   185
   190
   195
   197
   192
   194
   198
   203
   204
   202
   202
   200
   202
   203
   203
   202
   201
   191
   153
   121
   110
   108
   144
   175
   176
   180
   181
   174
   174
   176
   171
   149
    80
    49
    85
   111
   115
   125
   161
   187
   199
   204
   205
   204
   202
   200
   195
   195
   196
   193
   192
   188
   187
   189
   191
   193
   201
   202
   202
   203
   199
   179
   131
    86
    75
   113
   160
   173
   182
   185
   184
   184
   185
   189
   193
   192
   194
   198
   201
   202
   202
   201
   196
   189
   179
   159
   139
   131
   116
   115
   119
   119
   118
   119
    71
    57
    56
    52
    49
    41
    38
    41
    36
    46
    56
    69
    76
    91
   117
   149
   168
   176
   186
   195
   197
   199
   200
   198
   203
   202
   201
   202
   204
   203
   203
   203
   203
   202
   203
   195
   154
   123
   115
   106
   134
   167
   171
   178
   177
   175
   173
   176
   165
   142
    75
    41
    94
   129
   119
   133
   162
   185
   199
   203
   205
   204
   202
   200
   199
   198
   196
   194
   188
   187
   190
   191
   195
   200
   198
   202
   202
   202
   199
   173
   131
    97
    85
    91
   148
   169
   171
   177
   175
   175
   185
   189
   191
   193
   194
   196
   199
   202
   203
   202
   199
   190
   178
   166
   144
   128
   115
   116
   117
   119
   121
   113
    62
    57
    51
    48
    47
    42
    37
    46
    40
    46
    53
    65
    82
    99
   130
   158
   175
   181
   192
   196
   200
   200
   202
   202
   202
   204
   201
   203
   203
   203
   202
   202
   202
   204
   203
   197
   163
   127
   117
   108
   125
   163
   170
   176
   178
   172
   169
   170
   158
   140
    90
    87
   109
   116
   125
   143
   168
   187
   199
   205
   206
   203
   202
   201
   199
   198
   195
   193
   190
   191
   193
   194
   198
   199
   202
   202
   203
   202
   200
   170
   131
   116
   131
   123
   126
   167
   180
   178
   176
   170
   170
   179
   185
   189
   192
   195
   199
   201
   202
   203
   200
   191
   182
   168
   147
   132
   116
   111
   116
   117
   118
   118
    63
    54
    50
    51
    48
    46
    43
    38
    45
    42
    53
    65
    87
   111
   136
   159
   179
   182
   191
   196
   199
   202
   202
   204
   203
   204
   203
   202
   203
   204
   204
   204
   204
   204
   205
   201
   162
   126
   126
   114
   120
   151
   168
   170
   171
   169
   162
   163
   154
   141
   104
   106
   117
   122
   121
   147
   170
   190
   200
   204
   203
   203
   202
   201
   201
   197
   193
   191
   192
   190
   195
   197
   199
   201
   200
   201
   202
   203
   198
   163
   130
   127
   169
   186
   168
   163
   178
   179
   171
   168
   166
   171
   179
   186
   192
   193
   198
   202
   204
   202
   200
   195
   184
   169
   149
   129
   117
   110
   109
   114
   119
   116
    48
    56
    55
    53
    54
    51
    46
    42
    47
    48
    48
    63
    87
   118
   143
   158
   182
   191
   194
   194
   191
   200
   203
   202
   206
   203
   205
   203
   204
   203
   204
   204
   205
   205
   205
   202
   173
   131
   123
   118
   128
   142
   158
   162
   169
   167
   158
   150
   147
   139
   111
    87
   122
   138
   135
   155
   174
   193
   203
   202
   205
   202
   200
   201
   196
   193
   188
   185
   180
   185
   189
   195
   200
   203
   202
   201
   202
   203
   200
   162
   128
   111
   140
   165
   141
   140
   173
   183
   167
   160
   157
   160
   169
   181
   184
   191
   195
   201
   203
   203
   201
   197
   190
   176
   155
   133
   114
   108
   107
   112
   113
   115
    58
    54
    57
    56
    57
    48
    46
    48
    48
    50
    51
    64
    92
   121
   155
   162
   184
   192
   196
   199
   199
   201
   204
   202
   203
   203
   204
   205
   203
   204
   205
   205
   206
   206
   205
   203
   185
   142
   118
   114
   123
   144
   160
   162
   165
   163
   158
   147
   137
   135
   116
    82
   125
   143
   147
   162
   185
   200
   202
   202
   202
   201
   201
   199
   197
   190
   181
   174
   167
   174
   186
   191
   198
   200
   202
   202
   202
   202
   194
   158
   131
   115
   143
   183
   178
   148
   168
   185
   180
   158
   152
   149
   159
   171
   180
   189
   197
   201
   202
   202
   200
   196
   190
   178
   156
   136
   116
   108
   107
   106
   109
   111
    72
    68
    62
    61
    57
    45
    40
    43
    45
    60
    60
    66
    91
   119
   155
   172
   186
   196
   196
   201
   202
   203
   202
   204
   203
   205
   203
   204
   203
   203
   205
   205
   205
   205
   206
   201
   192
   160
   127
   114
   116
   134
   151
   159
   161
   161
   152
   147
   138
   135
   122
    93
   135
   148
   153
   174
   194
   201
   201
   202
   203
   203
   201
   197
   193
   191
   192
   196
   194
   187
   185
   190
   197
   201
   202
   204
   201
   202
   193
   159
   132
   124
   170
   199
   202
   171
   156
   181
   182
   166
   150
   147
   151
   164
   178
   184
   195
   199
   203
   203
   199
   197
   190
   178
   156
   139
   121
   107
   104
   107
   109
   111
    74
    54
    57
    59
    55
    56
    40
    42
    49
    54
    58
    71
    91
   120
   150
   174
   182
   193
   197
   199
   202
   204
   206
   203
   207
   203
   207
   204
   206
   205
   204
   205
   206
   204
   205
   204
   192
   158
   139
   117
   118
   126
   150
   160
   159
   157
   152
   147
   134
   132
   134
   109
   161
   161
   164
   183
   198
   202
   200
   201
   201
   201
   200
   197
   196
   199
   203
   202
   196
   186
   178
   188
   194
   200
   203
   201
   204
   202
   192
   160
   137
   117
   151
   189
   188
   152
   134
   165
   176
   167
   151
   140
   139
   157
   170
   181
   193
   200
   201
   201
   200
   195
   190
   174
   164
   140
   116
   106
   103
   103
   106
   106
    86
    72
    41
    48
    55
    44
    52
    41
    45
    54
    61
    70
    96
   122
   154
   178
   188
   193
   196
   199
   201
   204
   205
   206
   206
   203
   204
   204
   204
   205
   205
   206
   206
   207
   204
   205
   200
   176
   137
   119
   116
   128
   147
   153
   155
   157
   151
   146
   140
   133
   139
   121
   164
   167
   174
   189
   196
   200
   200
   200
   200
   198
   197
   196
   196
   200
   201
   201
   196
   177
   153
   167
   183
   194
   200
   201
   200
   201
   188
   161
   142
   117
   125
   179
   197
   194
   155
   160
   173
   171
   154
   142
   137
   145
   167
   175
   192
   199
   202
   202
   199
   195
   186
   177
   163
   139
   119
   104
   102
    99
   101
   106
    78
    66
    58
    43
    40
    48
    43
    48
    41
    55
    62
    69
    98
   130
   156
   176
   186
   195
   198
   200
   202
   203
   206
   206
   203
   205
   205
   206
   205
   205
   205
   207
   205
   205
   205
   203
   198
   184
   153
   128
   117
   128
   144
   152
   152
   154
   152
   148
   142
   136
   145
   149
   161
   168
   181
   192
   195
   197
   200
   198
   198
   199
   198
   195
   197
   196
   195
   194
   193
   170
   113
   136
   166
   184
   196
   197
   197
   202
   194
   161
   139
   125
   159
   200
   205
   203
   184
   159
   173
   176
   160
   142
   135
   144
   164
   175
   188
   199
   202
   203
   200
   192
   182
   170
   162
   141
   121
   103
   100
    95
    99
   102
    70
    59
    50
    43
    35
    36
    44
    43
    50
    48
    66
    73
    96
   134
   151
   180
   188
   192
   198
   199
   201
   204
   205
   207
   205
   207
   206
   205
   206
   206
   206
   204
   206
   207
   204
   204
   201
   189
   171
   158
   143
   133
   139
   152
   152
   147
   144
   145
   146
   148
   162
   176
   171
   174
   186
   192
   194
   197
   199
   200
   199
   197
   198
   198
   199
   201
   198
   186
   175
   142
    82
   124
   158
   175
   190
   196
   199
   200
   194
   166
   140
   125
   152
   198
   205
   203
   181
   156
   176
   178
   166
   148
   132
   137
   156
   167
   184
   198
   200
   201
   198
   194
   185
   174
   163
   144
   124
   108
    99
    94
    97
   100
    66
    61
    50
    45
    39
    34
    40
    50
    51
    54
    66
    85
    97
   123
   156
   178
   189
   194
   195
   198
   201
   203
   206
   205
   208
   204
   206
   204
   205
   204
   206
   206
   207
   205
   206
   203
   199
   195
   182
   165
   152
   150
   145
   152
   153
   147
   136
   136
   142
   145
   155
   171
   174
   182
   188
   193
   195
   198
   197
   200
   200
   200
   198
   201
   204
   207
   207
   196
   177
   155
    90
   124
   151
   162
   179
   190
   194
   201
   195
   169
   143
   124
   150
   203
   205
   205
   189
   148
   168
   178
   162
   153
   136
   138
   155
   172
   181
   194
   200
   201
   198
   193
   189
   177
   167
   144
   124
   106
    99
    93
    95
    98
    65
    65
    48
    35
    34
    35
    40
    43
    46
    55
    65
    79
   105
   132
   159
   179
   185
   189
   195
   198
   200
   202
   203
   206
   204
   208
   206
   204
   204
   205
   206
   206
   206
   207
   204
   203
   203
   196
   183
   173
   165
   159
   159
   160
   159
   158
   149
   128
   126
   130
   141
   159
   177
   185
   190
   193
   194
   196
   199
   197
   198
   199
   205
   205
   207
   206
   205
   204
   186
   187
   179
   147
   146
   149
   160
   174
   186
   195
   197
   182
   146
   122
   122
   175
   194
   189
   166
   139
   159
   169
   155
   147
   133
   135
   157
   167
   178
   191
   199
   201
   199
   193
   187
   178
   164
   153
   130
   110
    99
    95
    94
    95
    61
    58
    49
    36
    35
    37
    34
    39
    45
    43
    67
    80
   109
   132
   157
   182
   186
   192
   195
   199
   201
   202
   203
   204
   205
   204
   206
   204
   204
   204
   204
   206
   205
   203
   203
   204
   203
   198
   191
   180
   171
   164
   166
   165
   168
   174
   175
   172
   155
   152
   162
   176
   185
   191
   195
   194
   198
   199
   201
   201
   202
   204
   203
   206
   206
   206
   205
   203
   198
   190
   188
   172
   159
   143
   141
   160
   178
   190
   195
   193
   157
   126
   114
   147
   182
   185
   167
   131
   161
   170
   159
   146
   128
   130
   151
   167
   174
   186
   196
   201
   201
   197
   190
   181
   169
   149
   131
   110
    97
    89
    91
    96
    60
    60
    46
    40
    32
    29
    41
    41
    46
    49
    59
    83
   106
   135
   154
   176
   189
   193
   196
   196
   200
   202
   204
   202
   205
   204
   204
   204
   204
   205
   204
   205
   206
   204
   204
   204
   203
   201
   195
   189
   179
   173
   171
   174
   182
   188
   197
   198
   198
   195
   199
   197
   199
   201
   200
   202
   203
   204
   206
   202
   206
   205
   207
   206
   208
   206
   204
   203
   197
   191
   181
   162
   147
   139
   131
   150
   175
   185
   194
   190
   160
   128
   123
   177
   199
   199
   191
   144
   163
   181
   169
   148
   130
   132
   150
   164
   173
   181
   192
   197
   201
   199
   192
   185
   172
   150
   128
   112
    99
    91
    92
    99
    68
    64
    47
    37
    32
    30
    29
    37
    49
    56
    57
    71
   107
   131
   156
   179
   187
   194
   197
   197
   198
   202
   203
   204
   201
   203
   202
   203
   203
   204
   203
   205
   205
   205
   204
   205
   203
   201
   194
   189
   182
   178
   183
   188
   190
   193
   199
   205
   205
   206
   205
   203
   204
   203
   204
   206
   206
   206
   206
   207
   206
   208
   205
   207
   206
   206
   205
   203
   200
   189
   173
   152
   138
   127
   131
   151
   169
   179
   186
   184
   152
   126
   126
   182
   201
   200
   185
   140
   159
   173
   169
   142
   128
   134
   151
   164
   176
   185
   191
   198
   200
   198
   192
   182
   166
   149
   130
   111
    99
    90
    91
    99
    63
    69
    49
    39
    29
    29
    32
    44
    58
    63
    74
    75
    98
   123
   149
   172
   185
   189
   195
   196
   200
   199
   200
   202
   203
   203
   203
   203
   204
   204
   205
   204
   204
   203
   204
   204
   204
   201
   198
   197
   193
   191
   191
   194
   194
   197
   200
   203
   205
   206
   207
   207
   205
   204
   207
   207
   208
   208
   207
   208
   205
   206
   205
   205
   205
   206
   206
   204
   201
   190
   171
   152
   138
   127
   135
   155
   171
   181
   188
   178
   145
   128
   127
   179
   206
   204
   192
   142
   161
   166
   159
   137
   128
   136
   152
   165
   173
   183
   189
   195
   197
   196
   191
   180
   166
   148
   134
   111
    95
    88
    93
   100
    65
    64
    59
    39
    30
    25
    30
    34
    49
    63
    67
    80
    98
   117
   132
   167
   188
   191
   193
   198
   198
   201
   200
   200
   200
   200
   203
   202
   203
   203
   203
   203
   202
   203
   203
   204
   205
   205
   202
   198
   197
   195
   195
   195
   199
   200
   201
   203
   205
   205
   206
   205
   206
   204
   204
   205
   207
   205
   207
   205
   205
   202
   203
   203
   206
   206
   207
   206
   202
   190
   176
   152
   136
   132
   143
   168
   177
   182
   188
   176
   144
   126
   118
   139
   180
   186
   161
   134
   149
   159
   153
   137
   127
   141
   154
   162
   177
   182
   188
   193
   196
   196
   191
   179
   165
   151
   131
   108
    94
    89
    96
   109
    59
    61
    61
    43
    32
    30
    26
    40
    46
    54
    71
    72
    87
   116
   132
   157
   177
   189
   189
   195
   198
   197
   197
   199
   199
   203
   201
   201
   203
   203
   204
   206
   202
   203
   202
   203
   204
   204
   202
   200
   197
   195
   194
   196
   199
   201
   202
   202
   206
   204
   205
   203
   204
   204
   204
   204
   202
   206
   203
   204
   203
   201
   200
   202
   203
   205
   203
   202
   195
   177
   164
   135
   126
   136
   145
   165
   177
   179
   182
   174
   143
   130
   115
   123
   174
   189
   160
   123
   148
   153
   140
   127
   127
   144
   152
   163
   173
   181
   185
   193
   194
   192
   184
   172
   162
   144
   129
   110
    93
    91
    98
   107
    59
    66
    68
    51
    36
    30
    30
    45
    58
    67
    73
    74
    83
   100
   124
   142
   164
   174
   187
   187
   193
   194
   199
   200
   200
   199
   202
   202
   202
   203
   204
   204
   206
   203
   203
   202
   204
   205
   204
   203
   201
   198
   192
   192
   198
   201
   201
   202
   203
   204
   202
   200
   201
   196
   201
   201
   200
   197
   195
   197
   194
   197
   198
   201
   200
   200
   200
   198
   179
   152
   127
    95
   128
   135
   144
   166
   177
   182
   178
   175
   148
   132
   120
   139
   190
   198
   176
   135
   144
   143
   132
   130
   134
   148
   153
   161
   168
   173
   183
   190
   192
   187
   182
   173
   161
   145
   129
   106
    92
    89
   103
   117
    54
    68
    70
    53
    36
    32
    32
    47
    61
    75
    76
    74
    82
    91
   106
   133
   159
   176
   179
   185
   188
   191
   190
   193
   197
   199
   200
   201
   201
   203
   202
   202
   203
   203
   203
   204
   203
   207
   204
   203
   200
   193
   192
   190
   192
   193
   193
   192
   194
   194
   190
   187
   183
   183
   178
   174
   173
   176
   174
   176
   182
   179
   185
   188
   193
   193
   192
   182
   161
   146
   112
    50
    89
   127
   148
   173
   181
   182
   183
   180
   156
   130
   112
   112
   150
   166
   125
   124
   141
   141
   130
   128
   138
   152
   151
   160
   171
   178
   185
   191
   192
   189
   179
   171
   161
   142
   120
   101
    87
    96
   111
   121
    55
    74
    75
    62
    43
    31
    31
    37
    56
    74
    75
    73
    74
    74
    88
   115
   138
   165
   179
   186
   189
   195
   196
   195
   193
   196
   200
   201
   201
   202
   203
   202
   204
   203
   202
   203
   204
   206
   207
   202
   199
   192
   184
   186
   187
   184
   184
   184
   177
   171
   169
   168
   164
   161
   162
   162
   163
   166
   167
   166
   163
   169
   170
   177
   182
   178
   176
   165
   151
   153
   148
   118
   102
   112
   151
   172
   180
   181
   183
   182
   157
   125
   112
   105
   139
   169
   127
   116
   133
   135
   129
   135
   145
   154
   158
   165
   172
   178
   181
   187
   190
   189
   181
   169
   155
   138
   114
    96
    85
    98
   115
   123
    58
    70
    68
    67
    50
    30
    29
    34
    55
    56
    77
    79
    76
    71
    72
    89
   115
   147
   171
   182
   189
   191
   194
   195
   195
   194
   191
   200
   201
   202
   202
   203
   202
   203
   203
   203
   203
   206
   205
   203
   196
   192
   182
   179
   178
   173
   167
   164
   161
   158
   157
   157
   160
   160
   160
   161
   161
   162
   164
   164
   165
   161
   164
   164
   166
   167
   163
   159
   156
   162
   159
   146
   132
   130
   154
   173
   179
   179
   179
   183
   166
   134
   113
   105
   135
   159
   133
   117
   126
   127
   128
   136
   146
   153
   154
   164
   169
   173
   179
   185
   183
   181
   175
   163
   148
   129
   107
    91
    94
   109
   121
   128
    58
    67
    64
    64
    57
    34
    30
    35
    49
    58
    58
    83
    84
    75
    66
    70
    88
   126
   158
   177
   187
   193
   192
   193
   194
   196
   196
   192
   199
   201
   202
   201
   202
   202
   203
   204
   205
   206
   205
   202
   197
   191
   179
   172
   162
   161
   158
   154
   151
   143
   131
   135
   144
   157
   165
   167
   168
   167
   167
   168
   165
   166
   161
   159
   160
   164
   168
   167
   170
   169
   163
   147
   140
   152
   166
   171
   175
   174
   174
   180
   173
   142
   114
    99
   107
   116
    91
   112
   118
   123
   133
   142
   155
   155
   159
   164
   167
   175
   178
   181
   182
   176
   169
   155
   138
   115
   101
    88
    98
   116
   131
   132
    57
    63
    56
    66
    61
    35
    29
    33
    43
    63
    55
    69
    88
    84
    60
    59
    76
   102
   136
   166
   181
   185
   190
   192
   193
   195
   196
   193
   194
   197
   198
   200
   202
   201
   203
   204
   204
   203
   204
   198
   193
   182
   164
   150
   151
   154
   150
   146
   139
   132
   131
   141
   144
   148
   161
   170
   173
   174
   173
   170
   171
   168
   168
   161
   151
   154
   168
   177
   173
   169
   159
   152
   162
   173
   174
   176
   172
   169
   172
   176
   173
   155
   124
   100
    90
   102
    97
   119
   123
   129
   141
   150
   155
   160
   166
   166
   171
   174
   180
   178
   176
   170
   163
   147
   125
   108
    95
    92
   106
   124
   130
   133
    61
    68
    59
    57
    57
    39
    34
    36
    47
    47
    61
    55
    77
    89
    79
    56
    54
    78
   105
   143
   166
   180
   188
   192
   190
   192
   194
   196
   195
   195
   198
   201
   201
   202
   203
   203
   204
   204
   202
   199
   189
   178
   157
   145
   150
   150
   143
   136
   135
   137
   143
   160
   170
   158
   155
   160
   173
   179
   176
   176
   173
   177
   175
   172
   169
   157
   152
   159
   164
   162
   164
   170
   176
   174
   176
   177
   176
   177
   175
   177
   174
   159
   127
   101
    75
    51
    81
   116
   125
   143
   153
   162
   167
   170
   169
   166
   168
   174
   173
   175
   171
   163
   150
   132
   117
    96
    89
    96
   111
   127
   133
   135
    61
    61
    59
    60
    55
    39
    39
    37
    38
    41
    51
    59
    55
    78
    80
    69
    61
    69
    84
   112
   149
   172
   182
   187
   190
   192
   194
   197
   196
   198
   197
   200
   201
   201
   202
   202
   203
   203
   202
   198
   188
   174
   160
   142
   141
   144
   140
   137
   136
   136
   135
   147
   144
   156
   156
   156
   167
   183
   187
   187
   187
   185
   186
   186
   184
   182
   175
   170
   164
   169
   171
   178
   178
   176
   181
   181
   176
   176
   177
   177
   169
   162
   138
   103
    64
    42
   102
   129
   149
   160
   166
   171
   171
   172
   169
   169
   170
   171
   172
   171
   167
   157
   138
   119
   104
    93
    91
   103
   119
   130
   136
   134
    64
    59
    52
    63
    55
    43
    37
    37
    43
    36
    43
    57
    56
    58
    74
    70
    60
    65
    78
    91
   120
   152
   174
   181
   181
   188
   194
   196
   194
   198
   198
   198
   200
   202
   201
   202
   203
   201
   202
   194
   186
   174
   155
   143
   145
   142
   140
   142
   141
   135
   125
   132
   111
   137
   161
   150
   166
   180
   191
   194
   195
   193
   194
   192
   193
   191
   189
   186
   182
   178
   177
   178
   178
   176
   177
   176
   174
   172
   176
   173
   168
   163
   152
   114
    57
    59
   122
   157
   166
   174
   177
   176
   172
   169
   166
   169
   169
   169
   168
   165
   158
   143
   126
   111
    97
    90
    95
   111
   126
   134
   137
   135
    56
    66
    63
    62
    55
    43
    41
    43
    49
    34
    45
    43
    55
    50
    63
    71
    65
    66
    71
    78
    92
   121
   150
   177
   185
   187
   190
   190
   192
   193
   197
   199
   196
   200
   200
   201
   202
   204
   200
   197
   181
   152
   128
   128
   141
   141
   142
   144
   140
   132
   125
   131
   101
   101
   142
   143
   154
   172
   181
   194
   197
   194
   193
   197
   195
   194
   194
   191
   186
   180
   177
   174
   174
   176
   176
   179
   179
   175
   175
   176
   172
   165
   154
   135
    89
    81
   149
   171
   175
   179
   176
   172
   160
   156
   164
   166
   166
   164
   163
   158
   144
   131
   118
    99
    94
    91
   106
   120
   126
   135
   135
   140
    47
    60
    58
    64
    57
    40
    36
    41
    48
    47
    38
    43
    49
    51
    47
    72
    70
    54
    66
    76
    90
    99
   125
   152
   178
   188
   192
   189
   190
   191
   192
   196
   200
   196
   200
   199
   201
   200
   201
   195
   180
   139
   113
   115
   135
   142
   144
   148
   148
   135
   125
   130
   100
    87
   117
   142
   135
   159
   173
   190
   199
   199
   196
   197
   200
   198
   197
   195
   192
   184
   178
   173
   174
   175
   177
   180
   180
   178
   175
   174
   169
   166
   162
   145
   131
   131
   159
   168
   174
   176
   174
   167
   155
   157
   164
   165
   162
   158
   157
   149
   135
   122
   110
    99
    95
   100
   115
   126
   138
   136
   141
   143
    53
    60
    57
    61
    54
    42
    38
    39
    39
    48
    41
    37
    45
    49
    46
    53
    65
    61
    51
    62
    76
    92
   102
   128
   153
   171
   187
   189
   184
   189
   191
   192
   196
   198
   197
   199
   199
   199
   199
   197
   171
   122
   101
   101
   137
   143
   143
   149
   149
   136
   134
   132
   111
    91
   106
   126
   139
   130
   167
   182
   195
   201
   199
   198
   199
   199
   200
   200
   196
   190
   188
   179
   171
   172
   175
   177
   178
   177
   175
   176
   174
   174
   174
   172
   161
   156
   167
   172
   171
   172
   172
   171
   162
   162
   163
   158
   152
   155
   147
   139
   128
   117
   107
    99
    93
   112
   125
   133
   137
   137
   142
   139
    74
    51
    58
    57
    52
    41
    37
    44
    43
    51
    45
    42
    40
    52
    58
    48
    61
    63
    59
    53
    67
    80
    89
   100
   130
   158
   168
   178
   186
   185
   189
   192
   192
   194
   196
   194
   195
   196
   200
   196
   167
   108
    91
   104
   139
   147
   149
   153
   151
   137
   139
   139
   114
    73
    99
   117
   122
   129
   145
   179
   189
   196
   200
   201
   202
   202
   201
   200
   198
   193
   189
   186
   176
   173
   167
   176
   178
   178
   177
   173
   173
   171
   169
   173
   176
   172
   168
   171
   174
   174
   172
   170
   166
   165
   160
   155
   152
   145
   136
   132
   126
   115
    99
    92
   108
   122
   129
   138
   140
   145
   143
   142
    95
    45
    53
    50
    49
    38
    31
    42
    35
    50
    49
    45
    36
    42
    56
    57
    52
    72
    60
    61
    53
    67
    79
    88
   105
   127
   155
   169
   181
   185
   190
   193
   193
   194
   194
   193
   195
   196
   196
   189
   158
   109
    97
   107
   141
   154
   154
   153
   156
   145
   146
   146
   123
    53
    62
   123
   125
   134
   131
   171
   188
   196
   200
   200
   202
   203
   203
   202
   198
   196
   193
   190
   185
   181
   170
   169
   175
   176
   175
   177
   178
   177
   179
   178
   178
   175
   172
   178
   180
   178
   171
   169
   166
   161
   155
   149
   146
   142
   139
   132
   121
   105
    98
   104
   118
   127
   137
   137
   140
   146
   145
   145
   106
    68
    45
    44
    42
    40
    34
    40
    38
    43
    49
    46
    45
    39
    45
    55
    57
    61
    59
    56
    64
    57
    62
    72
    82
   100
   121
   146
   158
   172
   182
   192
   193
   193
   193
   193
   191
   194
   193
   188
   149
   105
    89
   108
   139
   153
   159
   158
   157
   157
   160
   156
   129
    57
    47
   105
   121
   131
   130
   157
   183
   193
   199
   202
   202
   202
   201
   200
   199
   197
   198
   195
   192
   188
   182
   178
   173
   176
   174
   168
   167
   173
   176
   178
   179
   173
   177
   182
   182
   176
   171
   165
   159
   153
   146
   143
   141
   139
   133
   128
   112
   100
   100
   115
   126
   135
   136
   141
   144
   143
   143
   142
   108
    89
    47
    44
    33
    39
    28
    37
    44
    39
    55
    46
    46
    49
    47
    51
    55
    61
    64
    53
    55
    62
    60
    60
    67
    78
    92
   115
   141
   154
   170
   181
   190
   192
   193
   191
   190
   191
   192
   183
   141
   109
    96
   110
   142
   156
   156
   162
   160
   156
   169
   159
   137
    73
    49
    96
   121
   120
   130
   145
   179
   190
   198
   201
   203
   203
   203
   202
   200
   198
   196
   195
   192
   188
   184
   180
   173
   177
   176
   180
   176
   168
   172
   171
   174
   177
   177
   179
   177
   173
   168
   162
   154
   143
   139
   141
   143
   139
   131
   118
   101
    99
   115
   125
   133
   136
   138
   141
   143
   144
   142
   143
   109
   100
    53
    43
    38
    36
    34
    34
    45
    41
    50
    56
    45
    47
    45
    46
    50
    54
    64
    56
    52
    58
    56
    66
    65
    52
    65
    82
   106
   132
   144
   166
   180
   187
   190
   195
   191
   189
   190
   180
   129
   104
    94
   103
   145
   163
   163
   168
   165
   163
   174
   171
   149
    84
    47
    75
   109
   117
   133
   138
   175
   190
   197
   200
   201
   202
   203
   203
   200
   200
   200
   196
   195
   190
   185
   178
   179
   177
   175
   176
   172
   154
   165
   170
   169
   176
   174
   173
   172
   169
   160
   152
   146
   143
   141
   141
   140
   133
   122
   103
    96
   112
   123
   132
   138
   136
   141
   144
   143
   145
   145
   142
    93
   106
    65
    44
    37
    37
    33
    32
    38
    45
    44
    52
    50
    43
    45
    45
    45
    57
    60
    62
    52
    51
    55
    57
    70
    76
    55
    52
    74
   106
   129
   143
   160
   178
   184
   186
   192
   189
   187
   173
   128
   100
    85
    99
   151
   165
   164
   169
   172
   166
   174
   171
   160
    98
    47
    62
   108
   113
   134
   137
   171
   185
   197
   201
   201
   203
   201
   202
   200
   201
   199
   196
   193
   192
   191
   186
   181
   179
   176
   172
   166
   161
   165
   164
   168
   170
   171
   171
   173
   163
   155
   148
   145
   143
   142
   141
   134
   125
   106
   102
   114
   126
   133
   138
   139
   136
   137
   141
   144
   142
   138
   139
    86
   103
    86
    53
    42
    38
    34
    27
    40
    44
    46
    53
    52
    47
    41
    42
    41
    49
    54
    60
    50
    50
    51
    54
    57
    71
    86
    61
    53
    74
   113
   126
   143
   158
   177
   184
   187
   187
   188
   176
   125
   100
    85
   100
   156
   166
   163
   167
   171
   162
   172
   168
   156
   108
    51
    60
    94
   121
   137
   136
   170
   184
   195
   201
   204
   202
   201
   200
   201
   198
   195
   194
   190
   187
   187
   185
   182
   178
   170
   166
   166
   163
   164
   169
   167
   169
   171
   167
   161
   154
   148
   142
   141
   142
   141
   136
   127
   109
   101
   111
   125
   130
   134
   136
   136
   141
   141
   137
   136
   136
   135
   136
    92
    84
    99
    58
    51
    39
    33
    30
    34
    36
    42
    53
    48
    54
    49
    47
    39
    40
    60
    64
    57
    52
    53
    52
    56
    58
    68
    90
    72
    48
    70
   124
   130
   142
   155
   172
   183
   187
   186
   177
   131
   109
    86
   105
   156
   164
   162
   165
   167
   158
   164
   166
   154
   127
    76
    83
    84
   107
   136
   140
   167
   181
   194
   199
   201
   202
   200
   200
   200
   199
   195
   193
   192
   188
   185
   180
   176
   178
   170
   167
   165
   165
   166
   168
   167
   167
   166
   163
   154
   149
   144
   142
   141
   141
   138
   123
   107
    98
   110
   126
   131
   134
   137
   131
   137
   138
   138
   138
   134
   133
   134
   139
    98
    93
    98
    70
    57
    47
    34
    36
    35
    45
    51
    54
    57
    50
    50
    49
    48
    42
    50
    64
    61
    52
    47
    47
    50
    63
    62
    63
    83
    78
    53
    81
   127
   127
   137
   157
   170
   177
   183
   171
   136
   107
    97
   106
   152
   160
   160
   160
   161
   151
   154
   153
   143
   121
    74
    62
    76
   113
   137
   143
   169
   185
   195
   200
   200
   200
   201
   201
   198
   198
   193
   191
   189
   189
   184
   179
   180
   178
   174
   169
   166
   162
   165
   163
   160
   161
   160
   153
   148
   147
   144
   141
   140
   134
   122
   107
    97
   109
   125
   135
   137
   136
   133
   137
   137
   136
   135
   133
   133
   131
   133
   130
    96
    92
    89
    82
    55
    45
    33
    29
    30
    39
    41
    43
    51
    50
    50
    45
    52
    54
    43
    60
    64
    54
    45
    49
    50
    52
    61
    61
    72
    85
    82
    55
    83
   130
   133
   138
   154
   163
   171
   162
   125
   109
   108
   103
   147
   163
   161
   158
   153
   147
   140
   142
   132
   115
    80
    51
    60
   106
   132
   148
   173
   186
   193
   199
   199
   198
   199
   198
   199
   194
   191
   190
   186
   182
   184
   178
   176
   171
   165
   165
   164
   162
   160
   157
   155
   151
   150
   148
   150
   143
   137
   135
   132
   123
   102
    96
   110
   125
   131
   134
   134
   134
   133
   134
   137
   133
   132
   131
   128
   129
   129
   124
   110
    92
    92
    77
    61
    55
    39
    35
    31
    38
    38
    53
    43
    46
    47
    48
    31
    49
    47
    50
    63
    56
    51
    45
    53
    49
    57
    60
    65
    71
    78
    85
    64
    83
   125
   140
   140
   149
   162
   164
   129
    98
   119
   109
   143
   160
   156
   152
   150
   142
   132
   126
   125
   112
    84
    50
    59
   100
   131
   149
   172
   184
   195
   196
   199
   196
   196
   196
   191
   191
   191
   188
   186
   184
   182
   177
   172
   169
   166
   164
   158
   156
   155
   153
   151
   149
   144
   144
   142
   139
   138
   132
   117
    98
    98
   114
   129
   131
   132
   129
   128
   129
   132
   133
   128
   128
   125
   122
   128
   127
   122
   124
   110
   103
    92
    92
    77
    53
    40
    36
    30
    36
    41
    49
    47
    46
    47
    53
    46
    44
    53
    46
    62
    60
    51
    50
    46
    57
    50
    62
    56
    70
    73
    75
    83
    68
    91
   121
   138
   142
   148
   156
   129
    93
   101
   111
   144
   154
   153
   148
   147
   140
   126
   120
   116
   108
    86
    52
    63
   105
   134
   154
   177
   187
   192
   195
   196
   198
   196
   194
   191
   189
   186
   185
   186
   184
   179
   171
   165
   156
   156
   154
   153
   148
   150
   149
   149
   144
   148
   139
   137
   134
   125
   115
   100
   100
   118
   128
   127
   127
   122
   127
   126
   129
   131
   129
   131
   127
   125
   126
   127
   121
   120
   115
   113
   108
    87
    81
    91
    62
    48
    38
    33
    35
    38
    47
    47
    41
    50
    53
    47
    30
    52
    58
    55
    63
    52
    48
    49
    43
    49
    50
    57
    57
    69
    64
    78
    82
    73
   102
   121
   135
   147
   149
   128
    95
    94
   113
   136
   154
   147
   147
   144
   139
   130
   111
   107
   105
    81
    52
    65
   107
   139
   159
   176
   186
   191
   192
   194
   194
   195
   189
   189
   188
   184
   183
   181
   177
   174
   169
   158
   151
   145
   147
   146
   146
   148
   145
   147
   144
   137
   137
   129
   125
   117
   107
   108
   121
   128
   127
   127
   127
   127
   128
   130
   127
   123
   115
   106
   101
    98
    97
    94
   101
    98
    98
   113
   110
   107
    91
    83
    81
    49
    36
    36
    28
    40
    43
    48
    38
    45
    49
    60
    46
    49
    55
    61
    64
    57
    48
    45
    38
    45
    49
    55
    54
    56
    64
    62
    80
    82
    76
   111
   127
   133
   145
   140
    95
    87
   100
   122
   151
   146
   144
   140
   136
   133
   127
   116
   112
    95
    98
    92
   121
   141
   162
   176
   185
   187
   190
   190
   193
   189
   189
   186
   181
   181
   179
   177
   173
   167
   160
   153
   149
   146
   146
   144
   144
   141
   142
   138
   138
   131
   130
   125
   106
    76
    54
    49
    48
    44
    41
    39
    44
    43
    37
    28
    29
    26
    26
    27
    30
    32
    34
    29
    20
    19
    31
   115
   113
   110
   106
    98
    83
    62
    41
    38
    36
    36
    42
    47
    39
    37
    51
    53
    50
    43
    50
    60
    59
    53
    47
    48
    47
    39
    42
    53
    59
    57
    60
    58
    54
    89
    84
    79
   103
   128
   136
   142
   116
    70
   111
   118
   137
   144
   143
   143
   133
   128
   123
   120
   117
   107
   115
   121
   136
   153
   166
   178
   184
   186
   187
   185
   184
   188
   185
   184
   178
   176
   173
   168
   162
   160
   151
   149
   143
   143
   142
   140
   133
   135
   133
   135
   133
   127
   122
    93
    47
    14
    10
    11
    10
    10
    12
    12
    12
    12
    13
    18
    25
    26
    27
    35
    44
    45
    47
    51
    44
    39
    42
   109
   112
   110
   108
   106
    96
    90
    50
    41
    35
    32
    42
    53
    40
    33
    50
    52
    54
    43
    44
    54
    54
    54
    42
    36
    43
    41
    37
    42
    55
    52
    49
    61
    45
    41
    79
    87
    82
    97
   122
   129
   130
    81
    86
   122
   135
   134
   140
   135
   127
   126
   131
   126
   120
   116
   119
   129
   143
   156
   171
   178
   180
   182
   185
   187
   184
   181
   178
   179
   175
   174
   168
   166
   161
   149
   147
   141
   137
   133
   133
   130
   132
   134
   134
   131
   120
    96
    50
    14
     7
    17
    15
    19
    18
    15
    14
    17
    17
    24
    34
    38
    44
    51
    63
    62
    56
    62
    62
    54
    50
    46
    46
   113
   111
   111
   112
   109
   101
    94
    90
    46
    42
    38
    43
    50
    58
    33
    38
    57
    53
    47
    44
    51
    58
    54
    48
    40
    41
    45
    45
    37
    49
    64
    54
    50
    64
    35
    42
    81
    92
    82
    93
   115
   123
   114
    64
    99
   129
   129
   137
   139
   131
   133
   130
   129
   128
   131
   134
   140
   154
   161
   166
   175
   177
   179
   182
   185
   182
   181
   180
   175
   174
   169
   161
   155
   153
   149
   142
   137
   132
   127
   126
   125
   128
   125
   112
    86
    48
    15
    10
    20
    23
    21
    23
    20
    21
    21
    21
    20
    24
    27
    39
    51
    50
    43
    56
    64
    69
    69
    76
    82
    82
    79
    62
   112
   110
   109
   109
   110
   105
   101
    94
    70
    48
    41
    41
    47
    59
    41
    29
    48
    51
    56
    50
    50
    53
    52
    45
    44
    38
    45
    42
    41
    28
    52
    57
    52
    62
    58
    41
    48
    90
    96
    82
    88
   118
   115
    81
    51
    98
   121
   129
   141
   137
   134
   137
   136
   137
   144
   151
   156
   160
   168
   173
   173
   174
   172
   176
   179
   181
   177
   173
   172
   167
   163
   156
   150
   142
   139
   132
   124
   121
   119
   118
   118
    96
    66
    37
    10
     9
    19
    21
    21
    21
    22
    24
    22
    23
    19
    18
    19
    16
    20
    34
    44
    56
    64
    51
    63
    67
    71
    72
    80
    86
    86
    84
   111
   111
   110
   111
   110
   108
   107
   105
    89
    53
    47
    44
    52
    50
    51
    35
    37
    54
    52
    52
    49
    46
    53
    46
    35
    37
    35
    47
    49
    46
    29
    62
    59
    44
    67
    43
    37
    46
    83
    82
    71
    78
   115
   120
    80
    39
    67
    95
   116
   122
   128
   130
   131
   138
   142
   148
   158
   162
   164
   168
   171
   169
   171
   172
   168
   169
   171
   167
   162
   156
   153
   148
   137
   128
   116
   111
   101
    89
    80
    72
    34
    13
     7
    10
    21
    20
    19
    20
    23
    25
    24
    18
    19
    20
    23
    24
    21
    24
    19
    26
    42
    52
    64
    68
    65
    67
    66
    69
    74
    71
    76
    77
   111
   111
   112
   111
   108
   109
   110
   108
   111
    85
    44
    41
    44
    59
    46
    41
    35
    54
    51
    49
    51
    52
    51
    49
    41
    36
    34
    38
    49
    47
    35
    32
    66
    57
    49
    55
    42
    42
    56
    82
    78
    74
    77
   107
   111
    92
    53
    43
    57
    85
    99
   119
   125
   133
   138
   143
   151
   160
   160
   164
   164
   165
   166
   166
   166
   163
   163
   158
   152
   140
   134
   120
   113
   105
    97
    79
    76
    84
    66
    16
     6
    14
    13
    18
    17
    20
    21
    18
    20
    22
    20
    20
    18
    18
    15
    16
    19
    19
    19
    19
    38
    45
    52
    68
    69
    74
    75
    77
    75
    78
    82
    87
   114
   112
   111
   113
   109
   111
   111
   109
   106
   105
    74
    46
    39
    45
    61
    44
    31
    47
    56
    53
    53
    48
    47
    46
    42
    39
    37
    34
    42
    44
    45
    37
    46
    77
    53
    62
    45
    36
    40
    64
    78
    69
    75
    77
   103
   106
   108
    95
    80
    73
    86
   104
   117
   123
   130
   138
   141
   147
   148
   152
   152
   160
   158
   158
   152
   148
   138
   133
   119
   109
   103
   100
    92
    87
    85
   104
   128
   141
   113
    48
    15
    18
    18
    19
    20
    16
    16
    22
    22
    17
    16
    17
    19
    15
    18
    19
    22
    19
    20
    19
    25
    50
    53
    56
    63
    70
    70
    74
    83
    78
    83
    84
   111
   113
   113
   113
   110
   106
   110
   108
   104
   106
    94
    60
    49
    45
    44
    52
    41
    36
    49
    54
    51
    53
    47
    47
    39
    42
    41
    34
    39
    44
    52
    40
    27
    59
    61
    55
    56
    44
    40
    44
    63
    68
    58
    72
    79
    98
   107
   111
   114
   107
    98
   101
   102
   111
   117
   124
   128
   133
   131
   131
   133
   129
   129
   124
   122
   116
   112
   104
   103
    98
    91
    81
    87
    97
   110
   124
   135
   129
   121
    85
    28
    17
    18
    18
    16
    19
    20
    21
    16
    18
    19
    16
    16
    20
    18
    18
    23
    21
    17
    20
    20
    42
    53
    60
    66
    61
    65
    74
    77
    85
    80
    88
   113
   108
   111
   113
   112
   112
   111
   106
   111
   106
   105
    86
    65
    50
    39
    36
    43
    41
    39
    58
    54
    51
    46
    41
    41
    31
    43
    44
    43
    31
    40
    51
    34
    32
    67
    51
    58
    47
    44
    44
    54
    67
    56
    51
    60
    70
    82
    94
   104
   111
   110
   108
   108
   107
   110
   116
   121
   127
   123
   124
   121
   121
   115
   113
   114
   112
   110
   107
    97
    85
    91
   101
   103
    97
   100
    98
    97
   103
   101
    73
    24
    16
    16
    15
    18
    18
    24
    18
    20
    18
    17
    17
    18
    12
    16
    17
    20
    24
    21
    17
    16
    19
    48
    62
    66
    70
    67
    78
    76
    75
    85
    88
   109
   111
   113
   110
   112
   112
   112
   113
   110
   108
   102
   104
    72
    65
    60
    36
    38
    57
    47
    43
    58
    56
    57
    54
    39
    31
    30
    40
    45
    40
    27
    43
    44
    30
    46
    62
    57
    47
    37
    43
    48
    51
    71
    49
    40
    52
    49
    54
    65
    74
    86
    97
   105
   111
   116
   115
   119
   121
   121
   123
   127
   123
   121
   120
   112
    98
    77
    66
    71
    79
    70
    61
    60
    63
    63
    62
    63
    59
    64
    51
    30
    26
    23
    25
    26
    31
    26
    32
    32
    34
    31
    33
    30
    34
    30
    29
    27
    23
    25
    28
    26
    27
    32
    41
    56
    54
    62
    74
    81
    73
    84
    86
   110
   111
   110
   111
   111
   111
   111
   109
   112
   110
   106
   104
   102
    62
    67
    54
    38
    39
    52
    46
    53
    58
    56
    47
    47
    32
    25
    27
    40
    44
    28
    32
    49
    45
    33
    60
    57
    52
    40
    39
    38
    40
    46
    65
    55
    45
    43
    37
    44
    49
    49
    54
    63
    67
    74
    86
    91
    93
    95
    94
    92
    86
    84
    71
    56
    42
    29
    20
    26
    22
    20
    21
    29
    42
    49
    50
    44
    48
    40
    36
    37
    31
    32
    28
    29
    27
    26
    27
    26
    21
    24
    22
    23
    24
    30
    25
    28
    29
    25
    25
    27
    21
    26
    39
    45
    54
    64
    73
    78
    82
    82
    80
   112
   110
   113
   112
   111
   110
   110
   111
   111
   111
   111
   100
   108
    92
    59
    66
    44
    35
    47
    43
    48
    54
    65
    54
    40
    46
    27
    24
    33
    44
    39
    28
    36
    57
    39
    55
    55
    61
    45
    38
    36
    41
    45
    53
    48
    64
    68
    40
    17
    20
    24
    31
    27
    29
    24
    23
    32
    32
    39
    42
    45
    42
    30
    20
    16
    10
    17
    24
    20
    25
    30
    36
    33
    28
    26
    27
    33
    36
    33
    38
    36
    35
    29
    30
    22
    30
    24
    18
    16
    19
    19
    20
    18
    16
    15
    20
    18
    17
    22
    23
    19
    18
    22
    34
    39
    40
    67
    73
    82
    85
    75
    67
   108
   111
   108
   109
   110
   111
   113
   112
   111
   112
   110
   108
    99
   109
    81
    70
    72
    41
    33
    48
    40
    48
    50
    62
    44
    29
    34
    29
    28
    31
    45
    31
    27
    44
    59
    47
    58
    61
    55
    33
    41
    32
    43
    49
    53
    27
    41
    64
    49
    25
    16
    11
    16
    14
    25
    21
    14
    15
    13
    12
    13
    14
    14
    14
    16
    24
    24
    25
    35
    45
    43
    35
    34
    33
    34
    38
    36
    31
    28
    26
    26
    32
    34
    31
    31
    22
    23
    25
    23
    20
    19
    17
    19
    15
    16
    15
    20
    20
    14
    18
    18
    20
    17
    33
    32
    45
    67
    75
    77
    73
    73
    86
   111
   108
   109
   109
   110
   112
   112
   109
   108
   109
   109
   112
   105
   102
   107
    72
    79
    65
    43
    33
    44
    39
    51
    52
    58
    41
    29
    22
    30
    35
    32
    44
    30
    28
    54
    49
    54
    56
    61
    39
    34
    46
    40
    46
    54
    42
    25
    24
    50
    64
    47
    28
    18
    23
    22
    25
    21
    17
    15
    15
    15
    18
    21
    24
    25
    27
    34
    37
    47
    41
    32
    30
    30
    30
    27
    27
    26
    28
    27
    29
    31
    29
    28
    30
    30
    28
    25
    22
    22
    20
    18
    22
    15
    16
    12
    15
    13
    18
    21
    16
    17
    14
    18
    24
    27
    50
    64
    72
    78
    77
    84
    84
   111
   109
   111
   112
   111
   111
   110
   111
   111
   113
   112
   111
   109
   104
   103
    99
    47
    73
    47
    42
    31
    41
    46
    52
    53
    42
    47
    38
    24
    30
    40
    37
    47
    32
    34
    49
    48
    48
    55
    58
    34
    38
    52
    42
    49
    52
    33
    33
    38
    44
    61
    58
    57
    44
    33
    34
    36
    34
    37
    34
    32
    32
    33
    39
    47
    44
    46
    43
    36
    29
    27
    28
    31
    28
    30
    27
    30
    28
    26
    28
    26
    28
    29
    29
    30
    30
    29
    30
    27
    24
    22
    18
    22
    13
    19
    19
    20
    15
    16
    19
    18
    17
    14
    17
    31
    52
    68
    72
    79
    81
    80
    85
   108
   110
   111
   111
   108
   108
   112
   109
   112
   110
   109
   107
   109
   107
   105
   107
    90
    47
    52
    53
    41
    34
    42
    47
    52
    48
    44
    43
    36
    34
    37
    33
    46
    36
    33
    48
    52
    47
    52
    52
    53
    36
    42
    40
    48
    48
    41
    32
    35
    34
    31
    47
    50
    56
    59
    51
    47
    44
    43
    40
    45
    44
    45
    38
    34
    35
    34
    33
    29
    29
    33
    31
    25
    25
    27
    26
    23
    21
    21
    24
    28
    29
    27
    30
    25
    23
    25
    26
    29
    30
    28
    25
    22
    23
    17
    17
    18
    21
    19
    18
    17
    20
    19
    19
    30
    54
    71
    74
    75
    82
    87
    89
   113
   109
   111
   111
   111
   111
   109
   109
   108
   110
   109
   112
   109
   109
   105
   101
   107
    71
    35
    53
    58
    25
    37
    47
    45
    50
    45
    44
    38
    34
    40
    33
    30
    44
    24
    38
    55
    53
    52
    55
    44
    56
    32
    45
    37
    46
    45
    33
    30
    36
    29
    24
    37
    51
    49
    47
    44
    39
    39
    43
    36
    42
    54
    52
    45
    23
    24
    27
    29
    26
    28
    30
    28
    23
    17
    20
    18
    18
    20
    25
    23
    21
    25
    25
    27
    24
    21
    24
    29
    22
    27
    27
    25
    26
    23
    20
    16
    18
    19
    20
    17
    18
    17
    21
    32
    50
    64
    76
    75
    79
    87
    91
