   114
   114
   115
   112
   109
   113
   108
   111
   114
   115
   118
   119
   103
    94
    87
    82
    94
    90
    75
    64
    62
    57
    57
    44
    46
    47
    44
    38
    52
    61
    67
    74
    59
    62
    63
    67
    61
    52
    42
    40
    41
    43
    37
    28
    28
    23
    21
    21
    16
    20
    31
    33
    38
    35
    33
    36
    44
    39
    50
    63
    84
    96
   111
   122
   125
   129
   125
   129
   149
   163
   160
   138
    85
    25
    17
    17
    16
    18
    17
    18
    20
    20
    17
    17
    17
    26
    20
    19
    20
    19
    16
    17
    16
    20
    20
    21
    16
    15
    16
    15
    15
    17
    18
    16
    17
    17
    18
    33
    44
    54
    62
    68
   115
   114
   112
   111
   108
   105
   108
   112
   108
   113
   106
   101
    93
    84
    77
    85
    86
    79
    74
    66
    61
    55
    49
    45
    49
    49
    44
    41
    55
    68
    79
    66
    58
    56
    60
    64
    57
    50
    45
    39
    33
    31
    28
    20
    16
    22
    27
    30
    35
    41
    49
    59
    71
    76
    83
    90
    94
    96
    90
    91
    91
    98
    99
   105
   108
   109
   113
   115
   117
   129
   134
   125
    75
     9
     6
     7
    14
    17
    19
    21
    19
    18
    16
    21
    18
    17
    24
    21
    17
    16
    17
    17
    18
    17
    18
    18
    16
    16
    16
    19
    19
    18
    16
    17
    21
    18
    21
    35
    48
    57
    68
    74
   115
   112
   112
   111
   113
   109
   109
   109
   108
    92
    85
    89
    97
    85
    85
    83
    82
    72
    63
    64
    62
    57
    43
    46
    46
    42
    37
    53
    62
    65
    61
    53
    52
    58
    53
    43
    42
    44
    41
    33
    25
    22
    15
    18
    23
    29
    39
    51
    71
    94
   108
   121
   129
   133
   141
   141
   144
   143
   146
   140
   136
   131
   134
   133
   129
   127
   121
   123
   120
   114
   109
   105
    94
    63
    45
    31
    23
     4
     0
     3
    11
    10
    16
    16
    17
    17
    16
    18
    22
    22
    21
    20
    18
    15
    18
    16
    18
    17
    15
    15
    14
    14
    16
    18
    14
    15
    26
    40
    52
    59
    66
    76
   113
   114
   112
   109
   101
   108
   110
   107
    90
    88
    95
    97
    86
    86
    94
    97
    86
    74
    61
    61
    59
    51
    38
    38
    46
    44
    52
    56
    55
    53
    49
    49
    48
    52
    43
    37
    41
    34
    35
    26
    29
    28
    31
    44
    61
    87
   102
   121
   131
   141
   147
   150
   152
   152
   151
   150
   151
   153
   151
   148
   144
   142
   140
   140
   144
   144
   143
   147
   143
   143
   142
   143
   141
   140
   139
   134
   127
   111
    93
    72
    39
    22
    13
     7
     7
    13
    19
    21
    21
    20
    22
    19
    18
    20
    17
    21
    18
    20
    20
    15
    18
    17
    20
    15
    16
    17
    30
    40
    51
    60
    70
    77
   112
   114
   115
   110
   108
   112
   106
   101
    85
    94
    99
    96
    92
    92
    92
    84
    74
    68
    63
    58
    55
    50
    42
    49
    55
    56
    59
    52
    48
    45
    45
    44
    51
    40
    37
    38
    38
    39
    34
    46
    57
    78
   104
   120
   133
   138
   147
   154
   161
   167
   173
   169
   169
   167
   166
   166
   164
   163
   162
   159
   155
   155
   153
   152
   150
   147
   153
   151
   157
   154
   159
   162
   164
   164
   161
   161
   161
   160
   155
   160
   150
   137
   110
    79
    37
     3
     3
    14
    18
    16
    19
    24
    22
    17
    19
    19
    20
    22
    15
    20
    21
    21
    16
    16
    14
    20
    35
    48
    50
    60
    70
    76
   112
   110
   105
   102
   105
   105
   105
    93
    91
    98
   100
    95
    87
    91
    82
    69
    67
    62
    58
    59
    58
    52
    46
    47
    67
    61
    55
    48
    42
    51
    51
    49
    40
    38
    40
    48
    53
    67
    89
   108
   120
   134
   142
   148
   152
   160
   163
   168
   173
   176
   177
   178
   180
   181
   178
   175
   177
   173
   172
   172
   171
   171
   170
   170
   169
   169
   167
   170
   170
   172
   169
   169
   171
   172
   174
   173
   168
   165
   167
   167
   163
   160
   156
   153
   146
   114
    56
    18
     8
    19
    19
    16
    21
    22
    19
    17
    17
    18
    24
    20
    18
    20
    21
    19
    22
    29
    38
    43
    52
    63
    72
    78
   111
   110
   107
   104
   102
   100
    95
    83
    85
    98
    92
    84
    84
    88
    70
    61
    61
    59
    65
    61
    62
    56
    59
    53
    61
    59
    53
    54
    51
    49
    51
    50
    51
    52
    64
    78
    99
   118
   128
   139
   144
   152
   158
   160
   166
   170
   174
   176
   180
   183
   184
   184
   186
   186
   187
   186
   185
   182
   181
   183
   182
   184
   182
   182
   180
   178
   179
   179
   178
   177
   180
   180
   181
   180
   182
   181
   181
   177
   175
   175
   174
   174
   171
   165
   159
   153
   146
   113
    49
     4
     6
     5
     7
     8
    11
    21
    19
    25
    19
    22
    20
    18
    16
    15
    11
    32
    45
    58
    69
    76
    83
    84
   108
   110
   103
   108
   104
   101
    93
    90
    99
   100
    88
    88
    86
    80
    71
    65
    55
    60
    61
    60
    61
    61
    51
    50
    51
    52
    51
    49
    52
    57
    60
    61
    70
    89
   111
   129
   138
   150
   156
   161
   164
   166
   168
   172
   175
   177
   183
   186
   188
   189
   191
   194
   196
   195
   194
   194
   195
   194
   192
   192
   194
   192
   193
   188
   187
   188
   186
   184
   183
   183
   181
   183
   184
   183
   183
   182
   184
   186
   185
   185
   181
   178
   179
   174
   169
   164
   157
   152
   145
   112
    68
    45
    39
    30
    19
     7
     3
     0
     4
     6
     6
    13
    14
    14
    38
    61
    75
    77
    78
    83
    82
    82
   111
   106
   104
   106
   108
   101
    92
    94
    98
   100
    90
    82
    79
    70
    69
    62
    63
    56
    66
    60
    58
    54
    46
    55
    47
    55
    55
    59
    61
    72
    77
    91
   108
   130
   145
   151
   161
   167
   163
   168
   171
   176
   177
   179
   183
   185
   187
   191
   195
   196
   196
   197
   199
   201
   200
   200
   198
   199
   198
   198
   197
   198
   196
   197
   194
   190
   187
   188
   187
   186
   185
   183
   186
   185
   186
   185
   185
   188
   186
   184
   182
   180
   182
   182
   178
   172
   171
   164
   155
   149
   132
   124
   122
   121
   114
   102
    91
    76
    61
    49
    32
    17
    14
    28
    45
    46
    51
    54
    61
    60
    59
    57
   107
   109
   109
   111
   108
   102
    95
    92
    88
    93
    96
    89
    80
    72
    57
    60
    61
    68
    66
    52
    53
    56
    54
    50
    50
    50
    63
    74
    83
    89
   103
   124
   142
   155
   162
   162
   166
   170
   173
   169
   177
   181
   181
   183
   184
   187
   191
   195
   197
   196
   200
   201
   202
   201
   202
   202
   201
   201
   201
   201
   202
   201
   201
   199
   196
   195
   194
   193
   189
   187
   187
   187
   186
   185
   185
   189
   188
   183
   185
   184
   186
   186
   187
   189
   188
   184
   177
   174
   168
   156
   151
   132
   124
   123
   131
   133
   138
   138
   136
   135
   133
   125
   117
   109
    93
    83
    65
    45
    30
    17
     5
     0
   105
   112
   107
   103
   105
   101
    89
    87
    96
    97
    99
    87
    74
    71
    60
    62
    64
    64
    59
    47
    52
    50
    52
    54
    64
    73
    81
    88
    94
   107
   129
   148
   158
   163
   166
   170
   171
   174
   177
   177
   178
   174
   181
   183
   187
   192
   194
   195
   197
   202
   201
   203
   201
   202
   202
   201
   203
   202
   203
   203
   203
   203
   203
   202
   202
   200
   197
   192
   191
   189
   189
   187
   186
   189
   188
   185
   186
   187
   185
   188
   186
   187
   188
   191
   189
   186
   183
   180
   176
   174
   167
   156
   139
   124
   118
   126
   128
   131
   134
   131
   133
   132
   130
   128
   126
   123
   120
   120
   116
   105
    97
    87
    98
   102
   106
   104
   103
    95
    90
    96
   102
   102
    90
    80
    67
    70
    62
    63
    61
    59
    54
    45
    48
    48
    53
    61
    76
    82
    95
   103
   113
   130
   148
   158
   168
   174
   174
   179
   180
   183
   183
   178
   172
   174
   179
   182
   188
   193
   194
   196
   198
   201
   201
   202
   202
   202
   203
   201
   200
   202
   201
   203
   203
   203
   204
   203
   200
   200
   201
   200
   196
   193
   191
   191
   188
   185
   187
   189
   187
   189
   188
   188
   191
   189
   189
   187
   189
   186
   187
   183
   182
   179
   176
   171
   161
   143
   123
   116
   121
   125
   132
   134
   130
   128
   131
   131
   131
   129
   125
   122
   120
   122
   122
   124
    96
    94
    98
   102
    95
    94
    91
    96
    82
    83
    84
    78
    66
    69
    63
    64
    60
    51
    47
    47
    49
    51
    65
    69
    83
   104
   116
   125
   137
   152
   164
   175
   176
   179
   181
   183
   182
   184
   178
   169
   167
   172
   178
   180
   184
   186
   188
   189
   196
   198
   201
   199
   201
   201
   201
   200
   200
   201
   202
   201
   203
   204
   205
   203
   202
   201
   201
   201
   198
   196
   194
   190
   189
   189
   189
   189
   190
   189
   188
   191
   189
   189
   187
   190
   186
   186
   186
   185
   184
   183
   180
   177
   175
   162
   149
   124
   115
   117
   118
   125
   130
   134
   133
   131
   132
   131
   130
   129
   126
   123
   118
   119
    99
    94
    98
    99
    93
    83
    84
    75
    65
    81
    86
    74
    72
    66
    62
    62
    58
    40
    45
    44
    46
    56
    69
    78
   104
   124
   136
   154
   157
   163
   170
   179
   182
   184
   186
   184
   186
   178
   156
   159
   172
   175
   181
   179
   182
   185
   185
   187
   188
   193
   199
   201
   201
   202
   202
   202
   202
   204
   203
   202
   203
   205
   203
   204
   202
   202
   202
   202
   201
   200
   199
   194
   193
   192
   194
   193
   192
   192
   193
   195
   191
   190
   189
   188
   188
   188
   187
   184
   186
   182
   187
   182
   178
   175
   165
   147
   125
   115
   120
   120
   123
   129
   130
   130
   128
   131
   130
   131
   130
   127
   127
   121
   112
    93
    91
    94
    91
    85
    75
    69
    58
    84
    90
    73
    77
    65
    63
    58
    54
    44
    47
    49
    54
    65
    84
   112
   137
   149
   155
   165
   167
   175
   178
   183
   190
   190
   191
   192
   177
   152
   150
   169
   179
   184
   179
   175
   177
   176
   179
   178
   183
   189
   196
   197
   199
   202
   202
   202
   204
   202
   204
   203
   202
   202
   204
   204
   204
   203
   204
   203
   202
   202
   200
   200
   198
   195
   193
   195
   192
   193
   193
   197
   198
   194
   193
   192
   190
   189
   188
   188
   189
   189
   187
   186
   184
   179
   174
   164
   150
   129
   114
   118
   120
   123
   130
   131
   129
   128
   131
   130
   131
   131
   126
   125
    97
    98
    91
    83
    87
    78
    73
    65
    63
    78
    85
    69
    67
    64
    61
    45
    39
    48
    52
    59
    71
    90
   115
   144
   157
   162
   165
   169
   178
   184
   187
   190
   187
   191
   191
   186
   159
   152
   169
   183
   188
   186
   180
   175
   170
   169
   169
   170
   170
   183
   193
   195
   199
   199
   203
   204
   206
   205
   206
   204
   204
   204
   203
   203
   204
   206
   205
   203
   201
   200
   200
   197
   198
   194
   192
   189
   189
   192
   196
   197
   197
   198
   194
   193
   190
   190
   187
   186
   187
   187
   188
   188
   187
   183
   179
   171
   161
   144
   124
   113
   117
   120
   121
   128
   131
   131
   129
   127
   128
   127
   127
   127
    80
    84
    89
    91
    76
    60
    59
    60
    69
    78
    80
    69
    60
    61
    49
    41
    47
    55
    66
    79
    97
   117
   141
   158
   169
   173
   175
   180
   185
   186
   190
   191
   193
   195
   195
   184
   155
   159
   184
   192
   189
   182
   177
   170
   166
   165
   164
   158
   155
   163
   184
   191
   194
   199
   201
   203
   204
   205
   204
   205
   203
   205
   204
   203
   204
   202
   204
   204
   202
   201
   200
   199
   197
   195
   193
   192
   195
   199
   200
   201
   201
   200
   200
   198
   196
   193
   191
   188
   187
   190
   190
   187
   191
   187
   184
   178
   173
   156
   137
   118
   108
   112
   115
   119
   122
   129
   129
   124
   126
   130
   124
   126
    88
    81
    77
    72
    60
    54
    59
    59
    69
    70
    75
    70
    59
    57
    44
    47
    55
    76
    90
   103
   118
   136
   160
   170
   178
   181
   183
   190
   193
   196
   195
   197
   197
   198
   193
   173
   152
   166
   189
   190
   189
   179
   172
   167
   159
   156
   162
   146
   123
   139
   168
   189
   192
   195
   200
   203
   205
   204
   205
   205
   206
   204
   205
   205
   202
   204
   202
   203
   202
   201
   200
   197
   194
   192
   191
   192
   195
   196
   198
   198
   198
   200
   200
   200
   198
   194
   192
   191
   188
   189
   191
   191
   188
   186
   184
   185
   177
   171
   158
   137
   115
   109
   115
   117
   122
   123
   125
   124
   123
   124
   125
   123
    78
    77
    73
    60
    47
    54
    61
    59
    66
    70
    71
    66
    61
    49
    47
    64
    85
    93
   107
   116
   133
   155
   172
   180
   187
   188
   189
   193
   196
   198
   200
   199
   201
   200
   184
   160
   154
   172
   194
   188
   182
   180
   168
   160
   143
   155
   158
   133
   106
   127
   163
   178
   187
   191
   197
   200
   205
   206
   205
   205
   206
   205
   205
   204
   203
   203
   203
   202
   202
   200
   199
   196
   194
   191
   192
   189
   188
   187
   191
   196
   199
   200
   198
   200
   197
   194
   192
   191
   194
   191
   191
   191
   192
   190
   186
   182
   183
   175
   166
   152
   131
   111
   108
   113
   112
   117
   121
   125
   125
   124
   124
   122
    67
    65
    59
    63
    55
    45
    56
    56
    59
    72
    65
    61
    53
    58
    66
    86
   101
   110
   119
   132
   159
   177
   186
   188
   190
   193
   194
   197
   199
   201
   199
   199
   200
   202
   171
   155
   164
   175
   191
   187
   181
   169
   164
   153
   145
   167
   156
   117
    74
   107
   150
   169
   177
   178
   191
   201
   203
   203
   205
   205
   204
   205
   204
   205
   204
   204
   204
   202
   200
   198
   197
   195
   192
   189
   183
   178
   167
   172
   182
   193
   195
   198
   200
   194
   194
   194
   196
   192
   190
   191
   192
   194
   194
   194
   192
   186
   179
   179
   173
   161
   145
   124
   109
   109
   114
   115
   121
   121
   120
   121
   122
   120
    52
    55
    50
    46
    55
    53
    51
    57
    61
    71
    63
    54
    59
    68
    86
   100
   108
   119
   133
   156
   177
   186
   190
   192
   195
   197
   198
   202
   199
   200
   200
   201
   202
   203
   161
   158
   165
   176
   189
   189
   181
   172
   162
   144
   158
   170
   161
   103
    81
   106
   140
   167
   172
   177
   190
   198
   203
   207
   206
   204
   206
   207
   205
   205
   205
   205
   202
   202
   201
   198
   197
   195
   192
   185
   179
   164
   164
   180
   190
   193
   194
   195
   193
   192
   195
   195
   195
   194
   193
   192
   196
   194
   194
   196
   195
   195
   187
   178
   177
   168
   156
   138
   116
   108
   112
   117
   115
   123
   126
   123
   122
   119
    53
    47
    45
    44
    49
    58
    56
    62
    66
    66
    55
    61
    69
    77
    92
   107
   119
   133
   151
   171
   185
   191
   194
   197
   199
   198
   199
   200
   200
   199
   201
   202
   202
   199
   150
   154
   155
   175
   184
   187
   179
   168
   157
   146
   173
   172
   140
    81
    89
   119
   131
   161
   163
   167
   186
   196
   202
   206
   207
   206
   205
   206
   207
   206
   205
   203
   203
   203
   202
   200
   195
   191
   189
   179
   164
   166
   186
   196
   194
   190
   184
   182
   191
   196
   198
   199
   198
   198
   194
   194
   194
   198
   196
   195
   195
   195
   197
   192
   179
   171
   165
   147
   133
   116
   111
   115
   114
   114
   120
   120
   118
   121
    49
    45
    45
    40
    39
    48
    54
    61
    70
    67
    55
    57
    72
    85
    92
   113
   132
   146
   166
   184
   190
   191
   198
   200
   200
   200
   201
   200
   199
   200
   201
   201
   203
   192
   143
   147
   143
   172
   177
   177
   175
   167
   154
   154
   175
   179
   126
   100
   133
   130
   133
   158
   160
   159
   178
   193
   201
   204
   206
   205
   207
   206
   207
   206
   206
   204
   203
   202
   201
   199
   196
   193
   187
   176
   171
   179
   192
   195
   191
   178
   175
   184
   189
   195
   197
   198
   196
   199
   199
   197
   195
   197
   198
   199
   198
   195
   196
   195
   192
   184
   173
   159
   140
   121
   110
   113
   116
   116
   119
   122
   122
   121
    42
    41
    42
    45
    44
    47
    52
    56
    65
    65
    52
    61
    78
    87
   104
   127
   142
   157
   178
   187
   193
   197
   197
   199
   200
   200
   200
   203
   201
   200
   199
   202
   201
   186
   145
   137
   133
   167
   179
   176
   171
   163
   158
   167
   184
   175
   110
   115
   156
   159
   130
   142
   155
   153
   177
   193
   201
   204
   205
   207
   206
   207
   203
   207
   204
   206
   204
   202
   199
   198
   193
   188
   183
   181
   183
   191
   194
   195
   192
   176
   167
   185
   193
   199
   202
   202
   202
   200
   198
   197
   195
   196
   198
   198
   201
   203
   201
   200
   197
   193
   185
   171
   153
   132
   116
   111
   114
   116
   116
   120
   124
   122
    50
    41
    45
    45
    42
    43
    51
    56
    58
    61
    54
    68
    85
   100
   119
   141
   154
   171
   184
   186
   188
   195
   199
   200
   199
   200
   200
   201
   201
   202
   203
   203
   201
   182
   149
   136
   125
   154
   179
   177
   169
   167
   158
   173
   184
   173
    94
    72
   100
   133
   131
   127
   152
   149
   173
   190
   200
   204
   206
   204
   206
   204
   207
   204
   206
   203
   202
   199
   198
   197
   194
   189
   181
   183
   190
   192
   193
   196
   192
   169
   145
   181
   199
   199
   201
   203
   201
   201
   199
   199
   197
   197
   200
   201
   200
   200
   201
   200
   200
   197
   194
   184
   169
   147
   126
   114
   115
   118
   119
   118
   121
   125
    56
    51
    47
    47
    37
    40
    45
    52
    55
    58
    58
    76
    89
   108
   127
   144
   161
   175
   186
   191
   192
   195
   201
   200
   201
   202
   201
   202
   201
   201
   201
   201
   201
   182
   156
   131
   123
   138
   177
   174
   170
   161
   161
   177
   184
   168
    82
    50
    55
    86
   140
   119
   141
   144
   167
   186
   197
   202
   204
   204
   206
   206
   204
   204
   202
   200
   201
   199
   200
   198
   194
   189
   186
   188
   192
   196
   197
   199
   194
   159
   108
   153
   200
   201
   200
   201
   203
   200
   198
   196
   196
   198
   199
   201
   199
   201
   202
   201
   200
   198
   196
   191
   180
   158
   137
   119
   111
   117
   121
   121
   120
   123
    39
    48
    50
    47
    43
    38
    50
    55
    61
    60
    67
    78
    98
   119
   131
   154
   171
   184
   192
   195
   199
   200
   199
   202
   201
   201
   202
   202
   202
   203
   202
   202
   201
   190
   167
   136
   113
   120
   164
   180
   170
   167
   159
   179
   187
   152
    74
    40
    55
    67
   136
   127
   139
   143
   165
   183
   197
   203
   205
   206
   206
   204
   199
   194
   193
   199
   201
   200
   198
   194
   191
   191
   192
   190
   194
   200
   202
   202
   195
   162
    95
    91
   161
   192
   197
   199
   200
   199
   201
   201
   196
   198
   198
   197
   202
   202
   200
   202
   201
   200
   197
   188
   179
   174
   154
   128
   115
   117
   119
   119
   120
   119
    51
    47
    43
    41
    44
    41
    42
    48
    55
    63
    73
    84
   108
   126
   142
   159
   178
   191
   192
   197
   200
   200
   200
   201
   202
   202
   202
   200
   201
   201
   202
   203
   202
   192
   167
   128
   112
   109
   152
   170
   168
   166
   158
   175
   183
   155
    74
    37
    55
    71
   132
   132
   136
   141
   163
   181
   194
   202
   205
   203
   203
   203
   199
   188
   187
   195
   195
   198
   194
   193
   192
   191
   194
   193
   199
   202
   203
   201
   199
   166
   112
    75
   134
   174
   190
   195
   195
   194
   192
   195
   198
   197
   197
   199
   201
   202
   202
   200
   200
   199
   197
   192
   172
   160
   163
   139
   120
   117
   121
   117
   122
   119
    55
    46
    45
    47
    37
    44
    42
    53
    57
    66
    68
    85
   114
   140
   159
   172
   184
   190
   196
   196
   192
   195
   200
   202
   201
   202
   202
   202
   201
   203
   203
   202
   202
   192
   160
   123
   111
   105
   136
   173
   168
   167
   154
   167
   178
   160
   112
    65
    55
    64
   128
   120
   132
   138
   162
   178
   192
   200
   203
   206
   203
   204
   199
   196
   194
   197
   198
   195
   194
   191
   191
   192
   192
   197
   198
   201
   202
   202
   196
   170
   131
    94
   119
   171
   176
   189
   191
   189
   189
   190
   195
   197
   195
   197
   201
   201
   201
   203
   202
   200
   194
   189
   181
   160
   155
   142
   120
   112
   118
   122
   119
   123
    54
    46
    41
    41
    43
    37
    41
    50
    57
    72
    76
    90
   122
   155
   163
   180
   187
   193
   197
   198
   195
   196
   201
   202
   202
   203
   202
   201
   200
   204
   203
   203
   203
   196
   162
   126
   116
   103
   125
   162
   166
   168
   156
   157
   172
   156
    93
    53
    51
    63
   127
   130
   134
   144
   169
   177
   192
   201
   203
   203
   204
   203
   200
   200
   200
   196
   197
   196
   192
   192
   194
   194
   195
   199
   201
   201
   202
   202
   197
   163
   136
   110
   116
   171
   173
   178
   187
   189
   190
   189
   193
   194
   194
   196
   198
   201
   203
   203
   202
   201
   198
   188
   180
   166
   158
   141
   120
   117
   117
   120
   123
   122
    52
    51
    44
    39
    39
    41
    39
    45
    57
    72
    82
   105
   130
   161
   173
   183
   191
   198
   199
   200
   201
   202
   202
   202
   202
   202
   204
   203
   204
   201
   202
   202
   202
   199
   168
   126
   117
   111
   119
   154
   165
   166
   163
   148
   169
   156
   111
    48
    67
   123
   129
   139
   140
   151
   170
   180
   191
   201
   205
   203
   203
   202
   202
   201
   201
   201
   199
   195
   195
   194
   194
   196
   200
   200
   202
   204
   203
   201
   196
   162
   137
   113
   110
   167
   182
   177
   181
   184
   186
   188
   185
   190
   193
   196
   196
   199
   201
   203
   202
   202
   198
   190
   181
   172
   158
   142
   125
   110
   113
   116
   119
   124
    53
    47
    46
    43
    37
    44
    41
    48
    57
    69
    89
   114
   143
   168
   176
   185
   192
   197
   199
   201
   202
   203
   205
   205
   203
   202
   203
   205
   203
   203
   202
   205
   205
   200
   172
   131
   123
   111
   113
   150
   162
   162
   161
   143
   156
   154
   125
    97
   134
   158
   145
   129
   140
   159
   171
   178
   193
   201
   204
   205
   203
   205
   200
   202
   200
   195
   195
   194
   194
   195
   199
   201
   201
   202
   201
   202
   204
   202
   196
   162
   139
   117
   117
   159
   180
   181
   174
   180
   184
   182
   182
   182
   188
   193
   197
   201
   204
   204
   203
   201
   198
   192
   184
   171
   153
   142
   123
   113
   109
   112
   117
   119
    60
    49
    50
    47
    45
    43
    44
    47
    55
    68
    94
   123
   139
   165
   181
   187
   196
   194
   197
   202
   202
   203
   203
   204
   205
   204
   204
   203
   206
   204
   204
   204
   204
   203
   172
   130
   126
   119
   117
   133
   158
   156
   158
   144
   137
   152
   138
   102
   119
   155
   142
   146
   142
   159
   172
   182
   199
   202
   204
   205
   204
   200
   201
   200
   197
   195
   194
   194
   193
   195
   198
   200
   201
   201
   201
   200
   202
   202
   196
   160
   137
   110
   101
   152
   179
   184
   175
   168
   175
   180
   179
   179
   184
   191
   193
   199
   202
   203
   202
   202
   200
   196
   185
   174
   159
   141
   125
   110
   108
   109
   112
   116
    55
    59
    51
    48
    46
    42
    49
    46
    56
    73
    97
   128
   149
   164
   184
   192
   194
   192
   193
   199
   202
   203
   205
   205
   204
   204
   204
   203
   203
   203
   203
   205
   204
   202
   183
   140
   123
   120
   125
   139
   152
   157
   156
   151
   133
   132
   146
   127
    94
   122
   140
   154
   156
   163
   175
   189
   201
   203
   203
   202
   200
   202
   202
   199
   193
   186
   180
   167
   173
   184
   193
   198
   202
   201
   203
   202
   202
   202
   191
   158
   140
   111
    92
   136
   172
   181
   178
   163
   164
   166
   169
   174
   176
   184
   192
   195
   201
   203
   202
   201
   198
   192
   191
   175
   160
   141
   120
   110
   106
   109
   111
   105
    61
    57
    49
    43
    46
    46
    52
    54
    55
    69
    96
   127
   157
   172
   187
   192
   195
   199
   199
   201
   202
   203
   204
   204
   206
   204
   202
   203
   205
   206
   205
   205
   204
   204
   192
   151
   124
   113
   118
   134
   148
   156
   155
   153
   145
   124
   128
   135
   116
   139
   145
   157
   157
   165
   179
   196
   203
   203
   203
   203
   202
   201
   199
   197
   192
   187
   186
   182
   178
   181
   187
   196
   201
   201
   203
   203
   204
   201
   189
   159
   139
   118
   116
   135
   165
   185
   177
   169
   159
   164
   165
   169
   172
   178
   189
   198
   201
   202
   204
   200
   198
   194
   188
   174
   159
   144
   127
   111
   105
   104
   108
   108
    62
    58
    57
    43
    40
    43
    47
    56
    62
    75
   103
   125
   162
   176
   186
   195
   197
   198
   202
   204
   204
   205
   206
   205
   204
   205
   205
   203
   203
   205
   206
   206
   206
   202
   194
   167
   138
   118
   113
   125
   150
   155
   154
   153
   148
   140
   122
   131
   127
   117
   156
   169
   162
   169
   187
   199
   202
   201
   202
   201
   204
   203
   198
   195
   195
   199
   199
   198
   191
   184
   185
   195
   202
   204
   203
   203
   203
   201
   189
   160
   141
   118
   122
   149
   165
   183
   181
   166
   157
   156
   154
   160
   170
   178
   186
   196
   198
   201
   201
   200
   199
   196
   186
   176
   162
   144
   124
   109
   102
   100
   106
   107
    57
    56
    47
    52
    40
    40
    49
    58
    62
    74
   101
   127
   158
   177
   187
   194
   197
   201
   202
   203
   204
   203
   206
   204
   204
   203
   205
   205
   204
   205
   204
   204
   205
   203
   197
   167
   144
   128
   115
   123
   141
   154
   158
   156
   150
   142
   133
   127
   142
   120
   151
   176
   168
   175
   188
   200
   201
   202
   202
   201
   200
   198
   200
   198
   200
   201
   202
   199
   188
   171
   176
   186
   196
   201
   203
   201
   202
   202
   187
   160
   148
   125
   102
   128
   151
   178
   178
   170
   157
   153
   154
   153
   165
   171
   182
   194
   199
   201
   202
   201
   199
   194
   186
   177
   163
   147
   126
   110
   101
   101
   101
   105
    43
    50
    49
    45
    46
    43
    52
    58
    62
    73
   105
   130
   160
   177
   187
   190
   194
   196
   201
   202
   204
   205
   205
   204
   205
   205
   204
   204
   205
   204
   205
   205
   205
   205
   202
   181
   143
   118
   114
   128
   142
   155
   155
   154
   155
   148
   138
   129
   139
   150
   150
   172
   171
   180
   194
   199
   199
   201
   200
   201
   199
   200
   197
   196
   198
   199
   199
   199
   181
   150
   146
   170
   190
   196
   201
   199
   201
   200
   185
   161
   146
   130
   125
   163
   156
   165
   178
   172
   160
   150
   149
   145
   159
   171
   181
   191
   200
   203
   201
   200
   197
   189
   183
   174
   163
   144
   129
   108
   101
    95
    99
    97
    50
    35
    40
    43
    45
    46
    39
    56
    67
    78
   109
   132
   159
   181
   187
   194
   196
   199
   200
   202
   204
   204
   205
   207
   205
   205
   204
   204
   204
   205
   205
   207
   204
   203
   197
   190
   166
   140
   124
   123
   136
   151
   154
   153
   153
   150
   147
   143
   143
   164
   170
   167
   175
   186
   193
   198
   197
   199
   198
   197
   198
   197
   196
   198
   197
   195
   191
   189
   174
   110
   110
   153
   176
   194
   198
   200
   198
   201
   189
   163
   147
   128
   133
   183
   179
   163
   176
   173
   166
   156
   148
   149
   156
   164
   174
   188
   198
   201
   202
   202
   196
   190
   184
   176
   166
   147
   126
   111
   104
    94
    96
    98
    47
    38
    34
    36
    40
    45
    47
    54
    65
    81
    99
   139
   158
   183
   191
   194
   197
   200
   200
   202
   205
   206
   203
   206
   205
   205
   204
   205
   205
   205
   207
   204
   204
   205
   202
   192
   179
   167
   149
   140
   137
   147
   155
   152
   146
   142
   148
   148
   152
   173
   182
   175
   181
   190
   196
   197
   199
   198
   200
   199
   201
   197
   199
   199
   202
   200
   189
   178
   154
    82
   104
   151
   169
   187
   196
   197
   200
   201
   191
   165
   148
   133
   133
   177
   190
   162
   175
   179
   166
   160
   150
   145
   154
   166
   172
   182
   196
   200
   200
   197
   195
   192
   187
   178
   168
   147
   133
   110
    97
    94
    95
    96
    49
    41
    37
    38
    41
    48
    52
    58
    70
    83
   101
   131
   161
   179
   186
   191
   194
   197
   201
   202
   204
   206
   207
   203
   203
   204
   205
   203
   205
   205
   204
   207
   205
   202
   200
   197
   183
   168
   156
   154
   150
   150
   156
   157
   153
   134
   132
   139
   143
   158
   171
   177
   186
   190
   194
   195
   197
   200
   199
   199
   198
   201
   200
   206
   207
   207
   199
   181
   168
   112
   106
   147
   159
   174
   185
   188
   191
   198
   196
   175
   151
   129
   129
   180
   190
   164
   166
   176
   160
   158
   148
   147
   152
   162
   168
   179
   192
   200
   200
   200
   196
   193
   188
   177
   169
   155
   134
   114
   104
    94
    91
    95
    48
    38
    37
    36
    39
    42
    39
    55
    72
    92
   111
   138
   162
   180
   184
   189
   194
   196
   198
   201
   202
   205
   205
   206
   205
   204
   205
   204
   204
   208
   205
   206
   206
   203
   204
   197
   188
   177
   167
   157
   159
   162
   164
   162
   161
   152
   136
   133
   141
   153
   170
   179
   188
   191
   193
   194
   197
   197
   198
   200
   201
   202
   205
   207
   206
   206
   203
   191
   186
   182
   156
   150
   151
   159
   166
   176
   186
   194
   198
   186
   153
   128
   115
   132
   166
   154
   165
   177
   163
   156
   144
   138
   148
   161
   168
   176
   188
   198
   200
   200
   198
   194
   187
   178
   168
   153
   138
   117
   101
    90
    92
    95
    39
    35
    32
    36
    34
    38
    47
    49
    68
    83
   116
   131
   163
   182
   188
   191
   196
   199
   199
   200
   202
   203
   203
   203
   203
   203
   203
   204
   205
   204
   205
   203
   204
   204
   203
   201
   194
   184
   173
   171
   166
   167
   169
   174
   178
   184
   174
   166
   164
   177
   180
   190
   192
   195
   196
   199
   201
   201
   201
   202
   202
   206
   205
   206
   205
   203
   203
   198
   192
   190
   179
   162
   154
   142
   152
   173
   185
   195
   196
   192
   158
   135
   123
   138
   172
   158
   161
   187
   175
   155
   140
   140
   151
   160
   166
   173
   184
   194
   199
   200
   200
   196
   190
   184
   170
   152
   137
   116
   100
    90
    91
    91
    46
    39
    34
    34
    39
    41
    48
    49
    59
    85
   114
   140
   155
   182
   190
   192
   193
   196
   199
   200
   202
   203
   202
   204
   203
   205
   203
   203
   202
   204
   204
   203
   203
   203
   204
   202
   197
   192
   184
   173
   171
   173
   181
   187
   194
   198
   200
   197
   200
   195
   199
   197
   201
   201
   202
   205
   204
   205
   203
   204
   206
   205
   206
   206
   206
   204
   201
   198
   192
   183
   165
   150
   141
   133
   141
   165
   178
   184
   192
   182
   154
   131
   124
   158
   191
   173
   163
   181
   182
   153
   139
   140
   152
   159
   166
   174
   182
   191
   196
   200
   200
   197
   190
   182
   168
   152
   139
   120
   101
    88
    89
    96
    44
    37
    29
    28
    31
    41
    55
    65
    63
    75
   111
   140
   161
   178
   189
   194
   197
   198
   200
   200
   202
   203
   204
   204
   201
   203
   205
   203
   203
   203
   203
   204
   204
   205
   206
   202
   197
   189
   181
   177
   181
   185
   189
   193
   196
   202
   204
   205
   205
   204
   204
   204
   203
   204
   205
   207
   205
   205
   205
   206
   206
   207
   209
   206
   205
   205
   202
   201
   191
   175
   159
   141
   134
   127
   142
   162
   176
   187
   192
   180
   150
   135
   124
   158
   194
   173
   163
   172
   168
   150
   136
   139
   153
   158
   164
   174
   182
   189
   196
   199
   195
   193
   186
   177
   166
   151
   135
   116
   101
    92
    92
    96
    48
    30
    27
    33
    29
    44
    57
    65
    80
    82
   102
   124
   152
   173
   184
   193
   195
   197
   197
   200
   200
   200
   201
   201
   202
   201
   202
   202
   201
   203
   204
   202
   203
   203
   204
   202
   199
   199
   196
   193
   191
   194
   194
   196
   199
   201
   203
   206
   206
   206
   206
   206
   206
   205
   208
   207
   207
   207
   207
   205
   204
   204
   202
   206
   204
   205
   203
   200
   193
   178
   155
   145
   128
   131
   151
   169
   179
   185
   192
   172
   145
   134
   127
   149
   189
   167
   153
   162
   160
   144
   135
   144
   155
   160
   163
   176
   182
   189
   194
   196
   197
   197
   186
   176
   164
   156
   142
   120
   101
    88
    90
    93
    52
    39
    30
    26
    29
    35
    50
    58
    61
    79
   101
   117
   139
   173
   186
   187
   194
   196
   199
   200
   200
   200
   199
   201
   202
   203
   200
   203
   202
   202
   201
   203
   203
   203
   203
   204
   201
   201
   196
   196
   196
   197
   198
   199
   199
   201
   203
   205
   204
   208
   203
   206
   202
   206
   204
   207
   206
   204
   206
   203
   203
   202
   204
   202
   206
   206
   204
   201
   191
   178
   159
   138
   132
   138
   157
   173
   175
   179
   186
   170
   145
   136
   120
   108
   145
   144
   148
   153
   151
   138
   130
   142
   156
   161
   165
   173
   178
   186
   191
   194
   195
   191
   184
   173
   163
   152
   134
   119
    95
    89
    93
    99
    56
    37
    28
    27
    27
    37
    46
    57
    70
    74
    92
   120
   137
   158
   179
   189
   189
   193
   193
   195
   196
   196
   200
   200
   200
   201
   203
   202
   202
   202
   202
   202
   203
   203
   202
   204
   204
   201
   200
   195
   194
   197
   199
   200
   202
   203
   204
   204
   206
   203
   206
   202
   204
   202
   204
   203
   204
   204
   203
   206
   201
   202
   200
   205
   202
   205
   203
   197
   182
   171
   147
   126
   133
   140
   153
   170
   179
   177
   181
   172
   145
   137
   126
   112
   155
   139
   142
   152
   141
   129
   137
   147
   158
   158
   161
   172
   177
   183
   192
   194
   190
   185
   177
   169
   163
   152
   141
   117
   101
    87
    91
   105
    62
    46
    34
    28
    33
    44
    54
    63
    65
    69
    86
   108
   131
   150
   165
   180
   185
   191
   195
   193
   197
   198
   198
   200
   199
   201
   201
   202
   203
   205
   203
   202
   202
   201
   203
   204
   203
   203
   202
   198
   197
   195
   196
   199
   199
   202
   202
   204
   203
   201
   199
   199
   200
   201
   200
   200
   199
   197
   198
   194
   197
   198
   199
   201
   201
   200
   197
   187
   160
   140
    99
   105
   140
   138
   155
   172
   180
   183
   181
   177
   148
   134
   121
   116
   153
   138
   140
   147
   138
   131
   141
   153
   163
   155
   161
   170
   176
   181
   188
   192
   191
   185
   177
   173
   163
   149
   134
   113
    91
    88
    96
   110
    64
    53
    35
    32
    28
    52
    71
    69
    67
    66
    76
    91
   111
   141
   161
   174
   179
   182
   185
   189
   193
   196
   197
   198
   197
   199
   198
   202
   201
   201
   202
   203
   202
   202
   202
   203
   204
   205
   203
   196
   195
   190
   193
   195
   197
   194
   195
   194
   195
   192
   186
   186
   184
   184
   180
   184
   181
   179
   181
   186
   187
   188
   193
   195
   197
   196
   189
   168
   148
   124
    56
    68
   118
   133
   160
   177
   182
   182
   181
   179
   151
   130
   117
    99
   113
   118
   132
   143
   137
   132
   143
   154
   158
   157
   164
   171
   177
   181
   186
   188
   188
   184
   178
   172
   163
   149
   129
   108
    92
    91
   101
   115
    70
    57
    40
    30
    30
    54
    66
    78
    63
    63
    68
    71
    93
   120
   148
   169
   177
   181
   185
   191
   190
   189
   192
   197
   198
   199
   203
   201
   203
   201
   204
   203
   203
   204
   203
   204
   206
   205
   200
   196
   184
   185
   185
   185
   183
   183
   181
   175
   171
   168
   168
   162
   163
   160
   161
   159
   162
   168
   165
   166
   168
   173
   179
   184
   182
   179
   170
   155
   151
   146
   121
    95
   101
   133
   164
   176
   180
   180
   185
   182
   155
   128
   115
   101
   109
   124
   125
   130
   126
   133
   144
   156
   158
   157
   160
   170
   173
   176
   184
   186
   187
   183
   177
   168
   158
   145
   121
   101
    85
    96
   110
   121
    60
    60
    42
    24
    32
    47
    54
    77
    82
    67
    53
    65
    78
    98
   126
   157
   176
   184
   189
   192
   194
   195
   190
   190
   196
   199
   198
   202
   201
   203
   201
   202
   202
   202
   202
   205
   208
   204
   199
   194
   186
   180
   183
   180
   175
   171
   165
   162
   157
   156
   158
   158
   156
   158
   158
   161
   162
   163
   164
   165
   164
   166
   169
   171
   170
   167
   162
   152
   156
   161
   150
   139
   125
   139
   164
   178
   182
   179
   181
   179
   161
   132
   115
   102
   107
   122
   119
   126
   128
   137
   146
   158
   156
   154
   164
   168
   174
   177
   180
   182
   181
   177
   172
   162
   150
   133
   112
    94
    89
    99
   114
   126
    64
    61
    48
    28
    35
    34
    56
    50
    82
    85
    68
    56
    55
    71
   102
   136
   163
   178
   186
   189
   191
   190
   193
   192
   188
   196
   199
   200
   201
   202
   201
   201
   202
   201
   202
   204
   205
   203
   199
   192
   184
   180
   170
   167
   158
   157
   152
   148
   139
   134
   134
   145
   158
   161
   165
   166
   165
   165
   164
   162
   162
   160
   160
   158
   163
   161
   160
   162
   163
   163
   152
   140
   144
   163
   170
   174
   173
   169
   174
   180
   171
   143
   118
   104
    83
    85
   115
   119
   125
   140
   152
   156
   157
   160
   162
   165
   170
   174
   178
   180
   176
   172
   165
   153
   140
   123
   104
    91
    94
   107
   120
   129
    56
    61
    53
    29
    35
    41
    52
    59
    64
    89
    82
    64
    54
    55
    78
   114
   150
   171
   181
   187
   190
   190
   192
   193
   192
   190
   195
   198
   199
   198
   200
   202
   203
   203
   202
   202
   203
   202
   196
   190
   174
   155
   151
   153
   154
   147
   142
   137
   130
   129
   142
   142
   149
   160
   168
   167
   170
   169
   166
   168
   164
   164
   158
   152
   151
   164
   171
   170
   168
   162
   153
   150
   166
   172
   175
   174
   173
   173
   175
   176
   174
   150
   121
   104
    86
    75
   109
   120
   134
   147
   156
   159
   161
   165
   165
   166
   171
   174
   177
   177
   172
   165
   158
   148
   131
   115
    96
    89
    98
   112
   124
   129
    60
    63
    50
    32
    35
    40
    47
    58
    59
    77
    95
    74
    55
    53
    65
    91
   119
   158
   176
   185
   187
   190
   190
   191
   196
   195
   192
   194
   196
   199
   200
   201
   202
   203
   202
   203
   205
   201
   196
   183
   167
   151
   145
   151
   150
   143
   139
   136
   135
   145
   163
   167
   159
   155
   157
   171
   178
   176
   174
   172
   172
   172
   169
   165
   157
   150
   158
   164
   162
   160
   165
   177
   178
   177
   180
   178
   177
   174
   176
   178
   172
   157
   128
   103
    76
    74
   113
   130
   149
   160
   167
   170
   170
   171
   167
   172
   171
   173
   173
   173
   169
   159
   149
   137
   122
   104
    89
    90
   104
   117
   127
   134
    59
    54
    48
    34
    38
    36
    42
    42
    58
    56
    82
    82
    68
    54
    54
    72
    96
   127
   161
   174
   185
   187
   190
   193
   194
   195
   196
   197
   196
   200
   201
   201
   202
   202
   202
   202
   202
   200
   193
   183
   168
   152
   142
   144
   144
   139
   137
   139
   135
   141
   156
   149
   159
   160
   161
   168
   180
   184
   184
   182
   182
   181
   182
   179
   180
   174
   171
   167
   168
   173
   179
   179
   179
   180
   182
   180
   177
   177
   177
   174
   169
   161
   135
   106
    71
    74
   123
   152
   165
   172
   173
   173
   172
   169
   167
   167
   171
   169
   168
   163
   160
   153
   138
   125
   109
    93
    85
    99
   112
   121
   129
   133
    62
    55
    47
    36
    39
    43
    43
    42
    49
    58
    62
    83
    71
    64
    56
    62
    76
   102
   138
   164
   176
   184
   185
   189
   193
   194
   194
   195
   197
   197
   200
   200
   201
   201
   201
   202
   201
   197
   193
   180
   169
   149
   140
   138
   141
   141
   143
   137
   133
   127
   140
   127
   160
   158
   158
   172
   181
   190
   192
   194
   191
   191
   191
   190
   190
   190
   187
   183
   181
   180
   179
   181
   177
   175
   179
   176
   173
   170
   171
   174
   170
   164
   150
   117
    71
    92
   147
   165
   172
   177
   179
   172
   170
   167
   166
   166
   166
   164
   161
   160
   154
   140
   131
   119
   102
    92
    93
   107
   117
   126
   130
   132
    63
    62
    52
    38
    39
    41
    41
    38
    41
    51
    50
    63
    70
    61
    65
    64
    71
    83
   105
   138
   163
   175
   179
   185
   191
   192
   193
   196
   197
   197
   198
   201
   200
   200
   202
   202
   202
   199
   188
   173
   146
   132
   139
   146
   138
   142
   143
   137
   125
   128
   125
   100
   148
   160
   150
   164
   176
   184
   192
   196
   194
   193
   195
   195
   193
   193
   192
   190
   184
   182
   178
   175
   178
   179
   180
   178
   179
   177
   176
   174
   169
   162
   154
   127
    89
   109
   164
   176
   182
   182
   174
   165
   155
   159
   163
   165
   163
   159
   158
   154
   144
   137
   124
   110
    92
    85
    98
   114
   124
   132
   135
   134
    58
    56
    51
    38
    31
    48
    49
    40
    43
    37
    57
    44
    71
    64
    53
    64
    66
    76
    89
   110
   143
   163
   182
   185
   189
   191
   190
   190
   195
   198
   198
   198
   201
   200
   200
   201
   199
   198
   190
   160
   130
   115
   126
   140
   143
   141
   143
   134
   119
   128
   110
   104
   127
   151
   147
   154
   168
   178
   191
   198
   200
   196
   196
   198
   198
   195
   195
   193
   189
   184
   181
   179
   178
   179
   183
   183
   181
   174
   176
   173
   170
   167
   160
   144
   124
   136
   162
   174
   178
   176
   173
   162
   150
   156
   162
   157
   156
   153
   152
   150
   137
   129
   120
   101
    91
    99
   109
   122
   130
   136
   136
   142
    59
    59
    44
    40
    35
    35
    47
    46
    41
    46
    39
    52
    52
    72
    61
    50
    65
    74
    86
    94
   115
   143
   163
   182
   183
   184
   185
   187
   188
   192
   195
   194
   194
   198
   200
   199
   199
   197
   186
   150
   107
   105
   115
   137
   140
   144
   144
   127
   124
   126
   105
   116
   122
   137
   144
   140
   155
   167
   181
   192
   200
   200
   197
   198
   198
   199
   200
   199
   195
   190
   186
   178
   174
   178
   179
   183
   182
   181
   176
   176
   172
   173
   173
   171
   161
   159
   170
   170
   173
   172
   170
   164
   162
   163
   158
   152
   150
   147
   144
   141
   132
   123
   108
    95
    91
   104
   119
   127
   134
   137
   139
   144
    58
    56
    49
    40
    38
    44
    44
    53
    43
    42
    51
    49
    50
    64
    64
    55
    54
    57
    74
    85
    95
   115
   145
   163
   178
   184
   184
   186
   187
   190
   193
   196
   195
   197
   196
   196
   198
   198
   188
   136
   103
    90
   114
   143
   142
   144
   141
   126
   130
   129
   114
   149
   136
   136
   143
   138
   141
   164
   178
   189
   195
   200
   200
   201
   201
   200
   201
   201
   195
   193
   188
   183
   178
   175
   175
   181
   183
   181
   178
   177
   175
   174
   175
   178
   176
   170
   171
   175
   171
   173
   170
   167
   167
   160
   155
   152
   151
   146
   144
   138
   130
   120
   102
    93
   102
   117
   127
   131
   133
   134
   144
   141
    56
    49
    44
    32
    36
    36
    38
    47
    45
    43
    38
    52
    54
    55
    68
    60
    53
    56
    64
    73
    86
    93
   118
   146
   160
   174
   184
   183
   190
   189
   190
   193
   194
   192
   195
   194
   198
   195
   185
   127
    95
    97
   119
   144
   148
   150
   140
   127
   137
   123
    79
   109
   138
   138
   130
   141
   135
   155
   173
   186
   195
   197
   200
   201
   201
   202
   202
   201
   199
   198
   194
   190
   182
   177
   172
   179
   181
   183
   180
   178
   179
   178
   180
   179
   182
   176
   174
   176
   176
   175
   171
   161
   161
   158
   151
   147
   146
   145
   143
   136
   127
   111
    96
    99
   113
   122
   128
   134
   136
   141
   140
   138
    46
    40
    37
    35
    32
    42
    35
    47
    47
    44
    41
    45
    54
    52
    60
    58
    60
    61
    55
    65
    71
    83
    90
   120
   140
   155
   165
   175
   184
   189
   191
   191
   191
   192
   189
   195
   192
   191
   176
   125
    96
    92
   119
   144
   149
   149
   135
   135
   146
   123
    57
    48
    78
   137
   134
   145
   138
   144
   171
   183
   192
   199
   199
   201
   202
   202
   201
   200
   198
   197
   198
   193
   192
   187
   179
   177
   180
   180
   178
   174
   174
   177
   181
   182
   180
   176
   178
   183
   179
   173
   166
   163
   159
   150
   145
   142
   142
   141
   137
   130
   117
   101
    98
   111
   121
   129
   133
   133
   138
   139
   143
   142
    54
    40
    37
    33
    29
    41
    43
    44
    49
    41
    46
    42
    52
    55
    57
    66
    52
    55
    62
    56
    58
    65
    81
    90
   113
   137
   156
   159
   172
   184
   189
   190
   191
   190
   189
   189
   192
   191
   172
   118
   101
    93
   120
   142
   144
   151
   137
   140
   144
   115
    46
    49
    64
   120
   138
   144
   146
   139
   162
   179
   190
   197
   199
   202
   201
   203
   201
   201
   200
   199
   196
   197
   193
   188
   185
   180
   176
   181
   180
   181
   178
   175
   176
   173
   172
   174
   177
   176
   174
   168
   164
   159
   153
   144
   140
   142
   142
   140
   132
   124
   106
    93
   107
   120
   127
   133
   132
   133
   138
   143
   142
   142
    75
    44
    32
    39
    29
    36
    46
    43
    55
    50
    44
    44
    43
    53
    56
    61
    54
    46
    56
    60
    59
    54
    55
    68
    81
    98
   124
   150
   154
   172
   183
   189
   190
   193
   192
   189
   191
   190
   162
   112
   102
    99
   119
   147
   150
   156
   146
   150
   154
   122
    58
    43
    79
   111
   125
   133
   143
   138
   158
   177
   191
   196
   200
   201
   202
   202
   203
   201
   200
   200
   198
   197
   193
   188
   183
   180
   178
   179
   182
   183
   173
   162
   171
   171
   173
   173
   175
   174
   171
   167
   161
   154
   146
   143
   145
   143
   143
   138
   130
   110
    96
   109
   122
   127
   134
   135
   136
   135
   137
   136
   137
   139
    76
    46
    34
    36
    28
    30
    40
    44
    52
    53
    48
    50
    46
    46
    51
    59
    67
    54
    52
    56
    55
    69
    67
    49
    56
    75
    89
   120
   147
   152
   169
   180
   184
   188
   190
   187
   187
   183
   156
   104
    93
    92
   115
   153
   154
   159
   148
   154
   159
   133
   103
    53
    61
   101
   115
   123
   142
   141
   151
   172
   187
   196
   200
   199
   202
   202
   202
   201
   201
   201
   198
   195
   193
   191
   188
   182
   180
   177
   177
   174
   164
   159
   163
   164
   163
   166
   168
   167
   169
   165
   156
   148
   145
   143
   143
   141
   139
   127
   112
    98
   106
   120
   124
   132
   134
   132
   137
   138
   137
   136
   136
   134
   101
    55
    38
    34
    30
    26
    39
    45
    43
    50
    51
    43
    41
    38
    44
    53
    64
    54
    48
    47
    56
    52
    68
    72
    53
    48
    61
    76
   116
   138
   151
   166
   178
   184
   183
   185
   184
   182
   148
   106
    87
    86
   112
   156
   158
   159
   153
   150
   161
   125
    48
    48
    51
    79
   117
   122
   140
   139
   147
   167
   184
   193
   199
   201
   201
   201
   199
   198
   199
   197
   196
   193
   190
   188
   187
   185
   183
   180
   172
   167
   167
   166
   166
   166
   166
   167
   169
   167
   163
   154
   146
   145
   143
   142
   143
   138
   128
   114
    98
   104
   120
   127
   135
   133
   130
   131
   134
   133
   135
   134
   130
   129
   109
    76
    49
    36
    36
    26
    35
    37
    46
    52
    50
    48
    47
    48
    41
    51
    60
    55
    52
    48
    48
    55
    57
    69
    79
    63
    53
    61
    80
   119
   131
   151
   163
   175
   181
   185
   187
   184
   154
   107
    94
    81
   121
   158
   158
   160
   154
   149
   157
   141
    65
    28
    56
   102
   109
   129
   139
   143
   143
   166
   181
   193
   198
   200
   201
   200
   199
   200
   200
   200
   193
   195
   189
   187
   185
   180
   177
   177
   170
   168
   166
   164
   165
   168
   165
   165
   162
   162
   153
   151
   148
   144
   141
   139
   136
   131
   115
    99
   104
   118
   130
   133
   132
   132
   134
   134
   136
   136
   134
   133
   131
   129
   105
    90
    54
    48
    33
    31
    31
    39
    46
    54
    50
    46
    45
    43
    43
    45
    62
    64
    46
    49
    52
    52
    55
    60
    68
    81
    63
    44
    48
    94
   126
   129
   152
   167
   174
   180
   184
   182
   158
   107
   105
    89
   119
   157
   157
   155
   155
   140
   154
   142
    89
    71
   111
   127
   104
   113
   140
   140
   144
   160
   179
   191
   198
   199
   202
   201
   200
   199
   200
   197
   194
   191
   193
   188
   184
   180
   178
   177
   173
   168
   163
   161
   163
   162
   163
   162
   161
   156
   151
   147
   146
   142
   143
   135
   129
   114
    98
   102
   122
   129
   131
   134
   132
   134
   133
   131
   131
   131
   128
   127
   126
   129
    90
    97
    68
    47
    32
    33
    33
    42
    46
    52
    56
    52
    50
    50
    54
    43
    53
    66
    65
    49
    49
    53
    48
    56
    57
    66
    84
    75
    56
    48
    93
   123
   126
   143
   164
   166
   175
   176
   151
   117
   106
    92
   120
   152
   156
   156
   150
   132
   140
   135
   102
    66
   108
   111
    95
   119
   130
   140
   146
   164
   179
   192
   198
   200
   198
   197
   198
   199
   198
   192
   190
   189
   187
   185
   183
   177
   178
   173
   166
   166
   165
   162
   160
   159
   153
   153
   150
   147
   148
   145
   142
   136
   133
   129
   111
    95
   105
   123
   127
   127
   126
   125
   126
   126
   130
   129
   128
   122
   120
   123
   123
   124
    85
    90
    88
    49
    38
    32
    27
    38
    43
    50
    49
    50
    54
    46
    46
    54
    44
    60
    61
    54
    41
    47
    52
    49
    54
    61
    73
    86
    83
    59
    52
    95
   124
   130
   143
   160
   163
   172
   149
   106
   110
   107
   113
   150
   160
   154
   148
   129
   123
   130
   117
    54
    49
    76
    81
   106
   133
   140
   145
   162
   180
   193
   195
   197
   196
   195
   195
   195
   194
   193
   191
   189
   185
   185
   183
   176
   174
   168
   166
   162
   160
   157
   154
   150
   152
   146
   146
   143
   144
   140
   138
   131
   126
   109
   101
   105
   124
   123
   126
   122
   123
   122
   125
   128
   126
   129
   123
   131
   128
   128
   125
   121
    91
    81
    90
    72
    39
    33
    33
    35
    38
    48
    48
    48
    44
    49
    40
    47
    53
    50
    61
    53
    49
    45
    52
    58
    52
    52
    62
    76
    80
    86
    66
    56
    89
   120
   130
   139
   153
   163
   153
   112
    94
   110
   116
   150
   154
   147
   148
   140
   112
   124
   113
    99
    43
    46
    61
    92
   127
   138
   150
   164
   179
   190
   196
   194
   195
   196
   195
   191
   188
   187
   187
   186
   184
   181
   176
   169
   165
   160
   158
   160
   155
   149
   149
   152
   148
   147
   145
   142
   138
   132
   129
   125
   114
   107
   109
   123
   119
   122
   120
   122
   122
   122
   119
   114
   111
   102
    97
    87
    79
    77
    79
    77
    81
    86
    82
    89
    49
    32
    36
    32
    39
    48
    45
    42
    52
    52
    39
    41
    57
    47
    57
    58
    51
    49
    39
    52
    59
    54
    47
    66
    76
    76
    78
    70
    65
    94
   114
   126
   140
   158
   149
   108
    85
   110
   118
   148
   154
   147
   144
   141
   114
   102
   113
   102
    72
    30
    44
    93
   127
   138
   148
   166
   183
   188
   189
   194
   192
   194
   193
   189
   188
   185
   183
   183
   180
   177
   172
   165
   157
   150
   145
   146
   144
   143
   141
   145
   146
   140
   140
   134
   133
   125
   122
   111
    77
    51
    49
    46
    41
    39
    33
    38
    32
    28
    27
    26
    25
    24
    21
    15
     9
     9
    11
    15
   101
    86
    93
    82
    71
    36
    36
    33
    39
    41
    50
    38
    47
    50
    52
    34
    44
    57
    60
    58
    49
    48
    51
    42
    49
    58
    58
    52
    65
    66
    75
    79
    83
    76
   108
   118
   126
   138
   153
   119
    87
    95
   111
   139
   153
   145
   149
   141
   135
   103
   103
   106
    92
    60
    54
    94
   125
   137
   152
   165
   177
   188
   191
   191
   194
   192
   191
   187
   186
   185
   183
   180
   176
   174
   169
   162
   152
   147
   145
   144
   145
   145
   144
   142
   136
   138
   132
   130
   126
   120
    95
    38
     8
     8
     6
     6
     7
     9
    10
     8
    11
     9
    10
    22
    22
    23
    29
    45
    53
    52
    56
    47
   111
    99
    89
    90
    81
    53
    36
    33
    35
    41
    46
    38
    42
    48
    59
    44
    47
    57
    60
    60
    51
    39
    44
    42
    38
    52
    58
    56
    56
    61
    60
    75
    80
    87
    80
   112
   120
   129
   140
   140
    81
    93
   100
   127
   152
   144
   147
   142
   137
   131
   112
   112
   109
    89
    82
   106
   128
   139
   153
   171
   178
   183
   185
   188
   186
   187
   187
   184
   179
   177
   175
   175
   172
   164
   158
   152
   149
   146
   141
   139
   139
   135
   132
   131
   133
   132
   131
   125
   109
    64
    16
     9
    13
    17
    16
    20
    23
    22
    19
    17
    22
    37
    36
    38
    46
    60
    59
    51
    55
    56
    50
    52
   105
   110
    98
    90
    83
    68
    43
    37
    35
    40
    50
    41
    33
    51
    54
    58
    40
    53
    58
    62
    50
    46
    39
    45
    39
    36
    54
    57
    52
    55
    63
    50
    75
    75
    90
    83
   110
   126
   127
   137
   105
    82
   115
   122
   138
   140
   143
   136
   128
   126
   125
   116
   117
   110
   103
   121
   134
   147
   159
   167
   176
   178
   181
   184
   182
   182
   181
   181
   179
   174
   174
   167
   163
   158
   151
   146
   140
   136
   137
   134
   133
   129
   130
   131
   131
   129
   107
    68
    25
     4
    15
    19
    21
    21
    23
    19
    14
    16
    22
    24
    20
    35
    49
    45
    44
    51
    65
    70
    65
    68
    69
    66
   108
   108
   110
    99
    90
    80
    55
    42
    37
    42
    52
    49
    30
    39
    50
    50
    48
    45
    55
    52
    51
    41
    41
    41
    43
    41
    35
    65
    66
    51
    53
    56
    45
    73
    75
    86
    80
    96
   118
   120
   122
    81
    88
   127
   133
   133
   140
   135
   125
   126
   127
   122
   121
   124
   125
   128
   143
   151
   160
   168
   172
   176
   177
   180
   183
   178
   178
   175
   176
   175
   167
   161
   160
   154
   146
   141
   137
   135
   130
   127
   126
   126
   127
   122
    93
    59
    22
    10
    11
    22
    23
    24
    22
    20
    17
    23
    22
    18
    17
    18
    24
    34
    50
    60
    58
    51
    60
    67
    72
    70
    77
    84
   113
   109
   108
   104
    94
    94
    71
    50
    41
    39
    47
    62
    40
    36
    50
    50
    49
    41
    54
    58
    51
    45
    36
    35
    42
    43
    40
    37
    64
    57
    49
    59
    46
    45
    80
    74
    86
    83
    94
   117
   112
    99
    58
    97
   133
   123
   137
   140
   132
   129
   128
   130
   130
   138
   143
   147
   153
   162
   166
   167
   172
   171
   176
   177
   181
   181
   177
   173
   170
   167
   164
   157
   149
   149
   141
   139
   130
   125
   119
   122
   121
   106
    82
    45
    17
     4
    11
    20
    25
    24
    26
    22
    22
    22
    23
    17
    20
    20
    21
    19
    21
    24
    44
    59
    72
    68
    63
    74
    72
    72
    70
    75
   110
   111
   109
   107
   111
    95
    88
    63
    44
    48
    53
    52
    48
    31
    40
    52
    54
    50
    49
    47
    46
    44
    41
    39
    39
    43
    45
    36
    33
    60
    57
    53
    60
    34
    44
    89
    66
    80
    76
    92
   115
   110
    91
    45
    75
   113
   124
   132
   131
   131
   134
   130
   135
   137
   142
   152
   159
   158
   168
   171
   170
   167
   167
   172
   169
   169
   167
   163
   163
   161
   154
   147
   145
   130
   123
   113
   103
    89
    78
    61
    36
    15
     5
     8
    15
    24
    24
    19
    16
    18
    17
    21
    20
    20
    20
    20
    21
    18
    20
    19
    18
    20
    39
    49
    57
    69
    72
    69
    76
    77
    79
    77
   110
   111
   107
   108
   110
   106
   107
    85
    49
    38
    40
    57
    50
    34
    34
    52
    49
    51
    49
    50
    54
    44
    39
    35
    31
    41
    46
    46
    34
    43
    64
    52
    53
    45
    31
    48
    88
    58
    71
    66
    92
   109
   109
    87
    39
    46
    73
   100
   111
   116
   124
   130
   132
   136
   142
   144
   155
   161
   161
   164
   163
   162
   164
   163
   162
   164
   164
   160
   154
   150
   142
   133
   120
   112
   100
    84
    82
    96
   106
    89
    23
     8
    11
    16
    16
    18
    20
    17
    21
    18
    22
    21
    19
    16
    16
    16
    18
    19
    19
    20
    17
    17
    23
    52
    55
    61
    66
    72
    68
    75
    81
    75
   110
   112
   110
   109
   106
   113
   106
   109
    91
    50
    47
    46
    61
    53
    35
    48
    55
    51
    49
    47
    51
    46
    41
    42
    36
    31
    44
    52
    41
    31
    54
    68
    47
    59
    39
    28
    49
    81
    55
    68
    63
    73
    98
   104
   106
    74
    50
    44
    66
    92
   112
   121
   131
   135
   139
   143
   145
   149
   152
   154
   158
   162
   163
   158
   158
   152
   149
   141
   130
   118
   110
    99
    92
    90
    85
   103
   128
   146
   145
   124
    83
    24
    19
    18
    20
    21
    17
    20
    17
    21
    20
    19
    19
    19
    18
    20
    19
    17
    21
    17
    18
    19
    19
    32
    48
    58
    66
    66
    73
    70
    81
    86
   111
   110
   110
   109
   105
   104
   110
   105
   100
    74
    47
    50
    46
    54
    41
    34
    52
    49
    52
    50
    45
    44
    31
    41
    38
    35
    37
    43
    47
    36
    33
    67
    57
    53
    46
    37
    33
    52
    69
    46
    60
    65
    71
    91
   101
   108
   105
   102
    88
    86
    94
   105
   117
   121
   126
   134
   137
   138
   135
   138
   139
   142
   140
   137
   129
   123
   113
   107
   101
    98
    88
    85
    90
    96
   109
   117
   122
   128
   131
   125
    92
    30
    18
    20
    17
    13
    18
    20
    22
    21
    20
    17
    16
    19
    18
    16
    20
    22
    20
    22
    21
    16
    17
    24
    41
    54
    64
    65
    67
    76
    71
    74
   110
   109
   110
   109
   106
   106
   106
   104
   107
   103
    66
    62
    44
    37
    41
    40
    42
    65
    49
    55
    50
    48
    36
    32
    43
    37
    34
    30
    45
    46
    31
    43
    71
    40
    61
    41
    37
    40
    62
    53
    40
    55
    59
    69
    85
    96
   101
   105
   108
   103
    96
   100
   101
   111
   112
   119
   122
   122
   123
   122
   121
   118
   114
   112
   113
   110
   110
   105
   101
    91
    94
    98
   102
    92
    95
   106
   101
    94
    94
    92
    69
    28
    16
    17
    17
    22
    22
    22
    20
    16
    15
    17
    16
    15
    13
    19
    16
    18
    22
    20
    22
    24
    15
    17
    36
    52
    61
    58
    60
    71
    79
    75
   110
   109
   109
   109
   112
   106
   108
   109
   101
   104
    98
    53
    60
    46
    36
    49
    43
    49
    57
    49
    52
    46
    39
    23
    31
    38
    41
    41
    27
    49
    49
    32
    57
    55
    48
    49
    41
    41
    41
    69
    46
    42
    48
    50
    45
    63
    70
    74
    85
    93
   100
   103
   109
   109
   111
   116
   121
   124
   124
   124
   121
   122
   119
   117
   110
   103
    83
    64
    54
    62
    52
    44
    40
    59
    69
    64
    64
    58
    52
    52
    27
    21
    21
    21
    28
    25
    26
    28
    28
    32
    30
    27
    24
    29
    28
    20
    20
    18
    20
    20
    22
    22
    24
    21
    27
    38
    49
    54
    65
    76
    79
    79
   106
   109
   109
   110
   110
   111
   108
   108
   108
   102
   104
    85
    57
    63
    41
    40
    54
    46
    57
    57
    54
    46
    48
    32
    22
    29
    39
    56
    28
    28
    48
    43
    33
    67
    53
    53
    38
    38
    43
    54
    68
    42
    45
    53
    48
    25
    44
    51
    51
    54
    62
    69
    77
    83
    97
    97
   101
   100
   101
   105
   101
    99
    94
    87
    68
    48
    28
    18
    16
    18
    19
    21
    23
    25
    28
    30
    36
    37
    42
    37
    32
    31
    30
    27
    27
    30
    28
    28
    28
    23
    23
    27
    29
    22
    24
    29
    28
    27
    25
    24
    22
    27
    28
    24
    25
    36
    40
    49
    69
    70
    78
    87
   111
   110
   111
   110
   111
   107
   108
   111
   109
   106
   100
   110
    68
    66
    61
    40
    48
    46
    49
    56
    56
    48
    41
    41
    27
    27
    26
    39
    46
    29
    33
    55
    49
    51
    54
    59
    47
    34
    37
    35
    56
    61
    36
    39
    66
    50
    20
    19
    20
    26
    22
    27
    27
    26
    21
    31
    38
    37
    43
    40
    49
    38
    29
    18
    14
    10
    13
    21
    27
    29
    29
    32
    29
    33
    35
    36
    32
    34
    33
    36
    36
    35
    34
    33
    29
    28
    26
    24
    21
    23
    21
    20
    17
    23
    25
    19
    22
    22
    24
    23
    21
    17
    17
    18
    21
    33
    33
    43
    60
    75
    76
    72
   111
   110
   109
   109
   109
   109
   108
   109
   109
   108
   102
   101
   104
    69
    74
    57
    38
    45
    42
    46
    60
    58
    45
    37
    35
    23
    31
    30
    47
    35
    27
    36
    57
    48
    59
    51
    48
    36
    31
    37
    41
    61
    51
    32
    33
    60
    61
    38
    19
    12
    16
    14
    15
    21
    23
    18
    13
    14
    16
    21
    17
    20
    17
    16
    18
    20
    25
    28
    25
    28
    36
    41
    42
    34
    36
    35
    37
    33
    28
    27
    27
    28
    30
    26
    29
    27
    25
    24
    22
    18
    18
    16
    20
    17
    12
    19
    16
    15
    19
    16
    16
    17
    19
    17
    15
    28
    32
    60
    63
    68
    77
    79
   109
   111
   109
   109
   108
   109
   111
   109
   109
   110
   106
   101
   104
    96
    63
    76
    46
    44
    37
    44
    41
    58
    45
    41
    32
    28
    22
    32
    31
    45
    32
    23
    46
    53
    54
    51
    55
    45
    36
    42
    43
    52
    57
    44
    28
    24
    47
    55
    61
    39
    21
    18
    20
    19
    21
    22
    18
    17
    17
    14
    16
    12
    16
    20
    20
    24
    25
    29
    41
    46
    39
    32
    25
    25
    25
    29
    26
    29
    29
    27
    27
    30
    31
    33
    31
    26
    23
    25
    23
    21
    22
    19
    18
    16
    19
    13
    14
    18
    14
    16
    19
    18
    15
    16
    18
    17
    31
    56
    72
    72
    76
    78
   107
   111
   110
   111
   109
   108
   105
   110
   109
   109
   111
   103
   101
   104
    85
    52
    61
    44
    44
    37
    46
    41
    55
    41
    42
    29
    24
    30
    31
    35
    49
    31
    29
    55
    52
    53
    55
    42
    45
    32
    49
    53
    55
    53
    34
    29
    34
    29
    41
    59
    59
    46
    33
    29
    30
    30
    31
    27
    28
    26
    31
    33
    34
    38
    40
    42
    43
    47
    42
    34
    30
    30
    28
    30
    27
    27
    23
    24
    26
    27
    27
    26
    26
    22
    27
    30
    26
    23
    22
    20
    19
    20
    20
    17
    13
    17
    19
    15
    17
    20
    19
    17
    17
    13
    14
    19
    34
    59
    73
    79
    78
    79
   110
   110
   110
   111
   108
   109
   112
   107
   110
   111
   110
   109
   105
   103
   105
    72
    48
    48
    51
    40
    37
    46
    49
    40
    42
    45
    34
    32
    33
    36
    33
    42
    26
    37
    53
    56
    53
    59
    38
    45
    35
    52
    51
    62
    54
    32
    33
    38
    30
    38
    53
    55
    58
    56
    43
    38
    42
    36
    38
    38
    34
    32
    34
    36
    42
    41
    38
    36
    32
    33
    32
    27
    29
    26
    31
    25
    27
    24
    21
    27
    25
    28
    28
    32
    27
    23
    25
    28
    30
    25
    25
    23
    22
    21
    17
    17
    17
    21
    16
    16
    14
    21
    19
    18
    18
    18
    31
    63
    71
    76
    78
    78
   106
   111
   109
   108
   110
   106
   108
   112
   110
   106
   108
   107
   107
    99
   105
   105
    58
    38
    67
    59
    48
    44
    39
    50
    46
    45
    43
    37
    39
    36
    36
    40
    37
    27
    47
    49
    52
    56
    40
    39
    44
    38
    45
    46
    44
    42
    34
    37
    32
    25
    25
    36
    47
    52
    54
    53
    39
    43
    44
    42
    43
    49
    43
    35
    24
    23
    25
    27
    28
    25
    26
    31
    28
    24
    19
    18
    16
    20
    22
    19
    22
    24
    26
    21
    28
    27
    21
    19
    22
    28
    29
    27
    23
    26
    29
    19
    20
    18
    22
    21
    19
    12
    17
    19
    17
    17
    26
    51
    64
    72
    78
    85
   109
   106
   107
   111
   109
   108
   110
   108
   108
   109
   110
   110
   107
   109
   100
   105
   100
    39
    47
    78
    66
    48
    43
    44
    47
    42
    41
    46
    31
    46
    35
    36
    38
    29
    34
    50
    47
    57
    54
    32
    43
    40
    43
    44
    48
    37
    35
    30
    28
    22
    26
    24
    34
    46
    50
    41
    40
    33
    35
    36
    39
    35
    43
    50
    51
    32
    18
    26
    24
    24
    23
    23
    23
    24
    26
    21
    22
    18
    16
    25
    19
    16
    19
    24
    23
    24
    21
    22
    18
    26
    17
    24
    28
    25
    20
    25
    21
    18
    18
    15
    14
    19
    16
    15
    16
    13
    21
    51
    62
    71
    72
    77
