   116
   116
   116
   112
   114
   113
   115
   115
   114
   115
   112
   114
   112
   104
   108
    96
    86
    90
    95
    94
    92
    82
    74
    73
    70
    71
    67
    66
    65
    62
    62
    61
    67
    79
    81
    71
    63
    65
    68
    63
    53
    55
    56
    45
    42
    38
    31
    29
    37
    41
    43
    47
    49
    55
    56
    48
    45
    40
    34
    33
    39
    38
    41
    41
    35
    31
    33
    29
    31
    28
    29
    29
    26
    29
    33
    31
    34
    31
    32
    33
    30
    30
    27
    28
    27
    20
    21
    23
    35
    34
    31
    30
    29
    16
    17
    20
    26
    36
    31
    29
    28
    27
    32
    22
    23
    22
    18
    22
    20
    23
    27
    28
   116
   114
   112
   115
   117
   117
   116
   115
   115
   115
   113
   112
   112
   110
   109
    84
   100
    93
   100
    98
    80
    69
    63
    59
    63
    68
    61
    67
    72
    73
    70
    69
    71
    71
    66
    64
    67
    71
    60
    51
    55
    49
    42
    38
    32
    28
    37
    44
    51
    52
    48
    50
    52
    49
    44
    41
    34
    37
    36
    37
    37
    38
    37
    31
    30
    30
    28
    26
    26
    26
    27
    29
    28
    28
    26
    28
    26
    26
    26
    27
    27
    22
    23
    22
    20
    21
    20
    20
    18
    24
    27
    32
    34
    28
    24
    26
    31
    30
    30
    26
    26
    28
    25
    23
    21
    18
    20
    19
    21
    22
    29
    27
   117
   116
   117
   116
   116
   116
   115
   114
   115
   114
   116
   116
   110
   110
    85
    86
    99
    97
   102
    90
    74
    67
    56
    59
    56
    55
    56
    71
    68
    70
    66
    67
    65
    61
    68
    68
    67
    58
    50
    54
    50
    43
    40
    38
    46
    58
    51
    55
    56
    51
    54
    49
    43
    42
    37
    36
    36
    32
    30
    28
    26
    24
    24
    24
    25
    28
    28
    27
    24
    24
    25
    24
    24
    22
    25
    23
    24
    21
    26
    20
    24
    25
    25
    26
    26
    22
    24
    23
    27
    29
    27
    25
    22
    26
    26
    29
    31
    26
    23
    25
    25
    25
    24
    21
    22
    23
    21
    23
    25
    28
    29
    38
   114
   116
   115
   116
   115
   117
   115
   115
   117
   114
   111
   107
   110
    89
    80
    96
    99
    94
    96
    76
    66
    59
    57
    51
    51
    54
    59
    63
    66
    65
    71
    70
    59
    66
    63
    65
    52
    48
    52
    46
    41
    45
    46
    52
    54
    49
    53
    50
    45
    42
    37
    34
    30
    30
    27
    26
    22
    25
    24
    20
    24
    25
    26
    27
    24
    17
    12
    11
    18
    15
     5
    17
    22
    21
    20
    23
    24
    26
    22
    26
    24
    19
    20
    23
    24
    24
    20
    20
    17
    15
    20
    20
    23
    24
    25
    27
    23
    25
    25
    22
    25
    21
    21
    22
    21
    22
    22
    25
    25
    19
    34
    44
   118
   116
   116
   114
   116
   116
   117
   117
   113
   112
   110
   103
    96
    82
    94
   106
    97
    91
    81
    70
    60
    51
    42
    49
    51
    55
    58
    54
    63
    72
    73
    59
    64
    63
    66
    57
    51
    45
    39
    39
    44
    44
    45
    45
    46
    41
    34
    29
    24
    23
    20
    21
    23
    17
    19
    18
    20
    20
    19
    23
    19
    22
    17
    11
    17
    32
    52
    66
    90
    97
    75
    23
    21
    22
    24
    20
    20
    21
    23
    24
    21
    26
    24
    23
    23
    18
    20
    23
    20
    22
    22
    24
    21
    20
    24
    24
    25
    18
    17
    20
    17
    19
    18
    21
    19
    20
    26
    23
    24
    25
    39
    41
   114
   116
   113
   116
   116
   117
   115
   115
   114
   112
   105
    94
    88
    90
    97
   101
    94
    83
    71
    66
    56
    48
    50
    46
    46
    45
    47
    57
    69
    72
    61
    59
    58
    58
    49
    48
    47
    43
    42
    41
    39
    37
    34
    29
    23
    24
    23
    20
    13
    11
    10
    14
    12
    14
    15
    14
    15
    12
    15
    13
    13
    11
    11
    37
    73
    89
   101
   106
   114
   121
   115
    59
    12
    17
    15
    19
    21
    22
    20
    20
    23
    23
    23
    23
    19
    22
    20
    20
    23
    20
    23
    20
    23
    23
    24
    23
    24
    20
    22
    23
    24
    23
    24
    20
    22
    19
    18
    17
    19
    36
    48
    54
   115
   115
   113
   111
   114
   114
   109
   106
   106
   106
    98
    94
    91
    94
   103
    94
    84
    71
    70
    65
    54
    45
    45
    50
    47
    46
    52
    57
    56
    54
    55
    47
    54
    43
    39
    41
    44
    44
    40
    30
    26
    21
    17
    13
    16
     7
     2
    16
    35
    61
    86
   103
   112
   117
   120
   122
   122
   120
   118
   112
   103
    96
    91
    97
    98
   104
   101
   108
   115
   119
   104
    81
    40
    31
    32
    24
    20
    16
     7
     3
     0
     3
     9
    11
    18
    27
    24
    24
    22
    24
    27
    26
    22
    25
    26
    25
    23
    27
    21
    25
    24
    21
    22
    23
    17
    16
    14
    14
    22
    42
    53
    54
   116
   112
   113
   111
   105
   106
   112
   118
   115
   109
    95
    91
   100
   102
   100
    92
    69
    64
    65
    56
    47
    40
    53
    58
    48
    52
    52
    52
    47
    47
    41
    46
    38
    37
    38
    37
    35
    32
    27
    25
    13
    16
     6
    11
    26
    56
    91
   123
   140
   150
   155
   158
   164
   168
   167
   173
   174
   173
   170
   173
   173
   172
   170
   166
   161
   156
   153
   151
   146
   145
   144
   142
   153
   154
   153
   151
   144
   146
   139
   134
   121
    95
    68
    46
    30
     8
     9
    15
    18
    21
    19
    19
    19
    19
    20
    18
    22
    21
    25
    24
    24
    26
    27
    24
    24
    21
    19
    15
    29
    42
    46
    55
   114
   113
   112
   107
   111
   112
   105
    94
    98
    98
    90
    93
    93
    99
    90
    81
    68
    68
    60
    60
    50
    45
    55
    68
    56
    55
    51
    42
    42
    43
    40
    39
    34
    32
    31
    26
    24
    16
    11
    13
    21
    42
    67
    95
   122
   138
   152
   158
   165
   173
   180
   185
   187
   188
   190
   192
   192
   191
   188
   187
   188
   187
   187
   183
   178
   176
   171
   172
   170
   166
   164
   166
   165
   165
   168
   167
   168
   166
   166
   166
   164
   162
   159
   152
   140
   115
    76
    33
    13
     6
    16
    20
    21
    18
    17
    20
    18
    22
    20
    24
    23
    20
    20
    18
    16
    17
    19
    23
    34
    42
    48
    57
   112
   112
   108
   109
   106
   107
    93
    93
    95
    90
    95
    94
    93
    76
    75
    64
    65
    66
    59
    66
    59
    56
    61
    69
    58
    48
    44
    36
    46
    48
    40
    28
    25
    25
    20
    23
    26
    46
    69
    92
   123
   134
   142
   152
   156
   166
   172
   180
   187
   189
   193
   194
   197
   197
   198
   198
   197
   198
   193
   198
   194
   196
   192
   189
   190
   187
   183
   180
   179
   177
   176
   174
   170
   172
   171
   173
   174
   175
   175
   175
   172
   171
   173
   172
   166
   160
   156
   146
   114
    68
    19
     7
    12
    21
    23
    19
    21
    17
    17
    16
    15
    18
    17
    17
    18
    18
    19
    25
    40
    50
    57
    63
   114
   109
   109
   110
   109
   100
    99
   110
   102
    89
    92
    98
    90
    81
    77
    64
    62
    61
    62
    63
    51
    54
    58
    51
    56
    46
    45
    44
    41
    34
    33
    32
    48
    64
    88
   110
   124
   134
   143
   149
   152
   160
   162
   168
   175
   179
   186
   190
   193
   197
   198
   200
   200
   201
   199
   197
   197
   197
   201
   199
   201
   198
   200
   198
   195
   191
   190
   187
   184
   178
   179
   178
   178
   176
   177
   175
   175
   177
   175
   174
   177
   176
   174
   179
   180
   176
   171
   164
   162
   160
   143
    96
    40
     2
     9
    19
    17
    18
    19
    18
    19
    16
    16
    19
    17
    17
    18
    27
    39
    50
    55
    63
   106
   109
   116
   112
   105
    95
   103
   107
   103
    92
    93
    93
    82
    90
    73
    64
    59
    60
    57
    56
    49
    51
    46
    41
    42
    39
    40
    40
    44
    53
    78
    96
   120
   130
   136
   142
   154
   153
   148
   147
   155
   160
   166
   172
   175
   181
   185
   190
   196
   199
   200
   201
   201
   201
   202
   201
   201
   202
   201
   199
   200
   201
   202
   200
   197
   195
   196
   192
   191
   191
   187
   183
   183
   179
   179
   180
   178
   176
   177
   178
   180
   179
   181
   178
   179
   178
   176
   174
   170
   169
   167
   161
   149
   108
    37
     9
    18
    21
    18
    18
    17
    17
    16
    13
    18
    20
    20
    32
    49
    54
    64
    70
   111
   108
   105
   105
    98
    92
   103
   103
    94
    94
    96
    94
    94
    81
    66
    63
    66
    58
    50
    54
    48
    44
    40
    42
    36
    38
    45
    56
    82
   107
   124
   135
   144
   151
   156
   155
   148
   136
   143
   149
   159
   160
   163
   167
   174
   177
   182
   188
   192
   197
   200
   200
   200
   201
   202
   202
   202
   203
   202
   202
   201
   201
   201
   202
   201
   199
   199
   198
   199
   195
   192
   190
   187
   187
   186
   185
   185
   183
   182
   182
   182
   180
   179
   180
   183
   178
   177
   173
   173
   172
   171
   168
   166
   160
   143
    89
    22
     8
    18
    21
    18
    20
    18
    20
    18
    14
    22
    37
    45
    57
    64
    74
   109
   104
   108
   103
    94
    95
    98
   100
    91
    92
    89
    85
    84
    69
    62
    55
    58
    51
    46
    45
    46
    45
    43
    36
    49
    68
    88
   107
   125
   136
   151
   156
   162
   162
   159
   136
   134
   143
   160
   167
   168
   163
   161
   161
   159
   158
   167
   169
   184
   192
   195
   199
   200
   202
   203
   202
   203
   205
   204
   204
   204
   203
   202
   203
   202
   203
   203
   201
   201
   197
   194
   193
   193
   190
   191
   190
   188
   186
   186
   186
   188
   188
   187
   186
   182
   179
   177
   175
   174
   174
   175
   176
   172
   168
   161
   155
   130
    53
     2
    14
    19
    18
    20
    18
    18
    22
    32
    37
    45
    52
    64
    73
   110
   109
   109
   111
    90
    98
   101
   101
   100
    93
    86
    82
    71
    56
    55
    54
    59
    44
    43
    43
    41
    40
    44
    74
    96
   117
   130
   140
   145
   153
   161
   168
   174
   173
   153
   130
   149
   168
   176
   176
   170
   164
   159
   159
   145
   127
   140
   150
   167
   183
   195
   195
   200
   199
   202
   203
   204
   205
   205
   205
   205
   203
   206
   203
   201
   202
   202
   202
   201
   200
   199
   198
   194
   193
   192
   193
   190
   189
   189
   191
   190
   193
   193
   191
   188
   187
   182
   180
   177
   178
   177
   174
   176
   174
   169
   164
   156
   145
    87
    16
     8
    11
    12
    13
    13
    19
    36
    54
    64
    78
    84
    85
   109
   108
   111
   108
    92
    95
   103
   110
   104
    93
    84
    74
    59
    57
    51
    51
    42
    39
    32
    34
    37
    47
    90
   116
   131
   139
   147
   159
   169
   174
   176
   180
   185
   168
   147
   132
   162
   179
   182
   177
   168
   159
   153
   147
   127
   104
   112
   127
   149
   173
   188
   191
   194
   197
   201
   202
   205
   205
   205
   205
   204
   205
   204
   203
   204
   203
   202
   202
   200
   201
   200
   197
   197
   195
   194
   193
   193
   192
   192
   197
   198
   198
   198
   197
   196
   192
   188
   186
   183
   181
   180
   180
   176
   175
   171
   167
   162
   156
   146
   115
    58
    35
    21
    15
    17
    39
    58
    68
    76
    79
    82
    83
   113
   103
   107
   111
    96
    98
   106
   108
   103
    81
    75
    69
    61
    52
    56
    52
    36
    35
    43
    46
    67
   104
   129
   145
   152
   161
   172
   178
   182
   187
   188
   190
   190
   148
   148
   149
   176
   190
   185
   178
   169
   151
   137
   123
    97
    79
    90
   115
   120
   156
   163
   180
   187
   192
   201
   202
   203
   204
   205
   205
   205
   204
   206
   205
   202
   204
   202
   203
   201
   196
   197
   197
   196
   194
   194
   194
   192
   194
   195
   196
   198
   199
   198
   199
   197
   195
   193
   191
   187
   186
   184
   183
   181
   178
   174
   172
   163
   158
   156
   148
   137
   128
   123
   115
   110
    98
    85
    76
    62
    43
    31
    25
   112
   111
   101
   102
    95
   100
   103
   108
    99
    82
    77
    61
    51
    54
    46
    34
    45
    54
    65
    82
   110
   133
   149
   167
   177
   184
   188
   190
   193
   193
   196
   200
   192
   140
   151
   159
   185
   195
   188
   178
   159
   132
   114
   123
    90
    91
   100
   121
   120
   111
   143
   162
   176
   183
   193
   199
   203
   206
   204
   206
   206
   207
   205
   204
   205
   203
   204
   201
   202
   199
   197
   196
   195
   195
   193
   191
   192
   191
   193
   195
   198
   197
   199
   199
   196
   193
   191
   190
   189
   186
   186
   189
   187
   183
   180
   177
   175
   167
   157
   152
   146
   133
   126
   126
   123
   125
   122
   117
   115
   112
    99
    78
   100
   108
   101
   105
    95
    99
    99
    96
    97
    82
    71
    53
    51
    46
    35
    54
    71
    78
    90
   109
   139
   160
   175
   183
   188
   193
   195
   196
   198
   199
   200
   199
   176
   137
   143
   160
   185
   186
   183
   175
   152
   118
   146
   130
    78
    60
    66
    91
   130
   142
   134
   153
   164
   178
   192
   196
   202
   204
   206
   204
   204
   205
   205
   206
   204
   203
   202
   203
   201
   200
   198
   195
   194
   193
   192
   192
   191
   192
   193
   194
   195
   197
   194
   190
   190
   190
   192
   192
   192
   189
   190
   191
   191
   191
   189
   189
   185
   184
   178
   169
   157
   146
   134
   122
   124
   123
   125
   124
   122
   117
   116
   120
    90
    96
   102
   110
    96
    94
    88
    90
    86
    74
    63
    54
    44
    37
    61
    72
    75
    92
   115
   145
   168
   180
   189
   191
   194
   197
   197
   197
   200
   201
   201
   197
   166
   134
   131
   146
   180
   181
   174
   169
   148
   128
   169
   141
    79
    94
    91
    68
    82
   148
   134
   145
   155
   166
   187
   196
   201
   204
   204
   207
   205
   205
   206
   203
   204
   204
   203
   202
   199
   198
   197
   193
   194
   192
   190
   191
   193
   195
   194
   196
   196
   188
   185
   185
   188
   194
   194
   194
   194
   195
   191
   189
   188
   191
   192
   193
   194
   193
   189
   187
   180
   167
   156
   135
   122
   124
   125
   124
   123
   123
   121
   114
    98
    92
    98
    98
    88
    90
    87
    85
    80
    69
    56
    47
    45
    67
    83
    82
    96
   115
   151
   173
   183
   189
   196
   198
   199
   200
   199
   200
   200
   201
   201
   195
   159
   140
   126
   130
   174
   182
   176
   166
   141
   140
   180
   145
    70
    54
    49
    54
    55
   119
   124
   137
   148
   160
   188
   196
   202
   204
   205
   203
   206
   206
   204
   205
   205
   202
   202
   200
   199
   198
   196
   193
   189
   191
   196
   196
   196
   193
   195
   195
   194
   182
   173
   185
   190
   197
   199
   198
   198
   193
   193
   194
   192
   194
   198
   197
   199
   200
   197
   195
   190
   186
   176
   160
   140
   121
   122
   125
   125
   124
   123
   125
    92
    96
    88
    87
    89
    91
    78
    75
    71
    67
    52
    53
    61
    79
    90
   101
   121
   150
   178
   185
   192
   194
   196
   199
   199
   200
   201
   200
   200
   200
   201
   192
   165
   143
   121
   111
   154
   179
   178
   167
   144
   144
   181
   147
    65
    46
    27
    41
    79
   130
   124
   135
   148
   152
   183
   192
   199
   202
   203
   204
   205
   204
   202
   200
   199
   200
   200
   200
   200
   198
   197
   193
   192
   194
   197
   199
   197
   198
   197
   198
   191
   174
   155
   181
   194
   193
   199
   200
   198
   195
   195
   191
   195
   196
   194
   198
   198
   199
   199
   198
   197
   190
   182
   165
   156
   142
   121
   119
   122
   124
   121
   121
    94
    94
    88
    72
    78
    76
    74
    74
    76
    61
    55
    62
    73
    89
   102
   120
   145
   167
   182
   188
   192
   197
   198
   199
   200
   201
   201
   201
   202
   201
   201
   194
   177
   147
   120
   105
   131
   171
   175
   167
   150
   141
   176
   154
    87
    93
   102
   126
   157
   164
   137
   133
   139
   147
   176
   190
   196
   200
   204
   204
   205
   204
   202
   194
   185
   192
   196
   197
   195
   195
   193
   192
   194
   199
   199
   199
   200
   200
   198
   196
   189
   155
   121
   151
   186
   187
   189
   197
   198
   194
   194
   194
   189
   190
   194
   198
   200
   201
   200
   200
   198
   193
   185
   171
   150
   147
   131
   119
   119
   122
   120
   120
    89
   103
    87
    80
    65
    65
    66
    73
    71
    56
    63
    75
    83
   100
   121
   138
   165
   180
   186
   190
   195
   198
   201
   201
   201
   201
   201
   202
   202
   202
   200
   199
   178
   145
   117
   106
   114
   158
   174
   166
   153
   142
   175
   170
   112
   148
   186
   186
   196
   184
   139
   132
   139
   149
   178
   186
   194
   201
   205
   207
   206
   204
   202
   196
   184
   191
   195
   193
   194
   194
   191
   194
   197
   200
   202
   200
   201
   202
   202
   200
   191
   150
   109
   117
   164
   176
   180
   179
   184
   185
   187
   192
   192
   190
   189
   196
   199
   201
   201
   202
   202
   196
   189
   175
   160
   148
   136
   119
   115
   117
   120
   118
    83
    85
    80
    73
    68
    65
    63
    70
    65
    55
    69
    80
    91
   121
   139
   156
   171
   186
   192
   196
   197
   198
   200
   202
   200
   199
   200
   200
   203
   201
   202
   199
   184
   139
   121
   112
   105
   139
   169
   169
   165
   140
   167
   169
   129
   128
   181
   192
   201
   188
   150
   132
   132
   150
   178
   185
   192
   201
   202
   205
   204
   205
   201
   196
   197
   195
   193
   195
   191
   189
   190
   193
   200
   200
   200
   201
   200
   201
   201
   198
   186
   154
   126
   124
   153
   160
   165
   173
   171
   173
   184
   187
   191
   192
   191
   193
   196
   200
   201
   201
   201
   198
   190
   181
   168
   151
   138
   123
   120
   116
   115
   113
    89
    74
    78
    77
    65
    61
    69
    71
    68
    62
    72
    85
   107
   129
   149
   171
   184
   190
   193
   195
   196
   200
   201
   201
   200
   200
   199
   201
   202
   203
   202
   200
   191
   148
   121
   120
   110
   128
   160
   167
   164
   148
   157
   169
   146
   118
   167
   187
   198
   185
   146
   131
   136
   157
   175
   182
   190
   200
   205
   204
   205
   201
   202
   200
   199
   196
   196
   190
   184
   182
   188
   195
   200
   202
   202
   202
   202
   202
   203
   200
   183
   147
   130
   123
   155
   166
   158
   160
   171
   169
   173
   178
   183
   185
   187
   191
   195
   198
   202
   203
   202
   201
   196
   184
   170
   154
   138
   125
   115
   117
   115
   117
    74
    81
    69
    69
    62
    65
    70
    70
    68
    69
    84
   102
   123
   138
   162
   179
   190
   194
   191
   189
   197
   200
   200
   201
   202
   202
   201
   201
   200
   200
   202
   202
   195
   154
   124
   125
   114
   120
   151
   163
   164
   153
   147
   164
   153
   115
   154
   188
   201
   179
   154
   135
   140
   162
   179
   182
   193
   201
   203
   204
   204
   202
   201
   201
   199
   193
   184
   177
   172
   182
   188
   196
   200
   202
   202
   201
   201
   202
   201
   200
   179
   145
   134
   126
   152
   170
   171
   159
   155
   167
   162
   167
   172
   181
   185
   187
   192
   198
   200
   202
   201
   200
   197
   189
   175
   159
   140
   123
   115
   117
   119
   114
    55
    65
    63
    61
    56
    64
    66
    67
    68
    74
    89
   109
   138
   159
   174
   185
   192
   196
   194
   198
   199
   202
   203
   201
   201
   201
   202
   202
   202
   202
   204
   205
   199
   166
   129
   119
   119
   127
   140
   157
   162
   156
   141
   150
   160
   137
   123
   173
   199
   181
   161
   145
   148
   164
   176
   183
   196
   202
   203
   203
   202
   202
   201
   199
   192
   186
   185
   185
   186
   186
   193
   196
   198
   200
   201
   201
   200
   201
   202
   200
   177
   150
   139
   127
   146
   171
   170
   164
   153
   155
   160
   153
   162
   169
   176
   183
   190
   197
   201
   201
   201
   200
   196
   191
   178
   157
   143
   126
   111
   112
   117
   122
    49
    48
    53
    54
    56
    56
    62
    64
    66
    71
    98
   126
   154
   164
   182
   188
   194
   196
   200
   201
   202
   203
   202
   202
   202
   202
   203
   202
   204
   204
   205
   203
   201
   182
   143
   117
   114
   118
   137
   154
   158
   155
   149
   137
   146
   149
   130
   142
   174
   161
   164
   152
   152
   167
   180
   192
   201
   204
   203
   203
   202
   201
   199
   195
   191
   193
   197
   194
   188
   184
   193
   198
   199
   200
   201
   202
   202
   202
   201
   198
   173
   146
   136
   119
   128
   162
   171
   162
   149
   146
   150
   146
   150
   163
   170
   176
   188
   194
   200
   202
   201
   199
   195
   191
   179
   167
   148
   127
   114
   111
   113
   118
    50
    45
    44
    46
    46
    54
    55
    66
    74
    81
   109
   139
   165
   174
   189
   195
   194
   196
   200
   201
   202
   202
   202
   203
   202
   203
   203
   204
   206
   204
   205
   205
   200
   189
   162
   135
   114
   117
   129
   151
   158
   159
   154
   146
   135
   148
   144
   127
   140
   145
   168
   160
   158
   169
   189
   200
   203
   203
   202
   201
   200
   197
   193
   193
   193
   194
   192
   189
   181
   164
   173
   191
   191
   196
   200
   201
   201
   202
   201
   196
   171
   150
   135
   119
   112
   148
   169
   166
   150
   145
   147
   141
   139
   153
   166
   174
   185
   193
   201
   201
   200
   197
   196
   189
   183
   169
   149
   131
   113
   111
   115
   113
    44
    43
    39
    45
    45
    45
    53
    64
    78
    95
   119
   147
   170
   182
   188
   195
   194
   196
   201
   203
   203
   203
   204
   203
   203
   202
   204
   205
   203
   205
   206
   204
   203
   197
   171
   137
   122
   114
   122
   142
   159
   164
   162
   156
   145
   135
   144
   141
   126
   151
   177
   162
   162
   178
   193
   202
   202
   200
   199
   198
   196
   195
   198
   197
   200
   199
   192
   177
   163
   119
   123
   158
   176
   181
   193
   201
   200
   201
   201
   196
   169
   144
   139
   130
   106
   129
   155
   169
   154
   146
   143
   136
   132
   146
   162
   167
   180
   194
   199
   202
   201
   197
   193
   184
   178
   170
   156
   134
   113
   112
   113
   116
    47
    44
    44
    45
    52
    48
    51
    61
    82
   102
   128
   147
   172
   190
   195
   197
   198
   200
   201
   202
   202
   204
   203
   205
   203
   203
   204
   205
   205
   205
   206
   207
   204
   201
   185
   154
   127
   115
   120
   135
   152
   159
   159
   157
   150
   140
   137
   150
   141
   146
   183
   172
   171
   186
   196
   199
   199
   199
   196
   196
   196
   199
   201
   204
   207
   206
   203
   189
   173
   142
   107
   138
   161
   175
   189
   197
   201
   201
   203
   199
   172
   148
   134
   126
   107
   117
   152
   170
   161
   147
   144
   134
   128
   138
   157
   165
   173
   188
   198
   201
   200
   198
   192
   188
   179
   173
   156
   136
   116
   107
   112
   112
    47
    49
    46
    44
    44
    42
    50
    58
    80
   110
   143
   159
   181
   194
   198
   200
   202
   201
   203
   203
   204
   203
   204
   204
   205
   205
   204
   205
   205
   206
   205
   206
   203
   200
   192
   172
   152
   133
   128
   135
   151
   157
   159
   159
   154
   146
   140
   142
   158
   158
   173
   172
   180
   192
   195
   195
   196
   196
   197
   198
   200
   203
   205
   206
   207
   206
   205
   199
   188
   182
   166
   154
   161
   170
   187
   199
   198
   200
   201
   201
   185
   155
   140
   126
   115
   117
   144
   165
   162
   144
   143
   133
   126
   136
   153
   161
   170
   186
   197
   200
   200
   195
   192
   189
   185
   176
   161
   139
   116
   109
   113
   115
    58
    49
    45
    48
    40
    53
    47
    59
    84
   113
   147
   168
   181
   194
   201
   201
   201
   202
   204
   203
   204
   202
   204
   203
   204
   205
   205
   204
   205
   206
   206
   206
   204
   201
   196
   182
   163
   151
   143
   139
   146
   154
   154
   153
   151
   152
   145
   142
   158
   180
   173
   176
   185
   190
   190
   193
   196
   197
   198
   201
   204
   206
   206
   206
   207
   206
   204
   201
   195
   185
   173
   159
   162
   167
   183
   194
   195
   194
   197
   199
   195
   169
   142
   125
   114
   113
   135
   162
   158
   143
   142
   135
   126
   135
   155
   159
   166
   180
   195
   199
   202
   199
   196
   192
   183
   174
   163
   143
   122
   108
   106
   110
    53
    54
    47
    47
    53
    53
    59
    63
    85
   114
   140
   171
   188
   194
   199
   201
   201
   202
   202
   205
   204
   206
   204
   204
   204
   205
   204
   206
   205
   206
   206
   206
   206
   202
   197
   188
   175
   164
   158
   157
   150
   158
   158
   151
   139
   135
   138
   142
   157
   177
   179
   181
   187
   191
   195
   198
   199
   201
   203
   208
   207
   206
   207
   207
   205
   204
   204
   203
   195
   183
   167
   151
   149
   153
   164
   177
   189
   188
   193
   195
   194
   169
   138
   123
   107
   102
   130
   160
   162
   138
   136
   133
   128
   135
   151
   161
   164
   173
   191
   201
   200
   200
   199
   193
   189
   180
   162
   142
   127
   109
   109
   109
    55
    53
    55
    48
    50
    56
    57
    62
    86
   115
   149
   174
   186
   195
   199
   200
   202
   202
   204
   205
   206
   206
   206
   207
   205
   205
   206
   206
   207
   207
   206
   205
   204
   203
   200
   193
   185
   173
   164
   162
   165
   165
   164
   163
   158
   144
   138
   142
   153
   171
   184
   193
   197
   200
   204
   205
   206
   207
   206
   207
   206
   207
   208
   206
   206
   206
   205
   203
   197
   183
   165
   151
   142
   140
   152
   171
   179
   183
   191
   196
   193
   159
   138
   125
   109
    97
   131
   162
   164
   145
   138
   135
   134
   140
   150
   157
   163
   173
   187
   198
   202
   201
   200
   194
   191
   180
   161
   144
   129
   112
   105
   105
    55
    55
    52
    54
    47
    53
    63
    67
    87
   122
   139
   168
   186
   193
   195
   196
   200
   204
   205
   207
   207
   205
   205
   205
   205
   205
   206
   206
   207
   207
   205
   205
   206
   203
   200
   199
   192
   184
   174
   172
   171
   175
   181
   185
   185
   180
   177
   180
   183
   194
   198
   201
   205
   206
   206
   208
   207
   207
   206
   208
   205
   207
   206
   207
   207
   206
   206
   199
   193
   185
   168
   147
   139
   138
   155
   171
   179
   184
   188
   194
   189
   149
   129
   127
   117
   104
   128
   158
   167
   145
   134
   139
   140
   146
   154
   155
   163
   170
   183
   196
   201
   200
   200
   196
   188
   179
   163
   147
   127
   109
   105
   105
    50
    49
    51
    53
    53
    51
    66
    76
    88
   119
   151
   170
   183
   192
   197
   198
   201
   203
   204
   205
   207
   208
   208
   208
   208
   207
   206
   206
   207
   208
   207
   207
   204
   205
   201
   198
   195
   188
   184
   183
   189
   190
   193
   195
   201
   203
   204
   203
   206
   205
   205
   205
   206
   207
   208
   207
   209
   207
   208
   205
   207
   203
   204
   206
   204
   207
   203
   199
   183
   172
   159
   135
   139
   144
   162
   179
   184
   182
   182
   186
   187
   151
   129
   129
   123
   107
   128
   153
   160
   142
   134
   139
   145
   154
   158
   157
   165
   171
   179
   194
   200
   202
   202
   198
   186
   177
   160
   149
   132
   114
   100
   101
    46
    48
    49
    52
    51
    55
    60
    73
    97
   124
   152
   175
   186
   191
   194
   198
   200
   201
   206
   207
   208
   207
   206
   206
   207
   207
   207
   207
   206
   206
   207
   205
   205
   204
   203
   200
   199
   199
   197
   195
   195
   197
   197
   199
   202
   203
   205
   207
   205
   206
   206
   206
   205
   206
   205
   205
   204
   203
   203
   200
   201
   201
   202
   201
   201
   201
   199
   190
   170
   157
   130
   117
   144
   154
   159
   175
   181
   181
   181
   180
   182
   158
   135
   133
   124
   107
   127
   151
   144
   133
   134
   151
   152
   160
   157
   160
   168
   174
   184
   194
   200
   202
   201
   195
   186
   175
   165
   152
   134
   113
   102
   100
    44
    44
    43
    40
    44
    49
    59
    73
    97
   124
   152
   177
   187
   190
   196
   199
   201
   202
   203
   207
   207
   207
   207
   205
   206
   205
   207
   205
   205
   204
   205
   205
   206
   203
   203
   203
   201
   199
   197
   196
   197
   196
   199
   202
   201
   203
   207
   204
   209
   203
   205
   202
   203
   203
   200
   202
   198
   196
   195
   196
   193
   192
   194
   197
   196
   196
   191
   176
   162
   147
    95
    95
   144
   152
   158
   168
   179
   181
   184
   184
   180
   166
   138
   131
   125
   115
   129
   151
   142
   129
   141
   154
   158
   161
   160
   161
   168
   175
   180
   191
   200
   200
   199
   191
   183
   172
   162
   151
   132
   113
    99
    96
    36
    38
    34
    35
    40
    47
    55
    74
   100
   135
   144
   170
   187
   195
   196
   199
   201
   201
   203
   204
   206
   205
   206
   206
   205
   206
   206
   206
   206
   205
   205
   205
   204
   204
   204
   203
   201
   200
   197
   195
   195
   195
   198
   200
   201
   204
   205
   207
   202
   204
   202
   201
   197
   195
   193
   190
   190
   187
   189
   186
   186
   188
   190
   193
   190
   188
   183
   168
   166
   161
   115
    65
   121
   149
   152
   170
   183
   185
   185
   187
   185
   172
   145
   130
   122
   116
   129
   145
   138
   133
   145
   159
   160
   165
   160
   164
   170
   176
   182
   192
   195
   199
   195
   188
   181
   175
   161
   148
   133
   114
   100
    95
    29
    32
    34
    38
    47
    51
    51
    69
    96
   122
   145
   166
   185
   193
   197
   197
   200
   202
   202
   202
   204
   203
   204
   204
   205
   205
   205
   207
   206
   206
   204
   206
   203
   203
   205
   204
   203
   201
   201
   199
   196
   196
   198
   200
   200
   201
   202
   200
   201
   199
   192
   191
   187
   184
   180
   181
   181
   180
   179
   179
   181
   181
   181
   183
   181
   178
   172
   170
   169
   170
   157
   124
   108
   128
   156
   173
   182
   188
   187
   187
   187
   180
   159
   132
   125
   122
   122
   138
   133
   134
   153
   157
   163
   163
   166
   168
   172
   176
   184
   188
   194
   196
   194
   187
   182
   172
   163
   148
   128
   107
    94
    95
    28
    31
    31
    38
    44
    59
    65
    71
    92
   115
   127
   161
   180
   186
   190
   193
   195
   199
   198
   201
   203
   205
   203
   204
   203
   205
   206
   207
   205
   205
   206
   206
   205
   204
   204
   204
   202
   204
   199
   195
   192
   193
   194
   196
   195
   197
   197
   193
   190
   187
   184
   178
   177
   176
   178
   177
   175
   179
   178
   180
   180
   177
   176
   176
   175
   174
   175
   174
   176
   178
   167
   152
   131
   130
   160
   177
   184
   185
   185
   184
   185
   184
   168
   138
   124
   120
   115
   130
   130
   134
   153
   157
   166
   167
   167
   168
   173
   177
   181
   188
   193
   192
   191
   185
   178
   170
   158
   145
   125
   106
    96
    94
    30
    25
    31
    37
    49
    64
    81
    77
    88
   112
   127
   144
   170
   184
   190
   194
   196
   198
   200
   201
   201
   199
   205
   203
   205
   204
   206
   206
   206
   205
   207
   205
   206
   204
   205
   204
   204
   201
   199
   195
   187
   189
   190
   187
   186
   186
   182
   179
   173
   174
   171
   170
   171
   173
   176
   178
   179
   180
   178
   176
   176
   177
   173
   172
   173
   177
   179
   180
   183
   179
   172
   156
   144
   157
   171
   179
   182
   183
   180
   183
   187
   184
   176
   152
   128
   120
   112
   120
   128
   138
   154
   162
   170
   166
   168
   170
   174
   176
   180
   185
   188
   189
   185
   184
   176
   166
   157
   140
   115
    98
    93
    96
    30
    34
    34
    49
    52
    70
    77
    88
    90
   103
   116
   134
   156
   170
   183
   194
   197
   198
   199
   199
   203
   200
   199
   201
   202
   204
   205
   204
   204
   205
   205
   205
   205
   204
   205
   207
   204
   202
   198
   191
   186
   184
   181
   176
   176
   174
   172
   168
   165
   164
   171
   175
   177
   180
   181
   181
   182
   182
   182
   181
   177
   176
   172
   169
   167
   176
   184
   185
   180
   177
   165
   154
   160
   171
   180
   183
   184
   186
   186
   186
   189
   187
   178
   162
   135
   115
   112
   119
   131
   144
   156
   165
   169
   172
   173
   176
   173
   177
   181
   183
   185
   184
   182
   179
   169
   159
   147
   130
   110
   100
    96
    97
    33
    27
    32
    46
    61
    72
    78
    81
    94
   101
   107
   124
   140
   157
   172
   182
   190
   195
   200
   202
   200
   200
   200
   198
   199
   202
   203
   205
   205
   204
   206
   205
   205
   204
   204
   204
   203
   200
   196
   187
   174
   165
   165
   166
   166
   160
   158
   154
   149
   147
   150
   162
   174
   179
   182
   182
   183
   186
   181
   182
   180
   181
   176
   169
   162
   160
   169
   175
   169
   165
   163
   169
   178
   183
   184
   185
   185
   184
   184
   186
   186
   183
   179
   172
   148
   118
   106
   114
   132
   151
   164
   172
   178
   177
   178
   176
   176
   177
   182
   181
   183
   183
   178
   174
   167
   154
   141
   121
   104
    92
    91
   101
    37
    27
    35
    44
    63
    67
    71
    74
    85
    97
   100
   109
   125
   139
   162
   176
   186
   190
   195
   197
   200
   200
   200
   200
   199
   200
   202
   203
   203
   204
   205
   205
   206
   204
   204
   204
   203
   199
   192
   180
   159
   154
   157
   158
   158
   153
   149
   143
   134
   138
   144
   151
   160
   173
   183
   186
   188
   187
   185
   187
   188
   185
   183
   180
   176
   165
   158
   158
   160
   162
   170
   182
   188
   187
   186
   188
   187
   187
   187
   187
   187
   184
   178
   175
   164
   130
    98
   109
   139
   162
   170
   178
   181
   182
   182
   175
   175
   178
   179
   182
   182
   181
   171
   165
   153
   147
   133
   113
   101
    93
    97
   108
    35
    27
    27
    49
    61
    61
    61
    71
    80
    92
    92
    92
   105
   123
   143
   165
   182
   191
   194
   194
   195
   196
   198
   199
   201
   200
   201
   202
   203
   205
   204
   205
   203
   205
   205
   205
   203
   196
   187
   176
   161
   152
   154
   155
   151
   144
   142
   139
   143
   152
   167
   165
   160
   163
   175
   184
   190
   191
   192
   193
   190
   191
   192
   191
   191
   186
   183
   177
   175
   179
   181
   186
   189
   188
   187
   188
   189
   186
   185
   185
   183
   187
   183
   178
   169
   145
   105
   105
   152
   165
   177
   182
   183
   181
   180
   176
   178
   178
   176
   173
   173
   172
   169
   160
   150
   137
   122
   107
   101
    95
    97
   113
    42
    29
    23
    32
    56
    61
    59
    60
    70
    83
    87
    79
    78
   100
   119
   140
   164
   183
   188
   193
   194
   194
   194
   200
   200
   201
   200
   200
   202
   203
   205
   202
   206
   205
   206
   204
   200
   196
   185
   174
   157
   147
   147
   149
   145
   141
   137
   137
   136
   149
   162
   164
   169
   167
   170
   180
   189
   196
   198
   197
   201
   196
   198
   198
   196
   199
   191
   191
   184
   180
   181
   183
   186
   185
   185
   189
   189
   189
   188
   186
   187
   183
   180
   177
   169
   157
   134
   120
   152
   172
   182
   184
   181
   176
   169
   170
   170
   171
   171
   168
   167
   162
   156
   147
   139
   127
   115
    99
    92
    94
   106
   124
    50
    27
    25
    30
    50
    54
    66
    63
    57
    71
    85
    85
    74
    80
   100
   115
   137
   162
   185
   191
   194
   194
   197
   198
   200
   200
   202
   202
   202
   202
   204
   204
   203
   203
   204
   205
   203
   194
   182
   163
   142
   144
   149
   148
   143
   139
   137
   129
   126
   136
   136
   153
   173
   165
   171
   182
   192
   196
   200
   203
   202
   202
   201
   202
   202
   200
   200
   193
   191
   186
   181
   180
   181
   184
   187
   189
   190
   192
   189
   187
   183
   182
   179
   179
   174
   170
   159
   148
   158
   169
   180
   181
   176
   163
   154
   162
   167
   166
   165
   163
   161
   158
   148
   144
   131
   121
   111
   100
    93
    96
   113
   124
    54
    33
    25
    33
    41
    51
    57
    62
    56
    58
    68
    81
    84
    66
    85
    99
   114
   138
   162
   181
   189
   193
   197
   197
   196
   197
   198
   201
   201
   202
   200
   204
   202
   206
   204
   205
   202
   195
   175
   144
   122
   131
   144
   144
   142
   141
   132
   120
   117
   115
   111
   129
   162
   160
   157
   175
   186
   192
   199
   201
   203
   202
   201
   203
   204
   201
   203
   196
   196
   191
   186
   181
   178
   178
   182
   187
   191
   191
   190
   188
   188
   185
   182
   179
   178
   179
   175
   169
   167
   172
   175
   173
   171
   162
   154
   163
   165
   161
   164
   160
   157
   154
   146
   138
   131
   121
   105
    92
    94
   105
   122
   132
    56
    32
    35
    37
    37
    45
    50
    55
    61
    51
    57
    71
    72
    78
    65
    81
    95
   113
   134
   154
   176
   186
   195
   198
   195
   192
   197
   197
   196
   200
   202
   199
   204
   201
   202
   203
   203
   197
   167
   122
   115
   117
   138
   145
   138
   135
   123
   115
   108
    85
    74
   100
   134
   143
   149
   158
   170
   183
   192
   200
   203
   204
   204
   203
   204
   204
   202
   205
   198
   194
   191
   188
   182
   178
   178
   180
   187
   190
   189
   190
   186
   187
   182
   180
   176
   180
   183
   184
   178
   173
   173
   170
   167
   167
   166
   164
   162
   154
   153
   150
   152
   147
   138
   135
   125
   111
   103
    95
    99
   112
   126
   132
    55
    40
    36
    39
    36
    32
    43
    52
    57
    59
    47
    56
    66
    65
    66
    67
    82
    97
   110
   130
   155
   173
   185
   195
   195
   194
   193
   196
   199
   199
   199
   201
   200
   201
   202
   203
   204
   197
   159
   114
   101
   114
   142
   144
   138
   132
   117
   118
    89
    56
    53
    62
   116
   139
   135
   145
   157
   169
   185
   195
   201
   203
   204
   205
   205
   206
   207
   204
   203
   199
   195
   191
   189
   184
   180
   177
   183
   187
   188
   190
   189
   184
   182
   181
   183
   187
   186
   183
   177
   177
   176
   173
   172
   166
   168
   162
   162
   160
   158
   154
   151
   144
   141
   133
   124
   113
    98
    94
   102
   119
   128
   134
    56
    40
    39
    38
    43
    41
    39
    40
    45
    54
    56
    47
    60
    68
    63
    65
    66
    84
    99
   109
   127
   159
   173
   182
   190
   193
   192
   194
   196
   199
   197
   198
   198
   198
   199
   201
   202
   194
   154
   111
   102
   116
   143
   147
   140
   127
   117
   118
    72
    41
    47
    61
    94
   149
   125
   139
   150
   162
   178
   189
   196
   201
   202
   203
   204
   206
   205
   205
   202
   199
   198
   196
   193
   190
   188
   186
   183
   185
   188
   189
   188
   185
   182
   182
   184
   184
   186
   184
   183
   183
   183
   178
   172
   172
   168
   163
   159
   155
   157
   153
   149
   143
   138
   132
   120
   105
    97
    98
   112
   122
   130
   136
    55
    40
    38
    43
    43
    45
    43
    41
    37
    43
    52
    61
    52
    67
    67
    59
    59
    61
    79
    96
   105
   119
   148
   167
   176
   186
   194
   194
   196
   198
   199
   201
   199
   198
   199
   198
   199
   189
   140
   109
    97
   118
   142
   149
   144
   121
   126
   126
    68
    61
    35
    47
    73
   140
   129
   135
   150
   160
   171
   185
   193
   201
   203
   206
   206
   206
   206
   204
   204
   201
   200
   199
   199
   196
   193
   187
   185
   184
   187
   189
   189
   189
   185
   180
   184
   183
   182
   183
   183
   184
   182
   179
   175
   168
   165
   160
   157
   155
   152
   153
   148
   146
   139
   126
   112
    99
    93
   104
   118
   128
   132
   136
    60
    41
    42
    43
    40
    45
    42
    41
    42
    40
    46
    58
    63
    56
    67
    71
    59
    67
    64
    69
    87
    99
   117
   133
   154
   165
   176
   190
   196
   198
   200
   200
   199
   198
   197
   198
   198
   186
   135
   109
    98
   116
   141
   152
   148
   123
   134
   136
    70
    37
    47
    65
    89
   130
   134
   138
   152
   155
   169
   184
   192
   197
   201
   203
   205
   206
   207
   206
   203
   204
   203
   201
   200
   199
   195
   193
   188
   187
   188
   189
   191
   191
   180
   172
   180
   184
   185
   186
   186
   182
   184
   178
   174
   169
   162
   156
   155
   154
   154
   149
   143
   141
   134
   121
   106
    99
   100
   111
   122
   130
   134
   139
    55
    45
    38
    44
    38
    50
    44
    42
    44
    39
    45
    49
    59
    62
    64
    66
    66
    57
    68
    70
    76
    87
    89
   108
   128
   145
   152
   166
   183
   193
   194
   198
   199
   200
   196
   197
   198
   178
   131
   109
    97
   116
   147
   153
   149
   128
   140
   140
    97
   138
   136
   131
   161
   158
   135
   134
   150
   158
   166
   181
   190
   197
   201
   201
   205
   205
   204
   206
   203
   203
   201
   200
   199
   196
   195
   194
   192
   191
   189
   188
   186
   184
   182
   180
   181
   180
   182
   182
   183
   181
   180
   177
   171
   165
   159
   156
   153
   152
   149
   147
   143
   138
   130
   115
   101
    96
   103
   117
   130
   132
   137
   139
    61
    50
    37
    46
    40
    43
    50
    44
    41
    40
    37
    45
    52
    63
    62
    61
    59
    60
    59
    63
    72
    82
    84
    77
    98
   119
   136
   145
   161
   178
   190
   194
   197
   198
   197
   197
   193
   175
   128
   110
    90
   105
   151
   161
   152
   131
   148
   154
   116
   182
   220
   208
   201
   183
   136
   129
   148
   157
   162
   177
   187
   197
   201
   203
   204
   205
   207
   203
   203
   202
   202
   202
   199
   197
   194
   193
   193
   190
   189
   186
   182
   183
   181
   179
   180
   183
   180
   182
   182
   179
   178
   175
   168
   162
   156
   155
   153
   151
   151
   146
   144
   134
   121
   101
    95
   102
   118
   125
   132
   136
   139
   135
    53
    51
    39
    42
    39
    35
    54
    51
    45
    45
    45
    47
    47
    54
    65
    64
    63
    50
    57
    61
    62
    67
    80
    92
    86
    90
   118
   141
   147
   156
   169
   185
   192
   195
   198
   196
   194
   175
   127
   102
    88
   106
   152
   162
   159
   138
   148
   159
   126
   182
   207
   205
   200
   186
   160
   144
   151
   162
   165
   178
   188
   195
   200
   202
   205
   203
   203
   203
   204
   204
   201
   198
   199
   197
   195
   192
   191
   188
   187
   188
   182
   181
   183
   183
   182
   182
   179
   178
   179
   176
   173
   168
   165
   161
   159
   154
   153
   149
   148
   143
   135
   126
   109
   101
   101
   110
   118
   132
   135
   141
   138
   139
    48
    46
    39
    35
    39
    37
    53
    54
    49
    47
    49
    49
    56
    48
    60
    68
    62
    58
    55
    54
    56
    62
    63
    71
    89
    92
    93
   126
   147
   154
   158
   164
   174
   187
   192
   193
   192
   177
   131
   114
    92
   111
   162
   168
   159
   140
   149
   167
   137
   147
   205
   204
   197
   182
   150
   148
   151
   160
   158
   169
   184
   193
   199
   203
   203
   204
   202
   204
   202
   202
   200
   198
   197
   195
   194
   192
   189
   188
   189
   186
   184
   182
   179
   179
   179
   177
   177
   177
   175
   172
   168
   165
   162
   157
   154
   152
   150
   147
   144
   138
   126
   111
   101
   101
   112
   122
   129
   131
   137
   137
   140
   144
    46
    41
    41
    37
    39
    38
    41
    58
    49
    46
    48
    51
    48
    54
    57
    60
    67
    63
    53
    53
    55
    58
    62
    63
    68
    86
    97
   106
   124
   145
   156
   162
   163
   169
   183
   191
   190
   176
   135
   120
   101
   118
   160
   166
   162
   146
   141
   163
   153
   103
   162
   194
   191
   178
   143
   136
   151
   161
   163
   168
   180
   191
   200
   203
   203
   203
   204
   202
   203
   202
   200
   197
   195
   195
   191
   193
   190
   188
   188
   182
   181
   181
   180
   177
   176
   173
   173
   171
   174
   168
   164
   163
   163
   157
   154
   151
   146
   146
   137
   129
   119
   106
   102
   112
   121
   128
   129
   134
   137
   135
   139
   141
    46
    42
    39
    31
    41
    39
    38
    48
    52
    53
    44
    49
    50
    41
    48
    58
    63
    65
    65
    59
    50
    50
    63
    66
    65
    68
    76
    90
   107
   130
   146
   158
   167
   167
   167
   175
   185
   168
   134
   118
   112
   118
   157
   170
   166
   153
   136
   158
   158
   111
   104
   159
   180
   168
   127
   133
   149
   158
   161
   169
   179
   192
   199
   201
   204
   203
   202
   203
   201
   200
   199
   196
   196
   195
   194
   192
   191
   186
   182
   181
   179
   180
   177
   176
   175
   172
   167
   169
   166
   166
   169
   165
   158
   150
   148
   147
   147
   139
   133
   121
   107
   102
   110
   118
   131
   134
   136
   139
   136
   139
   144
   146
    47
    41
    38
    31
    38
    45
    46
    45
    51
    51
    56
    46
    47
    46
    40
    51
    58
    62
    60
    59
    51
    51
    54
    64
    67
    66
    72
    74
    81
    96
   130
   149
   162
   168
   166
   160
   167
   158
   129
   117
   127
   120
   157
   173
   167
   156
   133
   142
   148
   136
    83
   124
   160
   154
   119
   123
   141
   157
   162
   167
   181
   191
   200
   202
   204
   203
   201
   201
   199
   199
   197
   194
   194
   193
   192
   191
   186
   181
   176
   173
   176
   175
   172
   172
   173
   169
   169
   167
   164
   163
   161
   157
   150
   149
   149
   145
   137
   131
   122
   110
   103
   113
   120
   133
   133
   136
   136
   135
   137
   142
   141
   139
    48
    42
    41
    39
    46
    50
    46
    48
    57
    48
    56
    56
    47
    56
    47
    44
    58
    62
    60
    55
    52
    49
    55
    60
    66
    67
    64
    75
    73
    77
    94
   125
   152
   162
   168
   164
   160
   153
   124
   105
   122
   128
   156
   169
   166
   158
   139
   125
   145
   136
   110
    88
   128
   132
   112
   113
   138
   157
   161
   168
   181
   191
   199
   203
   202
   201
   202
   201
   199
   198
   196
   196
   193
   193
   190
   188
   185
   177
   171
   167
   167
   169
   168
   164
   169
   169
   167
   163
   163
   157
   155
   152
   149
   149
   141
   138
   130
   121
   108
   101
   111
   125
   134
   135
   138
   137
   138
   138
   139
   139
   145
   146
    46
    40
    33
    34
    37
    49
    45
    48
    50
    54
    49
    56
    49
    43
    53
    48
    51
    61
    64
    62
    53
    47
    48
    51
    54
    62
    64
    67
    79
    75
    73
    86
   119
   150
   165
   168
   164
   148
   121
    99
   110
   124
   154
   170
   167
   161
   152
   124
   127
   136
   123
    79
    78
   107
    93
   114
   140
   156
   164
   170
   182
   194
   199
   199
   202
   201
   201
   200
   199
   197
   197
   193
   193
   191
   189
   186
   180
   176
   170
   170
   166
   167
   165
   164
   163
   165
   161
   162
   157
   155
   152
   147
   147
   142
   137
   129
   120
   110
   103
   110
   122
   132
   138
   137
   140
   140
   138
   138
   138
   141
   142
   139
    40
    44
    39
    37
    38
    45
    41
    54
    49
    50
    50
    54
    55
    40
    44
    48
    49
    54
    69
    61
    56
    58
    46
    48
    54
    57
    63
    57
    64
    80
    82
    82
    83
   107
   139
   164
   171
   164
   125
    98
   101
   116
   140
   166
   164
   161
   156
   142
   114
   123
   118
   104
    62
    75
    78
   112
   141
   152
   160
   167
   183
   192
   198
   200
   198
   200
   199
   198
   196
   193
   191
   190
   188
   186
   183
   179
   178
   170
   167
   166
   166
   166
   165
   162
   162
   157
   157
   155
   154
   150
   145
   143
   137
   137
   125
   120
   111
   103
   111
   127
   134
   135
   140
   142
   138
   135
   137
   140
   139
   137
   136
   137
    51
    47
    41
    34
    35
    46
    46
    46
    46
    45
    48
    52
    58
    54
    45
    48
    53
    57
    62
    60
    54
    50
    47
    49
    47
    51
    58
    63
    60
    68
    84
    80
    82
    86
   106
   133
   157
   171
   154
    98
    87
   113
   130
   160
   158
   162
   158
   150
   136
   113
   123
   114
    88
    77
    95
   119
   140
   152
   158
   172
   184
   191
   196
   197
   200
   196
   197
   197
   196
   193
   191
   190
   185
   182
   179
   173
   169
   165
   166
   163
   162
   159
   159
   154
   154
   154
   152
   148
   147
   147
   144
   139
   135
   129
   121
   104
    99
   109
   125
   134
   137
   142
   142
   140
   140
   137
   139
   140
   140
   141
   136
   135
    49
    46
    39
    32
    33
    38
    46
    49
    55
    45
    45
    51
    49
    54
    46
    46
    49
    54
    58
    63
    52
    49
    46
    43
    48
    45
    53
    61
    62
    60
    73
    87
    85
    88
    89
   112
   139
   153
   167
   135
    77
   107
   125
   146
   157
   158
   159
   152
   146
   129
   121
   124
   112
    99
   119
   134
   144
   153
   160
   174
   186
   191
   194
   196
   198
   195
   193
   194
   194
   193
   191
   186
   184
   181
   176
   170
   166
   163
   158
   155
   154
   155
   152
   150
   149
   153
   150
   150
   147
   143
   142
   134
   126
   117
   104
    98
   111
   126
   134
   138
   140
   141
   142
   139
   138
   141
   140
   139
   137
   135
   133
   131
    59
    51
    52
    42
    34
    37
    46
    52
    54
    49
    42
    51
    55
    60
    48
    41
    52
    57
    52
    61
    56
    53
    45
    44
    42
    46
    51
    50
    55
    56
    62
    68
    83
    93
    98
    84
   114
   134
   148
   158
   115
    90
   111
   139
   142
   150
   152
   146
   139
   144
   133
   128
   125
   115
   119
   132
   146
   155
   168
   180
   185
   191
   193
   193
   193
   195
   193
   190
   190
   188
   188
   185
   177
   170
   171
   167
   163
   159
   156
   153
   148
   148
   145
   146
   148
   146
   147
   143
   140
   142
   133
   129
   118
   103
    95
   110
   126
   134
   137
   140
   139
   140
   136
   139
   138
   139
   137
   135
   132
   131
   131
   130
    56
    54
    49
    43
    33
    35
    41
    42
    58
    50
    40
    37
    55
    52
    49
    50
    46
    49
    59
    65
    59
    51
    49
    49
    47
    38
    49
    54
    57
    60
    57
    65
    62
    75
    96
   100
    89
    97
   117
   137
   134
    86
    99
   124
   130
   140
   148
   140
   141
   137
   140
   134
   129
   129
   128
   135
   152
   166
   174
   181
   186
   189
   189
   190
   192
   193
   193
   192
   190
   186
   183
   179
   175
   170
   164
   160
   158
   153
   149
   144
   140
   142
   143
   144
   146
   142
   141
   139
   139
   131
   122
   111
    96
    96
   114
   125
   133
   136
   139
   137
   134
   133
   132
   132
   136
   134
   131
   130
   129
   125
   125
   130
    51
    53
    52
    49
    38
    33
    41
    44
    55
    59
    46
    39
    47
    55
    53
    47
    45
    48
    50
    64
    65
    48
    43
    40
    48
    48
    36
    45
    52
    58
    60
    61
    57
    55
    72
    98
   101
    89
    93
   114
   136
   114
    80
   100
   119
   127
   140
   145
   141
   142
   141
   137
   139
   142
   148
   151
   159
   172
   181
   185
   187
   188
   186
   187
   188
   192
   191
   189
   184
   182
   179
   171
   168
   164
   160
   154
   152
   144
   143
   140
   137
   140
   138
   137
   139
   139
   136
   135
   129
   120
   106
    95
    99
   117
   130
   130
   131
   134
   135
   132
   128
   131
   131
   130
   131
   128
   129
   128
   123
   122
   124
   122
    50
    44
    46
    48
    40
    33
    38
    45
    42
    61
    45
    39
    34
    51
    54
    50
    48
    41
    51
    57
    65
    52
    43
    42
    50
    53
    53
    40
    48
    53
    61
    53
    63
    62
    55
    64
    94
   108
    94
    94
   110
   135
   101
    65
    89
   106
   119
   127
   135
   135
   136
   138
   138
   148
   155
   162
   169
   176
   182
   186
   187
   188
   185
   186
   184
   181
   181
   181
   177
   172
   168
   166
   161
   155
   148
   144
   138
   133
   131
   129
   134
   131
   132
   134
   134
   133
   129
   123
   108
    94
    87
   101
   117
   123
   123
   124
   126
   123
   122
   124
   125
   124
   126
   128
   124
   122
   120
   118
   116
   118
   112
   110
    59
    53
    49
    52
    44
    32
    34
    45
    50
    52
    62
    44
    40
    44
    54
    55
    51
    55
    51
    56
    63
    58
    43
    39
    43
    47
    49
    48
    42
    55
    59
    64
    58
    63
    62
    54
    66
    81
    90
    94
   100
   107
   131
   112
    71
    75
    88
   105
   110
   122
   130
   133
   139
   149
   155
   165
   172
   175
   178
   186
   186
   184
   183
   183
   182
   180
   180
   175
   171
   164
   157
   153
   146
   143
   138
   131
   127
   130
   129
   129
   130
   131
   129
   128
   125
   117
   112
   100
    93
    96
   113
   122
   123
   119
   113
   112
   107
   109
   107
   103
   102
    98
    91
    85
    84
    81
    76
    70
    73
    67
    66
    69
    64
    61
    53
    48
    57
    44
    39
    39
    50
    42
    58
    56
    38
    39
    52
    53
    56
    54
    55
    59
    62
    59
    43
    42
    39
    49
    46
    43
    43
    39
    46
    62
    59
    60
    65
    65
    60
    70
    85
    88
    97
   101
   103
   123
   122
    92
    81
    90
   102
   115
   123
   132
   139
   146
   153
   160
   170
   173
   177
   177
   179
   180
   179
   176
   176
   171
   167
   163
   161
   156
   147
   140
   138
   131
   130
   127
   128
   125
   128
   127
   125
   124
   121
   115
   109
   105
    93
    92
    98
    97
    90
    77
    68
    53
    49
    43
    41
    46
    56
    50
    41
    27
    16
    17
    22
    30
    36
    41
    47
    53
    56
    56
    92
    62
    65
    55
    54
    52
    42
    38
    37
    44
    46
    57
    49
    37
    46
    49
    54
    56
    54
    57
    56
    58
    36
    35
    39
    39
    50
    46
    47
    40
    38
    44
    60
    55
    59
    62
    63
    59
    65
    79
    85
    97
   100
    95
   112
   112
   107
   106
   111
   114
   126
   133
   141
   145
   151
   160
   165
   169
   171
   169
   168
   172
   169
   168
   166
   162
   158
   150
   146
   142
   133
   127
   124
   121
   122
   124
   123
   125
   123
   118
   117
   111
   105
   101
    90
    67
    59
    53
    40
    28
    21
    18
    12
    14
    10
     9
    10
    12
     9
    11
    11
    11
    15
    11
    16
    17
    26
    30
    36
    43
    47
    50
   113
    74
    62
    58
    55
    56
    48
    45
    42
    39
    41
    39
    52
    43
    45
    52
    60
    58
    57
    57
    60
    65
    55
    44
    36
    36
    44
    46
    47
    48
    36
    42
    53
    62
    62
    56
    51
    57
    61
    70
    79
    85
    89
    97
    93
   114
   120
   118
   116
   117
   129
   137
   144
   149
   155
   155
   158
   159
   159
   157
   159
   157
   157
   151
   150
   147
   144
   135
   127
   120
   119
   119
   121
   121
   118
   117
   113
   113
   111
   111
   100
    97
    82
    53
    29
    12
     9
    10
     7
    12
    13
    17
    22
    23
    18
    19
    17
    13
    18
    23
    21
    28
    36
    43
    41
    48
    47
    57
    62
    57
    51
    50
   110
   105
    68
    65
    58
    65
    65
    54
    49
    46
    50
    42
    34
    48
    41
    47
    50
    62
    60
    61
    62
    62
    52
    45
    48
    45
    37
    45
    43
    48
    42
    36
    48
    62
    60
    59
    51
    46
    51
    54
    65
    73
    83
    88
   106
    93
   119
   133
   132
   128
   129
   130
   137
   142
   144
   149
   151
   156
   153
   152
   152
   152
   147
   144
   142
   136
   132
   127
   120
   115
   115
   115
   116
   115
   117
   113
   110
   104
    99
    91
    89
    70
    36
    17
    14
    16
    17
    16
    20
    16
    18
    19
    20
    18
    20
    21
    21
    21
    18
    20
    37
    44
    50
    56
    59
    56
    57
    58
    64
    72
    72
    71
   109
   111
    99
    59
    61
    54
    61
    58
    52
    47
    50
    69
    58
    42
    43
    38
    42
    52
    67
    57
    58
    60
    51
    46
    36
    44
    44
    39
    32
    40
    47
    42
    41
    55
    68
    64
    53
    46
    49
    47
    47
    67
    78
    81
    87
   100
    95
   120
   131
   133
   130
   133
   137
   139
   139
   146
   149
   148
   152
   150
   149
   147
   145
   139
   135
   132
   128
   123
   121
   121
   116
   113
   112
   112
   109
   108
   106
    98
    90
    88
    61
    23
    16
    16
    17
    14
    15
    17
    16
    21
    16
    15
    14
    19
    20
    18
    19
    19
    20
    21
    28
    47
    56
    55
    57
    70
    66
    63
    68
    68
    81
    83
   110
   106
   107
    84
    49
    59
    65
    56
    50
    51
    43
    49
    64
    57
    53
    53
    38
    41
    51
    65
    59
    53
    50
    38
    43
    33
    50
    44
    36
    36
    41
    54
    44
    50
    63
    72
    62
    46
    41
    52
    48
    46
    64
    77
    76
    75
    80
    88
   106
   117
   130
   130
   133
   137
   140
   142
   145
   146
   142
   146
   143
   139
   137
   133
   127
   125
   123
   116
   117
   115
   110
   112
   109
   106
   105
   101
    99
   104
   124
   123
    55
    13
    13
    15
    14
    16
    17
    16
    16
    13
    16
    17
    20
    21
    18
    17
    18
    17
    17
    16
    25
    37
    54
    62
    64
    60
    74
    74
    67
    70
    64
    72
   108
   109
   110
   109
    72
    51
    54
    66
    52
    52
    51
    40
    37
    55
    51
    59
    60
    38
    45
    53
    67
    66
    57
    45
    40
    32
    33
    49
    46
    28
    36
    46
    53
    48
    62
    69
    69
    53
    46
    45
    54
    53
    55
    63
    66
    69
    74
    77
    83
    91
    89
    99
   105
   111
   117
   119
   122
   119
   126
   124
   123
   122
   119
   119
   115
   111
   109
   111
   111
   110
   105
    96
    91
    97
   106
   115
   124
   145
   154
   137
    87
    20
    20
    19
    17
    16
    15
    16
    18
    19
    18
    19
    22
    18
    20
    18
    20
    21
    16
    20
    19
    33
    51
    62
    67
    66
    64
    76
    79
    68
    67
    64
   113
   108
   109
   110
   105
    56
    51
    62
    61
    54
    54
    55
    44
    36
    51
    46
    57
    56
    46
    49
    54
    66
    61
    43
    42
    41
    29
    37
    49
    44
    34
    32
    50
    48
    50
    62
    69
    65
    48
    41
    44
    52
    49
    59
    60
    64
    61
    66
    77
    87
    96
    98
   100
   101
   106
   105
   106
   106
   108
   112
   111
   110
   111
   110
   110
   112
   107
   101
    94
    83
    85
    96
   108
   119
   125
   126
   142
   152
   155
   143
   120
    42
    15
    15
    17
    17
    19
    20
    21
    19
    21
    22
    20
    21
    21
    20
    17
    20
    22
    20
    19
    24
    39
    49
    54
    66
    72
    73
    75
    78
    75
    75
   111
   113
   109
   107
   108
    96
    50
    60
    65
    60
    52
    52
    48
    46
    38
    53
    49
    58
    60
    53
    51
    52
    64
    55
    38
    47
    41
    34
    39
    50
    40
    38
    39
    52
    50
    56
    64
    61
    51
    45
    44
    40
    43
    44
    46
    49
    55
    61
    63
    66
    72
    82
    88
    95
    95
   103
   102
   103
    98
    94
    93
    94
    92
    90
    88
    80
    74
    63
    71
    83
    96
   109
   124
   126
   119
   119
   128
   133
   138
   138
   124
    75
    24
    18
    15
    18
    20
    21
    20
    18
    22
    22
    18
    15
    18
    20
    23
    20
    19
    18
    18
    17
    33
    47
    53
    59
    66
    74
    72
    80
    81
    78
   114
   112
   112
   112
   112
   111
    90
    47
    54
    60
    57
    53
    55
    46
    42
    35
    45
    55
    50
    54
    58
    55
    54
    59
    47
    31
    35
    40
    45
    40
    51
    39
    34
    42
    53
    56
    57
    61
    58
    38
    42
    47
    45
    44
    41
    31
    32
    32
    45
    54
    60
    62
    64
    61
    64
    60
    62
    59
    68
    68
    72
    69
    65
    58
    48
    44
    44
    57
    74
   100
   115
   124
   115
    99
    91
    93
    96
    95
   103
   111
   113
    77
    23
    19
    20
    17
    13
    16
    18
    23
    19
    17
    21
    17
    16
    14
    18
    21
    22
    17
    19
    18
    18
    40
    48
    55
    64
    69
    75
    76
    86
    89
   115
   113
   115
   114
   113
   111
   112
    82
    48
    54
    57
    53
    48
    48
    48
    45
    38
    43
    59
    57
    58
    57
    53
    57
    55
    46
    38
    29
    39
    48
    35
    51
    34
    31
    44
    59
    64
    61
    51
    59
    41
    42
    44
    46
    45
    35
    28
    30
    26
    28
    32
    47
    55
    55
    48
    44
    42
    38
    36
    35
    37
    34
    31
    28
    27
    26
    28
    47
    63
    73
    72
    56
    44
    48
    58
    67
    75
    79
    81
    77
    74
    56
    27
    24
    23
    20
    25
    24
    23
    19
    18
    18
    17
    19
    18
    18
    15
    16
    20
    20
    17
    16
    18
    29
    43
    58
    66
    64
    68
    76
    77
    81
   113
   113
   114
   111
   111
   113
   111
   110
    80
    49
    47
    54
    52
    44
    51
    43
    34
    30
    46
    50
    58
    59
    62
    55
    58
    50
    55
    39
    20
    39
    44
    42
    46
    30
    33
    51
    63
    62
    55
    47
    52
    42
    50
    40
    46
    49
    36
    29
    32
    35
    35
    27
    25
    35
    38
    37
    34
    27
    22
    21
    20
    18
    17
    20
    21
    23
    28
    21
    21
    28
    31
    32
    33
    41
    54
    63
    66
    64
    61
    61
    54
    28
    26
    24
    22
    23
    26
    27
    24
    25
    23
    24
    20
    16
    19
    18
    19
    17
    18
    21
    19
    23
    15
    19
    35
    52
    59
    62
    68
    73
    81
    88
   113
   112
   109
   111
   114
   111
   108
   109
   107
    96
    73
    58
    53
    55
    47
    47
    44
    39
    30
    42
    52
    56
    64
    58
    48
    51
    44
    61
    55
    36
    42
    36
    48
    39
    37
    46
    56
    66
    60
    49
    46
    41
    44
    45
    43
    42
    50
    48
    40
    32
    34
    40
    43
    40
    38
    43
    44
    44
    39
    33
    30
    29
    31
    36
    36
    40
    40
    38
    44
    40
    40
    34
    33
    32
    32
    33
    35
    35
    34
    32
    30
    33
    31
    32
    31
    32
    26
    27
    28
    28
    27
    26
    26
    27
    24
    23
    19
    23
    20
    17
    17
    16
    22
    15
    33
    46
    52
    51
    65
    77
    82
    81
   111
   112
   112
   110
   110
   111
   111
   107
   105
   104
   101
    82
    59
    45
    50
    43
    40
    40
    34
    33
    38
    53
    56
    63
    53
    46
    50
    46
    50
    56
    50
    38
    33
    43
    30
    39
    48
    58
    60
    50
    47
    48
    46
    48
    47
    41
    36
    43
    45
    42
    38
    39
    38
    39
    36
    31
    37
    39
    39
    42
    47
    52
    57
    54
    47
    39
    40
    42
    37
    32
    29
    29
    28
    28
    28
    26
    27
    27
    28
    28
    27
    26
    28
    26
    29
    24
    27
    24
    22
    21
    20
    19
    19
    21
    26
    23
    25
    25
    27
    27
    28
    28
    25
    26
    26
    32
    38
    42
    67
    73
    75
    78
   111
   111
   114
   111
   112
   113
   111
   109
   105
   105
   107
   103
    89
    50
    48
    47
    44
    35
    38
    32
    34
    42
    51
    57
    53
    51
    44
    36
    43
    47
    58
    49
    38
    31
    42
    36
    52
    56
    58
    55
    39
    39
    51
    50
    51
    46
    37
    32
    33
    37
    38
    35
    32
    30
    30
    31
    24
    26
    29
    30
    35
    34
    32
    36
    39
    42
    40
    30
    30
    28
    28
    25
    28
    24
    25
    24
    23
    25
    24
    25
    24
    25
    26
    29
    27
    29
    24
    22
    19
    19
    18
    19
    19
    19
    16
    20
    19
    20
    18
    21
    19
    21
    20
    16
    22
    30
    36
    46
    65
    71
    76
    75
   111
   112
   109
   112
   110
   111
   112
   113
   108
   101
   104
   104
   105
    93
    41
    42
    42
    40
    33
    31
    27
    34
    47
    64
    58
    50
    51
    49
    36
    39
    48
    57
    47
    43
    33
    37
    48
    59
    58
    52
    49
    37
    38
    49
    52
    52
    49
    42
    37
    34
    34
    30
    26
    25
    24
    22
    27
    26
    26
    30
    29
    34
    35
    31
    32
    26
    31
    43
    35
    27
    23
    25
    26
    27
    28
    26
    20
    22
    22
    20
    22
    22
    22
    24
    23
    21
    27
    25
    26
    23
    21
    21
    19
    15
    14
    15
    14
    14
    17
    18
    17
    15
    18
    18
    19
    23
    30
    49
    69
    76
    81
    81
   115
   113
   114
   108
   108
   112
   111
   111
   114
   112
   100
   105
   100
   105
    86
    53
    41
    37
    29
    30
    33
    26
    35
    48
    59
    52
    50
    41
    35
    34
    35
    49
    53
    47
    52
    45
    40
    51
    57
    53
    52
    38
    31
    36
    42
    54
    55
    56
    43
    38
    38
    38
    32
    33
    35
    35
    35
    35
    25
    22
    25
    24
    29
    34
    35
    39
    29
    24
    33
    36
    30
    23
    20
    24
    23
    20
    23
    18
    18
    20
    21
    23
    25
    24
    26
    27
    18
    20
    27
    24
    24
    22
    20
    21
    21
    18
    17
    16
    14
    15
    17
    17
    12
    15
    13
    19
    29
    50
    64
    74
    76
    83
   110
   110
   111
   111
   113
   113
   112
   112
   111
   110
   110
   104
   104
   103
    99
    64
    43
    36
    34
    30
    30
    38
    29
    32
    51
    53
    51
    44
    40
    31
    37
    36
    49
    51
    42
    50
    48
    46
    50
    53
    50
    48
    41
    37
    39
    51
    54
    56
    51
    37
    25
    29
    35
    36
    34
    33
    34
    35
    33
    30
    22
    20
    19
    22
    24
    32
    33
    26
    24
    24
    31
    34
    25
    21
    21
    20
    20
    20
    19
    20
    20
    18
    17
    21
    22
    24
    24
    19
    16
    24
    22
    24
    25
    22
    20
    20
    17
    19
    19
    20
    17
    20
    22
    20
    20
    19
    33
    47
    56
    69
    76
    76
   114
   112
   110
   111
   110
   109
   109
   111
   111
   112
   112
   110
   107
   101
   106
    98
    56
    39
    29
    28
    27
    31
    30
    30
    41
    38
    46
    52
    36
    37
    34
    34
    34
    48
    45
    45
    50
    56
    46
    52
    52
    45
    39
    39
    43
    39
    45
    57
    62
    59
    39
    25
    24
    30
    30
    33
    31
    31
    33
    27
    34
    34
    28
    16
    13
    13
    26
    35
    27
    23
    20
    22
    29
    27
    22
    21
    18
    23
    22
    23
    24
    22
    20
    18
    21
    18
    20
    24
    23
    21
    27
    19
    17
    18
    23
    21
    22
    18
    19
    18
    17
    14
    18
    17
    19
    21
    31
    46
    54
    61
    66
    77
