    25
    25
    24
    20
    24
    28
    24
    24
    27
    28
    23
    25
    24
    26
    24
    27
    23
    29
    28
    26
    24
    24
    27
    26
    30
    29
    30
    27
    29
    31
    29
    37
    32
    30
    31
    32
    32
    29
    44
    41
    35
    31
    30
    26
    41
    33
    48
    63
    51
    87
   131
    97
    76
    93
    96
    93
   109
   115
   105
   112
   133
   148
   153
   175
   172
   160
   158
   107
    59
    66
   109
   139
   160
   165
   150
    94
    28
    21
    32
    30
    33
    28
    28
    32
    28
    30
    33
    34
    32
    30
    31
    29
    29
    33
    33
    31
    33
   131
   151
   157
   167
   176
   183
   186
   189
   191
   193
   199
   199
   198
   197
   201
    17
    24
    26
    26
    24
    25
    25
    28
    25
    25
    30
    30
    29
    27
    29
    29
    28
    27
    29
    27
    30
    32
    28
    27
    25
    28
    28
    32
    29
    28
    31
    34
    32
    33
    21
    17
    17
    23
    26
    31
    35
    35
    36
    46
    25
    40
    48
    56
    67
    86
   112
   158
   148
   137
   135
   140
   141
   147
   166
   178
   169
   168
   155
   142
   126
   117
   131
   164
   177
   138
    87
    71
    84
   118
   140
   154
   166
    89
    20
    31
    31
    33
    31
    29
    35
    29
    30
    31
    30
    31
    30
    33
    37
    32
    30
    34
    35
   138
   144
   149
   157
   167
   177
   180
   185
   188
   191
   198
   202
   199
   193
   196
    26
    22
    22
    21
    26
    25
    25
    23
    27
    27
    24
    25
    27
    28
    29
    26
    29
    27
    28
    27
    26
    26
    28
    27
    32
    26
    29
    35
    34
    36
    23
    15
    16
    26
    51
    73
    78
    56
    47
    51
    62
    62
    59
    48
    74
    71
    56
    67
    82
    85
   106
   120
   134
   146
   165
   186
   189
   181
   160
   149
   147
   133
   123
   115
    99
    87
    99
   113
   123
   144
   162
   132
   113
   132
   140
   146
   132
   141
    82
    33
    31
    29
    34
    33
    32
    33
    29
    29
    31
    32
    31
    29
    30
    30
    33
    26
    38
   141
   139
   145
   148
   156
   162
   167
   177
   184
   187
   192
   194
   196
   196
   193
    25
    22
    26
    27
    24
    25
    25
    26
    27
    26
    27
    27
    25
    26
    24
    30
    27
    30
    30
    28
    28
    29
    29
    29
    25
    39
    40
    39
    38
    39
    63
    95
   113
   120
   111
   108
   109
   114
   113
   105
   103
    99
   100
   121
   104
    91
    97
    79
    88
   100
   101
   140
   155
   144
   132
   121
   136
   143
   147
   157
   143
   124
   122
   119
   126
   120
    77
    83
   102
   110
   131
   148
   152
   146
   144
   139
   138
   132
    91
    30
    31
    32
    28
    31
    30
    28
    33
    35
    33
    31
    33
    33
    32
    30
    34
    36
    42
   147
   139
   134
   145
   145
   149
   154
   165
   175
   181
   185
   186
   184
   184
   190
    22
    26
    24
    25
    23
    23
    26
    27
    25
    28
    28
    25
    28
    27
    28
    27
    29
    27
    29
    28
    28
    29
    28
    31
    37
    34
    39
    45
    60
    75
    94
   110
   118
   107
   108
   112
   120
   124
   115
   101
    89
   110
   107
    91
   102
    88
    80
    93
   109
   125
   142
   140
   146
   151
   156
   157
   142
   134
   134
   134
   123
   129
   141
   154
   162
   168
   178
   137
    84
   107
   152
   156
   150
   156
   142
   128
   112
   100
    68
    36
    34
    31
    33
    32
    29
    34
    33
    30
    30
    30
    30
    32
    30
    31
    30
    31
    39
   143
   143
   133
   140
   150
   153
   159
   160
   167
   170
   177
   182
   184
   182
   181
    22
    21
    22
    23
    27
    27
    26
    25
    25
    25
    28
    30
    27
    28
    26
    27
    29
    29
    29
    30
    30
    30
    31
    33
    32
    48
    85
    99
    98
   104
   120
   114
   108
   114
   116
   112
   114
   128
   109
   100
   121
   118
   115
   128
   107
    89
    86
   106
   136
   152
   151
   162
   154
   134
   127
   124
   131
   132
   142
   143
   147
   138
   138
   134
   125
   122
   125
   136
   137
   127
   127
   128
   131
   114
   107
    99
    90
    72
    24
    14
    19
    17
    21
    28
    34
    31
    32
    33
    31
    30
    33
    30
    33
    32
    31
    30
    34
   127
   148
   144
   134
   144
   158
   153
   151
   156
   172
   178
   184
   186
   178
   173
    25
    27
    26
    26
    21
    23
    25
    25
    26
    27
    25
    25
    26
    28
    30
    28
    26
    28
    26
    27
    29
    28
    30
    28
    42
    78
    94
   102
   104
   119
   115
   119
   119
   110
   112
   110
   104
   101
   111
   114
   119
   119
    83
    46
    45
    30
    86
   138
   138
   140
   145
   132
   123
   122
   126
   133
   132
   138
   139
   132
   132
   129
   135
   136
   142
   134
   131
   132
   132
   135
   121
   119
   123
   122
   119
   123
   130
   132
   130
   131
   122
    90
    70
    42
    19
    24
    19
    28
    35
    32
    31
    31
    33
    33
    32
    32
    31
   109
   137
   144
   141
   142
   154
   166
   159
   143
   132
   143
   145
   167
   166
   155
    23
    22
    22
    21
    27
    24
    26
    28
    29
    26
    29
    28
    28
    25
    25
    30
    31
    29
    31
    30
    27
    29
    24
    49
    94
   110
   111
   122
   117
   107
   111
   118
   118
   111
   109
   114
   112
   112
   110
   116
    95
    50
    27
    90
    99
   129
   150
   136
   136
   129
   126
   127
   134
   141
   159
   155
   159
   150
   149
   148
   147
   149
   144
   135
   135
   140
   143
   143
   142
   142
   144
   134
   130
   127
   132
   133
   135
   133
   127
   124
   121
   131
   137
   139
   140
   121
    76
    29
    21
    24
    32
    34
    34
    30
    30
    32
    35
   104
   132
   136
   144
   139
   137
   136
   154
   165
   156
   135
   122
   150
   170
   170
    22
    24
    24
    25
    22
    25
    25
    26
    25
    27
    26
    26
    26
    29
    28
    27
    27
    27
    27
    28
    27
    27
    63
    93
   102
   100
   108
   112
   103
   109
   110
   108
   107
   107
   111
   125
   126
   121
   125
   105
    50
    37
    80
   118
   116
   143
   150
   147
   145
   141
   141
   139
   136
   146
   150
   156
   143
   149
   147
   144
   148
   148
   151
   145
   144
   136
   129
   128
   130
   144
   143
   146
   144
   141
   133
   123
   123
   132
   117
   118
   119
   123
   119
   129
   122
   121
   138
   144
   123
    76
    32
    14
    21
    28
    34
    32
    32
    98
   129
   118
   118
   144
   178
   196
   202
   204
   208
   214
   219
   215
   210
   211
    24
    24
    25
    25
    23
    24
    27
    26
    26
    27
    26
    29
    29
    27
    28
    28
    27
    30
    28
    26
    30
    55
    83
    94
    91
   107
   112
   111
   114
   115
   106
   109
   115
   125
   128
   125
   113
   120
   110
    40
    36
    46
   111
   129
   125
   146
   150
   154
   151
   147
   150
   146
   144
   147
   144
   139
   155
   151
   140
   148
   140
   140
   144
   136
   142
   148
   147
   146
   141
   145
   147
   146
   152
   147
   142
   136
   129
   132
   141
   137
   133
   131
   124
   122
   123
   124
   116
   124
   130
   143
   146
   119
    85
    37
    15
    14
    14
    70
    95
   139
   186
   200
   200
   199
   199
   200
   201
   202
   201
   199
   195
   194
    24
    22
    22
    23
    26
    25
    23
    26
    29
    28
    28
    27
    27
    28
    27
    29
    30
    30
    27
    30
    36
    75
   100
    91
    95
    95
    90
   101
   112
   113
   111
   120
   119
   121
   124
   127
   128
   136
    88
   107
   143
   131
    75
    68
    74
    88
   117
   125
   127
   137
   149
   159
   166
   162
   159
   150
   148
   151
   152
   141
   140
   140
   131
   131
   136
   131
   129
   131
   134
   130
   138
   135
   132
   134
   126
   125
   128
   130
   127
   126
   130
   133
   131
   126
   126
   124
   129
   129
   120
   129
   132
   144
   151
   144
   115
   103
   148
   179
   194
   203
   202
   200
   201
   201
   201
   201
   202
   200
   199
   194
   193
   194
    23
    25
    27
    26
    24
    26
    27
    28
    24
    26
    25
    26
    28
    28
    29
    28
    30
    27
    29
    34
    58
    83
    91
    91
    89
    93
    97
   108
   112
   114
   119
   123
   128
   135
   140
   138
   130
   126
    77
    53
    82
   121
   206
   185
   173
   154
   129
   110
   101
    93
    84
    83
    97
   125
   156
   158
   149
   147
   138
   142
   134
   128
   131
   135
   137
   133
   138
   137
   137
   137
   124
   121
   116
   123
   128
   131
   125
   123
   123
   118
   121
   126
   123
   126
   123
   125
   118
   121
   128
   123
   120
   119
   135
   136
   134
   139
   148
   188
   218
   208
   202
   202
   202
   202
   202
   201
   202
   201
   197
   194
   192
   192
    23
    22
    23
    24
    26
    26
    25
    25
    25
    27
    26
    28
    27
    26
    28
    27
    28
    29
    32
    57
    88
    82
    92
    91
    91
    96
   109
   113
   120
   122
   126
   130
   129
   107
   110
   124
   137
   116
    61
    92
   111
    71
    32
    40
    47
    70
    87
    92
    97
    94
    92
    86
    64
    46
    63
   120
   163
   156
   155
   154
   151
   144
   141
   142
   143
   145
   142
   144
   138
   133
   137
   131
   133
   132
   130
   135
   127
   129
   133
   131
   131
   126
   122
   121
   122
   123
   125
   123
   122
   120
   123
   126
   127
   132
   135
   128
   121
   113
   130
   194
   214
   201
   202
   204
   202
   202
   201
   199
   196
   192
   191
   193
    23
    23
    26
    24
    27
    26
    25
    26
    27
    26
    28
    29
    27
    30
    28
    27
    29
    31
    55
    85
    78
    75
    95
    87
    97
   107
   109
   117
   128
   132
   129
   132
   130
   133
   137
   135
   138
    84
    53
    30
    32
    53
    96
   118
   114
    94
   113
   136
   143
   147
   152
   150
   146
   132
    94
    57
   100
   163
   161
   149
   140
   135
   142
   144
   146
   149
   146
   148
   145
   149
   139
   133
   133
   131
   131
   127
   136
   135
   139
   133
   131
   132
   133
   129
   126
   125
   123
   127
   126
   127
   124
   123
   127
   124
   122
   129
   127
   129
   127
   124
   163
   218
   204
   202
   202
   202
   202
   200
   196
   192
   190
   192
    26
    23
    23
    25
    25
    25
    26
    25
    27
    27
    25
    25
    27
    26
    28
    30
    32
    34
    72
    67
    64
    80
    94
   106
   116
   117
   122
   127
   127
   119
   124
   129
   123
   134
   141
   150
   141
    97
    52
    71
   115
   129
   117
    86
    87
    72
    87
   138
   158
   147
   147
   156
   161
   159
   152
   129
    72
   117
   153
   147
   144
   142
   150
   148
   149
   154
   155
   150
   148
   142
   146
   139
   140
   142
   141
   137
   124
   132
   133
   134
   138
   129
   127
   128
   128
   120
   120
   122
   124
   119
   120
   117
   113
   110
   115
   124
   128
   128
   129
   128
   115
   145
   211
   203
   202
   201
   200
   197
   196
   192
   190
   189
    20
    25
    26
    26
    26
    25
    25
    27
    26
    27
    27
    28
    27
    28
    27
    29
    33
    61
    70
    59
    64
    82
   101
   107
   115
   109
   105
   111
   121
   123
   128
   124
   130
   134
   141
   157
   128
    93
   102
   115
    83
    62
    69
    78
    63
    65
    93
   141
   157
   161
   163
   156
   149
   145
   153
   153
   134
    67
   142
   150
   145
   148
   152
   151
   151
   150
   150
   151
   142
   143
   140
   142
   144
   144
   146
   143
   148
   147
   135
   140
   135
   127
   126
   124
   119
   123
   118
   118
   114
   115
   118
   119
   120
   117
   109
   105
   112
   113
   126
   137
   129
   117
   146
   210
   201
   201
   201
   199
   193
   191
   189
   188
    24
    24
    24
    27
    25
    27
    26
    25
    27
    27
    27
    28
    27
    28
    28
    31
    39
    75
    68
    67
    67
    96
   111
   112
   120
   123
   128
   126
   127
   127
   122
   124
   141
   146
   143
   130
    96
    86
   121
   121
   110
   123
   125
   132
   152
   150
   140
   147
   170
   161
   151
   142
   137
   146
   146
   152
   150
   123
    97
   154
   167
   169
   160
   153
   151
   155
   152
   146
   146
   142
   138
   144
   142
   149
   141
   139
   143
   147
   147
   143
   135
   141
   130
   124
   122
   118
   120
   114
   117
   114
   117
   121
   115
   113
   111
   113
   109
   112
   104
   112
   130
   122
   112
   152
   210
   200
   199
   198
   195
   192
   188
   188
    22
    24
    24
    24
    25
    25
    27
    28
    26
    28
    27
    25
    27
    29
    26
    28
    65
    84
    71
    66
    97
   104
   103
   111
   120
   127
   120
   115
   124
   135
   141
   149
   152
   152
   147
   121
    85
   100
   115
   115
   116
   127
   136
   130
   113
   124
   150
   140
   157
   145
   138
   137
   144
   138
   140
   143
   146
   140
   110
   143
   154
   152
   151
   151
   147
   138
   139
   143
   142
   136
   135
   136
   140
   142
   139
   141
   148
   147
   141
   140
   146
   146
   137
   138
   134
   117
   111
   118
   117
   114
   109
   106
   112
   109
   112
   113
   109
   110
   107
   108
   115
   121
   125
   114
   168
   203
   198
   197
   195
   194
   188
   188
    26
    26
    28
    27
    25
    24
    26
    24
    25
    25
    27
    27
    27
    26
    42
    57
    90
    73
    48
    82
   100
   111
   122
   129
   132
   127
   128
   135
   139
   140
   145
   140
   145
   146
   136
   109
    81
   100
   118
   130
   149
   149
   138
   114
   114
   143
   161
   146
   151
   137
   126
   138
   142
   141
   140
   145
   149
   150
   124
   121
   162
   159
   152
   158
   151
   143
   140
   141
   140
   137
   133
   143
   150
   148
   142
   153
   147
   147
   135
   145
   141
   133
   141
   134
   123
   128
   128
   125
   118
   116
   115
   113
   110
   120
   113
   115
   104
   102
   106
   106
   102
   111
   121
   123
   123
   190
   198
   195
   194
   191
   189
   187
    20
    23
    25
    26
    26
    27
    27
    29
    29
    28
    25
    27
    29
    40
    43
    67
    85
    62
    74
    96
   107
   100
   113
   115
   117
   127
   119
   132
   140
   149
   132
   143
   148
   138
   147
   114
    90
   123
   143
   140
   129
   120
    97
    89
   112
   139
   155
   139
   147
   140
   122
   114
   127
   125
   135
   137
   134
   141
   130
   105
   145
   148
   150
   162
   161
   158
   152
   154
   144
   140
   145
   146
   150
   145
   133
   133
   132
   131
   140
   141
   130
   133
   126
   126
   127
   126
   119
   114
   107
    97
   103
   109
   115
   121
   121
   123
   115
   115
   105
   104
    99
   104
   111
   115
   114
   133
   198
   195
   192
   192
   189
   187
    27
    25
    23
    22
    25
    25
    24
    24
    29
    29
    26
    27
    37
    36
    50
    92
    73
    69
    96
   108
   109
   113
   118
   122
   128
   135
   142
   155
   156
   142
   147
   146
   137
   140
   144
   106
    99
   119
   125
   134
   126
   101
    78
    80
    99
   126
   154
   149
   138
   142
   148
   136
   123
   115
   127
   134
   149
   150
   142
   108
   128
   150
   155
   165
   167
   165
   155
   139
   140
   141
   151
   146
   142
   137
   129
   121
   123
   130
   125
   125
   128
   128
   130
   131
   134
   128
   121
   115
   111
   112
   101
   105
   102
    98
   108
   110
   100
    98
    95
    84
    85
    90
   111
   111
   110
   106
   164
   193
   190
   188
   187
   184
    20
    24
    26
    24
    26
    24
    29
    28
    25
    24
    34
    34
    29
    52
    80
    81
    71
    93
   100
   107
   111
   119
   120
   122
   125
   125
   126
   145
   143
   146
   148
   148
   140
   131
   126
    95
    98
   137
   147
   129
   106
   103
   116
   117
   123
   155
   151
   136
   131
   144
   150
   151
   140
   128
   131
   134
   138
   144
   153
   128
   115
   156
   162
   163
   168
   159
   162
   153
   144
   142
   137
   140
   124
   125
   116
   122
   125
   131
   129
   124
   127
   127
   128
   134
   128
   116
   105
    98
    87
    79
    82
    82
    83
    95
   106
    90
    86
    88
    95
   107
    99
   106
   107
   109
   114
   115
   105
   179
   189
   188
   187
   186
    24
    21
    20
    27
    24
    28
    26
    28
    29
    31
    30
    29
    49
    77
    88
    58
    78
    98
   104
   114
   107
   116
   127
   136
   136
   139
   142
   155
   159
   154
   153
   142
   133
   132
   138
    97
   101
   112
    94
    87
    89
    96
    88
    95
   125
   154
   162
   131
   127
   135
   135
   139
   139
   130
   130
   138
   135
   130
   126
   132
   111
   140
   143
   165
   169
   156
   150
   136
   132
   130
   133
   125
   120
   118
   112
   121
   124
   120
   112
   119
   126
   129
   130
   103
    99
    97
    90
    82
    77
    66
    67
    73
   100
   116
   100
   107
   119
   120
   115
   115
   119
   100
    97
   104
   109
   107
   104
   121
   186
   184
   184
   183
    23
    24
    27
    25
    25
    26
    26
    28
    28
    28
    27
    26
    47
    85
    64
    82
   106
   116
   120
   118
   129
   130
   129
   128
   126
   140
   144
   145
   152
   155
   146
   143
   137
   135
   124
    92
    98
   109
   112
    92
    90
    80
   106
   111
   122
   140
   120
   118
   115
   129
   133
   141
   140
   131
   128
   119
   130
   129
   127
   132
   117
   135
   152
   151
   147
   149
   133
   122
   122
   120
   110
   112
   101
    95
   118
   122
   123
   119
   123
   125
   132
   129
   107
    99
    98
    92
    86
    76
    61
    73
    87
   111
   125
   118
   129
   130
   126
   118
   110
   112
   119
   117
   106
   111
   109
   111
   107
    96
   151
   182
   180
   181
    23
    25
    22
    26
    25
    24
    25
    25
    27
    29
    27
    33
    66
    80
    75
    97
    98
    85
   100
   121
   130
   126
   122
   118
   122
   113
   134
   164
   161
   143
   140
   138
   131
   124
   109
    91
    91
   100
    90
    88
    95
    97
   102
   102
   118
   113
   110
   122
   105
   105
   117
   122
   123
   121
   111
   130
   134
   136
   137
   130
   123
   126
   144
   147
   142
   127
   113
   104
   106
   115
   108
    95
    98
   116
   123
   129
   125
   129
   137
   133
   118
   107
    89
    89
    85
    81
    71
    61
    78
    93
   108
   139
   145
   146
   133
   130
   127
   125
   125
   123
   118
   117
   112
    97
   103
   105
   107
   112
   103
   167
   181
   179
    24
    22
    24
    22
    23
    25
    24
    30
    31
    24
    24
    48
    75
    64
    81
    75
    91
   105
   119
   126
   125
   126
   120
   120
   137
   153
   155
   136
   116
   130
   135
   139
   132
   118
   109
    85
    88
    88
    81
    90
   103
    95
   117
   108
   115
    80
   128
   129
   109
   110
   127
   126
   132
   130
   119
   128
   134
   134
   134
   133
   125
   111
   134
   134
   133
   116
   107
   109
   112
   103
    88
    92
   107
   116
   122
   131
   137
   131
   122
   111
   117
    98
    81
    69
    57
    60
    64
    88
    93
   118
   144
   143
   145
   134
   131
   128
   130
   132
   129
   126
   124
   121
   123
   113
   102
   100
    98
   111
   110
   133
   173
   176
    24
    23
    25
    25
    27
    25
    27
    22
    30
    32
    41
    67
    55
    69
    95
   108
   108
   122
   118
   115
   130
   125
   120
   136
   140
   143
   136
   141
   147
   143
   142
   137
   117
   105
    99
    79
    88
    83
    73
    76
    98
   106
    94
    98
    76
    66
   101
   166
   131
   125
   123
   129
   129
   113
   112
   132
   133
   135
   134
   126
   127
   110
   128
   129
   118
   107
    86
    92
    94
    86
    92
    99
   118
   129
   141
   132
   130
   123
   118
   119
   103
    85
    62
    49
    53
    62
    82
    90
   120
   137
   150
   148
   140
   129
   130
   141
   137
   134
   121
   123
   124
   119
   121
   122
   109
   103
    94
    88
    99
   112
   155
   171
    23
    25
    24
    23
    24
    26
    25
    30
    32
    29
    47
    58
    65
    84
    93
   110
   118
   125
   130
   130
   128
   130
   135
   130
   133
   120
   144
   149
   142
   140
   137
   133
   115
   111
   112
    92
    89
    89
    67
    74
    90
    78
    82
    96
    69
   140
   120
   113
   107
   117
   125
   124
   121
   113
    97
   124
   131
   134
   139
   139
   133
   111
   120
   115
   109
    92
    77
    78
    83
    88
    94
   110
   125
   134
   131
   127
   127
   117
   112
   103
    93
    69
    49
    41
    61
    87
    87
   110
   135
   145
   147
   143
   135
   138
   144
   134
   129
   126
   136
   129
   116
   109
   109
   119
   121
   104
    94
    88
    92
    92
   124
   168
    23
    23
    25
    26
    25
    26
    28
    27
    27
    32
    60
    61
    77
    90
   102
   114
   119
   119
   117
   119
   125
   131
   140
   131
   125
   141
   142
   133
   137
   140
   144
   135
   128
   118
   105
    97
   116
    88
    67
    47
   127
    63
    80
    82
    67
    67
    54
    95
   109
   116
   123
   123
   116
   106
   102
   129
   138
   135
   132
   133
   126
   103
   122
   106
    98
    66
    61
    73
    82
    80
    97
   112
   127
   126
   126
   128
   128
   118
   107
    87
    75
    50
    25
    67
   119
   128
   133
   140
   143
   144
   146
   145
   147
   144
   143
   141
   134
   136
   128
   120
   114
   112
   113
   113
   117
   118
    99
    84
    81
    95
   104
   144
    23
    23
    24
    25
    26
    25
    28
    24
    27
    60
    60
    59
    75
    93
   110
   104
   115
   123
   130
   134
   134
   132
   127
   124
   124
   135
   141
   143
   138
   137
   148
   144
   125
   115
   104
    95
   125
   101
    96
   188
   225
   208
   126
    91
    47
    32
    43
    76
    86
   105
   118
   116
   110
    88
   111
   135
   129
   129
   130
   135
   124
    98
   115
   104
    83
    59
    53
    65
    76
    97
   113
   127
   123
   126
   127
   132
   133
   113
   101
    85
    63
    42
    65
   137
   147
   135
   124
   133
   140
   134
   138
   137
   138
   136
   134
   125
   129
   127
   119
   121
   114
   105
   103
   100
   102
   108
   116
    96
    75
    75
    89
   116
    22
    22
    23
    22
    27
    27
    25
    26
    43
    54
    55
    73
    90
   101
   112
   119
   116
   128
   131
   130
   127
   129
   124
   127
   132
   132
   133
   139
   143
   141
   132
   141
   136
   127
   109
    83
    99
   100
    99
   161
   227
   199
   132
    83
    31
    25
    47
    70
    85
   110
   119
   113
   108
    75
   111
   128
   131
   130
   135
   136
   114
    94
   107
    86
    68
    52
    51
    60
    89
   105
   118
   123
   131
   145
   149
   142
   126
   110
    96
    84
    63
    41
   133
   143
   142
   138
   134
   130
   134
   129
   126
   121
   123
   120
   114
   118
   125
   125
   117
   114
   113
   108
   103
    88
    89
    93
   105
   114
   102
    80
    72
    88
    24
    25
    23
    24
    27
    26
    24
    26
    49
    66
    56
    69
    93
   106
   114
   115
   122
   125
   126
   125
   129
   130
   131
   124
   127
   131
   134
   146
   149
   141
   135
   142
   142
   132
   109
    94
    91
    95
    86
    59
    98
   100
   103
    90
    41
    40
    60
    74
    90
   113
   121
   114
    99
    95
   131
   132
   131
   129
   127
   125
   104
   100
    96
    76
    56
    50
    43
    66
    95
   109
   125
   131
   137
   134
   141
   138
   118
   106
   106
    94
    45
    84
   146
   142
   130
   131
   128
   125
   127
   123
   114
   116
   115
   120
   120
   120
   118
   119
   109
   112
   109
   106
    96
    96
    89
    86
    95
    93
   112
   103
    85
    83
    24
    24
    23
    26
    25
    28
    33
    35
    73
    56
    69
    85
    98
    92
    99
   118
   126
   132
   128
   128
   129
   125
   119
   125
   122
   129
   124
   137
   147
   149
   147
   145
   143
   129
   114
    90
    76
    93
    82
    72
    79
   107
    96
    95
    52
    36
    51
    76
    95
   118
   117
    98
    88
   105
   128
   134
   127
   125
   130
   128
   105
   102
    89
    68
    49
    40
    52
    79
   102
   122
   131
   133
   137
   138
   143
   129
   119
   113
   109
    79
    32
   117
   145
   125
   127
   128
   126
   115
   119
   113
   106
   113
   121
   121
   114
   120
   121
   119
   114
   109
   101
    97
    89
    87
    73
    64
    76
    87
    87
   114
   115
    96
    20
    21
    24
    24
    23
    29
    30
    57
    73
    57
    69
    85
    99
   112
   120
   127
   126
   128
   132
   124
   129
   123
   122
   122
   120
   131
   137
   142
   140
   141
   138
   137
   136
   134
   121
    93
    70
    80
    74
    76
    88
   111
   106
    96
    69
    54
    79
    75
    84
   108
   108
   104
    97
   128
   137
   132
   128
   125
   132
   121
    96
    93
    77
    51
    41
    44
    63
    90
   118
   130
   138
   145
   137
   125
   133
   125
   115
   119
   111
    57
    57
   129
   125
   136
   134
   125
   114
   117
   114
   104
   110
   111
   108
   108
   122
   122
   115
   110
   108
   101
   101
    90
    76
    78
    65
    66
    65
    73
    63
    80
   103
   116
    23
    23
    26
    24
    29
    30
    33
    72
    60
    57
    80
    91
   102
   107
   113
   122
   126
   126
   125
   116
   121
   133
   128
   121
   129
   134
   135
   136
   140
   145
   145
   145
   142
   138
   124
   104
    67
    73
    78
    66
    70
   100
   110
    85
    93
    54
    71
    76
    76
    98
   114
   105
   113
   126
   137
   137
   132
   133
   133
   107
   103
    72
    42
    19
    20
    42
    75
   106
   119
   133
   135
   134
   137
   143
   134
   126
   123
   118
   101
    55
   107
   134
   143
   138
   127
   110
   105
   105
    98
   102
   104
   107
   111
   121
   127
   122
   109
   111
   113
   112
    93
    88
    80
    64
    60
    62
    65
    73
    67
    69
    84
   100
    23
    24
    29
    33
    38
    34
    55
    74
    55
    62
    80
    89
   102
   108
   112
   116
   118
   127
   130
   131
   128
   133
   129
   129
   138
   134
   126
   140
   148
   149
   148
   147
   142
   143
   141
   106
    75
    64
    79
    69
    60
    80
   108
    76
    79
    73
    63
    72
    74
    93
    97
    97
   128
   132
   139
   134
   131
   137
   126
    91
   108
   102
   102
   110
   105
    53
    34
    58
   105
   137
   138
   141
   143
   143
   139
   135
   125
   117
    86
    85
    86
   116
   136
   144
   145
   114
    92
    99
   105
   107
   113
   107
   119
   130
   131
   125
   113
   116
   111
   111
    98
    92
    78
    72
    62
    58
    57
    63
    61
    54
    69
    84
    24
    26
    27
    31
    30
    31
    75
    79
    71
    77
    79
    87
    99
   114
   112
   116
   123
   128
   131
   123
   125
   127
   128
   119
   122
   126
   128
   121
   140
   150
   154
   148
   142
   135
   123
   107
    76
    66
    67
    71
    66
    78
   112
    98
    70
    95
    94
    80
    70
    83
   100
   128
   138
   133
   135
   138
   143
   152
   119
   116
   118
   118
   113
   121
   118
   116
    62
    67
    96
   133
   146
   137
   139
   134
   129
   134
   126
   108
    81
    75
    79
   127
   127
   148
   142
   118
   101
    93
   100
   107
   100
   108
   115
   113
   114
   113
   117
   116
   111
   110
   105
    87
    84
    69
    53
    54
    58
    58
    61
    52
    63
    73
    22
    25
    26
    28
    24
    42
    80
    83
    77
    85
    79
    97
   105
   111
   114
   119
   117
   122
   124
   132
   133
   129
   133
   124
   109
   122
   132
   128
   136
   150
   151
   147
   142
   147
   128
   102
    67
    63
    63
    78
    70
    76
   106
   108
    83
    95
   108
   107
    79
    86
   120
   139
   137
   136
   138
   143
   151
   117
   131
   131
   102
   105
   116
   134
   113
    88
    80
    89
   110
   126
   139
   140
   139
   141
   137
   137
   126
   110
    90
    74
    68
   116
   122
   141
   140
   114
   101
    96
    99
    92
    86
   100
   114
   119
   117
   110
   114
   108
   103
    92
    84
    84
    73
    64
    56
    55
    57
    55
    63
    44
    44
    61
    27
    31
    37
    32
    30
    51
    70
    83
    79
    80
    89
    99
    97
   104
   110
   115
   118
   117
   126
   119
   128
   131
   121
   127
   126
   129
   131
   128
   135
   145
   151
   153
   148
   144
   140
   115
    87
    72
    67
    77
    71
    71
    98
   106
    88
    90
   124
   127
   104
   121
   139
   137
   142
   144
   142
   154
   126
    61
   110
    90
    94
   113
   141
   139
   114
    69
    52
    83
    99
   110
   131
   141
   139
   144
   137
   125
   119
   100
    76
    56
    71
   118
   125
   138
   126
   107
    94
    89
    86
    88
    96
   110
   113
   110
   112
   105
   107
    96
    94
    92
    87
    73
    68
    66
    55
    53
    52
    56
    64
    44
    43
    41
    25
    23
    26
    36
    41
    59
    84
    86
    85
    89
    94
   100
   108
   108
   114
   108
   117
   125
   128
   126
   117
   123
   129
   126
   128
   128
   126
   131
   136
   142
   147
   148
   145
   145
   134
   115
    88
    76
    66
    71
    71
    75
    92
   103
    97
    91
   114
   117
   111
   124
   142
   145
   152
   153
   167
   126
    55
    83
    89
    94
   104
   130
   142
   147
   117
    46
    29
    71
   103
   104
   124
   136
   141
   140
   132
   136
   135
    95
    71
    53
    73
   109
   110
   121
   122
   100
    81
    68
    71
    73
    86
    95
   102
   107
   101
    99
    94
    89
    86
    90
    85
    74
    71
    68
    58
    51
    44
    48
    63
    42
    45
    44
    24
    24
    24
    28
    43
    51
    71
    80
    73
    74
    85
    95
    88
    93
   103
   115
   126
   131
   125
   120
   126
   131
   135
   129
   111
   118
   122
   131
   133
   140
   147
   141
   141
   140
   135
   126
   113
    97
    84
    65
    82
    88
   109
   116
   121
   131
   125
   124
   133
   150
   153
   141
   163
   172
   102
    36
    56
    78
    63
    85
   115
   138
   154
   160
   142
    72
    46
    88
   115
   120
   112
   125
   138
   129
   138
   132
   123
    97
    72
    54
    67
   120
   114
   123
   117
    86
    63
    53
    59
    67
    73
    87
   102
   102
   100
    89
    93
   101
    97
    82
    66
    65
    64
    66
    56
    58
    59
    47
    58
    47
    46
    48
    21
    24
    32
    35
    34
    49
    74
    80
    80
    82
    95
    93
    94
   101
    95
   109
   124
   125
   120
   125
   130
   129
   133
   133
   122
   113
   119
   128
   135
   140
   143
   143
   148
   147
   139
   132
   121
    99
    84
    75
    83
   118
   122
   119
   130
   135
   135
   122
   134
   142
   158
   164
   132
    70
    48
    59
    69
    85
    95
   116
   125
   131
   154
   165
   152
   128
    62
    92
    99
   115
   115
   109
   117
   125
   129
   130
   122
    93
    59
    55
    57
    94
   108
   118
   115
    83
    54
    62
    63
    60
    78
    88
    81
    90
    88
    85
    97
    96
    89
    90
    91
    82
    82
    70
    57
    54
    60
    52
    63
    46
    37
    43
    35
    40
    31
    27
    41
    48
    81
    93
    83
    86
    81
   101
   110
   115
   117
   124
   124
   122
   120
   133
   135
   131
   128
   116
   119
   125
   126
   128
   135
   138
   139
   145
   147
   143
   133
   126
   126
   110
    96
    86
    70
   109
   140
   132
   137
   137
   128
   120
   135
   154
   125
    95
    83
    80
    71
    81
   102
   114
   132
   139
   146
   147
   152
   158
   156
   137
   109
   138
   141
   105
    93
    89
    85
   105
   122
   129
   121
    93
    68
    53
    73
   124
   112
   108
   101
    70
    75
    67
    62
    63
    63
    70
    76
    90
    93
    96
   100
   100
    99
    93
    86
    84
    79
    73
    59
    51
    46
    52
    61
    44
    38
    34
    22
    18
    24
    37
    40
    52
    67
    77
    72
    87
    83
    99
   107
   110
   121
   121
   119
   119
   119
   129
   130
   124
   118
   121
   127
   125
   130
   123
   128
   131
   144
   147
   148
   144
   139
   129
   118
   110
   107
    96
    81
    84
   108
   135
   137
   140
   133
   139
   121
    85
   105
    89
    80
    66
    78
   110
   134
   139
   136
   140
   145
   142
   139
   143
   145
   134
   112
    70
    76
    81
    69
    57
    41
    49
    78
   116
   117
    97
    61
    61
    52
    88
    95
   110
   103
    75
    70
    64
    53
    66
    67
    68
    69
    85
    96
    89
   101
    98
    96
    86
    80
    77
    68
    59
    52
    52
    45
    49
    57
    46
    41
    43
    23
    25
    23
    30
    36
    50
    69
    81
    79
    85
    96
    97
    95
   108
   114
   126
   125
   127
   126
   128
   118
   123
   132
   129
   118
   129
   125
   132
   128
   134
   140
   143
   139
   143
   142
   133
   118
   107
   107
   105
   119
    81
    91
    80
    91
    90
    76
    60
    85
   105
    61
    59
    66
   101
   111
   130
   135
   136
   146
   147
   140
   140
   157
   170
   140
   113
   109
    76
    70
    59
    51
    33
    31
    27
    40
    85
   111
   115
    87
    59
    48
    79
   109
   111
   105
    81
    66
    62
    62
    58
    61
    60
    77
    91
   104
   101
    93
    84
    81
    76
    78
    71
    70
    64
    60
    51
    49
    51
    58
    45
    37
    37
    23
    23
    23
    27
    36
    46
    69
    75
    80
    88
    93
    96
   109
   110
   118
   123
   131
   132
   134
   127
   123
   127
   118
   121
   125
   131
   127
   126
   129
   132
   136
   146
   149
   144
   129
   126
   118
   114
   104
   126
   145
   144
    96
   103
    97
    92
    90
   100
    76
    38
    51
    90
   106
   112
   135
   135
   134
   138
   144
   149
   150
   155
   173
   159
   129
   115
    96
    91
    47
    30
    23
    29
    30
    34
    37
    53
    90
    96
    89
    59
    45
    80
    97
   101
   106
    80
    60
    56
    54
    55
    50
    60
    73
   101
    93
    89
    92
    87
    77
    81
    83
    80
    66
    57
    55
    54
    52
    50
    55
    45
    41
    38
    23
    25
    28
    26
    34
    37
    68
    75
    67
    78
    92
   107
   108
   115
   110
   107
   122
   122
   133
   129
   135
   135
   125
   124
   125
   131
   130
   125
   131
   136
   142
   142
   144
   145
   142
   132
   123
   119
   130
   140
   141
   150
   155
   112
   110
   121
    82
    82
    68
    60
   111
   116
   124
   137
   135
   129
   134
   133
   137
   133
   143
   146
   138
   120
   115
    98
    76
    62
    52
    28
    35
    34
    41
    41
    43
    65
   102
   114
    89
    50
    35
    43
   106
   102
   111
    92
    74
    66
    52
    49
    63
    72
    77
    82
   103
    97
    96
    95
    95
    90
    85
    77
    63
    61
    51
    49
    51
    55
    52
    40
    38
    43
    24
    24
    21
    26
    32
    40
    65
    70
    77
    87
    94
   102
   105
   112
   117
   115
   123
   130
   132
   132
   130
   126
   125
   117
   120
   138
   140
   131
   125
   121
   131
   140
   140
   136
   138
   132
   130
   129
   135
   141
   144
   144
   144
   139
    92
    69
    70
   119
    92
    93
   115
   117
   124
   129
   123
   130
   129
   125
   126
   131
   134
   141
   135
   122
   106
    82
    62
    54
    37
    33
    41
    58
    70
    72
    79
    82
   106
   111
    93
    52
    37
    31
    67
    85
   109
   100
    84
    65
    49
    48
    62
    75
    81
    95
   103
   100
   105
   101
    97
    78
    67
    72
    73
    69
    68
    58
    50
    51
    55
    41
    44
    45
    22
    26
    22
    25
    27
    38
    57
    78
    76
    90
    92
   104
   100
   101
   117
   124
   128
   129
   128
   123
   132
   128
   125
   128
   134
   136
   135
   126
   131
   129
   129
   135
   141
   141
   133
   126
   129
   133
   135
   141
   145
   145
   146
   141
   106
   148
   113
   108
    77
    96
   117
   130
   131
   130
   130
   133
   125
   124
   120
   138
   147
   148
   131
   111
    93
    76
    64
    64
    55
    26
    28
    35
    48
    54
    55
    73
    97
   104
    84
    54
    36
    35
    88
    94
   112
   112
    86
    67
    57
    54
    58
    64
    81
    97
   105
   107
   107
   100
    98
    93
    91
    79
    75
    70
    66
    60
    51
    53
    57
    41
    43
    47
    24
    22
    24
    23
    27
    37
    53
    55
    64
    83
    93
   106
   115
   116
   116
   118
   120
   124
   133
   134
   133
   134
   133
   129
   126
   126
   129
   124
   133
   130
   136
   138
   134
   133
   131
   131
   130
   129
   128
   139
   147
   146
   151
   150
   114
   142
   124
   153
   195
   137
   126
   125
   131
   135
   127
   127
   124
   122
   125
   134
   143
   147
   127
   108
    91
    84
    67
    61
    48
    42
    47
    36
    45
    45
    43
    50
    78
    85
    84
    62
    39
    26
    65
    88
   118
   113
    98
    79
    65
    61
    64
    71
    77
    90
    99
   109
   107
   106
   101
    98
   105
    97
    88
    79
    65
    58
    49
    48
    52
    38
    44
    46
    21
    22
    25
    27
    25
    26
    48
    64
    77
    86
    89
   101
   113
   112
   118
   118
   120
   126
   130
   133
   126
   113
   128
   131
   129
   130
   129
   128
   128
   133
   134
   140
   140
   135
   141
   130
   134
   134
   129
   134
   141
   140
   140
   142
   127
    71
    52
   115
    85
   108
   131
   123
   114
   112
   111
   109
   111
   113
   114
   115
   121
   119
   112
   103
    99
    80
    65
    57
    69
    81
    60
    48
    44
    44
    44
    58
    81
   100
    95
    79
    50
    32
    42
    88
   115
   117
    97
    79
    70
    78
    73
    75
    77
    82
    94
   109
   116
   108
    99
   107
    99
    94
    82
    79
    68
    59
    52
    62
    56
    53
    47
    43
    23
    22
    23
    23
    28
    26
    40
    52
    64
    81
    91
    97
   106
   112
   119
   121
   121
   126
   129
   125
   127
   131
   129
   131
   120
   120
   131
   130
   131
   140
   144
   144
   147
   154
   153
   144
   132
   125
   122
   123
   128
   133
   138
   142
   129
    94
    64
    88
    75
    81
   114
   111
   109
   107
   115
   114
   110
   111
   109
   121
   122
   111
   107
   104
   101
    83
    75
    78
    69
    54
    61
    62
    62
    58
    65
    79
    97
   104
   102
    80
    49
    35
    33
    84
   110
   119
   104
    79
    70
    77
    78
    86
    86
    87
    88
    96
   104
   109
   105
   105
   101
    99
    88
    77
    74
    69
    66
    66
    43
    53
    63
    70
    22
    22
    26
    28
    23
    25
    37
    53
    65
    80
    92
    96
   108
   109
   116
   118
   119
   122
   127
   128
   133
   127
   129
   132
   125
   124
   129
   129
   125
   125
   133
   134
   138
   145
   144
   132
   125
   121
   120
   118
   124
   134
   140
   140
   131
   108
    87
    70
    79
    45
    57
    87
    95
    92
    96
   107
   115
   119
   127
   128
   137
   140
   142
   133
   115
   100
    88
    92
    35
    47
    75
    83
    80
    88
    90
    96
    98
   103
    94
    90
    66
    43
    31
    54
    95
   107
    98
    86
    80
    88
    87
    92
    92
    89
    92
    97
    96
   102
   107
    99
    94
    92
    92
    87
    75
    71
    70
    62
    59
    53
    46
    40
    23
    23
    23
    29
    27
    23
    36
    39
    55
    82
    93
    98
   105
   111
   112
   115
   117
   122
   133
   133
   128
   127
   126
   131
   129
   125
   128
   130
   125
   128
   133
   133
   137
   146
   138
   131
   126
   121
   114
   107
   114
   125
   131
   140
   125
   103
   107
    90
   131
   175
   155
    68
    55
    56
    61
    69
    81
    95
   101
   105
   104
   110
   127
   149
   133
    97
    94
    42
    20
    39
    72
    92
   103
   108
   119
   120
   115
   107
   103
    99
    86
    46
    36
    53
    95
   108
    83
    85
    88
    88
    91
    97
    97
   105
   100
   112
   106
   107
   104
   106
   101
    94
    93
    89
    80
    68
    73
    66
    49
    42
    47
    47
    23
    25
    22
    25
    30
    30
    34
    38
    49
    70
    84
    94
    97
   101
   109
   112
   113
   116
   121
   133
   130
   134
   132
   132
   127
   125
   132
   132
   127
   130
   135
   139
   142
   148
   143
   136
   128
   119
   109
   108
   105
   116
   123
   117
    88
    86
    95
    74
    58
    57
    48
    61
    76
    75
    73
    59
    52
    63
    69
    58
    57
    64
    76
    91
   108
   112
    78
    33
    31
    28
    60
   105
   121
   127
   124
   121
   116
   103
   100
    94
    79
    60
    37
    41
    89
    95
    98
    85
    91
    99
   100
   101
   110
   106
   112
   106
   109
   105
   100
    98
    95
    91
    92
    83
    77
    82
    76
    57
    60
    53
    52
    62
    21
    22
    24
    22
    24
    28
    34
    37
    38
    66
    89
    96
   102
   106
   110
   116
   120
   120
   119
   122
   123
   128
   127
   133
   132
   135
   132
   130
   130
   127
   126
   135
   143
   150
   147
   134
   122
   116
   107
    92
    92
    95
    94
    86
    74
    52
    44
    66
    78
    73
    67
    60
    47
    40
    49
    66
    83
    76
    61
    75
    64
    73
   108
   107
   108
    99
    66
    50
    45
    28
    46
   104
   125
   129
   130
   124
   118
   112
   101
    97
    91
    81
    46
    21
    66
   102
    94
    96
    89
    99
    97
    97
   108
   113
   113
   111
   116
   108
    99
   100
    93
    87
    90
    86
    79
    74
    65
    61
    49
    52
    58
    58
    24
    22
    20
    22
    25
    30
    30
    35
    45
    65
    79
    92
   106
   109
   113
   116
   119
   124
   117
   127
   129
   135
   134
   126
   124
   125
   133
   128
   124
   123
   121
   131
   143
   140
   131
   131
   124
   115
   103
    95
    84
    80
    89
    77
    64
    81
    99
    94
    97
   102
    97
   114
   127
   127
   128
   105
    69
    48
    55
    70
    60
    52
    41
    89
   105
    91
    70
    62
    47
    19
    41
   102
   122
   130
   128
   127
   123
   126
   113
    96
    96
    89
    61
    33
    19
    86
   113
   102
    98
   103
   111
   106
   110
   117
   116
   111
   102
   102
   106
   102
    97
    91
    85
    80
    81
    76
    72
    67
    55
    61
    60
    49
    21
    20
    24
    24
    23
    30
    29
    28
    35
    51
    74
    92
   103
   104
   103
   116
   120
   122
   124
   128
   134
   127
   134
   130
   127
   123
   125
   132
   132
   134
   129
   126
   133
   131
   131
   128
   123
   115
   103
    92
    86
    74
    75
    71
    88
   100
    80
    76
   102
   102
    95
    95
   116
   120
   124
   124
   129
   133
    95
    62
    87
    80
    68
    53
    64
    81
    68
    57
    53
    73
    97
   106
   120
   125
   127
   130
   134
   122
   110
    90
    81
    83
    71
    46
    23
    48
   104
   111
   119
   118
   114
   112
   114
   123
   121
   117
   109
   104
   100
    99
    88
    82
    86
    83
    80
    82
    68
    60
    67
    66
    68
    60
    24
    24
    22
    22
    24
    26
    32
    31
    34
    43
    69
    91
   101
    98
   108
   119
   118
   123
   126
   125
   127
   123
   124
   127
   126
   130
   132
   131
   128
   132
   132
   134
   138
   132
   132
   131
   127
   118
   107
    93
    82
    74
    91
   102
   113
   111
    80
   100
   128
   132
   103
    83
   100
   114
   123
   123
   122
   124
   123
   120
    80
    53
    75
    66
    40
    25
    25
    40
    89
   110
   105
   103
   111
   120
   121
   118
   127
   122
   106
    95
    85
    79
    76
    60
    41
    21
    46
    70
    63
    68
    77
    95
   106
   110
   117
   115
   104
   101
    94
    94
    92
    79
    84
    94
    91
    69
    59
    60
    61
    51
    48
    53
    22
    22
    22
    25
    23
    23
    25
    33
    40
    43
    61
    89
   103
   103
   111
   114
   115
   115
   122
   128
   126
   128
   135
   126
   130
   130
   125
   127
   136
   140
   141
   137
   136
   134
   133
   130
   128
   122
   109
    81
    71
    70
   114
   108
   120
   117
    86
    95
   109
   111
    91
    79
    92
    99
   123
   127
   117
   117
   118
   121
   129
   100
    31
    82
    79
    56
    41
    35
    47
    83
    98
   100
    87
   107
   120
   117
   120
   130
   118
   101
    88
    74
    70
    56
    50
    36
    34
    41
    60
    77
    83
    82
    92
   102
   114
   119
   113
   100
    92
    89
    85
    85
    84
    62
    37
    38
    47
    48
    50
    66
    70
    64
    22
    23
    25
    24
    24
    26
    25
    26
    27
    36
    62
    86
    98
   104
   107
   112
   116
   112
   119
   125
   122
   121
   122
   134
   130
   128
   128
   131
   122
   122
   136
   131
   136
   137
   133
   134
   128
   123
   103
    85
    71
    66
   114
    99
   121
   116
    86
    93
    92
   104
    82
    74
    90
    94
    98
   120
   125
   116
   127
   128
   121
   127
   105
    38
    85
    73
    54
    40
    44
    63
    90
   105
   109
   105
   119
   122
   114
   110
   122
   114
    95
    80
    70
    66
    63
    52
    48
    52
    82
    88
    85
    84
    82
    88
   100
   102
    98
    96
    92
    82
    76
    74
    58
    30
    33
    40
    44
    57
    63
    51
    61
    66
    23
    25
    22
    22
    25
    25
    23
    23
    27
    38
    45
    72
    87
   100
    99
   111
   113
   120
   122
   127
   130
   129
   125
   127
   138
   133
   129
   129
   112
   119
   128
   132
   128
   129
   131
   129
   129
   126
   106
    84
    72
    67
    98
    98
   121
   110
    85
   100
   107
   119
   103
    97
   100
    99
   100
   103
   124
   128
   120
   110
   110
   110
   119
    96
    58
    75
    57
    49
    43
    59
    79
    90
   102
   107
   111
   122
   129
   125
   106
   106
   106
   103
    91
    85
    70
    70
    64
    69
    85
    90
    84
    86
    83
    83
    86
   102
   107
    94
    79
    73
    59
    46
    46
    37
    40
    48
    60
    70
    72
    72
    62
    73
    25
    21
    24
    23
    23
    26
    26
    25
    36
    30
    31
    47
    77
    93
   104
   109
   112
   120
   117
   119
   126
   121
   122
   133
   131
   132
   128
   132
   129
   129
   130
   131
   133
   135
   136
   137
   135
   121
   103
    83
    65
    59
   101
    98
   122
   100
   101
    93
    83
   109
   101
   104
   105
   110
    99
    85
   106
   119
   112
   115
   112
   116
   109
   117
    69
    72
    64
    52
    44
    51
    75
    89
    93
    90
   102
   111
   118
   119
   114
   109
   108
   103
    95
    88
    97
    84
    77
    82
    99
    95
    93
    87
    82
    86
    82
    82
    90
    95
    96
    84
    73
    59
    49
    48
    52
    61
    59
    65
    70
    63
    74
    81
    20
    23
    20
    23
    23
    24
    26
    24
    21
    29
    27
    29
    61
    79
    93
   101
   110
   106
   108
   110
   114
   127
   129
   122
   116
   122
   123
   127
   125
   120
   126
   133
   133
   130
   130
   138
   140
   117
    96
    68
    51
    60
    99
   101
   124
   108
   113
    81
    65
    95
   105
   104
    96
   105
   104
    89
    84
   118
   112
   121
   120
   117
   114
   112
   109
    63
    77
    64
    50
    48
    75
    87
    86
    88
    88
   101
   113
   116
   114
   110
   101
    97
    96
    94
    96
    95
    89
    92
   100
    95
    89
    87
    84
    82
    76
    75
    74
    92
    99
    90
    76
    68
    60
    55
    48
    60
    71
    58
    60
    75
    89
    91
    22
    25
    24
    24
    24
    24
    26
    27
    27
    25
    27
    33
    45
    66
    85
    94
   105
   104
   106
   116
   124
   123
   129
   126
   123
   120
   121
   124
   126
   128
   131
   132
   134
   129
   126
   125
   118
   101
    96
    64
    56
    57
    96
   103
   136
   128
   116
    72
    56
    81
    95
    83
    91
   101
   105
   102
    84
   100
   118
   112
   112
   113
   115
   114
   110
    74
    78
    72
    55
    49
    61
    88
    84
    80
    84
    85
    89
    98
   110
   111
   109
   106
   107
   110
   119
   111
   109
   102
    97
    97
    95
    85
    80
    82
    76
    74
    83
    77
    78
    93
    95
    74
    70
    64
    61
    59
    74
    72
    72
    83
    86
   108
    22
    20
    20
    22
    22
    23
    23
    23
    24
    22
    26
    25
    28
    58
    85
    91
   100
   115
   123
   120
   130
   134
   130
   131
   129
   127
   128
   124
   127
   124
   127
   132
   129
   129
   128
   121
   112
    95
    81
    58
    47
    62
    71
   104
   149
   126
    75
    98
    36
    47
    78
    77
    89
   103
   113
   108
    89
    83
   118
   113
   117
   113
   112
   118
   110
   107
    65
    86
    71
    45
    54
    73
    85
    85
    80
    82
    80
    75
    71
    71
    80
    96
   109
   113
   115
   123
   118
   108
   106
    99
    98
    96
    87
    89
    87
    86
    80
    77
    75
    83
    81
    84
    77
    76
    74
    79
    71
    73
    84
    86
   111
   127
    22
    24
    24
    23
    25
    25
    26
    25
    24
    28
    25
    25
    26
    29
    76
    92
    88
    95
   106
   123
   118
   119
   123
   128
   124
   126
   126
   128
   126
   124
   129
   127
   131
   132
   137
   130
   108
    80
    74
    62
    54
    59
    75
   149
   188
   135
   176
   224
   162
    54
    59
    61
    83
   102
   116
   112
   103
    82
   110
   117
   114
   110
   110
   116
   114
   115
    65
    82
    84
    72
    67
    71
    95
    96
    88
    82
    75
    75
    73
    74
    66
    71
    93
   112
   114
   115
   113
   106
   103
   106
   100
    94
    86
    89
    92
    90
    92
    97
    94
    90
    86
    89
    86
    85
    83
    92
    93
    99
   100
   115
   133
   129
    21
    21
    22
    22
    22
    23
    20
    26
    25
    23
    26
    28
    27
    25
    46
    77
    91
   105
   106
   110
   120
   116
   117
   117
   118
   127
   131
   113
   120
   127
   123
   135
   135
   128
   128
   126
   115
   100
    80
    70
    60
    66
    73
   116
   158
   128
   176
   238
   151
    47
    50
    59
    73
    94
   113
   111
   106
    91
   103
   114
   112
   113
   113
   115
   117
   122
    79
    92
    92
    84
    75
    78
    89
    96
    97
    94
    86
    75
    63
    64
    81
    92
    92
   100
   111
   111
   102
    96
   108
    98
    91
    95
    99
    94
    92
    93
    92
    90
    94
    97
    97
    86
    90
    96
   103
    99
   106
    93
   109
   139
   135
   138
    22
    24
    23
    23
    21
    25
    26
    25
    25
    28
    25
    24
    28
    29
    23
    62
    86
    96
   106
   112
   123
   124
   123
   127
   128
   126
   126
   120
   113
   116
   123
   129
   124
   124
   118
   124
   120
   102
    77
    68
    68
    65
    71
    89
   112
   111
   100
    78
    30
    41
    66
    59
    71
    90
    99
   111
   111
    97
   100
   110
   118
   116
   107
   115
   118
   119
   104
    87
   109
    96
    83
    79
    83
    95
    96
    91
    93
    91
    86
    92
    87
    95
   102
    96
    85
   103
   109
   108
   100
    96
    93
    91
    90
    90
    93
    86
    90
    96
    94
    91
    94
    99
   105
   106
   100
    98
    91
   123
   153
   146
   151
   155
    18
    20
    21
    23
    25
    24
    21
    23
    24
    24
    25
    26
    28
    30
    36
    42
    74
    97
   105
   114
   119
   117
   116
   125
   127
   117
   122
   119
   123
   132
   129
   128
   129
   131
   131
   115
   106
    89
    83
    82
    73
    77
    69
    84
    82
   116
   107
   128
    84
    41
    51
    59
    78
   100
   107
   110
   110
   103
   106
   113
   113
   120
   118
   119
   117
   122
   115
    94
   120
   115
   104
    98
    92
    92
   103
   101
   101
   103
    97
    83
    87
    93
   109
   110
   109
   104
   102
    97
    94
    87
    87
    92
    93
    92
    89
    97
    90
    94
    95
   102
   102
   102
    95
    94
    94
    89
   135
   154
   150
   158
   160
   166
    22
    23
    23
    22
    20
    24
    26
    23
    25
    24
    25
    26
    29
    25
    27
    27
    52
    84
   101
    97
   108
   113
   117
   115
   124
   121
   119
   116
   119
   124
   120
   117
   125
   128
   124
   115
   104
    83
    75
    74
    71
    66
    69
    80
    89
    89
   111
   103
   126
    68
    76
    91
    80
    94
   107
   107
   116
   111
   105
   115
   114
   113
   120
   125
   125
   127
   118
    91
   114
   118
   109
    95
    97
    95
    96
   101
    92
    93
   102
   109
   104
   106
   106
   105
   107
   104
   111
   100
    98
    92
    91
    96
    96
    92
    95
    93
   107
   105
   101
    99
   100
    93
    94
    86
   104
   160
   165
   165
   168
   168
   167
   168
    20
    21
    22
    20
    22
    22
    23
    24
    23
    27
    26
    25
    26
    29
    24
    34
    35
    53
    82
    83
    86
   101
   108
   121
   125
   118
   117
   124
   122
   120
   128
   125
   127
   125
   122
   125
   106
    91
    84
    75
    57
    69
    66
    79
    78
   101
    98
   112
    82
    86
    72
    82
    91
   101
   105
   109
   111
   104
   103
   109
   112
   114
   124
   124
   122
   131
   124
   101
   131
   112
   109
   106
    98
    95
    93
    98
   102
    96
    90
   103
    92
    98
   104
   102
   103
   100
    95
    96
    97
    94
    98
    93
    92
   100
   101
   103
   102
   101
    98
    92
    89
    90
   104
   154
   178
   171
   167
   168
   166
   165
   166
   169
    20
    21
    21
    24
    21
    24
    23
    26
    26
    23
    25
    25
    28
    29
    32
    32
    34
    37
    54
    81
    80
    91
   103
   112
   114
   121
   115
   117
   118
   120
   124
   123
   121
   126
   122
   122
   114
    88
    91
    92
    81
    72
    71
    84
    61
    71
   115
   106
   105
    98
    85
    84
    86
    87
   103
   107
   109
   111
   108
   109
   111
   114
   107
   118
   122
   116
   114
    96
   122
   119
   104
    99
    98
   102
    97
    92
    91
   100
   107
   105
   106
   105
   100
   105
   100
   100
    97
    89
    92
    93
    85
    99
   106
   100
    98
    95
    91
    95
    99
    93
   103
   143
   171
   171
   166
   163
   164
   162
   163
   165
   169
   168
    23
    22
    21
    23
    22
    24
    23
    24
    26
    27
    24
    25
    27
    33
    34
    37
    33
    43
    40
    60
    92
   103
   101
   113
   116
   119
   122
   120
   128
   129
   122
   126
   119
   123
   123
   120
   123
   100
    86
    86
    83
    82
    67
    83
    87
    76
    70
   100
   120
   118
   108
    78
    72
    78
   104
   113
   104
   104
   106
   115
   118
   120
   118
   109
   111
   114
   114
    94
   108
   109
   109
   109
   105
   102
   102
   104
   101
   100
    99
    97
    99
   101
    98
    85
    92
    98
    97
    99
    98
    98
   101
    98
    95
    94
   100
    96
    97
    99
   113
   145
   166
   166
   163
   159
   159
   156
   156
   163
   165
   165
   166
   166
    19
    21
    21
    21
    24
    25
    22
    23
    23
    22
    24
    22
    24
    23
    27
    35
    35
    31
    43
    52
    66
    79
    85
    94
   112
   117
   108
   107
   120
   135
   133
   134
   127
   126
   126
   122
   127
   111
    99
    95
    97
    83
    69
    87
    99
    95
    85
    75
    86
   109
   113
    96
    80
    89
    99
   108
   107
   104
   110
   114
   118
   120
   117
   112
   108
   104
   111
    93
   105
   104
   101
    98
    99
   106
   105
   106
   102
    96
    94
    91
    97
   106
    98
    92
    96
    94
    93
    96
   100
   101
   103
    97
   100
    99
    98
   101
   108
   121
   116
   113
   130
   151
   160
   160
   161
   165
   166
   164
   166
   164
   164
   167
    24
    22
    23
    24
    22
    23
    24
    24
    23
    25
    25
    26
    26
    27
    25
    27
    39
    38
    47
    52
    45
    68
    88
    95
    97
   110
   119
   112
   119
   116
   116
   128
   134
   133
   128
   122
   125
   121
   105
   100
    98
    94
    72
    79
   101
    95
   105
   110
   106
   101
   107
   102
    99
    94
   112
   114
   105
   101
   111
   114
   118
   117
   117
   107
   108
   107
   106
    94
   100
    97
    98
    97
    94
    99
   108
   111
   109
   109
    99
    96
    89
    85
    91
    94
    88
    87
    96
    99
    97
    91
    92
    98
   100
   105
   101
   105
   115
   123
   127
   120
   111
   113
   121
   128
   127
   127
   157
   182
   174
   175
   172
   167
    19
    21
    20
    21
    22
    21
    19
    22
    23
    24
    25
    25
    28
    25
    25
    26
    32
    35
    38
    37
    47
    48
    68
    93
    97
   106
   111
   114
   113
   112
   115
   122
   122
   131
   131
   126
   116
   115
   112
   107
   103
    90
    77
    78
   100
   107
   109
   111
   117
   125
   124
   105
    86
    98
   125
   130
   124
   117
   113
   120
   121
   125
   119
   117
   106
   107
    99
    99
   106
    97
    97
    97
    98
   105
   108
   109
   108
    95
    88
    91
    96
    98
    98
    98
    97
   100
    97
    91
    94
   103
   107
   114
    87
    47
    25
    86
   107
   118
   121
   123
   127
   129
   123
   117
   121
   100
    61
    64
    87
   110
   148
   171
    22
    22
    24
    21
    21
    24
    26
    23
    23
    22
    22
    25
    23
    25
    27
    23
    25
    41
    35
    36
    39
    49
    40
    58
    88
    90
    98
   105
   105
   114
   121
   113
   122
   123
   125
   122
   122
   124
   117
   106
   111
   109
    89
    70
    73
    58
    72
    86
    98
   108
   119
   118
   101
    91
   107
   128
   123
   120
   118
   122
   121
   119
   113
   104
   105
   111
    96
   102
   106
   100
    99
    97
   101
   103
   104
    98
    97
    95
    91
    92
    90
    97
    94
    89
    89
    91
    94
   103
   105
   105
    77
    33
    13
    19
    37
    87
   102
   111
   117
   123
   126
   130
   128
   118
   116
   124
   124
    97
    66
    66
    91
   144
    19
    22
    19
    23
    24
    22
    21
    23
    24
    24
    24
    23
    28
    25
    24
    27
    25
    38
    39
    32
    40
    43
    49
    37
    55
    76
    87
    85
    95
   111
   112
   109
   110
   120
   125
   129
   125
   121
   119
   105
   108
   111
    98
    73
    95
   110
   116
   115
   112
   111
    98
   105
   120
   127
   111
   113
   128
   125
   124
   124
   121
   117
   107
   108
   105
   113
    92
   101
   100
   104
   100
   102
   101
   102
    97
   102
    97
    90
    97
    92
    94
    87
    86
    85
    92
   100
   103
    82
    55
    20
    15
    20
    24
    27
    36
    86
    98
   109
   113
   119
   123
   121
   118
   110
   112
   116
   119
   115
   103
   104
   100
    98
    21
    21
    23
    21
    21
    21
    23
    24
    21
    22
    23
    25
    24
    25
    25
    25
    27
    27
    37
    36
    42
    48
    44
    41
    42
    55
    83
   103
   105
    98
   105
   112
   117
   116
   113
   113
   109
   118
   122
   122
   114
   118
   113
    77
    75
    48
    47
    51
    58
    48
    49
    39
    40
    45
    52
    52
   114
   123
   114
    91
    87
    98
   105
    96
    95
   119
   102
   105
   100
    99
   102
   103
   109
   107
   103
    91
    83
    79
    76
    90
    86
    81
    81
    98
   100
    73
    37
    14
    21
    23
    24
    26
    27
    27
    35
    84
    96
   107
   110
   118
   123
   117
   111
   112
   112
   109
   112
   121
   117
   117
   121
   132
    20
    20
    21
    23
    22
    23
    24
    22
    25
    24
    24
    23
    23
    22
    23
    25
    25
    24
    36
    38
    44
    53
    47
    52
    57
    47
    45
    70
    95
   108
   111
   106
   106
   113
   117
   114
   104
   110
   119
   121
   120
   113
   111
    90
    75
    67
    42
    37
    24
    23
    28
    43
    63
    59
    49
    48
   102
    94
    87
   103
   103
    79
    57
    52
   124
    97
   101
   102
   101
    97
   101
   100
   100
   102
   102
    99
    98
    95
    97
    94
    99
    98
    92
    71
    29
    14
    18
    24
    23
    29
    28
    29
    26
    26
    37
    93
   102
   107
   113
   118
   120
   113
   111
   112
   116
   118
   115
   131
   130
   120
   122
   135
    21
    20
    21
    21
    22
    21
    22
    21
    21
    24
    23
    28
    25
    25
    26
    25
    25
    25
    22
    44
    39
    49
    60
    55
    43
    39
    42
    38
    54
    84
    99
   103
   109
   113
   112
   113
   117
   122
   117
   116
   114
   107
   114
   104
    68
    84
    61
    56
    55
    37
    41
    71
    57
    39
    18
    24
    56
    52
    47
    38
    34
    31
    53
   153
   122
    91
   103
    95
    98
    99
   103
   108
   107
   100
   107
   108
    96
    89
    90
    84
    68
    49
    45
    52
    63
    26
    27
    28
    27
    27
    27
    26
    26
    26
    32
    90
   103
   110
   117
   120
   114
   108
   114
   120
   112
   113
   117
   131
   142
   138
   133
   140
    19
    21
    23
    23
    22
    24
    24
    23
    24
    24
    22
    23
    23
    25
    24
    26
    24
    25
    25
    28
    41
    47
    54
    51
    47
    46
    38
    38
    35
    37
    64
    98
   106
   106
   110
   114
   119
   120
   123
   113
   112
   111
   122
   117
    83
    84
    84
    89
   105
   125
    90
    88
    90
    71
    59
    79
   101
    47
    42
    35
    31
    84
   149
   105
    73
    94
    88
    99
   108
   110
   104
   101
   101
   105
   102
    85
    94
   107
   108
   106
    99
    88
    79
    84
    86
    38
    22
    25
    25
    26
    26
    26
    25
    25
    28
    85
   109
   112
   112
   112
   108
   106
   109
   122
   129
   119
   123
   130
   142
   153
   157
   151
    18
    20
    18
    21
    22
    20
    20
    25
    25
    24
    24
    23
    25
    24
    26
    23
    26
    27
    26
    25
    34
    45
    50
    62
    54
    41
    46
    41
    40
    35
    35
    45
    73
    95
   113
   117
   116
   108
   106
   113
   112
   113
   116
   118
    98
    62
    95
    96
   135
   217
   214
   211
   124
   124
   152
   187
   132
    47
    51
    99
   146
   132
    74
    69
    90
   104
   113
   110
   108
   113
   115
   121
   120
    86
    43
    42
    87
   117
   115
   110
   112
   110
   105
    99
    99
    33
    25
    24
    24
    26
    25
    27
    26
    27
    28
    89
   114
   118
   117
   111
   109
   108
   109
   110
   115
   126
   129
   138
   147
   154
   163
   165
    21
    20
    21
    23
    21
    23
    24
    21
    22
    24
    21
    26
    25
    24
    25
    26
    24
    26
    26
    28
    28
    43
    50
    52
    58
    56
    46
    42
    43
    42
    40
    49
    50
    53
    67
    83
   101
   113
   115
   116
   119
   120
   113
   113
   109
    79
    59
    86
    94
   101
   134
   166
   150
   196
   172
   150
   158
   156
   142
   103
    62
    58
    94
   117
   118
   121
    92
    66
    49
    56
    65
    68
    54
    43
    56
    76
   103
   115
   113
   116
   108
   110
   109
   117
    62
    26
    27
    27
    25
    26
    24
    22
    26
    25
    29
    87
   120
   125
   127
   123
   117
   118
   119
   119
   123
   127
   147
   170
   170
   171
   168
   168
    18
    21
    21
    21
    22
    21
    22
    21
    22
    22
    23
    23
    23
    26
    25
    24
    26
    25
    27
    24
    28
    29
    51
    52
    61
    58
    52
    50
    44
    46
    49
    52
    57
    54
    47
    45
    52
    61
    62
    68
    78
    85
    84
    87
    90
    87
    61
    47
    73
   114
   144
   154
   159
   136
   118
    93
    69
    57
    48
    66
   105
   125
   117
    91
    81
    89
    81
    70
    57
    49
    45
    50
    65
    79
    96
   116
   101
    64
    43
    73
   109
   115
   115
    67
    19
    21
    24
    25
    25
    23
    25
    28
    26
    25
    25
    80
   124
   130
   131
   134
   128
   132
   141
   148
   147
   145
   155
   165
   177
   178
   182
   180
    19
    21
    21
    22
    22
    20
    20
    20
    24
    24
    22
    22
    23
    21
    23
    23
    23
    24
    24
    28
    28
    30
    36
    59
    62
    63
    61
    62
    54
    46
    54
    49
    59
    53
    59
    54
    48
    56
    60
    54
    73
    82
    81
    90
    97
   104
    94
    41
    13
    22
    25
    24
    34
    43
    62
    91
    79
    68
    90
   117
   121
   105
    92
    91
    88
    84
    84
    77
    76
    73
    78
    90
   106
   121
   116
    86
    50
    56
    79
   103
   122
   113
    41
    13
    21
    26
    24
    22
    23
    25
    26
    24
    26
    26
    26
    77
   131
   135
   140
   142
   145
   149
   151
   158
   158
   147
   158
   163
   171
   178
   180
   183
    19
    17
    18
    21
    21
    21
    22
    23
    20
    21
    24
    21
    22
    24
    24
    27
    28
    24
    23
    28
    27
    29
    28
    49
    65
    54
    68
    61
    59
    58
    57
    58
    60
    65
    51
    53
    63
    59
    56
    67
    72
    72
   102
   118
   125
   125
   119
    91
   161
   177
   131
   131
   111
    85
    89
    65
    54
    91
   120
   116
   108
   114
   121
   125
   135
   143
   147
   134
   133
   141
   132
   128
   115
    90
    62
    60
    81
   107
   129
   119
    79
    16
    17
    24
    26
    25
    25
    27
    24
    25
    23
    23
    25
    24
    25
    76
   138
   141
   144
   149
   152
   156
   160
   160
   163
   157
   164
   169
   171
   181
   185
   184
    21
    20
    21
    20
    18
    21
    22
    22
    21
    24
    22
    22
    24
    21
    23
    22
    22
    24
    26
    21
    24
    25
    29
    27
    53
    66
    42
    69
    68
    67
    52
    63
    69
    65
    83
    80
    64
    67
    83
    89
    96
   115
   106
    83
    84
    83
    83
    84
   149
   158
   158
    90
    56
    55
    47
    54
    71
   104
   128
   116
   114
   114
   113
   109
   105
    88
    85
    80
    76
    72
    65
    58
    62
    78
   106
   125
   124
    90
    42
    12
    15
    20
    23
    23
    25
    23
    24
    23
    25
    25
    27
    27
    24
    25
    25
    60
   145
   147
   150
   156
   156
   159
   166
   173
   177
   161
   160
   171
   176
   175
   181
   186
    17
    22
    20
    20
    20
    20
    21
    19
    23
    20
    18
    21
    21
    28
    23
    24
    23
    26
    25
    28
    24
    27
    22
    27
    36
    58
    54
    36
    64
    66
    81
    62
    58
    82
    78
    79
   110
   130
   139
   143
   148
   117
   103
   113
    91
    91
    85
    82
    57
    52
    44
    60
    58
    60
    66
    39
    55
   114
   123
    89
    90
    88
    74
    53
    42
    52
    53
    61
    58
    68
    89
   118
   126
   105
    80
    53
    11
    10
    17
    24
    25
    28
    25
    25
    26
    24
    26
    30
    25
    24
    23
    23
    24
    22
    25
    51
   134
   144
   151
   156
   160
   162
   164
   168
   178
   179
   172
   175
   180
   181
   182
   187
    19
    16
    19
    19
    21
    20
    23
    20
    18
    22
    24
    23
    23
    21
    21
    24
    27
    24
    25
    22
    27
    22
    31
    26
    24
    36
    55
    55
    39
    45
    55
   102
   133
   112
    86
    97
   103
   136
   148
   155
   147
   179
   187
   146
   120
    91
    81
    65
    46
    34
    35
    29
    35
    27
    28
    41
    64
   112
   100
    70
    40
    34
    42
    58
    75
    85
   101
   123
   137
   129
    89
    38
    13
     6
    11
    17
    20
    27
    24
    25
    22
    23
    26
    25
    25
    23
    24
    24
    25
    26
    27
    25
    27
    29
    27
    36
   120
   120
   122
   131
   144
   154
   160
   164
   152
   159
   168
   171
   180
   182
   183
   187
    19
    22
    21
    21
    20
    21
    20
    23
    21
    22
    23
    21
    23
    23
    26
    26
    23
    25
    25
    26
    25
    28
    22
    28
    28
    29
    37
    50
    59
    66
    80
    82
    61
   101
   159
   150
   119
    58
    61
    57
    69
    55
    45
    50
    35
    20
    14
    21
    25
    27
    30
    30
    32
    33
    30
    34
    38
    73
   122
   120
   109
   101
   110
   117
   134
   138
   128
    95
    44
     7
    16
    21
    23
    29
    28
    26
    26
    25
    26
    28
    22
    23
    22
    26
    24
    26
    24
    25
    26
    23
    27
    28
    27
    27
    22
    28
   115
   110
   104
   105
   109
   122
   139
   156
   164
   166
   165
   158
   185
   187
   188
   187
