    28
    29
    29
    26
    28
    28
    25
    29
    29
    26
    25
    28
    28
    29
    28
    27
    30
    29
    30
    28
    32
    30
    33
    30
    34
    31
    31
    38
    29
    30
    30
    28
    41
    47
    36
    37
    42
    44
    30
    44
    38
    46
    66
    57
    84
   126
   136
   110
   114
   116
   114
   117
   116
   128
   136
   140
   155
   165
   169
   166
   177
   170
   162
   177
   154
   103
    65
    59
    92
   129
   146
   157
   156
   129
    78
    22
    29
    33
    32
    31
    28
    28
    35
    35
    28
    34
    35
    35
    31
    31
    29
    30
    32
    30
    27
    33
    28
   103
   147
   150
   157
   166
   176
   180
   184
   188
   191
   195
   199
   202
   201
   193
    25
    27
    27
    30
    27
    29
    28
    27
    28
    28
    29
    25
    28
    30
    29
    29
    29
    32
    25
    25
    22
    26
    29
    30
    28
    23
    19
     9
    18
    29
    15
    24
    18
    27
    42
    34
    33
    24
    35
    22
    40
    60
    74
    79
    96
   101
   141
   155
   142
   144
   157
   162
   180
   178
   173
   177
   168
   154
   148
   140
   124
   113
   103
   112
   144
   172
   169
   147
    99
    69
    77
   119
   141
   158
   158
   134
    39
    22
    29
    29
    34
    36
    32
    29
    32
    28
    28
    29
    31
    31
    30
    31
    34
    31
    33
    29
    31
   109
   144
   146
   146
   158
   167
   175
   177
   182
   185
   187
   193
   200
   201
   202
    28
    25
    24
    24
    26
    29
    28
    26
    31
    29
    29
    30
    31
    27
    25
    30
    29
    25
    38
    41
    49
    47
    31
    28
    37
    51
    68
    97
    98
    92
   100
    81
    71
    62
    72
    80
    77
    85
   100
   107
    87
    68
    51
    78
    80
   104
   109
   128
   140
   147
   164
   173
   163
   160
   149
   136
   142
   133
   124
   112
   102
    84
    78
    95
   106
   108
   123
   147
   143
   136
   137
   152
   142
   139
   130
   136
   116
    42
    33
    33
    35
    30
    31
    31
    30
    35
    33
    32
    35
    31
    31
    30
    29
    33
    31
    32
    30
   115
   144
   139
   147
   147
   148
   153
   162
   171
   180
   186
   190
   190
   192
   189
    25
    27
    30
    28
    26
    27
    28
    29
    28
    28
    27
    27
    29
    32
    32
    26
    31
    39
    33
    22
    19
    31
    61
    84
   104
   118
   117
   100
   104
   120
   111
   116
   125
   119
   103
   100
   106
   107
    93
    93
    89
    92
    88
    94
   108
   106
   136
   148
   149
   144
   126
   121
   144
   146
   151
   166
   140
   124
   122
   131
   139
   151
   141
    96
    75
    93
   110
   129
   145
   148
   149
   146
   147
   143
   139
   127
   107
    43
    33
    29
    33
    29
    32
    34
    35
    31
    29
    33
    28
    34
    33
    34
    34
    30
    30
    32
    32
   119
   149
   133
   140
   145
   148
   151
   156
   162
   171
   181
   183
   187
   183
   184
    26
    29
    26
    26
    28
    26
    30
    28
    28
    28
    29
    32
    29
    28
    26
    32
    35
    31
    41
    77
    87
    90
    85
   103
   114
   119
   112
   112
   114
   114
   125
   124
   110
    93
    96
   115
   110
    94
   112
    95
    78
    89
    97
   119
   128
   140
   139
   148
   150
   149
   161
   150
   133
   128
   133
   128
   125
   128
   136
   141
   147
   150
   158
   175
   159
   102
    95
   136
   157
   156
   152
   145
   125
   112
    99
    91
    63
    33
    34
    41
    34
    37
    32
    29
    29
    32
    32
    32
    35
    28
    27
    30
    32
    29
    32
    32
    32
   107
   149
   143
   133
   144
   152
   152
   151
   161
   165
   169
   172
   180
   188
   184
    25
    26
    30
    29
    27
    28
    28
    27
    30
    28
    27
    26
    28
    29
    33
    32
    30
    56
    87
    90
    94
    99
   110
   120
   110
   106
   112
   115
   113
   110
   110
   121
   106
   106
   124
   116
   111
   134
   119
    95
    83
    81
   116
   135
   149
   157
   162
   162
   143
   133
   122
   129
   134
   137
   141
   137
   152
   145
   142
   139
   135
   126
   124
   125
   132
   139
   131
   127
   127
   125
   124
   113
   114
   107
   100
    92
    57
    32
    12
    10
    11
    14
    24
    32
    39
    35
    32
    28
    29
    34
    35
    32
    31
    33
    29
    29
    31
    87
   146
   150
   139
   136
   146
   161
   159
   147
   148
   166
   178
   181
   179
   184
    28
    28
    25
    24
    29
    30
    29
    30
    30
    27
    30
    29
    29
    31
    29
    29
    51
    81
    92
   108
   109
   109
   127
   117
   122
   122
   114
   107
   108
   113
   102
   107
   108
   110
   111
   123
   103
    55
    48
    41
    54
   112
   142
   141
   140
   140
   134
   120
   118
   119
   128
   130
   131
   133
   141
   134
   129
   127
   128
   135
   134
   144
   133
   129
   132
   127
   138
   128
   114
   124
   125
   120
   117
   123
   130
   131
   133
   136
   143
   135
   109
    90
    62
    35
    13
     7
    22
    33
    35
    33
    30
    30
    33
    35
    33
    32
    28
    74
   134
   138
   147
   139
   143
   154
   166
   162
   150
   132
   132
   138
   160
   166
    25
    27
    26
    29
    28
    27
    26
    27
    28
    28
    29
    29
    30
    30
    26
    62
    92
   111
   109
   117
   123
   118
   103
   111
   115
   117
   105
   112
   109
   108
   115
   113
   112
   116
   113
    67
    40
    41
   100
   106
   148
   149
   137
   135
   129
   126
   127
   134
   135
   148
   158
   155
   158
   152
   147
   155
   148
   147
   149
   137
   131
   132
   138
   140
   139
   144
   137
   143
   139
   130
   126
   127
   131
   131
   133
   131
   128
   123
   125
   124
   131
   135
   138
   148
   143
   108
    60
    33
    12
    20
    26
    38
    37
    30
    27
    33
    33
    73
   131
   135
   141
   143
   133
   132
   138
   154
   169
   167
   149
   132
   135
   166
    27
    25
    28
    22
    28
    28
    27
    30
    26
    29
    28
    30
    27
    23
    69
    83
   102
    98
   106
   106
   105
    98
   109
   113
   110
   103
   112
   109
   122
   129
   127
   124
   126
   128
    72
    48
    45
    93
   116
   124
   149
   149
   149
   147
   144
   143
   137
   136
   137
   148
   150
   158
   144
   147
   150
   143
   142
   146
   149
   149
   143
   146
   137
   127
   126
   124
   137
   145
   143
   147
   142
   139
   132
   127
   123
   134
   124
   117
   114
   119
   119
   121
   130
   125
   115
   133
   146
   146
   120
    81
    33
     6
    17
    24
    35
    34
    32
    73
   128
   124
   111
   125
   162
   186
   197
   202
   203
   206
   210
   214
   212
   212
    29
    27
    28
    29
    28
    28
    29
    29
    28
    28
    28
    27
    33
    72
    92
    98
    90
   101
   116
   115
   116
   118
   117
   104
   105
   117
   124
   126
   127
   116
   107
   118
   126
    82
    28
    12
    42
   137
   127
   125
   145
   145
   149
   148
   139
   146
   147
   143
   144
   145
   144
   137
   155
   153
   141
   147
   149
   139
   145
   144
   138
   142
   148
   149
   147
   145
   142
   144
   146
   145
   154
   145
   139
   136
   131
   128
   139
   137
   135
   134
   130
   122
   123
   122
   128
   117
   118
   125
   134
   144
   146
   136
   102
    49
    15
    10
    12
    44
    84
   118
   168
   195
   200
   201
   200
   200
   200
   202
   203
   203
   202
   198
    27
    25
    26
    28
    30
    28
    29
    30
    32
    30
    27
    26
    45
    79
    95
    86
    90
    94
    85
    92
   105
   118
   113
   110
   121
   121
   122
   127
   128
   129
   131
   143
   114
    75
   120
   162
   111
    29
    34
    65
    93
   118
   126
   127
   142
   153
   162
   167
   163
   162
   157
   149
   150
   152
   156
   140
   136
   137
   134
   129
   129
   133
   130
   129
   129
   133
   131
   132
   141
   137
   131
   136
   132
   127
   129
   131
   128
   131
   129
   129
   132
   131
   126
   124
   124
   127
   135
   125
   124
   133
   136
   148
   149
   148
   136
   103
   125
   174
   193
   199
   201
   198
   199
   201
   201
   201
   200
   202
   202
   200
   195
   194
    24
    27
    29
    27
    26
    27
    26
    26
    27
    24
    26
    42
    67
    82
    90
    93
    89
    96
    94
   101
   108
   109
   111
   120
   123
   132
   131
   142
   140
   135
   128
   130
    99
    57
    52
    78
   140
   215
   211
   202
   182
   161
   152
   135
   122
   114
   105
   113
   131
   151
   165
   157
   144
   143
   135
   135
   141
   131
   134
   131
   135
   136
   131
   134
   134
   132
   137
   130
   122
   119
   119
   122
   125
   128
   127
   125
   124
   123
   118
   124
   129
   124
   127
   125
   125
   118
   115
   119
   122
   120
   118
   119
   139
   138
   136
   135
   141
   157
   198
   223
   204
   202
   202
   202
   202
   202
   202
   201
   202
   199
   195
   194
    28
    25
    24
    26
    29
    26
    27
    30
    31
    34
    43
    75
    85
    82
    91
    91
    91
    93
   103
   110
   115
   122
   124
   127
   129
   131
   111
   100
   118
   130
   135
   145
   104
    82
   113
   123
   101
    70
    49
    35
    47
    55
    57
    59
    59
    60
    62
    56
    39
    47
    86
   135
   168
   157
   151
   153
   154
   145
   135
   141
   141
   143
   145
   144
   144
   147
   134
   136
   135
   130
   131
   128
   130
   136
   131
   125
   128
   130
   130
   127
   124
   125
   123
   124
   125
   128
   127
   122
   120
   120
   121
   122
   120
   128
   131
   132
   126
   117
   112
   139
   206
   214
   202
   203
   203
   203
   201
   201
   200
   196
   194
   191
    24
    29
    29
    28
    27
    28
    28
    26
    29
    29
    73
    85
    77
    74
    91
    85
    93
   104
   112
   112
   117
   128
   132
   132
   132
   132
   134
   135
   136
   133
   142
   130
    44
    38
    40
    31
    29
    55
    98
   115
   124
   123
   133
   138
   141
   147
   146
   144
   132
   107
    64
    48
    93
   157
   160
   152
   147
   139
   137
   140
   141
   146
   145
   141
   142
   142
   142
   144
   136
   130
   134
   135
   133
   128
   130
   139
   138
   142
   139
   136
   137
   138
   132
   131
   128
   129
   127
   131
   133
   127
   122
   123
   123
   119
   118
   126
   131
   132
   131
   124
   127
   179
   217
   204
   202
   202
   203
   201
   198
   196
   192
   189
    28
    22
    26
    26
    28
    26
    30
    34
    31
    54
    72
    64
    67
    85
    95
   102
   112
   115
   118
   123
   129
   130
   121
   121
   131
   125
   129
   137
   141
   147
   150
   100
    69
    40
    51
   102
   130
   123
   100
    91
    57
    62
   124
   152
   154
   149
   152
   156
   160
   159
   147
   123
    71
   101
   158
   152
   144
   139
   139
   147
   145
   142
   152
   156
   150
   152
   150
   145
   143
   137
   132
   134
   131
   136
   128
   126
   130
   134
   133
   132
   131
   130
   132
   135
   132
   122
   130
   126
   124
   121
   121
   120
   118
   115
   116
   111
   119
   124
   126
   132
   126
   113
   157
   212
   203
   201
   201
   201
   200
   197
   193
   190
    26
    29
    27
    29
    26
    28
    30
    33
    43
    75
    70
    55
    68
    86
    96
   109
   111
   120
   109
   110
   114
   123
   126
   133
   134
   124
   135
   136
   152
   163
   145
   124
    73
    95
   106
    86
    70
    76
    66
    66
    80
    80
   116
   150
   156
   157
   161
   157
   152
   146
   152
   152
   136
    72
   112
   152
   149
   144
   142
   149
   150
   149
   145
   150
   147
   146
   142
   143
   144
   142
   145
   146
   147
   146
   137
   135
   141
   135
   140
   145
   138
   138
   132
   133
   131
   133
   124
   124
   126
   123
   126
   126
   122
   118
   116
   113
   111
   115
   114
   119
   134
   127
   114
   160
   210
   202
   201
   200
   199
   196
   192
   189
    28
    27
    27
    28
    30
    27
    32
    32
    65
    78
    65
    67
    73
    97
   111
   112
   116
   120
   117
   124
   125
   123
   121
   120
   116
   132
   149
   143
   138
   138
   113
    84
   107
   123
   102
   107
   109
   104
   118
   116
    97
   104
   127
   160
   160
   162
   156
   146
   142
   148
   151
   156
   154
   136
    76
   142
   150
   156
   157
   156
   151
   151
   153
   151
   154
   149
   141
   141
   138
   139
   146
   144
   147
   144
   146
   154
   148
   140
   141
   133
   129
   129
   130
   129
   125
   128
   129
   123
   119
   117
   110
   110
   112
   116
   110
   110
   111
   108
   113
   111
   110
   127
   122
   110
   165
   207
   202
   201
   198
   196
   194
   191
    27
    28
    27
    27
    25
    29
    27
    47
    81
    72
    68
    70
    97
   103
   106
   108
   114
   128
   129
   118
   112
   125
   136
   138
   142
   147
   149
   152
   147
   131
    96
    82
   114
   114
   113
   120
   130
   138
   139
   133
   151
   169
   148
   162
   161
   149
   138
   134
   143
   142
   139
   143
   147
   141
   126
   109
   157
   166
   159
   156
   152
   147
   145
   146
   141
   138
   144
   143
   137
   141
   143
   147
   147
   140
   140
   144
   148
   149
   147
   142
   151
   149
   138
   141
   141
   122
   119
   125
   126
   124
   122
   118
   112
   111
   115
   106
   108
   108
   108
   106
   109
   112
   116
   122
   115
   182
   203
   199
   199
   195
   192
   190
    28
    27
    27
    27
    27
    40
    51
    82
    86
    57
    61
    87
    97
   110
   117
   123
   128
   128
   127
   128
   135
   138
   142
   144
   148
   145
   146
   146
   133
   116
    84
    95
   116
   121
   131
   142
   144
   137
   119
   116
   128
   149
   146
   141
   141
   132
   136
   143
   144
   138
   139
   145
   148
   151
   139
    98
   146
   153
   152
   149
   149
   146
   141
   136
   140
   145
   140
   135
   131
   137
   142
   144
   140
   138
   140
   147
   148
   139
   137
   146
   144
   147
   151
   150
   133
   136
   135
   131
   127
   118
   114
   112
   111
   112
   118
   122
   117
   115
   104
   104
   104
   103
   110
   120
   120
   122
   194
   200
   195
   195
   193
   191
    25
    28
    26
    27
    38
    43
    60
    89
    78
    56
    74
    96
   109
   109
   115
   123
   128
   128
   127
   125
   132
   134
   141
   142
   132
   147
   150
   143
   145
   126
    78
   103
   129
   144
   149
   146
   131
   105
    97
   109
   141
   157
   149
   143
   145
   129
   120
   128
   139
   139
   141
   141
   140
   146
   145
   119
   122
   164
   157
   151
   158
   154
   151
   145
   142
   140
   141
   136
   134
   137
   144
   154
   141
   141
   151
   142
   142
   136
   144
   138
   134
   136
   139
   125
   136
   135
   131
   125
   122
   113
   105
   107
   111
   110
   104
   108
   109
   109
   107
   108
   103
    99
   101
   110
   115
   112
   120
   195
   197
   194
   194
   190
    30
    25
    26
    37
    34
    44
    83
    84
    54
    81
    96
   105
   106
   102
   111
   113
   112
   122
   127
   132
   148
   156
   150
   142
   145
   149
   138
   139
   150
   119
    84
   114
   133
   131
   126
   119
    94
    83
    88
   109
   135
   155
   156
   137
   146
   144
   126
   117
   118
   113
   124
   135
   141
   143
   139
   127
    95
   145
   148
   150
   156
   161
   158
   150
   149
   150
   140
   135
   140
   144
   145
   144
   135
   132
   131
   133
   130
   136
   143
   135
   135
   132
   130
   138
   134
   136
   131
   127
   119
   117
   116
   104
   100
    96
    84
    94
    98
    95
    89
    95
    98
    89
    90
   111
   114
   109
    98
   133
   197
   194
   190
   189
    23
    29
    30
    32
    50
    75
    90
    69
    78
    95
   109
   109
   113
   120
   121
   123
   134
   137
   139
   143
   151
   145
   139
   145
   150
   138
   140
   136
   135
   104
    90
   120
   136
   140
   130
   110
    92
    91
    88
   105
   128
   143
   152
   135
   137
   142
   150
   145
   133
   120
   130
   129
   139
   146
   155
   136
   112
   131
   156
   154
   165
   164
   165
   159
   149
   135
   133
   134
   141
   145
   140
   139
   136
   125
   124
   129
   132
   128
   129
   130
   134
   132
   136
   138
   145
   137
   127
   120
   110
   100
    87
    81
    79
    80
    92
    97
    85
    77
    84
    85
    94
   101
    94
    98
   105
   113
   117
   101
   149
   193
   189
   187
    30
    34
    34
    48
    68
    88
    65
    63
    89
    98
    98
   110
   107
   114
   121
   131
   125
   126
   123
   127
   148
   153
   153
   152
   147
   141
   132
   132
   125
    97
    91
   123
   130
   115
   100
    97
   109
   113
   108
   126
   157
   159
   140
   122
   135
   145
   146
   145
   132
   126
   131
   135
   137
   136
   140
   150
   125
   112
   157
   162
   163
   164
   163
   151
   150
   142
   135
   135
   134
   137
   128
   123
   122
   119
   124
   125
   131
   127
   131
   130
   134
   132
   138
   133
   126
   120
   111
   100
    91
    81
    67
    69
    75
    94
   106
   104
   105
   113
   116
   112
   106
   112
   110
   101
   105
   109
   113
   107
    93
   165
   188
   187
    27
    27
    26
    50
    89
    74
    65
    92
   101
   112
   117
   114
   120
   125
   126
   128
   133
   140
   151
   151
   154
   154
   156
   151
   150
   139
   134
   136
   132
   100
    90
   104
    99
    96
    86
    87
    80
    91
   100
   125
   149
   149
   131
   122
   130
   134
   136
   140
   141
   132
   131
   133
   133
   131
   123
   126
   131
   112
   140
   143
   157
   166
   162
   145
   140
   129
   130
   128
   128
   124
   119
   121
   115
   116
   126
   127
   122
   122
   126
   134
   139
   143
   136
   113
   111
   105
    98
    90
    74
    64
    70
    85
   111
   126
   126
   129
   127
   123
   120
   110
   107
   110
   115
   100
    98
   102
   109
   107
   107
   105
   180
   184
    27
    27
    33
    68
    83
    57
    90
   100
   111
   101
   111
   123
   130
   129
   127
   135
   124
   125
   119
   134
   152
   161
   158
   147
   139
   140
   132
   134
   118
    95
    89
   111
   111
    89
    89
    85
    95
   112
   102
   123
   128
   116
   118
   113
   116
   120
   127
   135
   128
   124
   117
   123
   124
   133
   136
   130
   134
   124
   134
   154
   155
   153
   146
   140
   126
   116
   121
   116
   114
   113
   106
   103
   105
   118
   124
   123
   127
   127
   137
   131
   141
   128
   108
   108
   100
    92
    86
    73
    60
    67
    90
   112
   135
   142
   139
   135
   122
   122
   119
   119
   121
   116
   111
   103
    96
   104
   107
   110
   109
   106
   129
   182
    25
    24
    47
    75
    66
    80
    87
    85
    84
    93
   111
   122
   131
   127
   122
   106
   120
   126
   134
   150
   155
   141
   132
   136
   142
   139
   127
   116
   102
    87
    86
    94
    88
    88
    91
   107
    97
   106
   102
   120
   109
   103
   126
   107
   101
   111
   121
   123
   131
   127
   119
   121
   135
   134
   135
   135
   131
   123
   123
   144
   147
   145
   135
   125
   110
   104
   100
   113
   106
   103
    96
    99
   115
   122
   124
   125
   133
   142
   135
   126
   117
   111
    96
    90
    85
    74
    72
    57
    73
    94
   118
   144
   145
   143
   135
   126
   121
   122
   124
   125
   123
   121
   122
   125
   108
    95
   100
    97
   103
   116
   106
   159
    31
    40
    72
    60
    61
    85
    91
    94
   110
   116
   118
   119
   123
   127
   122
   121
   135
   148
   155
   148
   135
   125
   137
   138
   141
   134
   124
   113
   100
    82
    83
    93
    77
    81
    98
   101
   105
   115
   107
   104
    66
   111
   161
   130
   111
   117
   131
   126
   130
   125
   113
   128
   131
   132
   132
   132
   130
   126
   109
   135
   135
   131
   126
   111
   107
   108
   110
   105
    94
    89
    95
   110
   113
   118
   129
   134
   134
   122
   116
   114
   117
    96
    82
    74
    65
    61
    63
    80
    94
   124
   143
   147
   149
   136
   130
   122
   129
   132
   126
   125
   117
   115
   120
   121
   124
   109
    97
    97
    95
   100
   108
   125
    28
    54
    66
    56
    79
    96
   109
   112
   115
   128
   126
   125
   133
   130
   126
   132
   134
   137
   127
   135
   143
   148
   144
   138
   138
   127
   110
   108
   103
    85
    82
    88
    74
    69
    92
   101
    94
    88
    92
    64
    92
   103
   141
   125
   125
   124
   121
   129
   124
   112
   110
   127
   131
   137
   136
   133
   126
   126
   111
   127
   127
   124
   114
   104
    88
    93
    93
    86
    85
    89
   100
   111
   124
   137
   132
   128
   120
   120
   114
   113
    98
    81
    70
    57
    52
    65
    75
    87
   119
   139
   146
   147
   140
   133
   127
   132
   133
   127
   125
   121
   128
   126
   120
   106
   113
   126
   109
   104
    91
    87
    91
    95
    37
    60
    58
    72
    84
    84
   106
   116
   123
   125
   125
   123
   121
   125
   133
   133
   130
   130
   136
   148
   144
   142
   139
   139
   137
   127
   117
   111
   109
    92
   106
    91
    76
    64
    58
    65
    63
    90
    95
    79
   116
   110
   112
   104
   109
   121
   123
   121
   121
   114
    91
   119
   128
   131
   133
   139
   140
   136
   113
   125
   118
   113
   107
    88
    79
    75
    79
    80
    85
    93
   109
   126
   130
   125
   120
   124
   120
   113
   110
   101
    85
    67
    53
    43
    58
    84
   120
   139
   144
   139
   141
   140
   135
   128
   132
   137
   140
   136
   132
   131
   129
   114
   109
   110
   107
   112
   123
   102
    93
    88
    92
    98
    59
    61
    60
    77
    94
   106
   112
   116
   114
   121
   122
   123
   130
   135
   140
   137
   124
   125
   140
   137
   133
   132
   137
   146
   140
   136
   123
   114
   100
    93
   132
   102
    74
    45
   148
   145
    69
    94
    77
    48
    41
    34
    81
   100
   109
   118
   125
   124
   111
   102
   104
   122
   135
   138
   131
   131
   131
   125
   100
   122
   110
   104
    89
    65
    63
    74
    81
    81
    86
    98
   117
   124
   125
   129
   125
   131
   118
   114
    96
    89
    73
    50
    29
    71
   119
   141
   140
   132
   144
   138
   131
   121
   122
   123
   128
   129
   128
   121
   129
   127
   119
   116
   112
   106
   101
   103
   107
   116
   105
    83
    77
    86
    64
    50
    67
    80
    86
   110
   103
   110
   121
   128
   135
   136
   131
   128
   124
   121
   122
   131
   135
   141
   143
   141
   138
   144
   148
   136
   124
   114
   103
    87
   114
   102
    99
   170
   222
   225
   180
   118
    84
    49
    35
    48
    65
    81
    92
   113
   114
   113
   109
    83
   101
   131
   135
   128
   129
   133
   133
   121
   100
   121
   106
    96
    70
    55
    55
    65
    72
    85
   100
   115
   124
   123
   122
   126
   131
   131
   120
   107
    89
    70
    65
    34
    81
   131
   147
   148
   147
   138
   131
   130
   126
   122
   116
   107
   117
   112
   111
   120
   127
   127
   116
   110
   112
   106
    98
    94
    85
    95
   113
   111
    82
    75
    58
    63
    80
    91
   105
   113
   124
   119
   115
   126
   125
   125
   127
   132
   129
   122
   128
   133
   134
   135
   138
   143
   142
   130
   136
   139
   136
   126
   105
    87
    91
    96
    94
   114
   214
   215
   154
   117
    75
    25
    23
    40
    65
    74
    96
   119
   118
   114
   106
    79
   107
   126
   129
   134
   131
   136
   134
   113
    95
   111
    96
    79
    60
    53
    54
    57
    80
    97
   106
   120
   125
   139
   149
   153
   143
   134
   116
   100
    91
    78
    49
    54
   130
   153
   146
   137
   138
   128
   128
   118
   117
   101
    92
   108
   106
   114
   119
   120
   121
   123
   116
   110
   108
   106
    99
    92
    85
    91
   100
   111
   113
    98
    58
    64
    69
    94
   104
   107
   108
   116
   128
   130
   128
   126
   128
   127
   133
   130
   126
   129
   128
   133
   146
   150
   145
   139
   140
   146
   140
   128
   107
    93
    82
    99
    87
    60
    62
    90
    97
    98
    85
    45
    42
    57
    72
    81
   105
   119
   116
   111
    94
    91
   129
   133
   129
   131
   125
   126
   125
   102
   100
   100
    81
    64
    51
    45
    43
    65
    89
   100
   113
   129
   134
   140
   140
   146
   140
   122
   108
   106
    98
    67
    32
    71
   144
   143
   139
   128
   131
   125
   127
   111
   112
   109
   104
   114
   122
   119
   112
   117
   119
   118
   111
   111
   103
   100
    90
    83
    88
    75
    80
    92
   106
   116
    54
    75
    92
    99
    95
    97
   119
   124
   129
   131
   129
   129
   130
   128
   118
   119
   118
   126
   130
   127
   138
   146
   149
   148
   146
   144
   143
   124
   114
    93
    62
    91
    80
    75
    71
    85
   109
    98
    96
    54
    33
    47
    75
    82
   107
   119
   110
    95
    88
   105
   127
   134
   130
   129
   125
   133
   129
   103
   102
    91
    73
    57
    43
    41
    49
    76
    91
   114
   131
   131
   142
   145
   144
   148
   135
   124
   117
   110
    94
    53
    22
    81
   129
   138
   126
   130
   131
   120
   111
   107
   107
    97
   107
   118
   118
   109
   121
   118
   117
   114
   111
   105
   102
    96
    83
    76
    67
    63
    63
    83
    75
   103
    60
    79
    87
    99
   113
   121
   122
   128
   126
   128
   128
   123
   125
   126
   123
   123
   121
   123
   128
   138
   141
   139
   139
   137
   137
   133
   137
   134
   119
    91
    71
    73
    79
    72
    83
    96
   114
    99
    96
    71
    55
    78
    79
    77
   100
   110
   108
    98
    93
   128
   136
   134
   131
   123
   126
   132
   115
    96
    97
    84
    59
    45
    37
    45
    66
    89
   112
   126
   135
   145
   142
   128
   122
   141
   126
   120
   123
   116
    79
    32
    21
    88
   125
   134
   143
   139
   124
   112
   101
   108
    99
   104
   116
   117
   112
   123
   125
   126
   111
   109
   108
   117
   103
    90
    81
    69
    65
    58
    62
    72
    69
    74
    66
    84
    91
   100
   106
   107
   116
   125
   127
   127
   126
   118
   120
   131
   133
   120
   127
   133
   135
   135
   136
   137
   145
   145
   145
   143
   143
   130
   119
   105
    66
    69
    80
    71
    61
    85
   109
   103
    86
    93
    58
    65
    86
    69
    85
   106
   109
   100
   116
   126
   134
   139
   135
   133
   132
   135
   100
   104
    77
    57
    32
    23
    44
    58
    80
   102
   117
   134
   138
   142
   140
   139
   150
   135
   128
   129
   120
   114
    68
    41
    26
    83
   121
   136
   137
   135
   124
   109
   105
    99
   103
   120
   123
   112
   119
   129
   129
   130
   115
   118
   118
   109
   109
    91
    82
    69
    50
    51
    60
    69
    74
    63
    76
    80
    91
    99
   107
   114
   114
   116
   121
   126
   130
   131
   128
   131
   133
   131
   135
   138
   132
   126
   139
   149
   149
   150
   148
   146
   139
   149
   139
   107
    78
    58
    72
    71
    64
    62
    89
   107
    70
    78
    74
    61
    77
    71
    83
    99
    95
   103
   132
   133
   139
   134
   132
   128
   135
   120
    97
   107
    83
    76
    77
    73
    44
    29
    50
    74
   111
   135
   139
   140
   141
   149
   145
   141
   138
   127
   120
    94
    65
    57
    28
    86
   114
   133
   136
   147
   140
   116
    96
    98
   111
   115
   107
   111
   114
   123
   117
   110
   115
   117
   107
   112
   102
    93
    84
    70
    69
    55
    51
    63
    65
    49
    81
    80
    87
    98
   113
   115
   112
   121
   125
   131
   133
   125
   123
   126
   127
   120
   120
   124
   126
   127
   121
   138
   148
   154
   152
   146
   140
   131
   123
   108
    79
    69
    66
    79
    66
    64
    91
   115
    89
    72
    97
    95
    84
    69
    76
    87
   103
   131
   137
   131
   134
   139
   139
   148
   146
   106
   104
   120
   126
   120
   125
   130
   129
    86
    42
    72
    97
   133
   145
   136
   137
   136
   129
   132
   133
   124
   111
    80
    64
    35
    19
    87
   126
   119
   138
   147
   135
   118
   107
   103
   110
   105
    96
    98
   115
   116
   118
   117
   113
   109
   111
   102
    93
    88
    73
    70
    54
    48
    50
    57
    67
    51
    87
    80
    98
   105
   110
   110
   114
   118
   119
   122
   124
   131
   134
   131
   134
   131
   115
   112
   127
   134
   127
   132
   149
   151
   150
   141
   144
   145
   121
    96
    68
    62
    59
    73
    77
    67
    80
   112
   105
    79
    89
    99
   107
    86
    74
    94
   128
   140
   137
   135
   138
   144
   145
   155
    94
   167
   122
   105
   102
   111
   127
   117
    97
    94
    85
    97
   119
   132
   144
   143
   145
   139
   140
   142
   137
   126
   114
    84
    70
    29
    16
    77
   111
   124
   131
   143
   134
   113
   101
   102
    98
    96
    97
   113
   120
   119
   115
   110
   109
   108
    96
    87
    83
    73
    69
    61
    62
    53
    49
    56
    63
    41
    83
    90
   100
    96
   101
   112
   114
   120
   118
   118
   125
   118
   127
   133
   121
   123
   127
   124
   132
   130
   129
   136
   145
   151
   154
   153
   144
   147
   138
   119
    81
    73
    72
    68
    72
    68
    83
    99
   104
    88
    93
   123
   129
   104
    98
   127
   135
   135
   142
   145
   138
   144
   154
   100
    66
   108
    89
    96
   110
   127
   144
   126
    95
    66
    71
    96
   111
   116
   127
   137
   139
   146
   144
   133
   126
   117
   100
    75
    64
    35
    27
    70
   109
   124
   128
   137
   119
   105
    96
    90
    89
    92
    99
   101
   107
   113
   115
   110
   104
    95
    89
    89
    86
    84
    65
    60
    60
    55
    52
    56
    67
    46
    89
    96
   101
   111
   108
   114
   108
   109
   119
   128
   132
   127
   120
   121
   129
   128
   131
   134
   125
   126
   128
   135
   139
   146
   150
   144
   147
   140
   132
   113
    94
    73
    70
    67
    78
    66
    76
    93
   104
    95
    86
   110
   124
   114
   118
   132
   146
   148
   153
   143
   153
   166
    99
    52
   100
    91
    96
    96
   122
   141
   145
   122
    76
    35
    45
    89
    99
   105
   125
   142
   145
   137
   138
   128
   138
   127
    99
    68
    49
    29
    29
    64
   105
   113
   109
   121
   122
   102
    86
    75
    88
    90
    84
    98
   103
   114
   107
   103
    95
    90
    91
    89
    90
    71
    61
    62
    55
    54
    48
    49
    56
    42
    78
    85
    98
    89
    91
   102
   111
   119
   131
   130
   124
   121
   123
   129
   131
   133
   120
   111
   124
   125
   133
   134
   139
   145
   144
   145
   140
   142
   135
   123
   106
    98
    85
    66
    74
    76
    87
   106
   110
   110
   108
   113
   123
   124
   137
   150
   147
   135
   154
   180
   155
    67
    32
    66
    62
    67
    96
   121
   139
   150
   161
   142
    96
    20
    46
    84
   119
   118
   117
   128
   137
   135
   131
   144
   130
   128
    99
    67
    54
    31
    26
    42
   111
   122
   117
   125
   112
    88
    65
    69
    80
    71
    72
    91
   102
   104
   103
    98
    99
   103
   100
    83
    67
    61
    57
    61
    61
    52
    64
    43
    54
    46
    83
    98
    95
    91
   100
    99
    95
   115
   124
   124
   117
   122
   132
   132
   133
   137
   134
   123
   114
   121
   127
   133
   137
   144
   143
   142
   149
   144
   136
   132
   122
   100
    84
    79
    63
   103
   115
   122
   118
   134
   145
   140
   120
   123
   137
   145
   158
   163
   165
   108
    57
    47
    63
    85
    88
    90
    99
   116
   126
   147
   154
   150
   132
    61
    64
    98
   108
   116
   112
   113
   124
   125
   131
   118
   130
   117
    96
    62
    48
    28
    30
    49
    97
   105
   110
   121
   112
    86
    68
    80
    85
    73
    75
    75
    82
    94
    96
    97
    99
   100
    90
    87
    91
    79
    67
    62
    54
    51
    53
    65
    57
    49
    89
    82
   102
   108
   115
   117
   122
   125
   127
   124
   126
   134
   136
   128
   132
   124
   117
   118
   124
   123
   129
   135
   141
   141
   141
   148
   147
   142
   131
   123
   123
   112
    95
    84
    76
    82
   133
   133
   129
   136
   135
   132
   123
   128
   142
   155
   153
   110
    79
    73
    71
    68
    84
    93
   109
   125
   130
   141
   144
   154
   167
   163
   145
   117
   104
   129
   115
   108
   103
    98
   100
   111
   122
   136
   127
   122
    95
    68
    57
    37
    27
    40
   106
   119
   110
   110
   100
    73
    86
    82
    68
    62
    61
    67
    80
    93
   102
   103
   110
   104
    99
    89
    75
    75
    72
    69
    60
    54
    52
    52
    62
    45
    91
    80
   102
   110
   111
   119
   123
   122
   118
   114
   116
   128
   132
   132
   120
   120
   120
   127
   128
   132
   122
   130
   127
   140
   144
   145
   143
   142
   138
   130
   122
   109
   103
   101
    86
    80
    91
   136
   145
   138
   139
   129
   124
   140
   131
    99
    93
    95
    89
    74
    64
    91
   111
   120
   127
   135
   150
   147
   139
   143
   146
   155
   144
   128
    94
   120
   117
    99
    88
    83
    63
    69
    85
   105
   127
   116
    94
    67
    58
    42
    27
    36
    86
    99
   105
   116
   105
    87
    77
    69
    58
    55
    61
    66
    75
    84
    98
    92
    97
    97
    91
    82
    79
    69
    66
    59
    50
    46
    44
    44
    53
    47
    89
   100
    96
    92
   103
   116
   121
   123
   127
   127
   129
   132
   122
   117
   130
   129
   125
   124
   126
   123
   131
   130
   138
   138
   143
   141
   142
   144
   140
   129
   113
   111
   106
    97
   105
    82
    93
    79
    86
   108
   122
   127
   114
    79
    88
   111
    80
    69
    62
    81
   102
   116
   137
   148
   142
   142
   135
   140
   144
   142
   145
   147
   126
   121
    90
    62
    75
    80
    70
    51
    34
    28
    33
    69
    99
   112
   112
    84
    60
    56
    26
    22
    82
   106
   105
   108
   103
    81
    76
    68
    62
    62
    66
    62
    78
    84
    97
   101
    99
    87
    82
    75
    71
    69
    59
    59
    51
    54
    53
    50
    57
    52
    91
    93
    93
   109
   112
   116
   119
   130
   132
   135
   134
   125
   123
   128
   125
   124
   124
   125
   134
   129
   125
   126
   130
   136
   142
   145
   144
   140
   127
   130
   121
   109
   102
   107
   134
   147
    93
    95
   104
    87
    72
    52
    63
    97
    86
    51
    53
    70
    96
   109
   116
   132
   129
   130
   144
   145
   153
   143
   148
   169
   190
   148
   123
   114
   105
    75
    60
    46
    39
    29
    32
    33
    31
    40
    68
   102
   101
    90
    66
    45
    25
    19
    74
   111
   103
   106
   100
    81
    62
    56
    49
    61
    56
    58
    73
    95
    91
    88
    90
    87
    76
    73
    74
    67
    65
    57
    55
    52
    43
    50
    56
    41
    82
    92
   106
   109
   112
   114
   109
   114
   123
   120
   132
   132
   131
   130
   121
   121
   127
   129
   130
   128
   129
   132
   133
   139
   140
   150
   145
   143
   135
   126
   116
   115
   116
   134
   137
   149
   158
   124
    93
   104
   122
   107
    89
    72
    47
    51
    91
   113
   110
   121
   137
   135
   134
   130
   136
   143
   145
   152
   150
   161
   139
   127
   114
    97
    85
    85
    40
    23
    20
    26
    25
    30
    35
    39
    63
    88
   105
    98
    67
    43
    26
    18
    49
    98
   112
   108
   110
    86
    67
    66
    61
    51
    61
    63
    76
    87
   105
    92
    99
    92
    87
    81
    75
    75
    63
    48
    49
    45
    48
    55
    55
    45
    88
   100
   104
   109
   112
   118
   109
   116
   126
   132
   139
   131
   134
   135
   131
   123
   114
   124
   141
   140
   129
   125
   126
   135
   143
   138
   140
   138
   137
   136
   129
   127
   129
   137
   134
   144
   150
   149
   133
   103
   110
    81
    96
   103
    74
   105
   120
   114
   128
   138
   135
   130
   128
   132
   136
   132
   134
   141
   142
   137
   128
   114
   101
    80
    62
    51
    49
    38
    41
    49
    59
    58
    59
    56
    75
   110
   109
    90
    59
    38
    27
    19
    36
    69
    91
    99
   105
    97
    80
    65
    51
    51
    64
    78
    84
    89
    90
   100
    93
    94
    96
    87
    67
    73
    68
    59
    60
    56
    48
    43
    57
    36
    91
    94
   103
   105
    99
   116
   123
   125
   125
   127
   120
   123
   133
   128
   124
   122
   128
   136
   140
   130
   127
   129
   128
   125
   133
   142
   144
   139
   135
   124
   124
   127
   137
   141
   147
   144
   141
   142
   139
    94
    53
    57
   107
   104
    65
   101
   113
   125
   124
   121
   120
   129
   129
   124
   118
   123
   129
   128
   136
   134
   120
   104
    92
    69
    62
    53
    36
    30
    35
    43
    51
    63
    65
    79
    83
   107
   109
    99
    68
    42
    25
    18
    28
    87
    97
    97
   113
   109
    90
    70
    61
    55
    67
    74
    86
    96
   110
    96
   100
   105
   101
    93
    82
    72
    68
    68
    60
    57
    50
    49
    57
    38
    86
    93
   105
   109
   114
   110
   116
   124
   127
   131
   136
   132
   134
   132
   132
   133
   128
   129
   129
   131
   127
   134
   127
   134
   135
   133
   136
   134
   126
   128
   133
   131
   127
   131
   145
   148
   148
   151
   150
   122
   198
   176
   115
   137
   117
   123
   119
   131
   136
   140
   136
   134
   132
   122
   127
   127
   142
   162
   158
   133
   117
    95
    83
    69
    60
    66
    56
    27
    32
    29
    35
    42
    40
    42
    60
    79
    90
    82
    63
    45
    34
    19
    29
    80
   102
   104
   115
   105
    86
    68
    56
    68
    68
    71
    82
    94
   100
   107
   107
    97
    95
    97
    91
    88
    83
    69
    67
    55
    49
    45
    51
    38
    89
    91
   101
   112
   113
   121
   118
   116
   115
   125
   130
   134
   132
   120
   127
   131
   133
   129
   129
   130
   126
   129
   134
   135
   138
   137
   133
   134
   136
   127
   127
   131
   127
   134
   142
   143
   141
   144
   142
   118
    62
    59
   136
   148
   140
   128
   126
   122
   120
   124
   122
   116
   120
   120
   114
   119
   131
   129
   138
   125
   113
    96
    89
    74
    58
    55
    53
    70
    54
    45
    48
    46
    42
    49
    55
    77
    94
    87
    74
    54
    39
    25
    22
    67
   108
   101
   123
   112
    91
    81
    71
    75
    69
    77
    82
    99
   103
   105
   102
   105
    97
    97
   100
   104
    93
    78
    66
    54
    51
    47
    55
    36
    85
    91
   102
   114
   112
   113
   117
   126
   128
   131
   130
   130
   129
   124
   128
   131
   125
   122
   127
   130
   130
   132
   137
   136
   143
   147
   146
   146
   145
   141
   136
   130
   127
   129
   133
   138
   137
   142
   145
   134
    92
    62
    89
    94
    57
   115
   129
   119
   113
   109
   112
   110
   113
   113
   112
   113
   118
   121
   113
   110
    99
    98
    88
    72
    62
    60
    72
    76
    70
    60
    56
    53
    51
    48
    64
    84
    93
    95
    88
    57
    38
    28
    21
    51
   105
   103
   119
   111
    98
    71
    68
    73
    81
    82
    83
    83
    92
   108
   113
   109
   102
   105
   104
    94
    83
    78
    72
    59
    48
    59
    50
    56
    86
    93
    93
   104
   109
   118
   123
   119
   120
   123
   129
   127
   132
   133
   132
   132
   132
   119
   123
   131
   131
   129
   134
   139
   140
   138
   145
   153
   146
   134
   129
   122
   117
   114
   121
   131
   136
   136
   140
   129
   104
    76
    66
    93
    87
    93
   106
   108
   108
   104
   112
   119
   111
   114
   116
   110
   124
   123
   117
   105
   106
   103
    93
    77
    78
    88
    58
    59
    76
    76
    76
    76
    75
    80
    87
    97
   104
   103
    89
    68
    44
    40
    23
    45
    76
    95
   112
   116
    95
    80
    76
    91
    88
    88
    88
    86
    88
    97
   107
   107
   106
   102
    99
    96
    91
    74
    74
    70
    63
    69
    46
    49
    90
    94
    99
   104
   110
   112
   114
   116
   115
   125
   132
   128
   129
   125
   123
   128
   130
   131
   127
   129
   129
   126
   120
   132
   129
   134
   142
   144
   140
   133
   120
   122
   123
   114
   119
   126
   134
   143
   137
   131
   108
    95
    71
    79
    52
    59
    55
    76
    81
    87
    89
    94
   107
   118
   116
   128
   133
   141
   144
   157
   154
   132
   110
    96
    97
    70
    21
    45
    77
    89
    91
    92
    95
   105
   105
    99
   104
    94
    95
    85
    58
    42
    37
    33
    98
    95
   115
    96
    88
    74
    82
    87
    92
   100
    95
    89
    89
    92
    91
    99
   106
   102
    93
    94
    87
    86
    74
    65
    71
    57
    60
    56
    77
    88
    96
   103
   106
   112
   114
   114
   121
   120
   130
   137
   133
   133
   129
   132
   135
   121
   125
   129
   128
   126
   131
   137
   138
   134
   139
   146
   135
   130
   129
   122
   114
   108
   108
   114
   124
   133
   138
   120
    99
   121
   104
   100
   159
   175
   135
    71
    58
    50
    48
    52
    62
    75
    92
    91
    82
    84
    94
   106
   126
   134
   110
    99
    72
    24
    25
    39
    62
    91
   103
   108
   115
   117
   116
   119
   109
   108
   101
    90
    72
    41
    34
    17
    69
   100
   101
   100
    82
    88
    90
    96
   100
    99
   100
   105
    99
   109
   106
   105
   101
   100
    97
    93
    92
    86
    83
    74
    71
    64
    47
    37
    76
    94
    93
    98
   105
   104
   109
   116
   114
   114
   120
   126
   126
   130
   130
   132
   132
   128
   131
   134
   137
   128
   129
   130
   132
   140
   152
   148
   143
   134
   126
   118
   107
   103
   102
   105
   113
   110
    98
    75
    78
    71
    57
    50
    24
    14
    17
    42
    59
    68
    89
    84
    66
    52
    58
    65
    82
    60
    75
    94
    95
   105
   114
    93
    56
    34
    37
    33
    60
   105
   129
   137
   129
   130
   127
   119
   108
    93
    98
    90
    82
    61
    38
    23
    55
   105
   101
    95
    92
    88
    98
   103
   102
   108
   113
   103
   111
   106
   103
   104
   100
    96
    95
    88
    88
    85
    72
    78
    71
    51
    56
    53
    76
    90
    97
   106
   110
   110
   115
   120
   124
   125
   121
   125
   122
   131
   132
   128
   131
   132
   133
   132
   125
   126
   126
   124
   132
   135
   145
   148
   142
   132
   119
   114
   111
    95
    84
    87
    92
    91
    86
    75
    53
    56
    77
    90
    95
    93
    88
    89
    78
    60
    45
    41
    62
    90
    88
    70
    59
    63
    60
    84
   113
   103
   100
    82
    61
    57
    53
    30
    39
    91
   120
   132
   139
   133
   124
   117
   118
   109
    98
    98
    91
    76
    45
    19
    20
   104
   113
   107
   101
    94
    93
   106
   107
   106
   110
   110
   106
   104
   113
   106
    98
    96
    91
    83
    88
    84
    82
    74
    61
    56
    49
    44
    64
    80
    91
   101
   108
   107
   113
   116
   121
   119
   116
   128
   134
   133
   137
   131
   131
   120
   125
   130
   134
   130
   126
   119
   124
   135
   142
   134
   128
   129
   125
   117
   103
    98
    92
    77
    73
    89
    74
    65
    86
    93
    88
    88
    97
    95
    93
   114
   124
   127
   137
   133
   105
    63
    42
    69
    84
    69
    59
    35
    53
   101
   103
    86
    68
    61
    24
    25
    51
   100
   128
   132
   135
   133
   131
   132
   128
   120
   105
    90
    97
    83
    63
    39
    22
    66
   113
   117
   106
   101
   106
   109
   115
   110
   113
   112
   111
   104
   101
    99
    98
    99
    95
    87
    82
    76
    75
    76
    66
    59
    46
    51
    57
    77
    93
   101
   103
   102
   113
   119
   123
   125
   128
   130
   132
   125
   128
   131
   129
   124
   125
   128
   129
   131
   137
   133
   129
   128
   135
   129
   129
   124
   121
   116
   106
    96
    89
    76
    76
    72
    69
    90
    98
    78
    75
   101
   113
   105
    96
    98
   119
   121
   124
   122
   123
   136
   131
    85
    60
    82
    82
    78
    52
    36
    46
    52
    51
    60
    85
    96
   104
   101
   116
   129
   130
   132
   130
   129
   129
   117
    97
    88
    81
    80
    74
    58
    35
    23
    92
    99
   108
   116
   121
   119
   114
   116
   117
   122
   115
   109
    96
    93
   100
    93
    85
    81
    83
    81
    79
    72
    61
    58
    65
    64
    44
    72
    91
   101
   102
   107
   116
   119
   116
   121
   124
   127
   129
   125
   126
   127
   129
   125
   133
   128
   130
   130
   132
   137
   135
   140
   137
   132
   133
   133
   130
   118
   110
    96
    83
    75
    74
   106
   108
   115
   110
    84
    91
   117
   131
   125
    93
    83
    97
   113
   121
   124
   124
   122
   120
   115
   120
    78
    42
    71
    83
    60
    40
    28
    28
    46
    81
    99
    95
    93
    92
   104
   118
   120
   120
   132
   133
   111
    99
    92
    83
    84
    78
    62
    52
    33
    34
    64
    67
    76
    85
   101
   114
   122
   118
   111
   117
   112
   105
   103
    91
    88
    87
    74
    74
    87
    88
    69
    53
    53
    60
    60
    48
    67
    91
   101
   104
   109
   113
   116
   114
   115
   122
   129
   125
   124
   131
   132
   129
   131
   128
   129
   130
   134
   136
   138
   136
   136
   136
   133
   129
   129
   125
   124
   111
    91
    71
    68
    71
   124
   107
   121
   115
    87
    93
   109
   106
   102
    80
    81
    91
    99
   122
   129
   124
   113
   117
   123
   127
   128
   106
    28
    73
    87
    69
    51
    35
    36
    49
    74
    89
    97
    93
    83
   103
   120
   117
   109
   121
   134
   128
   108
    86
    71
    69
    63
    61
    52
    46
    54
    55
    68
    73
    80
    82
    98
   108
   116
   113
   113
   105
    95
    90
    86
    88
    84
    83
    72
    39
    36
    44
    49
    50
    51
    45
    70
    81
    95
   102
   102
   109
   115
   113
   115
   121
   126
   125
   123
   121
   129
   133
   133
   127
   128
   130
   118
   118
   134
   135
   130
   135
   134
   135
   132
   128
   122
   109
    87
    76
    64
    75
   113
    99
   118
   112
    88
    90
    89
   101
   100
    72
    79
    95
    92
    95
   116
   126
   119
   122
   127
   120
   114
   123
   111
    35
    79
    81
    60
    50
    38
    46
    59
    76
    88
    99
   105
   100
   109
   116
   122
   117
   101
   107
   108
   104
    93
    85
    85
    71
    72
    63
    63
    64
    78
    88
    88
    83
    82
    92
   100
   114
   115
   108
    97
    90
    83
    71
    76
    67
    27
    32
    35
    42
    47
    58
    60
    37
    43
    72
    83
    97
   101
   108
   112
   115
   120
   120
   123
   129
   128
   125
   127
   134
   137
   134
   132
   130
   116
   118
   125
   132
   132
   128
   132
   130
   130
   130
   129
   113
    88
    73
    67
    73
    97
    99
   120
   108
    84
    95
   103
   116
   116
    98
    92
   101
   100
   100
    93
   122
   130
   123
   116
   109
   108
   108
   117
   106
    48
    80
    59
    50
    47
    47
    63
    75
    85
    90
    92
    95
    97
   109
   114
   114
   110
   103
   105
   106
   105
    97
    92
    87
    83
    81
    74
    76
    88
    89
    85
    86
    86
    81
    86
   100
    98
    95
    93
    86
    73
    66
    61
    54
    38
    34
    39
    46
    64
    70
    53
    28
    27
    48
    73
    86
    99
   104
   109
   116
   121
   118
   121
   125
   123
   120
   131
   133
   129
   130
   127
   132
   129
   130
   130
   129
   132
   136
   134
   133
   134
   134
   123
   102
    92
    69
    57
    70
    96
   103
   120
   103
    95
    98
    79
   102
   109
   104
   100
   106
   109
    99
    86
    96
   120
   114
   113
   117
   112
   112
   108
   110
    84
    64
    78
    62
    51
    41
    51
    74
    81
    83
    83
    82
    96
    99
   104
   106
   105
   110
   106
    95
    95
    87
    85
    95
    90
    89
    84
    91
    99
    96
    91
    86
    85
    82
    86
    87
   105
   104
    91
    80
    73
    65
    60
    50
    42
    43
    48
    61
    69
    71
    77
    28
    30
    28
    62
    77
    90
    96
   106
   109
   101
   105
   109
   111
   125
   129
   129
   120
   116
   124
   121
   127
   127
   118
   126
   133
   134
   128
   129
   133
   137
   137
   119
    98
    82
    55
    53
    72
    97
   105
   122
   107
   115
    92
    61
    79
   107
   108
    94
    95
   105
   105
    91
    79
   109
   119
   113
   118
   118
   115
   111
   113
   116
    62
    80
    75
    59
    52
    51
    70
    86
    85
    80
    82
    81
    93
   100
   108
   110
   108
   106
   100
   101
    99
    97
   101
   104
    93
    88
    97
   102
    94
    94
    91
    85
    86
    83
    82
    77
    87
    94
    95
    83
    70
    59
    58
    48
    45
    52
    62
    63
    74
    65
    23
    27
    35
    43
    62
    78
    90
    96
   109
   108
   109
   118
   127
   124
   127
   129
   125
   121
   121
   126
   127
   126
   130
   131
   131
   133
   137
   124
   125
   126
   120
   107
    92
    78
    57
    55
    71
    87
   107
   135
   124
   122
    85
    52
    70
    96
    86
    84
    92
   101
   104
   103
    87
    83
   117
   115
   113
   113
   111
   116
   117
   108
    92
    67
    85
    73
    56
    46
    56
    80
    79
    79
    78
    82
    81
    83
    83
    93
   105
   108
   110
   109
   107
   108
   115
   111
   110
   107
   102
    99
   101
    98
    93
    91
    92
    86
    84
    78
    82
    92
    96
    91
    78
    69
    59
    56
    49
    62
    76
    55
    52
    72
    27
    27
    23
    26
    53
    84
    90
    93
   106
   116
   123
   122
   126
   132
   132
   130
   131
   129
   128
   126
   124
   126
   123
   125
   131
   131
   128
   130
   126
   122
   109
    97
    85
    71
    46
    50
    65
    76
   114
   149
   119
    98
    87
    48
    37
    69
    75
    79
    89
   104
   113
   109
    94
    76
   106
   121
   111
   119
   111
   108
   115
   111
   114
    62
    85
    84
    73
    58
    59
    70
    84
    91
    82
    78
    80
    78
    80
    77
    73
    76
    91
   102
   108
   112
   111
   121
   117
   109
   106
   108
   102
   104
   100
    92
    89
    92
    85
    89
    87
    78
    81
    89
    90
    73
    66
    65
    59
    68
    67
    65
    74
    81
    25
    24
    28
    26
    26
    65
    87
    89
    95
   102
   108
   119
   122
   121
   123
   126
   125
   122
   131
   127
   127
   128
   123
   127
   129
   128
   132
   130
   136
   128
   109
    83
    75
    58
    54
    53
    65
    77
   153
   177
   127
   191
   236
   194
    65
    53
    58
    63
    89
   104
   115
   110
   105
    83
    96
   116
   116
   113
   112
   109
   113
   115
   116
    83
    73
    88
    87
    76
    70
    69
    87
    94
    93
    92
    80
    74
    75
    74
    81
    80
    75
    82
   101
   111
   115
   112
   113
   111
   106
   101
   103
    95
    93
    88
    92
    94
    93
    86
    88
    80
    84
    85
    81
    80
    75
    74
    71
    79
    70
    70
    79
    80
    26
    26
    25
    27
    27
    37
    72
    87
    93
   106
   108
   113
   120
   116
   116
   116
   121
   121
   128
   128
   116
   121
   127
   125
   132
   134
   134
   127
   127
   122
   116
   102
    82
    75
    66
    58
    68
    76
   130
   157
   126
   188
   234
   183
    64
    43
    59
    61
    74
    96
   112
   113
   106
    99
    91
   113
   115
   111
   113
   112
   116
   117
   117
   105
    76
   107
    92
    86
    74
    75
    81
    93
    93
    92
    92
    88
    77
    71
    72
    88
    93
   100
    96
   110
   109
   109
   106
    95
   102
   101
   102
   103
   100
    95
    96
    95
    94
    96
    97
    98
    90
    88
    87
    88
    84
    82
    85
    91
    90
    94
    85
   118
    21
    23
    24
    26
    27
    30
    47
    77
    91
   101
   105
   111
   120
   125
   124
   126
   127
   127
   126
   126
   113
   113
   118
   120
   128
   130
   126
   125
   121
   123
   117
   102
    78
    72
    67
    64
    73
    77
    98
   118
   113
   108
   122
    57
    36
    57
    61
    55
    74
    91
   104
   111
   113
   102
    89
   108
   109
   118
   120
   110
   115
   117
   117
   117
    73
   107
   109
    99
    89
    84
    82
    86
    95
    98
    92
    97
    97
    89
    93
    90
    95
    97
   104
    95
    94
   108
   110
   106
   108
   107
    96
    95
   100
   101
    95
    94
    95
    95
    93
    97
    98
    98
    92
    88
    92
    98
    99
    98
    96
    96
   129
   149
    28
    26
    25
    32
    30
    33
    38
    63
    87
   100
   108
   116
   120
   119
   114
   119
   128
   122
   121
   121
   119
   123
   128
   126
   128
   126
   128
   129
   126
   117
   111
    94
    82
    78
    71
    70
    73
    76
    85
    88
   115
   107
   121
    97
    49
    46
    58
    61
    81
   101
   102
   109
   112
   103
   103
   106
   117
   112
   117
   118
   119
   121
   120
   123
    83
   110
   115
   114
   101
    97
    93
    91
    96
   103
   100
    99
   106
    97
    89
    92
    94
   104
   106
   103
   109
   108
   104
   101
    97
    93
    93
    93
    90
    91
    95
    94
    87
    91
    96
    96
    93
    97
    96
   103
   103
   105
    95
    88
   102
   143
   159
   155
    24
    24
    28
    27
    26
    25
    28
    41
    74
    95
    97
    99
   109
   114
   117
   117
   122
   126
   118
   120
   116
   118
   126
   123
   123
   124
   130
   129
   123
   116
   104
    83
    79
    77
    74
    64
    70
    69
    82
    84
    95
   113
   102
   124
    89
    53
    85
    80
    78
    99
   107
   108
   110
   115
   100
   107
   115
   112
   113
   121
   128
   120
   127
   127
    95
   111
   112
   110
   108
    98
    96
    95
    93
    96
   102
    97
    97
   104
   110
   105
   107
   108
   106
   114
   105
   107
   112
   102
    98
    93
    89
    97
   100
    97
    93
    95
    99
    96
   100
    99
   102
   102
   101
    98
    94
    87
    88
   127
   165
   167
   163
   166
    27
    27
    23
    30
    29
    27
    33
    37
    40
    70
    89
    87
    90
   102
   111
   118
   122
   123
   118
   120
   122
   121
   122
   127
   123
   124
   131
   123
   128
   122
   106
    88
    81
    77
    63
    67
    69
    70
    80
    91
    93
   101
   113
    93
   100
    73
    79
    86
    92
    98
   105
   106
   115
   112
   106
   107
   112
   115
   114
   118
   114
   121
   126
   127
   100
   117
   124
   112
   108
   104
    98
    99
    96
    96
   101
   100
   101
    98
   109
    92
    97
   108
   104
   101
   107
    98
   100
    99
   101
    96
    95
    98
    94
    96
    95
    97
    98
   105
   101
    99
    99
    99
    89
    83
    88
   117
   158
   175
   172
   165
   167
   165
    23
    24
    27
    27
    30
    32
    30
    35
    37
    45
    65
    81
    76
    87
   100
   109
   115
   119
   120
   113
   117
   119
   118
   126
   126
   120
   125
   126
   117
   120
   109
    88
    91
    96
    78
    68
    74
    72
    78
    60
    89
   107
   104
   103
    87
    85
    76
    87
    88
    92
   105
   105
   109
   109
   108
   106
   110
   111
   115
   107
   119
   116
   116
   116
    99
   105
   118
   115
   103
   100
    99
   101
    98
    98
    94
    96
   107
   106
   110
   110
   105
   103
   109
   106
   103
   105
    98
    93
    94
    98
    96
    94
    96
   101
   101
    99
    99
    96
   101
    95
    87
    87
    95
   125
   165
   177
   170
   165
   161
   163
   164
   166
    27
    26
    24
    25
    33
    33
    38
    31
    41
    45
    42
    73
    96
   104
   106
   114
   113
   115
   121
   121
   121
   130
   129
   118
   123
   117
   122
   122
   122
   123
   123
    97
    86
    87
    89
    89
    76
    68
    87
    77
    71
    82
   108
   113
   115
   111
    95
    77
    83
    86
   107
   116
   109
   106
   104
   109
   116
   118
   117
   114
   104
   105
   104
   112
    96
    99
   103
   104
   106
   108
   103
   102
   103
   106
   105
   101
   101
   101
   103
   103
   105
   104
    94
    96
    95
    96
    95
    95
    96
    91
    89
   101
   101
    98
   101
    97
    93
    97
    96
   101
   106
   128
   156
   169
   165
   162
   158
   159
   161
   162
   166
   165
    23
    20
    27
    25
    26
    29
    36
    36
    33
    36
    51
    53
    74
    81
    84
    93
   109
   118
   115
   108
   106
   125
   136
   132
   130
   129
   125
   128
   128
   123
   127
   109
    97
    87
    85
    81
    75
    68
    89
    95
    85
    71
    66
    96
   121
   120
   103
    73
    73
    85
   103
   107
   104
   100
   109
   114
   116
   117
   118
   114
   109
   107
   105
   112
    96
   100
   102
   100
    99
    96
   101
   107
   106
   107
   103
   104
    97
    95
    91
    97
   106
   100
    95
    93
   100
    99
    97
    95
   100
   101
   104
    99
    98
    99
    96
    96
    95
    97
   109
   115
   136
   157
   165
   164
   159
   158
   160
   161
   162
   166
   163
   163
    25
    27
    26
    27
    24
    23
    26
    38
    37
    43
    55
    53
    49
    78
    91
    90
    96
   107
   116
   114
   113
   118
   121
   122
   130
   137
   134
   129
   122
   121
   128
   121
   104
    99
   102
    98
    85
    70
    88
   100
    99
   102
   102
    91
    90
    99
   105
    99
    97
    97
   108
   113
   109
   100
   106
   111
   116
   120
   115
   114
   107
   105
   104
   114
    92
    98
    98
    97
    98
    98
    95
    98
   108
   111
   107
   108
   105
   101
   102
    96
    95
    98
    91
    92
    91
    92
    98
   102
   100
    98
   101
    95
    96
    96
   111
   109
   113
   122
   127
   121
   113
   113
   119
   132
   138
   141
   148
   175
   186
   178
   177
   170
    24
    23
    25
    24
    25
    25
    26
    29
    33
    38
    36
    45
    47
    47
    71
    93
    97
   102
   109
   117
   115
   118
   118
   112
   117
   121
   132
   133
   134
   125
   115
   117
   116
   105
   100
    92
    87
    69
    82
   104
   103
   112
   111
   115
   119
   119
   108
    94
    91
   102
   126
   128
   117
   114
   110
   122
   116
   121
   121
   118
   114
   110
   102
   112
    86
   100
    98
    90
    97
    96
   101
   107
   111
   112
   110
   108
    99
    92
    91
    91
    90
    94
    96
    91
    93
    97
    96
    95
    98
    93
   100
   111
   111
    96
    61
    88
   105
   117
   124
   126
   122
   125
   122
   116
   116
   113
    93
    61
    81
   116
   126
   155
    25
    25
    24
    26
    26
    26
    26
    26
    39
    35
    32
    36
    47
    50
    42
    66
    89
    94
   102
   108
   111
   103
   111
   121
   117
   124
   123
   127
   124
   118
   121
   123
   120
   105
   114
   106
   102
    77
    73
    77
    82
    89
    99
   105
   117
   127
   127
   101
    79
    89
   123
   137
   127
   122
   115
   113
   124
   124
   123
   118
   108
   104
   107
   109
    94
   106
   103
   105
    99
    96
   100
   103
   106
   108
   106
   100
    90
    89
    93
    94
   100
    99
    98
    96
    98
    97
    96
    93
   105
   115
   104
    68
    32
    18
    27
    81
   101
   112
   119
   121
   128
   131
   130
   129
   119
   120
   126
   125
    92
    63
    50
    85
    24
    24
    24
    23
    27
    23
    26
    26
    33
    43
    35
    37
    38
    48
    50
    35
    59
    81
    78
    87
    89
   103
   119
   119
   116
   117
   119
   122
   128
   127
   124
   118
   117
   106
   100
   112
   103
    85
    72
    89
    81
    82
    91
    96
   105
    98
   106
   127
   128
   116
   109
   123
   129
   125
   122
   126
   126
   118
   112
   104
   104
   103
   111
    99
    95
   101
   103
    98
    98
   105
   107
   107
   104
    99
    96
    95
   102
    95
    93
    97
    92
    93
    87
    86
    92
   100
   110
   101
    79
    41
    15
    11
    22
    25
    33
    83
    95
   105
   112
   120
   122
   122
   125
   121
   114
   116
   121
   119
   117
   104
    92
    90
    24
    22
    23
    26
    23
    26
    27
    24
    24
    37
    36
    34
    42
    45
    46
    42
    38
    49
    85
    97
   101
    97
    94
   106
   109
   105
   119
   119
   123
   126
   122
   123
   122
   120
   110
   112
   118
    99
    73
    86
    92
   108
   106
   105
    87
    79
    71
    60
    74
    84
    82
    94
   118
   129
   126
   121
   106
   102
   104
   113
   107
   102
   115
    94
   104
   101
   103
   105
   104
   101
   103
   105
   101
   101
    94
    88
    81
    88
    92
    85
    83
    77
    92
   107
   108
    79
    41
    16
    11
    17
    23
    25
    26
    29
    33
    78
    94
   106
   110
   114
   124
   125
   116
   112
   111
   109
   108
   116
   120
   114
   111
   114
    22
    24
    23
    27
    27
    23
    25
    27
    27
    29
    39
    41
    47
    53
    42
    41
    56
    52
    43
    68
    91
   104
   112
   109
   107
   114
   113
   118
   116
   100
   100
   113
   124
   123
   123
   118
   116
   106
    74
    76
    46
    24
    14
    16
    22
    31
    27
    35
    49
    48
    45
    32
    95
    92
    84
    76
    90
   104
   101
    70
    53
    75
   121
   102
   100
   103
   101
    98
    98
   105
   108
   106
    99
    92
    85
    82
    84
    90
    96
    94
    90
   101
    86
    53
    26
    11
    17
    23
    28
    27
    26
    27
    28
    26
    36
    85
    99
   106
   108
   116
   122
   122
   113
   113
   110
   115
   117
   112
   122
   127
   117
   117
    25
    24
    25
    23
    24
    26
    24
    24
    24
    25
    36
    41
    43
    55
    62
    67
    50
    41
    43
    42
    49
    83
    99
   105
   103
   105
   106
   112
   112
   115
   111
   115
   112
   120
   118
   106
   113
   118
    90
    66
    76
    56
    59
    48
    34
    18
    49
    79
    61
    54
    35
    36
    74
    91
    94
    95
    74
    40
    27
    39
    74
   162
    96
   102
   103
    96
    95
    99
   109
   104
   105
   101
   108
   105
   103
    99
    98
    98
    97
    87
    72
    56
    54
    27
    24
    24
    27
    24
    26
    26
    27
    27
    25
    27
    31
    86
   101
   107
   112
   120
   121
   117
   111
   117
   114
   114
   110
   109
   126
   137
   136
   125
    23
    25
    25
    22
    25
    26
    28
    27
    28
    24
    24
    43
    42
    49
    52
    44
    45
    43
    39
    40
    37
    40
    60
    95
   104
   108
   113
   112
   111
   117
   124
   127
   120
   112
   110
   111
   109
   114
   104
    67
    88
    71
    56
    63
    68
    54
    65
    58
    54
    28
    22
    13
    61
    29
    22
    22
    33
    40
    47
    94
   178
   108
    88
    94
    92
   105
   110
   106
   103
   106
    99
   101
   109
   105
    94
    93
    92
    85
    66
    54
    52
    63
    64
    71
    28
    28
    26
    29
    27
    27
    26
    28
    25
    22
    28
    79
   107
   111
   116
   120
   111
   110
   106
   116
   123
   118
   117
   118
   127
   141
   143
   144
    23
    19
    25
    25
    23
    24
    22
    22
    23
    24
    24
    25
    49
    45
    54
    56
    54
    46
    42
    44
    40
    37
    35
    37
    66
    93
    99
   108
   119
   121
   113
   108
   118
   112
   113
   111
   122
   124
   118
    86
    75
    92
    97
   115
   178
   144
   135
   120
    96
    86
    91
   151
   155
    75
    45
    41
    34
    73
   137
   145
    72
    67
    94
    98
   104
   110
   109
   109
   107
   110
   113
   101
    65
    59
    98
   114
   116
   116
   118
   117
   102
    92
    95
    93
    30
    26
    26
    24
    25
    24
    23
    26
    27
    29
    28
    80
   112
   116
   115
   111
   109
   104
   108
   107
   117
   127
   122
   123
   128
   134
   147
   159
    24
    28
    24
    26
    26
    24
    23
    24
    26
    24
    27
    26
    28
    49
    49
    64
    61
    49
    46
    43
    42
    42
    39
    38
    44
    51
    67
    91
   103
   114
   121
   119
   115
   123
   119
   118
   113
   109
   117
   100
    64
    85
    91
    95
   172
   209
   234
   206
   146
   179
   189
   168
   140
    73
    72
   107
   156
   143
    89
    54
    82
   106
   114
   108
    94
    80
    94
   106
   116
   109
    75
    41
    42
    61
    96
   121
   126
   118
   114
   108
   110
   106
   109
    71
    25
    23
    24
    28
    26
    27
    26
    25
    25
    26
    26
    77
   118
   123
   125
   120
   114
   112
   112
   112
   108
   114
   125
   132
   144
   151
   155
   159
    24
    22
    24
    23
    22
    26
    26
    26
    26
    25
    23
    28
    28
    40
    55
    51
    57
    58
    49
    49
    40
    45
    45
    45
    45
    51
    50
    47
    48
    60
    73
    88
    94
    94
   102
   107
   103
   110
   103
   103
    85
    47
    72
    99
    91
    94
   116
   130
   148
   171
   159
   160
   173
   172
   150
    95
    50
    46
    80
   120
   114
   116
   112
    81
    61
    50
    42
    32
    30
    37
    52
    62
    85
   108
   115
    95
    70
    94
   110
   108
   113
   122
    95
    22
    25
    26
    28
    24
    23
    25
    23
    25
    24
    24
    24
    73
   120
   128
   128
   129
   126
   122
   126
   131
   131
   132
   133
   148
   170
   178
   175
   176
    22
    24
    23
    23
    26
    23
    25
    22
    23
    25
    27
    27
    34
    26
    43
    51
    63
    68
    61
    54
    55
    46
    45
    56
    60
    64
    56
    56
    53
    48
    50
    52
    49
    60
    71
    74
    81
    76
    84
    85
    85
    75
    47
    38
    69
   112
   134
   140
   135
   115
    90
    66
    35
    27
    28
    63
   100
   126
   110
    84
    66
    71
    72
    73
    64
    58
    53
    58
    67
    84
    97
   106
   115
   105
    70
    41
    54
    73
   109
   123
   118
    63
    16
    20
    24
    25
    26
    27
    25
    26
    28
    27
    27
    26
    28
    64
   124
   130
   134
   136
   136
   136
   142
   151
   158
   154
   149
   154
   159
   167
   177
   180
    23
    22
    24
    22
    24
    23
    25
    24
    23
    23
    27
    25
    24
    29
    32
    63
    61
    57
    71
    69
    58
    52
    52
    51
    50
    57
    60
    53
    53
    57
    55
    61
    66
    57
    65
    76
    81
    93
   104
   115
   125
   111
    53
    37
    53
    50
    40
    44
    59
    66
    85
   104
    83
    78
   104
   120
   114
   106
   111
   117
   119
   117
   118
   110
   104
   102
   102
   106
   109
   118
   126
   112
    80
    52
    52
    74
   104
   127
   130
    98
    30
     9
    23
    23
    24
    22
    23
    25
    27
    24
    24
    24
    24
    27
    26
    68
   132
   136
   140
   145
   149
   150
   150
   149
   156
   160
   148
   157
   166
   168
   178
   182
    21
    22
    20
    23
    24
    24
    24
    24
    25
    28
    27
    27
    25
    28
    31
    30
    64
    66
    46
    66
    63
    65
    65
    62
    63
    70
    71
    68
    57
    64
    64
    68
    61
    70
    85
    91
   111
   130
   119
   110
   111
   111
    99
   140
   185
   141
   123
   126
    79
    69
    59
    39
    68
   113
   127
   117
   112
   113
   110
   114
   123
   137
   144
   143
   139
   145
   147
   135
   118
    90
    62
    57
    71
    95
   120
   137
   124
    79
    37
    13
    18
    25
    24
    26
    22
    25
    25
    23
    23
    25
    22
    25
    26
    26
    26
    59
   140
   144
   144
   149
   152
   155
   162
   167
   163
   167
   156
   160
   167
   171
   173
   183
    24
    20
    23
    23
    26
    24
    25
    25
    26
    24
    23
    26
    27
    23
    25
    30
    44
    66
    54
    41
    71
    67
    65
    55
    61
    66
    63
    72
    92
    80
    73
    76
   100
   109
   118
   127
   103
    72
    79
    88
    81
    69
    70
   138
   156
   171
   144
    71
    66
    62
    61
    56
    82
   117
   127
   107
   107
   112
   112
   106
    86
    57
    50
    43
    34
    24
    27
    29
    42
    78
   107
   128
   131
   120
    77
    27
     1
    10
    17
    24
    25
    22
    24
    24
    26
    25
    27
    23
    22
    26
    26
    24
    28
    24
    25
    43
   134
   150
   153
   156
   160
   158
   160
   166
   176
   182
   171
   158
   167
   175
   176
   178
