    23
    25
    23
    24
    26
    23
    23
    28
    26
    24
    25
    27
    27
    26
    27
    30
    28
    27
    29
    27
    31
    28
    29
    30
    31
    27
    32
    31
    29
    31
    32
    32
    30
    30
    36
    30
    31
    44
    42
    28
    29
    28
    32
    31
    31
    36
    36
    54
    39
    89
   135
    92
    48
    51
    52
    52
    65
    76
    95
   126
   126
   110
   118
   133
   122
   121
   103
    84
   102
   149
   173
   171
   144
   104
    58
    13
    24
    33
    27
    32
    33
    33
    32
    31
    32
    31
    27
    29
    33
    31
    33
    31
    28
    31
    32
    32
    31
    91
   149
   161
   168
   179
   185
   188
   192
   193
   194
   197
   201
   203
   198
   200
    24
    23
    24
    27
    26
    24
    27
    25
    24
    27
    27
    25
    27
    26
    27
    28
    28
    29
    28
    28
    29
    29
    27
    26
    28
    30
    27
    29
    31
    30
    30
    33
    32
    36
    28
    23
    25
    32
    40
    40
    36
    36
    36
    34
    43
    37
    44
    60
    56
    93
   132
   126
   118
   119
   118
   121
   121
   129
   147
   156
   163
   176
   171
   171
   172
   157
   172
   164
   118
    71
    62
    97
   133
   149
   156
   136
    85
    23
    27
    30
    32
    32
    29
    32
    32
    28
    33
    33
    31
    31
    30
    29
    29
    29
    27
    32
    30
   104
   145
   151
   157
   170
   180
   184
   189
   191
   195
   199
   201
   199
   193
   198
    26
    25
    25
    24
    26
    25
    26
    27
    27
    25
    26
    29
    28
    30
    29
    25
    25
    26
    29
    28
    28
    31
    30
    32
    30
    28
    24
    26
    30
    31
    27
    19
    16
    12
    19
    50
    40
    28
    23
    40
    43
    43
    40
    34
    23
    41
    58
    72
    83
   100
   108
   149
   145
   144
   158
   167
   184
   184
   174
   172
   161
   149
   137
   130
   108
    99
   104
   130
   161
   165
   146
    97
    72
   100
   137
   150
   159
   128
    31
    28
    28
    27
    33
    31
    29
    32
    31
    30
    31
    29
    33
    30
    33
    34
    34
    32
    28
   107
   140
   145
   149
   161
   172
   177
   181
   188
   191
   197
   199
   203
   198
   195
    22
    24
    22
    24
    22
    27
    25
    28
    26
    26
    26
    24
    26
    25
    26
    31
    32
    28
    25
    27
    26
    27
    28
    27
    27
    37
    45
    49
    41
    36
    46
    64
    82
   109
   111
   102
    99
    92
    80
    70
    79
    77
    76
    97
   112
    86
    68
    59
    77
    81
   106
   122
   140
   143
   150
   159
   151
   151
   143
   138
   141
   127
   120
   106
    95
    84
    93
   102
   104
   119
   143
   140
   136
   145
   146
   142
   130
   134
   108
    35
    33
    36
    31
    33
    33
    29
    30
    31
    31
    32
    29
    32
    29
    30
    31
    28
    30
   117
   142
   135
   142
   144
   149
   159
   173
   182
   185
   189
   191
   189
   188
   193
    23
    25
    26
    23
    25
    24
    24
    26
    27
    26
    28
    30
    28
    28
    29
    27
    28
    30
    32
    30
    30
    29
    29
    29
    37
    29
    24
    33
    51
    70
   100
   113
   121
   106
    99
   111
   114
   121
   118
   113
   102
   109
   108
    95
    90
    92
    96
    88
   104
   109
   115
   147
   145
   146
   133
   125
   137
   142
   151
   161
   131
   119
   126
   133
   143
   138
    95
    78
    91
   109
   134
   145
   148
   146
   145
   142
   138
   128
    99
    36
    33
    30
    31
    30
    32
    34
    32
    31
    33
    30
    33
    32
    32
    30
    30
    32
    30
   114
   147
   133
   140
   146
   148
   156
   161
   171
   181
   187
   190
   188
   186
   187
    25
    26
    23
    23
    25
    25
    26
    27
    25
    29
    28
    24
    25
    26
    28
    27
    28
    28
    28
    29
    29
    28
    28
    36
    33
    57
    97
    95
    96
   103
   115
   118
   115
   114
   117
   118
   127
   123
   107
    96
   106
   115
    99
   111
    97
    85
    90
   100
   122
   135
   143
   141
   150
   146
   155
   152
   137
   130
   135
   125
   118
   132
   141
   148
   151
   160
   175
   152
    96
   102
   149
   155
   152
   151
   137
   121
   109
   101
    72
    35
    36
    32
    31
    30
    30
    30
    30
    32
    29
    33
    29
    30
    31
    33
    32
    32
    33
   102
   148
   139
   133
   144
   154
   150
   153
   163
   175
   180
   186
   191
   184
   180
    24
    22
    23
    24
    26
    26
    25
    26
    26
    25
    25
    30
    28
    29
    29
    27
    27
    29
    28
    27
    27
    30
    34
    28
    55
    80
    89
    98
   104
   118
   114
   108
   115
   114
   113
   109
   115
   117
   106
   114
   120
   108
   124
   124
    94
    75
    82
   122
   143
   152
   154
   159
   143
   131
   121
   121
   130
   135
   140
   146
   148
   138
   138
   133
   125
   123
   122
   133
   139
   132
   128
   129
   124
   110
   103
    93
    79
    63
    23
    22
    11
    16
    29
    32
    35
    33
    31
    30
    33
    29
    32
    32
    32
    32
    32
    30
    31
    79
   140
   148
   139
   137
   152
   164
   155
   146
   159
   180
   187
   190
   188
   177
    25
    25
    24
    22
    24
    27
    24
    27
    28
    27
    26
    25
    27
    28
    28
    29
    29
    26
    27
    28
    31
    30
    23
    61
    93
   109
   117
   115
   119
   120
   119
   124
   117
   109
   110
   113
   101
   106
   109
   112
   119
   119
    76
    51
    49
    72
   123
   138
   135
   137
   136
   124
   119
   122
   126
   133
   133
   138
   136
   129
   132
   132
   135
   139
   142
   133
   131
   132
   129
   130
   118
   119
   128
   125
   118
   128
   137
   136
   130
   125
   108
    82
    65
    40
    23
    14
    20
    31
    34
    35
    33
    30
    32
    32
    28
    31
    31
    74
   132
   136
   146
   143
   144
   148
   154
   150
   127
   108
   109
   149
   166
   163
    25
    22
    24
    25
    25
    25
    27
    27
    26
    27
    27
    27
    27
    27
    28
    27
    28
    29
    29
    29
    23
    30
    68
    91
   104
   105
   112
   115
   104
   108
   114
   114
   105
   107
   109
   109
   116
   116
   115
   119
    87
    50
    42
   104
   109
   146
   147
   134
   136
   127
   125
   130
   132
   142
   155
   154
   157
   146
   148
   151
   144
   146
   141
   132
   134
   139
   139
   141
   136
   139
   138
   130
   123
   122
   128
   127
   124
   126
   123
   120
   129
   134
   137
   138
   133
   112
    77
    35
    19
    17
    32
    35
    34
    32
    31
    32
    29
    65
   127
   132
   129
   127
   136
   156
   173
   187
   193
   189
   179
   185
   197
   196
    22
    26
    26
    24
    24
    26
    27
    27
    27
    26
    26
    27
    27
    26
    27
    26
    28
    28
    27
    28
    36
    65
    81
    97
    95
   108
   114
   108
   109
   113
   109
   108
   111
   114
   121
   131
   121
   121
   133
   106
    46
    37
    82
   118
   124
   149
   153
   150
   146
   142
   141
   139
   140
   145
   149
   147
   137
   149
   146
   140
   148
   148
   149
   142
   142
   135
   130
   129
   137
   143
   141
   141
   142
   134
   133
   129
   136
   134
   119
   124
   116
   117
   122
   127
   124
   124
   139
   141
   127
    85
    44
    25
    14
    26
    29
    33
    33
    75
   109
   110
   129
   171
   193
   201
   201
   201
   203
   207
   208
   209
   206
   207
    23
    23
    24
    25
    25
    28
    24
    25
    28
    28
    27
    29
    31
    29
    31
    28
    28
    27
    28
    28
    51
    90
    98
    82
    97
   103
   100
   109
   115
   112
   103
   115
   122
   124
   124
   117
   111
   127
   115
    54
    48
    62
   110
   111
   113
   135
   139
   143
   141
   140
   144
   139
   139
   144
   144
   148
   156
   145
   139
   156
   148
   152
   152
   139
   145
   145
   144
   143
   135
   145
   145
   147
   148
   142
   134
   126
   119
   129
   130
   128
   128
   128
   121
   124
   125
   123
   113
   124
   130
   137
   144
   134
    99
    58
    24
    18
    33
    60
   122
   174
   198
   199
   198
   197
   198
   200
   202
   201
   202
   198
   196
   198
    25
    25
    25
    25
    23
    26
    28
    27
    26
    26
    26
    26
    26
    28
    27
    30
    31
    30
    29
    36
    68
    90
    80
    87
    90
    89
   101
   108
   116
   109
   118
   120
   123
   126
   131
   129
   134
   131
    54
    33
    57
    77
   125
   122
   144
   159
   162
   159
   151
   151
   151
   149
   152
   156
   153
   146
   155
   154
   144
   135
   135
   132
   130
   137
   142
   136
   134
   138
   138
   139
   143
   142
   144
   146
   144
   142
   135
   134
   137
   135
   132
   136
   128
   126
   123
   125
   130
   127
   119
   126
   134
   139
   148
   147
   134
   142
   179
   214
   213
   200
   199
   199
   200
   201
   201
   202
   201
   201
   197
   193
   191
   191
    25
    26
    26
    26
    27
    24
    22
    26
    26
    27
    25
    28
    27
    26
    27
    27
    24
    28
    36
    68
    78
    84
    91
    90
    95
    93
   104
   108
   112
   119
   124
   131
   133
   139
   139
   134
   129
   101
    91
   135
   140
   103
    86
    74
    85
   114
   133
   132
   138
   144
   148
   166
   163
   157
   147
   139
   146
   143
   144
   147
   139
   143
   135
   132
   131
   133
   132
   133
   136
   134
   138
   136
   129
   135
   128
   126
   129
   132
   131
   133
   132
   131
   132
   130
   125
   126
   124
   128
   128
   122
   116
   113
   126
   133
   133
   127
   124
   137
   178
   220
   207
   201
   202
   203
   201
   201
   202
   200
   196
   194
   190
   194
    23
    23
    24
    25
    24
    27
    27
    27
    25
    28
    28
    28
    27
    30
    28
    28
    31
    34
    70
    85
    75
    80
    94
    87
    94
   109
   114
   121
   120
   124
   124
   129
   112
   102
   118
   129
   138
   117
    66
    66
    96
   152
   193
   169
   148
   127
   108
    90
    83
    75
    71
    78
   105
   143
   165
   168
   153
   151
   144
   145
   133
   122
   127
   135
   140
   137
   138
   135
   135
   137
   122
   123
   123
   122
   126
   130
   128
   128
   125
   120
   121
   129
   124
   125
   127
   128
   119
   117
   122
   123
   125
   128
   134
   134
   133
   131
   122
   118
   114
   130
   197
   211
   202
   202
   202
   203
   200
   198
   197
   192
   191
   191
    24
    25
    25
    26
    27
    24
    25
    28
    26
    27
    25
    25
    28
    26
    27
    29
    28
    51
    70
    63
    69
    87
    89
    97
   110
   109
   113
   122
   134
   132
   131
   133
   134
   134
   135
   134
   138
    60
    48
    79
    68
    25
    25
    43
    62
    88
    98
   103
   103
   104
   101
    81
    48
    34
    75
   132
   167
   155
   152
   151
   146
   143
   139
   138
   140
   142
   141
   147
   144
   138
   139
   134
   129
   131
   132
   141
   132
   123
   129
   131
   124
   126
   123
   125
   122
   124
   127
   125
   121
   118
   123
   123
   122
   121
   125
   125
   125
   127
   127
   131
   120
   171
   210
   202
   202
   201
   201
   198
   195
   193
   190
   191
    22
    23
    25
    24
    24
    26
    27
    24
    26
    28
    27
    25
    28
    27
    29
    36
    45
    71
    65
    59
    76
    91
   110
   116
   115
   123
   126
   125
   121
   116
   126
   122
   125
   139
   144
   150
   116
    63
    46
    17
    49
    94
   115
   119
    99
    81
   126
   150
   155
   150
   150
   156
   153
   125
    72
    53
   130
   166
   155
   147
   136
   132
   139
   136
   137
   141
   138
   141
   141
   144
   141
   134
   138
   139
   135
   131
   132
   144
   143
   144
   139
   138
   140
   131
   128
   127
   125
   128
   131
   129
   124
   123
   120
   121
   121
   124
   131
   131
   126
   128
   126
   114
   165
   210
   201
   200
   200
   197
   195
   191
   188
   189
    25
    24
    25
    25
    29
    27
    26
    29
    27
    28
    26
    28
    24
    27
    30
    28
    58
    71
    63
    57
    79
    98
   106
   110
   112
    97
   105
   116
   126
   129
   130
   122
   134
   134
   156
   159
   127
    74
    56
   109
   105
    84
    82
    69
    76
    86
   114
   153
   155
   156
   161
   157
   157
   155
   145
   108
    60
   142
   153
   147
   146
   141
   143
   142
   140
   149
   150
   150
   148
   148
   147
   142
   136
   137
   134
   137
   134
   131
   138
   135
   134
   132
   130
   136
   135
   129
   125
   129
   124
   124
   120
   123
   121
   116
   114
   109
   117
   118
   124
   136
   131
   125
   112
   174
   207
   201
   199
   197
   193
   190
   188
   187
    26
    26
    25
    25
    27
    23
    26
    25
    25
    27
    28
    28
    31
    26
    28
    39
    73
    71
    62
    74
    93
   109
   109
   116
   129
   133
   132
   125
   127
   121
   116
   134
   146
   141
   136
   121
    95
    86
   122
   112
   115
   122
   103
   114
   106
    87
   120
   160
   161
   160
   155
   147
   138
   144
   154
   154
   109
    73
   147
   150
   140
   142
   146
   144
   142
   138
   145
   148
   143
   142
   142
   144
   147
   147
   149
   148
   138
   136
   142
   140
   147
   144
   140
   131
   136
   131
   129
   120
   127
   122
   127
   126
   123
   116
   116
   117
   113
   116
   109
   112
   130
   124
   121
   115
   187
   199
   199
   198
   195
   190
   188
   189
    22
    22
    26
    24
    24
    28
    27
    25
    27
    25
    27
    25
    25
    29
    42
    75
    88
    61
    66
    94
   102
   105
   109
   117
   123
   119
   110
   115
   128
   137
   141
   147
   150
   152
   141
   107
    80
   105
   110
   115
   115
   123
   144
   144
   139
   167
   145
   163
   166
   147
   134
   129
   142
   142
   140
   148
   141
   101
   121
   153
   167
   162
   152
   146
   146
   147
   146
   151
   145
   143
   142
   142
   148
   148
   148
   145
   149
   158
   146
   138
   139
   126
   130
   133
   128
   128
   129
   127
   118
   117
   110
   107
   108
   112
   108
   109
   108
   106
   111
   107
   107
   119
   118
   121
   129
   203
   199
   195
   193
   192
   187
   184
    25
    26
    25
    26
    27
    26
    28
    29
    28
    29
    28
    27
    30
    49
    51
    83
    75
    51
    81
    97
   110
   118
   126
   129
   130
   124
   131
   138
   141
   142
   143
   142
   145
   141
   123
    89
    87
   112
   123
   131
   146
   150
   137
   117
   116
   133
   137
   151
   137
   131
   133
   142
   143
   139
   143
   145
   150
   132
   110
   149
   147
   145
   143
   142
   143
   140
   138
   132
   140
   139
   135
   138
   143
   144
   145
   138
   139
   144
   147
   153
   143
   154
   151
   139
   141
   135
   120
   120
   127
   123
   122
   120
   113
   113
   108
    99
   107
    99
   105
   103
   103
   108
   117
   120
   114
   139
   200
   194
   193
   192
   189
   187
    25
    24
    22
    22
    26
    25
    26
    29
    27
    27
    26
    32
    35
    37
    73
    84
    56
    76
    95
   106
    97
   106
   117
   115
   124
   121
   124
   131
   140
   141
   131
   148
   144
   140
   134
    87
    95
   121
   141
   143
   137
   119
    90
    85
   118
   152
   147
   151
   149
   129
   121
   132
   142
   137
   137
   142
   146
   144
   107
   143
   161
   155
   154
   154
   146
   134
   137
   145
   139
   136
   131
   134
   138
   144
   135
   140
   145
   148
   143
   133
   143
   143
   144
   151
   146
   134
   136
   133
   130
   122
   116
   110
   108
   107
   122
   121
   116
   113
   104
   101
   101
    96
   106
   108
   113
   106
   160
   196
   193
   191
   187
   185
    23
    25
    25
    24
    23
    27
    27
    26
    23
    27
    27
    28
    42
    65
    90
    68
    74
    94
   107
   107
   114
   118
   120
   122
   129
   134
   148
   155
   150
   141
   145
   143
   137
   139
   129
    86
   108
   131
   127
   126
   116
    94
    89
    97
   120
   144
   156
   136
   140
   142
   124
   112
   117
   114
   129
   136
   136
   134
   119
   115
   149
   146
   145
   154
   155
   154
   149
   140
   143
   140
   139
   143
   144
   149
   138
   143
   147
   143
   132
   144
   141
   135
   137
   135
   128
   139
   138
   133
   128
   119
   105
   108
   110
   107
   100
   103
   107
    98
   100
    98
    91
    89
   108
   117
   111
   105
   107
   179
   191
   187
   187
   184
    25
    23
    23
    28
    29
    25
    26
    25
    31
    34
    37
    38
    64
    81
    66
    63
    91
    98
   103
   109
   115
   119
   120
   127
   130
   130
   139
   142
   141
   143
   147
   135
   136
   134
   117
    89
   115
   133
   142
   127
   109
    89
    84
    90
   116
   136
   148
   128
   134
   143
   150
   142
   127
   123
   127
   131
   145
   153
   130
   102
   144
   148
   150
   160
   164
   159
   148
   146
   140
   137
   143
   145
   149
   141
   136
   128
   130
   126
   134
   141
   134
   135
   129
   133
   139
   137
   138
   133
   124
   116
   116
   102
    97
    90
    83
    98
    90
    82
    83
    90
    86
    86
    92
   100
   110
   116
   107
   114
   188
   189
   185
   184
    25
    25
    25
    24
    24
    25
    25
    31
    29
    23
    27
    35
    73
    81
    59
    84
    96
   101
   111
   109
   116
   121
   133
   131
   132
   130
   142
   155
   152
   151
   149
   141
   128
   129
   108
    89
   119
   128
   113
    98
    92
    97
   114
   111
   142
   163
   149
   124
   135
   144
   144
   143
   129
   126
   129
   134
   133
   137
   141
   114
   134
   157
   158
   162
   159
   161
   157
   146
   136
   140
   142
   146
   134
   133
   131
   121
   122
   128
   130
   129
   132
   136
   137
   141
   148
   149
   137
   126
   117
   105
    87
    79
    76
    78
    95
    91
    83
    92
   102
   104
   115
   110
   103
   106
   108
   110
   105
   100
   145
   184
   183
   181
    24
    24
    24
    23
    24
    27
    26
    25
    26
    29
    27
    50
    86
    57
    86
   102
   112
   114
   115
   122
   126
   124
   128
   126
   137
   146
   146
   150
   155
   147
   141
   135
   132
   133
   108
    88
   105
    99
    96
    87
    78
    72
    91
   106
   135
   151
   136
   117
   126
   134
   135
   140
   138
   129
   130
   129
   131
   127
   129
   126
   112
   146
   145
   159
   168
   151
   150
   140
   138
   137
   134
   132
   125
   124
   114
   120
   127
   125
   128
   130
   134
   137
   140
   143
   132
   127
   124
   111
    96
    82
    68
    66
    72
    98
   108
   109
   120
   123
   115
   108
   108
   116
   103
    96
   102
   106
   107
   106
   103
   167
   182
   180
    23
    25
    25
    26
    25
    24
    26
    30
    26
    26
    33
    66
    69
    73
    90
    93
    86
    95
   116
   127
   126
   125
   122
   122
   117
   116
   151
   162
   153
   141
   138
   138
   132
   122
   101
    87
   108
   109
    86
    75
    83
   102
   110
   105
   129
   116
   121
   106
   115
   115
   124
   134
   124
   119
   121
   118
   128
   129
   126
   128
   117
   141
   150
   155
   153
   145
   132
   125
   128
   122
   123
   118
   115
   110
   112
   118
   123
   127
   123
   130
   138
   145
   149
   133
   122
   118
   107
    93
    78
    63
    67
    85
   117
   132
   133
   135
   125
   124
   118
   119
   115
   115
   107
    96
   102
   106
   106
   109
   109
   124
   175
   179
    25
    25
    24
    25
    25
    25
    27
    28
    28
    33
    57
    63
    55
    77
    78
    87
   103
   114
   118
   127
   123
   120
   109
   125
   141
   152
   149
   125
   124
   132
   136
   134
   123
   114
    91
    82
    92
    80
    80
    92
   108
   100
   111
   106
   119
    93
   122
   106
    97
   110
   119
   124
   129
   125
   114
   130
   133
   134
   136
   130
   118
   137
   147
   144
   138
   133
   121
   112
   110
   118
   107
   105
    97
    97
   118
   126
   127
   133
   138
   142
   136
   138
   124
   116
   114
   104
    89
    79
    65
    63
    88
   119
   138
   144
   137
   128
   120
   122
   121
   121
   122
   122
   122
   112
    94
    98
    95
   101
   113
   108
   154
   174
    22
    21
    26
    25
    25
    27
    26
    31
    32
    38
    61
    58
    75
    97
   109
   108
   118
   122
   116
   123
   126
   118
   130
   138
   145
   141
   136
   134
   141
   137
   137
   127
   113
   105
    87
    82
    89
    80
    77
   100
   101
   107
   107
   107
    82
    78
   163
   138
   115
   117
   127
   126
   128
   117
   118
   128
   132
   133
   132
   132
   116
   122
   138
   134
   133
   116
   105
   112
   112
   110
   103
    95
   101
   118
   124
   135
   140
   147
   141
   133
   123
   123
   118
   102
    94
    80
    76
    62
    61
    89
   121
   145
   145
   137
   128
   119
   124
   127
   129
   124
   115
   115
   118
   122
   112
    96
    97
    91
    92
   102
   123
   167
    23
    23
    24
    23
    24
    24
    29
    29
    23
    51
    56
    63
    82
    85
   105
   115
   123
   128
   127
   127
   129
   133
   129
   133
   121
   131
   145
   145
   143
   136
   137
   119
   106
   108
    92
   106
    93
    73
    68
    96
   102
    86
    88
    83
    66
   125
   116
   119
   119
   124
   121
   128
   118
   109
   111
   130
   132
   134
   132
   128
   122
   119
   124
   129
   120
   110
    99
   102
   102
    93
    89
    93
   107
   120
   139
   148
   142
   135
   122
   118
   121
   116
   101
    89
    72
    62
    57
    67
   100
   129
   143
   144
   145
   132
   127
   126
   132
   126
   118
   120
   125
   125
   111
   113
   123
   111
    99
    94
    87
    92
    98
   145
    26
    26
    22
    24
    26
    29
    25
    28
    44
    62
    57
    70
    90
   103
   113
   118
   117
   117
   117
   120
   125
   136
   132
   124
   133
   144
   138
   135
   138
   141
   134
   125
   118
   110
    98
   123
    97
    80
    44
    55
    60
    45
    96
    81
   101
    85
    95
   102
   108
   119
   122
   123
   118
   105
    99
   124
   130
   132
   138
   137
   127
   122
   125
   116
   109
    98
    84
    86
    89
    88
    93
   104
   125
   144
   140
   129
   121
   115
   119
   118
   119
   110
    90
    73
    55
    58
    95
   114
   133
   132
   142
   144
   138
   126
   125
   132
   131
   130
   128
   130
   119
   112
   106
   105
   110
   118
    98
    86
    83
    87
    94
   115
    23
    26
    27
    25
    25
    25
    24
    31
    56
    52
    58
    73
    84
   110
   101
   110
   121
   126
   129
   131
   132
   128
   125
   121
   130
   139
   139
   135
   134
   145
   144
   129
   118
   106
    94
   121
    99
    86
    68
   207
   215
   127
    98
    61
    28
    24
    63
    94
   104
   115
   123
   118
   107
    97
   115
   132
   137
   134
   134
   133
   110
   110
   115
   107
   102
    70
    72
    82
    87
    85
    92
   114
   130
   133
   130
   124
   118
   131
   123
   110
   101
    94
    69
    53
    66
   122
   140
   143
   141
   137
   137
   132
   126
   121
   125
   129
   130
   128
   129
   125
   115
   114
   109
   100
   103
   108
   118
   104
    78
    74
    79
    89
    24
    23
    21
    25
    27
    26
    26
    40
    62
    58
    74
    88
   101
   109
   116
   115
   122
   128
   127
   126
   125
   124
   119
   127
   132
   134
   136
   137
   141
   137
   139
   132
   124
   110
    90
    98
    99
   110
   133
   224
   223
   185
   119
    65
    41
    39
    52
    78
    93
   114
   110
   112
   101
    78
   117
   135
   129
   128
   131
   135
   105
   114
   116
   103
    81
    62
    66
    78
    85
    94
   112
   127
   132
   128
   116
   126
   139
   131
   120
   102
    88
    87
    49
    55
   124
   147
   139
   119
   126
   131
   128
   117
   112
   111
   123
   115
   112
   114
   123
   122
   111
   110
   104
    97
    93
    83
    95
   112
   105
    82
    78
    76
    22
    23
    23
    28
    29
    27
    29
    58
    57
    57
    65
    90
   102
   112
   112
   120
   124
   124
   121
   126
   129
   130
   127
   126
   132
   133
   138
   147
   140
   127
   136
   139
   132
   113
   100
    82
    96
   102
    69
   125
   153
   108
   107
    55
    23
    42
    64
    72
    95
   122
   119
   114
   100
    88
   120
   128
   130
   128
   134
   134
    94
   110
   106
    91
    73
    56
    64
    71
    87
   105
   122
   129
   128
   138
   147
   155
   147
   137
   112
   103
    96
    74
    48
   125
   144
   138
   134
   136
   127
   117
   112
   100
    93
    89
    99
   104
   113
   117
   117
   115
   106
   109
   102
    98
    90
    84
    91
    98
   108
   108
    95
    87
    23
    22
    26
    25
    26
    31
    42
    74
    54
    65
    85
    95
    92
    98
   115
   120
   128
   129
   127
   128
   123
   123
   122
   121
   127
   122
   138
   146
   148
   144
   144
   144
   133
   117
   100
    80
    87
    79
    73
    79
    94
   103
    92
    75
    43
    44
    58
    82
   110
   118
   115
   102
    86
   110
   135
   131
   131
   130
   129
   124
    94
   104
    97
    75
    53
    51
    52
    80
   103
   114
   123
   134
   136
   140
   143
   147
   146
   114
   110
   109
    85
    53
    70
   138
   135
   133
   123
   118
   114
   108
   106
    99
    89
   106
   107
   112
   103
   106
   112
   113
   107
   103
    99
    91
    84
    86
    70
    82
    91
   111
   114
   108
    23
    24
    24
    22
    31
    32
    63
    69
    56
    71
    83
    95
   109
   117
   124
   127
   128
   128
   120
   127
   125
   117
   118
   117
   128
   129
   133
   140
   139
   141
   136
   136
   136
   122
    97
    63
    73
    79
    78
    76
    95
   113
   104
    85
    40
    45
    72
    83
   104
   115
   104
    94
    93
   119
   130
   132
   127
   125
   132
   123
    99
   105
    88
    68
    54
    46
    59
    93
   102
   124
   137
   137
   145
   143
   144
   151
   129
   120
   114
   101
    70
    33
    82
   144
   134
   111
   119
   118
   116
   101
    95
    88
    89
   101
   108
   103
   109
   112
   107
   106
   102
    99
    97
    84
    72
    70
    63
    64
    80
    70
    97
   109
    24
    28
    27
    34
    31
    38
    64
    48
    45
    79
    88
    99
   102
   109
   121
   127
   125
   124
   118
   118
   125
   125
   119
   125
   127
   137
   141
   135
   142
   140
   142
   138
   138
   124
   106
    80
    71
    75
    69
    74
    94
   117
    91
    94
    67
    64
    82
    73
    95
   110
   110
    99
   115
   138
   138
   130
   126
   124
   131
   108
    98
    99
    81
    56
    45
    45
    70
    96
   121
   134
   138
   144
   137
   121
   127
   142
   118
   124
   118
    92
    48
    28
    95
   123
   117
   131
   124
   117
   101
    99
    99
    89
    98
   106
   106
   113
   121
   118
   104
   101
   109
   107
    90
    83
    71
    63
    55
    59
    70
    69
    72
    88
    26
    26
    33
    35
    32
    69
    85
    76
    73
    76
    86
    98
   105
   113
   113
   112
   121
   130
   125
   126
   130
   134
   128
   133
   138
   125
   130
   143
   142
   145
   145
   141
   140
   140
   119
    82
    64
    75
    66
    60
    83
   106
    95
    85
    88
    48
    68
    65
    84
   106
   105
   101
   126
   129
   137
   137
   128
   134
   128
    98
   100
    75
    52
    28
    32
    67
   100
   117
   126
   137
   135
   133
   132
   136
   143
   136
   132
   119
   113
    74
    42
    28
    95
   137
   146
   133
   117
   107
    98
    92
    77
    91
   111
   106
   112
   127
   130
   124
   111
   120
   110
   112
    97
    84
    69
    52
    55
    66
    68
    59
    65
    73
    27
    26
    28
    27
    28
    72
    71
    62
    77
    81
    83
    95
   112
   110
   110
   123
   123
   127
   123
   117
   125
   123
   117
   126
   126
   124
   125
   139
   150
   153
   149
   143
   137
   132
   113
    85
    67
    73
    73
    63
    65
   100
   107
    62
    83
    85
    83
    67
    84
    89
    92
   121
   137
   133
   140
   132
   133
   135
   108
    99
   108
    72
    66
    79
    67
    23
    51
    82
   126
   138
   137
   136
   139
   140
   146
   136
   126
   120
    99
    57
    36
    22
    83
   118
   134
   136
   137
   109
    84
    84
    93
   105
   100
   103
   111
   116
   112
   107
   112
   110
   109
   107
    98
    85
    75
    65
    53
    48
    63
    61
    51
    67
    27
    32
    26
    26
    47
    71
    89
    82
    79
    78
    92
   101
   110
   112
   118
   114
   120
   125
   128
   133
   126
   132
   123
   108
   116
   130
   123
   129
   144
   149
   146
   139
   143
   129
   109
    77
    63
    58
    78
    69
    65
    98
   114
    89
    85
    93
    94
    75
    73
    91
   120
   142
   135
   133
   135
   141
   150
   132
   151
   112
   118
   124
   128
   131
   129
   120
    47
    62
    98
   140
   144
   132
   133
   136
   131
   137
   132
   115
    79
    45
    24
    19
    87
   118
   122
   138
   132
   108
    99
    91
    96
   100
    91
    88
   104
   111
   112
   115
   113
   113
   108
    96
    92
    77
    67
    58
    46
    51
    63
    59
    48
    58
    28
    32
    40
    38
    52
    77
    79
    82
    80
    88
    96
    97
    97
   109
   112
   117
   113
   121
   117
   124
   128
   118
   123
   121
   124
   131
   128
   131
   145
   150
   152
   150
   146
   143
   120
    83
    67
    65
    74
    72
    69
    93
   109
    95
    79
   111
   120
    98
    88
   118
   134
   138
   138
   139
   140
   146
   145
    84
   170
   116
   104
   109
   113
   125
   102
    85
    86
    80
   103
   130
   135
   136
   138
   142
   134
   135
   129
   117
    81
    41
    17
    15
    82
   117
   128
   135
   124
   107
    89
    83
    89
    81
    81
   102
   115
   115
   114
   105
   108
   102
    94
    86
    77
    70
    66
    64
    54
    47
    51
    57
    38
    40
    24
    22
    26
    44
    50
    74
    84
    83
    84
    90
    98
   104
   106
   112
   107
   112
   121
   126
   127
   119
   122
   126
   126
   133
   128
   125
   125
   132
   139
   146
   148
   144
   139
   137
   119
    99
    74
    67
    72
    72
    67
    82
    99
   108
    80
    98
   127
   113
   118
   136
   142
   146
   143
   140
   153
   150
    76
    85
    89
    93
    99
   115
   138
   133
   105
    60
    55
    82
    92
   113
   135
   138
   137
   142
   140
   130
   123
   107
    66
    33
    26
    18
    56
   100
   116
   121
   119
    94
    79
    73
    79
    79
    87
    95
   101
   110
   111
   109
   104
    94
    87
    91
    88
    72
    62
    56
    54
    53
    58
    58
    43
    42
    21
    30
    34
    35
    50
    69
    71
    68
    67
    83
    92
    86
    91
   100
   108
   123
   130
   125
   117
   119
   125
   133
   125
   111
   118
   119
   126
   133
   136
   145
   146
   142
   142
   140
   124
   105
    91
    77
    65
    79
    72
    88
   109
   102
    98
   100
   111
   114
   125
   143
   141
   143
   157
   167
   150
    74
    50
    98
    92
   104
   112
   130
   146
   139
    99
    31
    38
    67
    91
   105
   132
   137
   140
   136
   135
   135
   137
   107
    63
    29
    29
    24
    36
    97
   106
   111
   105
    95
    74
    58
    60
    74
    75
    89
   102
   110
   104
   101
    96
    97
    91
    88
    79
    66
    67
    63
    55
    51
    42
    55
    37
    41
    39
    34
    29
    36
    42
    71
    87
    80
    85
    91
    94
    92
   102
    96
   105
   119
   123
   117
   120
   129
   130
   132
   132
   124
   114
   117
   124
   132
   137
   144
   141
   144
   146
   138
   132
   124
   102
    86
    69
    77
    94
   112
   115
   124
   146
   147
   131
   136
   153
   154
   149
   152
   169
   125
    47
    34
    89
    66
    77
    94
   121
   141
   156
   156
   128
    40
    43
    82
    99
   109
   116
   137
   141
   130
   135
   130
   121
   100
    63
    30
    23
    25
    29
    78
   112
   108
   105
    89
    53
    41
    54
    55
    62
    87
    95
   100
    99
    95
   103
   102
    95
    80
    62
    54
    60
    65
    53
    64
    52
    57
    40
    42
    23
    24
    29
    39
    53
    74
    81
    77
    81
    76
    98
   107
   112
   116
   123
   124
   123
   121
   127
   132
   128
   128
   120
   117
   118
   122
   125
   132
   139
   141
   140
   146
   145
   136
   126
   121
   114
    95
    82
    68
   113
   130
   128
   129
   128
   126
   120
   128
   135
   152
   163
   139
    89
    58
    66
    71
    82
    95
   100
   118
   125
   138
   151
   161
   146
   103
    53
    97
    85
    96
   107
   121
   131
   131
   128
   127
   124
    99
    59
    34
    32
    22
    31
    90
   104
   108
   100
    84
    51
    49
    66
    58
    64
    66
    78
    92
    95
    97
   104
    99
    93
    90
    85
    77
    71
    58
    52
    52
    58
    59
    40
    33
    23
    22
    34
    38
    47
    62
    73
    74
    85
    87
    96
   105
   108
   116
   122
   117
   116
   114
   124
   129
   126
   117
   117
   122
   126
   127
   124
   124
   129
   140
   142
   145
   143
   139
   131
   127
   113
   105
   100
    84
    81
   125
   137
   136
   136
   132
   123
   135
   145
   126
   101
    82
    80
    74
    71
    97
   103
   117
   132
   139
   143
   146
   155
   162
   152
   130
   107
   135
   121
   102
    90
    94
   114
   125
   125
   129
   120
    98
    66
    42
    28
    25
    34
   103
   115
   104
    87
    71
    58
    63
    55
    50
    54
    66
    74
    88
    99
   103
   105
   103
    96
    91
    80
    72
    70
    61
    52
    45
    51
    57
    39
    37
    22
    25
    30
    36
    47
    67
    82
    78
    85
    93
    95
    96
   105
   112
   121
   124
   128
   125
   128
   119
   119
   128
   126
   118
   123
   125
   125
   126
   133
   137
   145
   144
   143
   144
   131
   116
   108
   106
    96
    91
    85
    89
   107
   124
   132
   133
   128
   110
    94
   102
    89
    76
    68
    78
   100
   121
   136
   135
   137
   137
   146
   138
   140
   147
   144
   133
   101
    80
    88
    89
    75
    58
    56
    89
    99
   115
   111
    95
    66
    49
    31
    26
    24
    83
   101
    97
    93
    79
    58
    55
    53
    50
    55
    60
    73
    83
    97
    91
   103
   100
    92
    80
    75
    74
    59
    53
    52
    50
    43
    53
    39
    39
    25
    27
    26
    34
    38
    68
    75
    73
    79
    91
    92
   103
   107
   115
   119
   126
   128
   131
   125
   120
   126
   122
   121
   124
   129
   128
   127
   125
   128
   136
   140
   143
   142
   132
   130
   122
   111
   104
   107
   133
   113
    90
    92
    90
    86
    68
    64
    90
    94
    63
    58
    69
    96
   110
   120
   131
   133
   140
   144
   143
   143
   144
   157
   163
   133
   115
   106
    72
    68
    54
    49
    37
    34
    39
    71
    99
   107
   109
    87
    57
    34
    19
    22
    78
   101
   103
    96
    79
    59
    46
    42
    53
    58
    59
    72
    89
    97
    96
    97
    88
    83
    78
    76
    63
    68
    59
    54
    49
    51
    56
    40
    35
    24
    24
    25
    33
    34
    60
    67
    69
    80
    90
   105
   107
   114
   111
   104
   120
   120
   131
   128
   129
   130
   118
   121
   124
   127
   129
   126
   128
   132
   136
   139
   144
   143
   140
   130
   121
   114
   114
   132
   135
   151
   132
    97
    99
   103
   100
    89
    77
    47
    51
    87
   109
   107
   124
   135
   132
   132
   141
   142
   149
   147
   160
   173
   151
   123
   110
    99
    94
    47
    30
    26
    28
    28
    34
    53
    95
   103
    98
    90
    58
    36
    25
    20
    60
   105
   107
   101
    87
    59
    45
    46
    45
    52
    56
    70
    92
    99
    91
    95
    92
    78
    77
    79
    72
    59
    52
    51
    47
    52
    54
    36
    34
    24
    24
    25
    27
    41
    61
    81
    77
    88
    93
    97
   100
   104
   115
   114
   118
   128
   129
   131
   131
   131
   127
   116
   113
   132
   138
   126
   124
   124
   131
   141
   137
   138
   137
   132
   128
   128
   129
   136
   136
   142
   147
   137
   104
   114
    90
    93
    94
    68
   100
   118
   116
   129
   136
   130
   129
   130
   133
   135
   137
   143
   145
   136
   122
   113
    95
    73
    63
    45
    29
    32
    35
    38
    40
    50
    87
   115
   112
    85
    54
    34
    23
    20
    51
    86
   101
    96
    90
    71
    52
    41
    43
    59
    69
    75
    82
    98
    92
    97
    96
    96
    84
    78
    74
    59
    57
    50
    49
    52
    49
    37
    40
    22
    23
    21
    23
    33
    50
    60
    71
    81
    86
   101
   104
    99
   115
   121
   127
   127
   127
   121
   129
   126
   122
   126
   129
   135
   133
   126
   131
   128
   125
   130
   138
   139
   137
   127
   126
   126
   136
   139
   146
   142
   143
   146
   115
    62
    53
   106
   108
    68
   108
   112
   121
   123
   123
   124
   129
   124
   125
   126
   131
   138
   143
   131
   116
   101
    78
    61
    48
    39
    32
    38
    49
    57
    55
    61
    89
   116
   113
    95
    57
    35
    19
    15
    43
    85
    84
    96
    95
    82
    59
    47
    42
    58
    73
    80
    89
   101
    96
    98
   100
    99
    82
    73
    76
    71
    67
    62
    51
    49
    53
    40
    46
    22
    23
    28
    24
    29
    47
    59
    63
    83
    90
   101
   110
   114
   114
   115
   115
   121
   129
   131
   131
   130
   131
   125
   126
   127
   128
   123
   128
   125
   129
   133
   133
   134
   129
   128
   131
   130
   126
   133
   145
   145
   146
   148
   131
   155
   194
   124
   130
   113
   120
   124
   131
   133
   130
   133
   131
   124
   123
   123
   142
   146
   138
   125
   108
    91
    75
    61
    65
    53
    22
    36
    36
    38
    47
    56
    84
    98
   102
    85
    57
    39
    22
    20
    37
    93
   106
   106
   103
    82
    58
    48
    54
    64
    64
    80
    90
    96
   100
   104
    98
    98
    92
    92
    75
    68
    60
    55
    53
    49
    48
    36
    44
    24
    24
    23
    24
    26
    42
    56
    65
    80
    85
    99
   110
   109
   115
   115
   121
   123
   131
   132
   127
   113
   123
   133
   128
   128
   130
   125
   127
   130
   135
   136
   134
   132
   136
   126
   128
   130
   124
   129
   139
   141
   140
   144
   131
    76
    56
   126
   151
   140
   125
   119
   123
   124
   127
   121
   124
   120
   117
   124
   135
   148
   138
   123
   103
    92
    77
    63
    56
    51
    69
    57
    46
    56
    53
    54
    75
    99
   104
    92
    75
    51
    31
    20
    30
    91
   104
   108
   106
    92
    74
    66
    67
    66
    73
    84
    97
    98
    97
   100
    99
    98
    96
   100
    98
    85
    76
    60
    51
    49
    47
    43
    49
    22
    24
    26
    25
    26
    35
    57
    65
    78
    91
    92
   105
   108
   117
   121
   119
   122
   127
   125
   125
   131
   128
   129
   119
   119
   127
   129
   130
   136
   138
   145
   144
   148
   148
   144
   134
   132
   130
   128
   134
   138
   140
   143
   141
    97
    65
    85
    88
    68
   124
   128
   117
   112
   111
   112
   111
   110
   115
   113
   118
   120
   120
   109
   101
    91
    78
    62
    57
    69
    77
    75
    64
    58
    55
    56
    75
    99
   107
   101
    86
    52
    40
    24
    33
    86
   107
   116
   107
    86
    62
    58
    72
    78
    77
    79
    80
    96
   105
   107
    97
    92
    97
    95
    90
    76
    69
    56
    51
    57
    54
    53
    50
    22
    22
    27
    26
    25
    35
    39
    50
    75
    91
    95
   104
   107
   115
   113
   114
   118
   125
   125
   132
   126
   126
   129
   123
   120
   129
   126
   128
   126
   133
   133
   136
   143
   147
   135
   129
   121
   116
   118
   123
   131
   135
   140
   138
   107
    81
    63
    88
    78
    99
   105
   112
   111
   115
   120
   116
   112
   110
   111
   125
   122
   108
   109
   101
    96
    79
    71
    86
    57
    47
    63
    81
    80
    75
    84
    96
   108
   112
   106
    93
    65
    41
    37
    35
    76
    94
   104
   106
    84
    63
    78
    93
    88
    87
    86
    83
    89
   100
   103
   104
   103
   105
    97
    93
    76
    71
    66
    67
    66
    49
    64
    66
    25
    25
    23
    29
    26
    32
    38
    49
    74
    84
    92
   100
   106
   108
   113
   116
   122
   128
   131
   127
   124
   123
   127
   130
   125
   123
   127
   124
   124
   130
   126
   131
   143
   142
   131
   125
   120
   121
   110
   117
   125
   135
   138
   134
   112
    98
    77
    82
    57
    56
    71
    80
    76
    85
    96
   107
   120
   123
   130
   136
   139
   141
   146
   128
   115
    97
   100
    83
    24
    43
    67
    76
    88
    98
   104
   112
   108
   110
   103
   101
    90
    53
    38
    29
    75
   104
   109
    85
    64
    61
    82
    89
    97
    98
    92
    84
    90
    92
    92
    97
    97
    90
    93
    85
    84
    75
    67
    67
    58
    59
    47
    45
    23
    21
    24
    25
    29
    33
    36
    42
    64
    86
    93
    95
    97
   105
   109
   111
   111
   120
   130
   129
   132
   131
   132
   124
   120
   125
   130
   126
   125
   131
   139
   136
   144
   138
   134
   130
   123
   113
   111
   106
   118
   126
   135
   123
    93
   118
   108
   100
   181
   163
    91
    62
    60
    47
    39
    52
    71
    84
    83
    82
    93
   109
   124
   149
   121
    99
    76
    25
    28
    37
    68
    94
    98
   116
   115
   115
   121
   114
   111
   100
    86
    63
    38
    33
    39
    99
   101
    93
    65
    72
    96
   106
   102
   101
   104
   103
   105
   104
   103
   105
   105
    98
    92
    89
    85
    80
    72
    70
    59
    40
    42
    50
    22
    24
    22
    24
    27
    36
    39
    38
    62
    87
    89
   102
   108
   107
   115
   120
   122
   118
   118
   117
   125
   125
   128
   132
   132
   133
   131
   128
   127
   126
   129
   143
   148
   146
   137
   124
   118
   110
    99
    96
   101
   106
    98
    82
    68
    63
    47
    47
    16
     6
    20
    46
    62
    85
    98
    77
    47
    60
    77
    70
    50
    79
    99
    97
   118
   102
    56
    39
    44
    31
    60
   115
   134
   131
   134
   133
   119
   113
   100
   100
    92
    88
    61
    39
    22
    96
   102
    83
    81
    76
    87
   100
   103
   109
   108
   108
   107
   103
   106
   100
    93
    96
    90
    87
    82
    75
    81
    67
    59
    61
    54
    53
    21
    22
    24
    24
    28
    24
    29
    37
    52
    70
    88
   101
   106
   112
   112
   116
   121
   114
   125
   127
   132
   132
   125
   124
   125
   131
   124
   123
   121
   119
   129
   138
   140
   136
   131
   124
   117
   110
    95
    87
    81
    85
    90
    75
    55
    61
    85
    94
   101
    99
   100
    94
    77
    65
    45
    54
    90
    87
    58
    69
    71
    49
    60
   104
    99
    86
    64
    59
    42
    20
    56
   113
   119
   131
   133
   127
   124
   130
   119
   101
    99
    97
    74
    45
    25
    60
   114
   111
    96
    87
    92
   109
   106
   104
   112
   110
   110
   116
   112
   100
    96
    91
    83
    87
    82
    79
    77
    63
    48
    40
    48
    59
    23
    22
    24
    24
    26
    34
    29
    37
    44
    67
    91
    98
   102
    98
   113
   117
   120
   125
   127
   130
   125
   132
   127
   127
   120
   124
   131
   129
   129
   126
   123
   132
   137
   132
   127
   125
   118
   106
    98
    87
    76
    77
    79
    75
    88
    90
    76
    83
    95
    90
    89
   112
   123
   130
   139
   120
    79
    44
    72
    81
    72
    63
    43
    41
    73
    83
    71
    60
    46
    71
   105
   120
   130
   134
   133
   131
   134
   134
   124
   104
    89
    91
    83
    63
    42
    25
   101
   118
   109
   112
   113
   107
   109
   108
   113
   112
   110
    98
    98
   101
   100
    97
    90
    85
    77
    80
    76
    70
    63
    62
    66
    57
    23
    22
    22
    23
    22
    27
    34
    27
    38
    62
    84
    98
    97
   108
   117
   116
   121
   120
   122
   126
   122
   121
   127
   126
   127
   130
   130
   130
   131
   129
   127
   135
   130
   128
   130
   125
   119
   110
    96
    89
    78
    74
    83
    88
   112
    87
    80
   113
   131
   117
    94
   100
   119
   120
   122
   122
   134
   137
    92
    56
    78
    84
    86
    58
    35
    25
    46
    86
   116
   110
   106
   109
   124
   130
   129
   125
   129
   129
   113
   101
    93
    84
    84
    85
    64
    42
    19
    76
    90
   101
   110
   121
   118
   120
   120
   121
   114
   106
   101
    95
    92
    86
    77
    80
    87
    88
    73
    56
    55
    62
    66
    67
    22
    26
    25
    25
    25
    23
    25
    34
    40
    52
    85
   101
   105
   109
   113
   112
   113
   120
   126
   125
   124
   130
   124
   126
   128
   125
   120
   131
   134
   139
   138
   136
   133
   133
   128
   130
   120
   112
    91
    73
    70
    83
   133
   114
   120
    96
    90
   113
   117
   109
    79
    87
    98
   117
   128
   122
   115
   119
   116
   125
    71
    32
    80
    93
    74
    53
    40
    55
    83
    99
    99
   104
    94
   114
   125
   121
   119
   132
   134
   121
   103
    85
    80
    71
    68
    59
    43
    39
    42
    47
    61
    67
    88
   109
   111
   111
   115
   107
    98
    91
    89
    91
    80
    83
    90
    62
    50
    51
    58
    53
    46
    48
    23
    23
    24
    25
    25
    23
    24
    28
    34
    60
    71
    92
    98
   103
   109
   115
   108
   119
   125
   119
   119
   120
   131
   130
   127
   127
   131
   125
   124
   135
   131
   133
   136
   134
   134
   126
   124
   110
    87
    70
    66
    93
    94
   112
   121
    95
    88
    97
    99
    92
    74
    87
    94
    99
   122
   130
   113
   114
   124
   123
   125
    92
    39
    87
    83
    63
    48
    46
    73
    87
    94
   102
   109
   108
   119
   123
   118
   114
   112
   122
   114
   102
    88
    84
    76
    76
    69
    55
    53
    70
    80
    84
    75
    85
    99
   110
   117
   114
   101
    93
    83
    81
    82
    77
    33
    30
    36
    47
    45
    61
    70
    71
    22
    21
    22
    23
    25
    22
    24
    30
    29
    30
    51
    75
    96
    98
   107
   111
   118
   119
   122
   129
   126
   122
   125
   132
   132
   130
   129
   114
   113
   127
   130
   129
   130
   133
   132
   129
   127
   112
    90
    74
    70
    87
    80
   113
   117
    93
    92
    91
   110
   103
    83
    89
    99
   100
    97
   119
   130
   128
   121
   106
   114
   121
    87
    51
    91
    66
    52
    50
    66
    83
    91
    93
   100
   109
   117
   125
   123
   123
   112
   102
   109
   112
   105
   100
    92
    86
    79
    71
    71
    81
    86
    80
    84
    75
    80
    94
   104
    96
    97
    88
    80
    73
    71
    50
    30
    32
    36
    45
    66
    61
    54
    73
    23
    24
    23
    23
    22
    27
    27
    27
    30
    28
    29
    64
    86
   102
   104
   110
   116
   117
   117
   122
   120
   120
   131
   130
   129
   126
   131
   124
   126
   127
   129
   132
   131
   132
   132
   131
   127
   109
    88
    69
    59
    72
    83
   117
   113
    91
    90
    83
   104
   107
   104
   101
   107
   103
    90
   100
   121
   117
   114
   115
   110
   115
   117
    71
    70
    74
    57
    46
    48
    77
    87
    89
    92
    86
   101
   114
   118
   116
   112
   113
   107
   101
   102
    93
    94
    98
    93
    84
    84
    95
    93
    87
    79
    77
    79
    81
    97
   109
    96
    83
    71
    61
    54
    49
    39
    41
    48
    63
    73
    74
    70
    72
    21
    22
    20
    24
    25
    22
    23
    24
    23
    29
    32
    44
    64
    83
    96
   106
    99
   102
   107
   110
   125
   127
   124
   116
   118
   121
   123
   127
   120
   125
   132
   134
   132
   133
   138
   141
   125
    98
    83
    55
    54
    74
    84
   122
   113
   101
   102
    67
    86
   101
   109
    97
    99
   106
    96
    79
   111
   114
   113
   118
   117
   117
   110
   117
    59
    84
    72
    57
    52
    70
    92
    91
    86
    85
    81
   100
   112
   116
   117
   113
   110
   106
   105
   103
   103
   108
   100
    93
    93
    99
    92
    91
    86
    83
    82
    79
    78
    82
    91
    93
    83
    69
    58
    56
    45
    51
    59
    64
    72
    68
    69
    80
    22
    21
    23
    23
    23
    21
    24
    25
    26
    25
    26
    27
    58
    83
    89
   100
   109
   109
   115
   126
   123
   127
   126
   120
   121
   122
   124
   123
   126
   130
   130
   131
   128
   125
   125
   122
   111
    98
    75
    56
    56
    72
    84
   132
   124
   121
   111
    59
    72
    96
    90
    93
    99
   106
   104
    89
    84
   119
   117
   116
   114
   113
   117
   112
    88
    70
    83
    69
    50
    54
    84
    90
    85
    82
    84
    82
    87
    93
   102
   109
   113
   110
   113
   110
   118
   119
   118
   110
   105
   103
   103
    97
    93
    92
    85
    85
    78
    80
    90
    96
    91
    73
    66
    58
    55
    49
    68
    69
    56
    68
    83
    93
    22
    22
    23
    23
    23
    25
    23
    26
    25
    25
    27
    24
    31
    77
    88
    92
   109
   117
   119
   123
   130
   131
   130
   129
   125
   124
   121
   126
   123
   125
   129
   132
   129
   126
   120
   113
   101
    84
    69
    48
    57
    65
    82
   145
   134
   101
    84
    55
    34
    72
    76
    84
    95
   107
   111
    99
    81
   105
   116
   111
   116
   113
   113
   115
   113
    63
    88
    84
    66
    56
    75
    90
    93
    87
    83
    84
    81
    79
    80
    75
    69
    85
   102
   110
   117
   120
   123
   116
   108
   106
   101
   104
    99
    91
    94
    88
    84
    87
    77
    80
    89
    92
    71
    68
    61
    61
    73
    68
    70
    82
    90
   122
    19
    24
    22
    22
    25
    26
    25
    23
    26
    24
    23
    27
    26
    54
    83
    88
    97
   103
   116
   119
   117
   120
   125
   121
   123
   127
   124
   125
   122
   126
   129
   128
   129
   134
   133
   115
    85
    75
    62
    52
    54
    68
    99
   203
   140
   135
   220
   209
    72
    52
    62
    77
    95
   113
   114
   106
    87
    93
   117
   116
   113
   109
   114
   119
   116
    81
    80
    86
    86
    73
    79
    89
   101
   102
    95
    87
    80
    83
    75
    83
    91
    88
    93
   109
   117
   114
   117
   111
   108
   105
   109
    99
    89
    88
    95
    92
    91
    89
    83
    82
    86
    81
    82
    75
    80
    77
    82
    72
    85
    85
   126
   138
    23
    20
    24
    23
    20
    22
    24
    25
    24
    25
    25
    27
    25
    28
    62
    82
    96
   105
   105
   117
   117
   118
   115
   120
   125
   131
   116
   119
   124
   123
   131
   131
   131
   129
   122
   119
   102
    85
    71
    62
    61
    70
    91
   172
   135
   148
   227
   216
    79
    43
    55
    68
    89
   104
   111
   105
   100
    90
   114
   114
   117
   115
   114
   117
   118
   105
    77
   109
    91
    83
    75
    89
    99
    98
    97
    96
    96
    83
    79
    80
    88
    96
    97
    95
   102
   112
   113
    97
   107
   111
    98
   103
   105
   102
   100
    95
    96
    99
   101
    96
    92
    90
    90
    86
    82
    91
    94
    93
    93
   132
   146
   142
    21
    20
    21
    20
    24
    25
    22
    24
    25
    22
    27
    29
    31
    29
    46
    79
    94
   104
   110
   116
   122
   118
   124
   124
   122
   124
   119
   107
   118
   121
   127
   129
   122
   121
   125
   121
   104
    79
    72
    64
    61
    71
    82
   113
   120
   105
   118
    64
    35
    54
    60
    62
    83
   100
   110
   116
   103
    90
   107
   114
   118
   118
   115
   125
   121
   117
    74
   109
   110
   102
    92
    87
    96
   102
   105
    96
   102
   105
    95
    92
    94
    97
   107
   107
    99
   104
   107
   113
   105
   102
    98
    94
    98
    95
    91
    92
    95
    94
    97
    97
   100
    94
    91
   100
   104
    99
    94
   103
   146
   155
   150
   154
    24
    22
    23
    24
    24
    22
    24
    23
    25
    28
    25
    25
    23
    27
    25
    48
    93
   100
   108
   117
   116
   112
   117
   126
   119
   118
   117
   124
   130
   127
   129
   125
   129
   128
   118
   110
    92
    82
    78
    70
    75
    70
    83
    86
   107
   110
   121
   101
    49
    46
    49
    68
    91
   101
   107
   112
   107
   103
   107
   112
   114
   122
   118
   123
   123
   120
    80
   113
   117
   117
   101
   100
    98
   102
   107
   108
    97
    97
   101
    97
   103
   100
   107
   112
   114
   107
   115
   104
    96
    97
    93
    95
    97
    95
    99
    94
    92
    97
    97
    96
    98
   102
   105
   104
    99
    85
   125
   163
   163
   161
   163
   163
    21
    21
    24
    23
    23
    25
    22
    26
    23
    22
    25
    29
    29
    28
    34
    33
    55
    89
    88
   102
   109
   118
   119
   120
   121
   115
   119
   114
   122
   120
   119
   123
   126
   123
   117
   110
    88
    79
    76
    77
    66
    69
    76
    85
    85
   119
    98
   125
    90
    52
    85
    74
    89
   105
   111
   107
   117
    99
   110
   117
   113
   112
   124
   124
   127
   126
    96
   117
   116
   110
   107
   102
   101
    98
   102
   107
   109
    99
    99
   109
    92
   101
   109
   102
   105
   107
   103
   104
   102
    99
    90
   100
    97
    96
    95
    94
    97
   101
   100
   100
   101
    95
    86
    75
    99
   152
   171
   168
   165
   164
   165
   168
    20
    22
    20
    22
    23
    22
    24
    23
    28
    24
    26
    28
    30
    31
    29
    34
    36
    65
    81
    72
    89
    96
   115
   123
   118
   116
   121
   120
   115
   128
   123
   128
   128
   122
   124
   105
    90
    82
    77
    58
    68
    66
    78
    76
    98
    88
   120
    90
    96
    74
    76
    84
    92
   103
   107
   116
   107
   108
   110
   110
   115
   113
   115
   115
   121
   129
   101
   116
   126
   114
   111
    99
    96
   103
    96
    95
    99
   107
   109
   108
   109
   103
   104
   110
   108
   105
   104
    98
   101
    97
   100
   100
    96
   100
    98
   106
   105
   103
    99
    95
    95
    89
   101
   157
   177
   171
   167
   162
   164
   165
   167
   168
    22
    19
    21
    22
    22
    22
    25
    26
    25
    27
    26
    27
    28
    33
    39
    32
    40
    37
    59
    89
    93
   108
   108
   109
   116
   115
   110
   118
   122
   120
   121
   114
   124
   122
   119
   117
    91
    90
    92
    77
    71
    66
    83
    68
    63
   107
   109
   105
    94
    87
    78
    85
    87
   100
   105
   110
   113
   110
   106
   109
   115
   111
   107
   115
   115
   115
    99
   108
   116
   114
   104
   108
   102
   100
   102
   104
   102
   105
   107
   108
   105
   107
   105
    98
   101
   101
   100
    96
    96
    96
    90
    99
   106
   103
   100
    94
    93
    92
    94
    93
   100
   137
   170
   167
   163
   156
   155
   160
   163
   165
   165
   163
    24
    25
    26
    24
    22
    23
    24
    27
    24
    25
    22
    22
    27
    25
    34
    34
    31
    40
    53
    72
    91
    86
   101
   113
   117
   116
   121
   126
   132
   121
   128
   122
   124
   123
   123
   125
   101
    87
    90
    88
    88
    68
    79
    84
    77
    72
    94
   120
   119
   108
    89
    71
    75
    94
   114
   114
   100
   104
   110
   120
   119
   118
   112
   105
   105
   108
    99
   103
    99
   102
   101
   102
   104
   105
   104
   106
   105
    98
   100
    95
   106
   109
    99
    94
    94
   100
    96
    96
    94
    97
   102
    97
    93
    93
    99
    97
    94
    99
   109
   118
   148
   166
   164
   160
   155
   157
   160
   160
   163
   162
   162
   166
    19
    20
    19
    20
    23
    25
    25
    21
    22
    22
    26
    24
    26
    27
    25
    40
    37
    46
    52
    44
    65
    89
    89
   103
   115
   108
   104
   111
   130
   132
   131
   131
   126
   128
   119
   125
   115
   100
    91
    95
    84
    69
    79
   100
    99
    84
    73
    80
   106
   115
    99
    77
    82
    95
   106
   109
   100
   110
   113
   115
   117
   116
   114
   106
   103
   108
    92
    97
   103
    98
    97
    92
    92
    98
   110
   109
   111
   110
   103
   107
    98
    99
   104
    95
    99
    93
    96
    99
   104
   105
   102
    97
    98
    98
   102
   104
   107
   119
   127
   118
   110
   112
   126
   137
   140
   150
   177
   186
   177
   173
   165
   164
    23
    21
    23
    21
    24
    19
    22
    23
    24
    23
    23
    24
    23
    25
    27
    28
    35
    34
    31
    45
    44
    65
    92
    95
   100
   116
   113
   116
   114
   108
   118
   129
   134
   129
   123
   123
   120
   106
   101
   100
    96
    78
    74
   100
   101
   100
   110
   108
   106
   105
   103
    96
    95
   101
   114
   113
   107
   104
   115
   118
   120
   119
   115
   108
   105
   112
    92
    97
    94
    89
    93
    96
    99
   106
   108
   112
   108
   105
    95
    95
    96
    92
    91
    93
    86
    95
    95
    98
    96
    86
    94
    99
   105
   107
    88
    89
   105
   116
   122
   124
   123
   124
   118
   112
   115
    95
    61
    85
   116
   135
   164
   171
    20
    22
    21
    22
    22
    23
    23
    24
    23
    26
    25
    25
    26
    26
    26
    27
    38
    39
    35
    34
    48
    43
    69
    89
   101
   106
   108
   109
   108
   118
   121
   120
   126
   129
   124
   115
   114
   115
   106
   101
    91
    80
    74
    94
    97
   103
   107
   112
   117
   122
   111
    93
    88
   114
   132
   121
   121
   115
   118
   122
   121
   124
   117
   115
   106
   113
    89
   101
    99
    95
    98
    94
   100
   101
   108
   107
   109
    96
    92
    93
    95
    98
   101
    99
    98
    99
    98
    90
    96
   108
   113
   107
    70
    36
    14
    69
    97
   110
   118
   122
   129
   133
   131
   123
   119
   127
   126
    91
    60
    60
   103
   156
    20
    18
    20
    20
    23
    22
    23
    21
    23
    22
    24
    23
    25
    25
    24
    27
    29
    42
    33
    40
    41
    47
    34
    57
    77
    83
    94
    98
   112
   119
   113
   119
   116
   121
   124
   122
   122
   115
   104
   115
   111
    95
    67
    80
    57
    63
    77
    88
   108
   114
   113
   103
    88
    93
   117
   123
   122
   120
   122
   124
   126
   117
   108
   104
   103
   109
    91
   105
   104
   104
   100
   103
   107
   106
   105
    98
    96
    98
    98
    94
    97
    94
    90
    90
    87
    91
    99
   109
   105
    82
    47
    13
    13
    22
    25
    72
    94
   105
   112
   118
   122
   123
   122
   112
   112
   116
   120
   117
   103
    99
    92
    98
    22
    24
    24
    24
    21
    21
    21
    25
    24
    24
    23
    25
    22
    25
    26
    23
    25
    35
    36
    40
    48
    42
    43
    37
    55
    83
    96
    92
    97
   104
   106
   106
   120
   121
   125
   127
   119
   119
   109
   101
   108
   103
    73
    87
   107
   119
   121
   115
   111
    97
   102
   113
   126
   115
   106
   122
   126
   126
   128
   127
   118
   109
   109
   110
   107
   103
    97
   101
   102
   101
   101
   101
   104
   103
   100
   104
    98
    92
    91
    95
    89
    87
    83
    89
   103
   105
    85
    49
    19
    11
    17
    24
    26
    27
    24
    71
    93
   105
   110
   117
   124
   122
   111
   111
   111
   109
   113
   121
   116
   116
   120
   126
    21
    19
    21
    20
    23
    21
    21
    23
    24
    24
    24
    22
    25
    26
    27
    26
    27
    29
    42
    42
    51
    48
    46
    54
    46
    48
    73
   101
   108
   104
   109
   113
   113
   115
   108
    95
   110
   118
   121
   113
   113
   110
    82
    75
    42
    34
    35
    44
    37
    36
    38
    31
    53
    62
    53
   100
   119
   103
    86
    74
    84
    99
    85
    68
    99
    92
   102
   105
   101
   103
   100
   106
   110
   108
    99
    86
    84
    76
    88
    92
    90
    83
    96
    89
    65
    30
    14
    17
    21
    27
    28
    26
    26
    25
    25
    74
    97
   106
   109
   117
   120
   117
   110
   112
   115
   116
   113
   127
   128
   119
   124
   138
    20
    21
    22
    21
    21
    25
    24
    24
    22
    24
    24
    24
    25
    24
    25
    25
    25
    25
    34
    40
    46
    58
    61
    47
    40
    40
    37
    52
    87
   104
   101
   102
   107
   110
   113
   110
   107
   112
   117
   117
   108
   115
    94
    70
    75
    46
    40
    24
    28
    32
    39
    64
    57
    51
    39
    87
    94
    91
    99
   102
    81
    43
    40
    62
   122
   107
   107
   101
    98
    98
   105
   104
   101
   101
   107
   107
   100
   101
    94
    94
    92
    78
    64
    55
    31
    21
    25
    26
    26
    28
    25
    27
    27
    26
    27
    70
   100
   107
   113
   121
   117
   111
   113
   117
   111
   111
   112
   129
   139
   135
   132
   135
    20
    22
    21
    23
    23
    22
    22
    22
    27
    23
    24
    24
    23
    24
    23
    25
    25
    24
    26
    41
    45
    51
    52
    49
    44
    39
    38
    34
    36
    64
    98
   108
   110
   110
   109
   116
   125
   121
   111
   109
   104
   107
   109
    70
    84
    68
    62
    59
    34
    25
    60
    62
    47
    28
    24
    46
    34
    30
    27
    22
    31
    43
    72
   162
   103
    96
    93
    99
   105
   105
   103
   107
   104
   106
   113
   102
    94
    96
    98
    87
    68
    57
    63
    69
    67
    28
    23
    26
    26
    23
    28
    28
    26
    26
    26
    63
   106
   111
   114
   115
   110
   107
   110
   121
   126
   116
   122
   131
   142
   150
   152
   148
    20
    21
    21
    21
    19
    20
    23
    24
    23
    24
    23
    24
    24
    26
    27
    23
    25
    24
    25
    29
    46
    45
    57
    55
    45
    43
    45
    40
    36
    33
    42
    69
    92
   110
   115
   115
   108
   110
   114
   110
   111
   118
   120
    85
    78
    92
   104
   101
   124
    91
    88
    74
    71
    54
    48
    98
    57
    50
    49
    43
    38
    92
   165
   108
    81
    96
   100
   110
   115
   115
   111
   112
   113
    88
    54
    60
   102
   116
   112
   112
   116
   107
    94
    95
    87
    32
    27
    25
    25
    26
    24
    24
    24
    24
    26
    60
   108
   116
   118
   111
   110
   106
   108
   111
   120
   122
   125
   130
   144
   155
   163
   163
    21
    18
    20
    21
    22
    22
    23
    23
    22
    20
    22
    22
    25
    23
    26
    27
    26
    26
    26
    26
    35
    53
    49
    56
    55
    46
    43
    43
    44
    38
    46
    49
    51
    67
    83
   104
   114
   114
   116
   119
   117
   112
   114
    99
    65
    88
    93
   136
   228
   212
   220
   160
   117
   145
   192
   185
    73
    38
    48
    91
   144
   135
    77
    75
   107
   115
   102
    80
    66
    77
    89
    87
    61
    41
    52
    72
   106
   121
   120
   112
   106
   107
   109
   112
    59
    23
    26
    25
    25
    22
    25
    23
    24
    25
    23
    57
   117
   124
   124
   123
   117
   117
   116
   115
   116
   127
   141
   160
   165
   168
   164
   165
    20
    22
    23
    21
    23
    24
    23
    22
    21
    24
    24
    24
    24
    22
    23
    23
    26
    25
    26
    30
    28
    43
    57
    58
    62
    54
    50
    43
    41
    48
    47
    48
    54
    51
    46
    47
    62
    66
    71
    78
    88
    89
    85
    88
    73
    61
    90
    84
   112
   155
   199
   155
   204
   214
   196
   167
   125
   138
   143
   122
    80
    63
    89
    92
    91
    90
    77
    60
    54
    44
    41
    48
    60
    72
    99
   114
    99
    61
    50
    92
   108
   111
   119
    69
    20
    26
    23
    26
    25
    26
    26
    24
    25
    26
    27
    51
   118
   128
   130
   130
   127
   126
   135
   139
   142
   137
   151
   170
   176
   177
   181
   179
    19
    20
    19
    22
    20
    20
    22
    22
    23
    24
    23
    22
    22
    25
    23
    24
    23
    24
    26
    27
    32
    31
    55
    63
    60
    62
    59
    57
    50
    52
    52
    58
    55
    50
    48
    50
    52
    60
    55
    68
    79
    81
    92
    94
    88
    63
    47
    92
   130
   149
   157
   168
   166
   158
   143
   119
   105
    68
    44
    59
    86
   106
   101
    95
    93
    89
    84
    81
    72
    76
    81
    91
   108
   118
   111
    80
    46
    51
    75
    98
   122
   111
    40
    14
    24
    24
    26
    23
    25
    22
    24
    27
    23
    23
    27
    48
   123
   132
   135
   139
   139
   143
   146
   156
   157
   146
   155
   159
   171
   178
   179
   185
    20
    20
    19
    18
    21
    21
    22
    23
    24
    22
    22
    23
    25
    25
    25
    24
    24
    25
    25
    28
    24
    31
    37
    59
    59
    59
    68
    57
    59
    55
    55
    59
    62
    56
    55
    61
    58
    53
    62
    68
    69
    85
   105
   113
   130
   101
    56
     8
    15
    22
    33
    38
    26
    35
    56
    59
    54
    72
   105
   116
   112
   113
   122
   125
   134
   149
   143
   134
   139
   138
   132
   124
   108
    84
    59
    59
    85
   110
   130
   120
    76
    19
    20
    23
    26
    24
    26
    23
    22
    28
    26
    24
    26
    26
    24
    44
   130
   136
   139
   144
   149
   154
   154
   154
   160
   154
   159
   168
   170
   181
   184
   183
    20
    20
    23
    20
    20
    19
    22
    20
    20
    21
    22
    22
    22
    23
    22
    24
    24
    27
    27
    24
    28
    26
    29
    49
    63
    47
    55
    70
    65
    58
    59
    62
    65
    76
    77
    65
    65
    76
    82
    85
   106
   114
   101
    90
    84
    87
    65
   127
   157
   135
   117
   119
   106
   106
    90
    72
    81
   123
   126
   113
   113
   114
   111
   106
    91
    79
    77
    70
    71
    69
    60
    64
    71
    90
   115
   128
   120
    83
    40
    11
    14
    21
    27
    24
    21
    25
    23
    26
    22
    21
    24
    24
    23
    26
    25
    34
   131
   146
   148
   148
   152
   154
   164
   167
   173
   162
   156
   170
   174
   176
   182
   187
    18
    18
    18
    24
    17
    21
    21
    24
    22
    23
    24
    20
    23
    25
    23
    24
    24
    22
    24
    24
    26
    26
    26
    29
    52
    55
    43
    53
    65
    75
    71
    61
    71
    82
    77
    98
   114
   123
   129
   147
   136
   101
   104
   103
    86
    90
    77
   144
   195
   182
   128
    69
    44
    56
    45
    29
    90
   125
   102
    81
    86
    78
    62
    42
    44
    54
    50
    56
    58
    73
   102
   122
   118
    96
    66
    40
    10
    12
    16
    23
    24
    23
    23
    24
    24
    25
    26
    25
    27
    26
    23
    25
    23
    24
    26
    31
   114
   142
   148
   153
   155
   156
   161
   167
   176
   177
   168
   168
   178
   177
   182
   185
    19
    21
    18
    17
    23
    22
    22
    19
    23
    21
    22
    24
    24
    22
    24
    25
    25
    25
    26
    26
    25
    27
    29
    24
    32
    53
    48
    45
    37
    50
    78
   124
   123
    89
    93
   103
   132
   151
   167
   154
   158
   180
   167
   129
   104
    84
    69
    47
    51
    43
    33
    22
    32
    21
    33
    43
    89
   110
    92
    64
    40
    39
    50
    72
    83
    95
   109
   133
   137
   105
    56
    25
     9
     6
    12
    20
    25
    24
    23
    25
    23
    27
    26
    26
    27
    23
    27
    26
    27
    26
    25
    26
    24
    24
    22
    25
    96
   123
   118
   128
   139
   150
   160
   162
   153
   154
   166
   166
   179
   182
   184
   187
    19
    20
    22
    19
    17
    22
    21
    23
    18
    21
    22
    21
    21
    23
    25
    22
    21
    27
    27
    27
    26
    25
    25
    28
    24
    34
    48
    49
    66
    76
    87
    60
    77
   139
   152
   127
    64
    56
    46
    63
    52
    51
    48
    44
    19
    14
    22
    26
    27
    24
    29
    33
    30
    28
    30
    40
    32
    95
   122
   124
   113
   115
   124
   130
   146
   135
   110
    60
    21
     6
    15
    25
    22
    26
    24
    26
    25
    26
    29
    25
    26
    25
    25
    22
    20
    26
    23
    24
    24
    23
    27
    24
    28
    26
    25
    29
    82
   112
   101
    99
   106
   116
   135
   152
   160
   158
   165
   156
   175
   183
   186
   186
