    58
    57
    60
    56
    58
    56
    56
    58
    56
    58
    58
    60
    60
    61
    57
    56
    68
    67
    56
    52
    44
    37
    39
    26
    42
    44
    39
    35
    29
    37
    37
    38
    38
    38
    31
    35
    38
    38
    32
    25
    29
    35
    32
    34
    45
    46
    58
    73
    73
    77
    74
    79
    79
    84
    80
    60
    41
    24
    12
    27
    30
    30
    32
    48
    47
    52
    57
    80
   107
   103
   113
   109
    60
    51
    50
    46
    49
    48
    38
    47
    46
    52
    59
    53
    52
    51
    43
    45
    47
    50
    48
    47
    47
    50
    51
    46
    52
    49
    48
    46
    47
    44
    47
   111
   131
   155
   201
   147
   156
   142
   148
   138
    57
    59
    58
    53
    58
    52
    56
    61
    55
    60
    56
    60
    63
    57
    63
    61
    54
    43
    43
    33
    31
    32
    35
    43
    34
    35
    43
    37
    45
    46
    40
    27
    33
    33
    32
    29
    36
    36
    32
    40
    38
    38
    39
    36
    33
    37
    44
    43
    55
    64
    76
    79
    80
    82
    80
    85
   107
   117
   117
   106
    87
    87
    79
    80
    95
   106
    93
   103
   100
   106
   108
   112
   105
    55
    47
    52
    50
    50
    57
    53
    53
    51
    50
    54
    54
    50
    49
    46
    45
    45
    47
    42
    47
    41
    44
    48
    39
    48
    47
    46
    46
    44
    41
   130
   142
   155
   206
   150
   120
    83
    76
    99
    61
    62
    60
    60
    56
    58
    59
    59
    64
    58
    59
    60
    56
    60
    58
    52
    37
    37
    31
    38
    38
    37
    37
    40
    35
    37
    34
    33
    27
    17
    33
    37
    30
    24
    30
    30
    21
    18
    22
    30
    30
    21
    31
    44
    43
    37
    32
    31
    43
    41
    29
    23
     7
     4
    16
    31
    44
    55
    81
    95
   111
   112
   122
   118
    75
    56
    89
   100
   101
   102
   110
   123
   106
    78
    37
    35
    37
    41
    39
    44
    49
    50
    48
    43
    49
    44
    50
    49
    51
    50
    45
    46
    43
    46
    45
    40
    47
    45
    42
    45
    39
    50
    42
   151
   176
   155
   203
   127
   179
   219
   228
   226
    58
    52
    52
    57
    60
    60
    62
    58
    55
    60
    62
    62
    64
    51
    35
    33
    36
    31
    36
    32
    36
    37
    37
    31
    29
    38
    39
    49
    52
    56
    53
    46
    47
    61
    59
    58
    57
    60
    49
    39
    36
    36
    23
    30
    25
    27
    29
    27
    34
    38
    30
    37
    60
    87
   104
   116
   122
   122
   111
    94
    67
    60
    59
    77
   103
    93
    87
    83
    84
    82
    82
    92
    89
    80
    79
    73
    68
    60
    54
    45
    38
    35
    36
    45
    43
    50
    42
    45
    49
    45
    46
    46
    48
    46
    41
    42
    41
    49
    46
    48
    46
    48
    51
   159
   169
   141
   210
   141
   168
   208
   215
   214
    53
    59
    62
    63
    63
    56
    59
    61
    61
    63
    68
    58
    50
    32
    40
    42
    31
    34
    30
    34
    36
    40
    45
    49
    54
    59
    62
    69
    69
    75
    70
    79
    78
    81
    89
    93
    89
    87
    84
    87
    84
    83
    86
    89
    87
    84
    83
    88
    85
    87
    88
    91
    92
    89
    84
    81
    83
    74
    83
    85
    89
    89
    87
    86
    82
    87
    88
    90
    90
    91
    92
    83
    87
    95
    96
    99
   102
   106
   104
    97
    99
    79
    66
    43
    35
    30
    42
    49
    41
    44
    45
    46
    46
    47
    52
    47
    50
    45
    45
    40
    44
    48
    51
   154
   136
    86
   185
   167
   131
   192
   195
   211
    59
    58
    57
    56
    56
    60
    58
    60
    58
    54
    42
    40
    32
    35
    33
    32
    44
    41
    32
    34
    41
    43
    49
    60
    73
    78
    82
    75
    88
    94
    92
    92
   104
    99
    94
    95
   102
    96
    90
    89
    99
    99
   101
   101
    99
    99
    96
    94
    96
    95
    96
    93
    92
    96
    99
    98
    98
   106
   101
   103
   102
   100
   101
   102
    99
    99
   100
    98
    98
    98
    99
   103
    98
    94
    94
    94
    92
    93
   103
   102
    99
   104
   101
    99
    93
    72
    49
    35
    43
    44
    48
    47
    49
    49
    44
    50
    47
    46
    46
    48
    45
    40
    57
   143
   110
    75
   135
   158
    82
   145
   197
   208
    55
    58
    59
    53
    59
    57
    58
    62
    56
    44
    39
    37
    38
    39
    38
    40
    33
    34
    51
    61
    66
    68
    68
    73
    83
    87
    90
    99
    96
    94
   100
   102
   103
    98
    96
    96
    93
    96
   104
   105
   100
    96
    92
    95
   103
   103
   110
   114
   113
   112
   112
   112
   110
   107
   107
   108
   107
   104
   108
   109
   111
   110
   114
   113
   114
   111
   112
   112
   103
   107
   108
   105
   110
   110
   110
   107
   102
   107
   102
    99
   105
   107
   106
   104
    98
    99
    95
    86
    67
    47
    40
    46
    52
    46
    48
    45
    45
    51
    50
    50
    46
    46
    51
   111
   121
    86
   159
   147
   108
   103
   174
   178
    58
    58
    63
    60
    57
    60
    58
    53
    46
    39
    35
    33
    30
    27
    30
    29
    40
    58
    65
    74
    82
    84
    85
    86
    91
    98
   103
    99
   109
   114
   114
   107
   111
   111
   108
   108
   108
   108
   109
    95
    86
    80
    93
   104
   101
   103
   113
   114
   117
   118
   118
   119
   120
   118
   116
   115
   111
   111
   119
   119
   122
   123
   123
   121
   126
   125
   118
   117
   114
   110
   108
   108
   108
   106
   105
   106
   109
   102
   102
    94
    96
   102
   105
   101
   103
   101
    96
    98
    96
    91
    71
    51
    35
    43
    50
    47
    51
    50
    46
    45
    48
    45
    55
   119
   132
    75
   129
   168
   114
    77
    66
    64
    58
    58
    56
    56
    59
    59
    50
    37
    32
    32
    38
    27
    30
    26
    35
    52
    66
    74
    82
    87
    86
    88
    93
   101
   102
   102
   106
   108
   109
   116
   113
   113
   113
   115
   117
   114
   110
   102
    81
    72
    83
    95
    92
    98
   101
   102
   104
   113
   110
   120
   121
   121
   119
   117
   120
   119
   121
   119
   120
   123
   124
   126
   130
   125
   128
   128
   126
   123
   119
   113
   111
   110
   103
   100
    98
   103
    99
   101
   103
   104
   101
   101
    95
   102
   101
    99
   101
   100
    97
    96
    93
    88
    71
    50
    33
    45
    50
    49
    49
    46
    52
    57
    58
   150
   187
    96
    96
   118
   100
    42
    44
    65
    57
    57
    61
    59
    52
    45
    38
    35
    33
    33
    27
    32
    42
    56
    67
    81
    81
    79
    84
    90
    93
    96
    98
    98
   105
   110
   109
   116
   120
   119
   120
   112
   116
   116
   118
   116
    98
    84
    92
    91
   108
   112
   115
   107
   105
   101
   102
   103
    99
   102
   113
   111
   114
   119
   123
   124
   123
   124
   125
   129
   132
   133
   134
   131
   124
   122
   125
   124
   125
   125
   117
   101
    97
    99
   101
    99
    99
   100
    97
    97
   100
   100
    95
    94
   103
   102
   101
    98
   100
    98
    97
    98
    96
    89
    76
    45
    33
    39
    43
    36
    20
    26
    38
    83
   182
   133
   103
   124
   132
   124
   114
   124
    59
    56
    58
    56
    49
    41
    33
    35
    38
    39
    39
    41
    56
    73
    77
    78
    81
    86
    90
    92
    95
    93
   101
   107
   110
   113
   116
   116
   115
   113
   116
   120
   120
   125
   122
    98
    87
    95
   106
   110
   111
   109
   113
   116
   116
   113
   108
   110
   103
    86
    85
   109
   115
   127
   127
   128
   131
   132
   133
   133
   133
   136
   129
   128
   127
   134
   132
   136
   136
   128
   119
   110
    99
    93
    93
    93
    98
    96
    97
    95
    91
    94
    96
    99
    99
    95
    95
    96
    94
    97
    94
    91
    92
    92
    95
    94
    68
    38
    50
    74
   107
   118
   114
   103
   123
   128
   132
   130
   135
   137
   150
   145
    54
    61
    51
    40
    34
    37
    38
    40
    41
    37
    45
    58
    73
    80
    85
    85
    86
    91
    95
    95
   100
   108
   110
   112
   114
   114
   119
   115
   114
   116
   115
   117
   120
   111
    97
    86
    77
    97
   109
   117
   124
   125
   123
   120
   120
   119
   115
    89
   100
    87
   105
   117
   113
   114
   125
   128
   131
   133
   134
   141
   138
   133
   134
   135
   138
   142
   142
   137
   135
   135
   124
   115
   108
    99
    92
    95
   102
   102
   100
   101
   101
    96
    92
    95
    94
    95
    98
    95
   100
    96
    91
    93
    90
    91
    89
    94
    96
   101
   195
   234
   232
   226
   211
   155
    84
    84
   102
   113
   118
   128
    98
    68
    59
    52
    43
    35
    32
    38
    34
    30
    35
    39
    50
    64
    69
    78
    83
    89
    88
    94
    97
   100
   102
   110
   112
   108
   116
   120
   112
   120
   116
   120
   117
   120
   114
    99
    93
    89
    98
   106
   123
   122
   127
   132
   131
   134
   126
   108
    61
    86
    99
    77
    93
   110
   100
   113
   124
   127
   131
   133
   136
   135
   136
   137
   134
   138
   139
   148
   148
   147
   140
   138
   129
   122
   108
   103
    96
    93
    86
    96
    98
   100
    94
    92
    96
    96
    93
    89
    95
    96
    92
    90
    92
    92
    89
    88
    92
    89
    91
    90
    66
   151
   220
   213
   217
   223
   216
   123
    79
   116
   119
   116
   184
   168
    54
    48
    37
    34
    37
    35
    32
    33
    34
    50
    69
    83
   115
    97
    90
    92
    94
    95
   101
   107
   112
   116
   115
   115
   120
   115
   116
   119
   121
   121
   124
   121
   120
   113
    98
    92
    96
    97
   117
   125
   125
   129
   135
   133
   113
    59
    79
   108
    86
    45
    78
   109
    96
   104
   119
   128
   131
   134
   133
   130
   132
   128
   130
   136
   143
   150
   150
   148
   145
   139
   126
   123
   111
   104
   101
   100
    96
    88
    96
   102
   103
   102
    98
    98
    92
    88
    89
    94
    90
    88
    87
    88
    87
    91
    85
    88
    85
    87
    83
    57
   104
   207
   214
   210
   217
   226
   157
    79
   110
   112
   136
   214
    40
    44
    35
    32
    40
    44
    41
    38
    47
    64
    75
    76
    82
    92
    95
    99
    99
   100
   105
   115
   112
   109
   108
   107
   111
   116
   123
   117
   120
   127
   125
   122
   115
   111
    99
   105
    85
   102
   103
   115
   123
   129
   133
   132
    84
    92
   130
   109
    51
    32
    81
   111
   106
   100
   119
   132
   128
   130
   132
   133
   128
   128
   129
   134
   141
   140
   146
   138
   136
   137
   134
   127
   122
   111
   104
   101
   100
    96
    95
    93
    99
    99
   106
   105
   107
   101
    97
    90
    92
    93
    90
    89
    83
    83
    87
    86
    80
    80
    90
    92
    71
    74
   179
   222
   209
   213
   225
   194
   111
   112
   110
   192
    34
    37
    38
    32
    35
    29
    24
    37
    50
    68
    79
    89
    88
    93
    95
   102
   100
   100
   110
   111
   108
   102
   111
   114
   112
   120
   117
   116
   123
   125
   124
   126
   115
   106
    99
    94
    87
    97
   106
   113
   125
   137
   138
   117
    95
   120
   123
    71
    28
    43
    99
   121
   119
    95
   107
   122
   128
   131
   127
   125
   124
   130
   129
   134
   135
   144
   145
   144
   140
   133
   136
   129
   121
   114
   109
   105
    99
    94
    99
    95
    97
   108
   115
   112
   106
   111
   103
    93
    96
    93
    85
    82
    79
    76
    80
    80
    73
    80
    83
    81
    87
    76
    57
   123
   214
   215
   211
   219
   203
   128
    96
   144
    38
    36
    35
    31
    30
    33
    36
    44
    61
    71
    78
    85
    95
    98
   101
   101
    99
   102
   108
   110
   112
   114
   116
   116
   115
   120
   117
   120
   125
   128
   131
   124
   116
   108
    95
    86
    85
    96
   107
   111
   119
   128
   127
    88
   111
   132
    98
    27
    14
    29
   120
   135
   125
    90
   104
   122
   126
   122
   128
   124
   125
   131
   133
   140
   140
   135
   141
   135
   134
   133
   133
   129
   121
   116
   113
   107
   107
    99
   105
   112
   110
   119
   114
   113
   120
   110
   114
   111
    95
    94
    89
    85
    86
    80
    77
    73
    80
    76
    75
    83
    80
    87
    80
    65
    90
   203
   216
   210
   212
   167
   105
    87
    34
    34
    37
    27
    35
    31
    39
    50
    65
    80
    90
    95
   101
    98
    95
    97
   106
   118
   114
   115
   116
   114
   118
   116
   115
   110
   115
   119
   122
   123
   127
   127
   118
   108
   101
    89
    81
    94
   109
   112
   124
   126
   106
    90
   118
   111
    50
    31
   111
    87
    98
   123
   122
   100
    95
   117
   125
   122
   120
   122
   127
   127
   129
   127
   136
   141
   138
   131
   128
   125
   120
   115
   116
   119
   122
   118
   112
   113
   113
   116
   122
   118
   115
   119
   117
   113
   104
    97
    97
    96
    95
    89
    79
    84
    84
    78
    73
    77
    76
    77
    79
    79
    84
    84
    62
    72
   174
   224
   210
   199
   115
    95
    35
    33
    32
    37
    31
    42
    48
    56
    75
    87
    91
    95
    95
   102
   109
   109
   109
   107
   114
   112
   112
   117
   122
   120
   116
   115
   115
   121
   126
   129
   134
   132
   120
   111
    97
    86
    84
    81
   106
   117
   123
   117
    84
    92
   114
    71
    38
    93
   151
   118
    90
   104
   102
    82
    83
   114
   125
   123
   115
   114
   120
   135
   135
   136
   132
   133
   131
   127
   124
   121
   121
   114
   117
   113
   112
   111
   107
   109
   116
   121
   114
    95
    91
    89
    82
    90
    90
    92
    89
    93
    89
    82
    81
    71
    68
    75
    70
    67
    69
    70
    73
    75
    81
    81
    88
    79
    80
   171
   228
   210
   165
    96
    31
    33
    32
    34
    34
    42
    56
    75
    87
    90
    94
    92
    98
   102
   107
   112
   114
   117
   117
   118
   118
   120
   116
   115
   119
   118
   123
   118
   124
   131
   142
   134
   125
   115
    84
    82
    80
    84
    98
   113
   116
   108
    83
   110
   102
    55
    88
    84
    81
   130
    89
    98
   102
    81
    84
   113
   118
   113
   114
   120
   123
   122
   129
   138
   138
   135
   127
   123
   119
   122
   118
   115
   110
   108
   103
   100
   104
   110
   107
   101
    90
    90
    88
    78
    77
    69
    68
    70
    62
    51
    64
    71
    77
    85
    86
    82
    84
    87
    75
    73
    67
    66
    71
    77
    83
    84
    71
    78
   139
   222
   198
   115
    38
    32
    28
    34
    35
    43
    64
    80
    79
    91
    96
   106
   106
   107
   107
   110
   118
   114
   115
   116
   118
   115
   115
   120
   117
   116
   123
   125
   126
   134
   131
   136
   130
   128
    93
    63
    72
    81
    90
   115
   123
   113
    86
   112
    90
    28
     5
    20
    30
    63
    87
    94
    93
    65
    81
   112
   124
   123
   117
   121
   130
   137
   140
   133
   125
   132
   137
   130
   126
   118
   117
   110
   104
   102
   100
    98
   103
   104
    96
    79
    78
    83
    69
    70
    56
    50
    57
    61
    71
    73
    63
    70
    76
    76
    84
    83
    77
    82
    86
    74
    57
    50
    66
    80
    82
    89
    92
    73
    81
   126
   227
   139
    29
    22
    30
    30
    39
    54
    69
    81
    88
    93
    97
    95
   100
   103
   108
   111
   113
   115
   122
   121
   117
   123
   120
   120
   122
   122
   121
   126
   127
   132
   137
   131
   129
   112
    77
    65
    64
    67
    88
   107
   121
   106
    99
   124
    69
    22
    47
    27
    35
    57
    90
    90
    91
    65
    91
   113
   117
   121
   121
   123
   132
   138
   140
   142
   144
   138
   129
   129
   123
   126
   112
   115
   113
   102
    96
    98
    97
    68
    50
    86
    96
    86
    71
    52
    44
    43
    49
    58
    68
    64
    62
    62
    77
    85
    79
    79
    79
    77
    72
    75
    76
    75
    71
    69
    70
    69
    79
    90
    69
    75
   107
   185
    35
    35
    34
    39
    41
    65
    79
    87
    95
    92
    94
   101
   112
   113
   108
   112
   115
   114
   117
   114
   125
   123
   122
   119
   120
   118
   126
   131
   140
   139
   141
   137
   131
   117
    86
    66
    59
    63
    79
   110
   120
    96
    96
   119
    67
   123
    47
    27
    34
    89
   114
    85
    71
    57
    95
   111
   117
   114
   119
   123
   132
   139
   140
   142
   129
   130
   131
   128
   125
   120
   121
   119
   111
   107
    99
    88
    56
    40
    79
   111
   109
    72
    49
    45
    52
    61
    77
    97
   105
   113
   109
    97
    91
    88
    95
    80
    84
    85
    92
    93
    92
    76
    60
    58
    67
    78
    78
    82
    93
    80
    87
    91
    29
    24
    23
    34
    47
    62
    91
    92
    89
    98
    99
   104
   105
   100
   106
   114
   111
   122
   118
   127
   117
   116
   123
   124
   114
   125
   129
   132
   136
   140
   146
   146
   125
   114
    73
    62
    65
    61
    72
   103
   115
    97
    90
   106
    61
     9
    21
    42
    46
   129
   101
    81
    68
    73
   102
   118
   119
   117
   124
   131
   131
   143
   141
   128
   132
   130
   129
   116
   117
   117
   126
   124
   118
   103
    95
    75
    67
   103
   130
   118
    82
    93
    96
    91
    97
   110
   118
   117
   124
   115
   114
   112
   106
    94
    87
    95
   105
    86
    67
    55
    44
    50
    51
    48
    44
    57
    80
    79
    85
    84
    78
   100
    20
    33
    37
    45
    56
    71
    80
    91
    97
    99
   106
   112
   104
   106
   107
   103
   121
   117
   126
   125
   127
   128
   130
   127
   123
   121
   129
   136
   145
   153
   158
   154
   137
   117
    88
    64
    65
    65
    70
   100
   115
    88
    83
   105
    63
    20
    17
    15
    49
   122
   105
    78
    58
    86
   113
   123
   125
   124
   122
   129
   135
   135
   137
   132
   130
   116
   106
   115
   121
   128
   123
   124
   120
   106
    94
    96
   115
   118
   114
   111
   121
   110
    87
    77
    92
   118
   104
   107
   116
   118
   115
   118
   121
   111
   108
   103
    88
    85
    81
   101
   115
    93
    73
    61
    62
    48
    58
    80
    79
    84
    77
    81
    36
    31
    36
    50
    65
    76
    84
    92
    93
    97
   100
   100
   109
   115
   114
   124
   121
   129
   126
   131
   130
   132
   131
   128
   123
   133
   135
   135
   146
   144
   151
   151
   139
   114
    83
    63
    61
    62
    67
    92
   107
    86
    62
    87
    63
    50
    94
   120
   104
   130
    84
    85
    80
   107
   120
   125
   125
   125
   127
   128
   136
   141
   130
   115
   103
   109
   116
   119
   128
   137
   140
   128
   120
   111
   109
   109
   116
   127
   135
   130
   131
   107
    71
    25
    80
   116
   141
   135
   110
   113
   110
   117
   111
   115
    98
    95
    95
    87
    90
    83
    61
    66
    52
    56
    61
    51
    46
    56
    79
    84
    84
    71
    29
    30
    36
    48
    59
    75
    91
    93
    97
   102
   109
   110
   109
   110
   116
   118
   127
   127
   130
   128
   133
   135
   136
   135
   131
   133
   132
   141
   146
   158
   168
   167
   133
   113
    92
    76
    67
    67
    69
    79
    97
    82
    48
    78
    72
    40
    82
   114
    80
   114
    92
    75
    93
   120
   124
   122
   121
   125
   129
   137
   137
   127
   107
   100
   106
   117
   133
   143
   149
   140
   137
   133
   123
   116
   118
   125
   129
   129
   132
   131
   119
    97
    39
    38
    97
   114
   111
   125
   125
   113
   109
   112
   112
   108
   109
   105
    99
   103
   106
   100
   105
   103
    93
    72
    70
    62
    46
    35
    45
    59
    73
    75
    39
    42
    47
    59
    77
    76
    79
    88
    99
   104
   100
   106
   111
   113
   122
   131
   128
   136
   137
   139
   139
   140
   144
   137
   136
   135
   140
   139
   146
   159
   170
   163
   144
   117
    88
    67
    64
    63
    66
    82
    94
    91
    54
    64
    70
    42
    33
   107
    77
   101
    93
    94
   112
   122
   124
   126
   123
   123
   131
   137
   125
   103
   107
   114
   125
   115
   115
   117
   122
   129
   135
   129
   123
   126
   136
   131
   128
   136
   134
   129
   110
    77
    54
   102
   132
   104
   121
   120
   132
   128
   116
   108
    98
   104
   103
    96
    96
   101
   105
   113
   111
   109
   102
    89
    83
    58
    43
    43
    40
    53
    55
    79
    34
    42
    42
    58
    73
    85
    95
    96
    97
    98
   107
   106
   113
   121
   119
   123
   137
   129
   133
   135
   140
   144
   142
   134
   131
   131
   132
   144
   161
   170
   171
   167
   141
   112
    80
    69
    61
    63
    69
    78
    84
    88
    72
    51
    68
    54
    47
   224
   135
    95
    95
   111
   121
   125
   125
   124
   126
   130
   129
   117
   100
   119
   131
   149
   147
   119
   106
    84
    82
    88
    90
    98
   119
   139
   133
   120
   120
   127
   133
   129
    98
    74
    67
   110
   152
   123
   109
   132
   129
   134
   130
   121
   109
   100
   107
   101
    98
   100
   103
   109
   115
   120
   108
   104
    95
    85
    68
    48
    43
    41
    39
    57
    34
    46
    43
    56
    73
    86
    88
    88
    98
   106
   110
   113
   122
   120
   129
   143
   140
   142
   146
   149
   148
   150
   155
   142
   132
   135
   138
   141
   162
   183
   176
   157
   140
   115
    88
    72
    65
    68
    70
    69
    73
    91
    90
    63
    73
    69
    20
    62
    92
    96
   104
   110
   123
   129
   133
   129
   126
   132
   137
   117
   116
   126
   132
   163
   170
   133
   103
    96
   117
   127
   116
   113
   132
   139
   132
   132
   132
   128
   130
   117
   101
    79
    67
    96
   137
   135
   113
   109
   121
   124
   127
   126
   118
   102
    99
   106
   102
   100
    98
    98
   108
   120
   120
   110
    89
    66
    49
    45
    43
    37
    38
    52
    30
    40
    52
    64
    71
    83
    87
    90
    96
   104
   109
   117
   116
   127
   133
   139
   133
   142
   142
   143
   142
   151
   154
   144
   141
   139
   142
   143
   157
   170
   169
   162
   148
   120
   100
    82
    72
    70
    77
    72
    77
    90
    92
    80
    58
    98
    57
    55
   107
   107
   104
   109
   120
   128
   127
   126
   125
   133
   136
   125
   125
   132
   138
   155
   157
   111
    80
    57
    98
   129
   130
   123
   127
   124
   123
   127
   126
   134
   135
   114
    99
    97
    80
   100
   151
   127
   150
   131
   113
   121
   121
   121
   107
   107
   103
    95
   102
    93
    96
    97
   105
   106
   105
   115
   106
    93
    69
    54
    45
    51
    36
    38
    35
    40
    53
    69
    81
    86
    89
    91
    98
   108
   112
   118
   128
   129
   133
   136
   146
   140
   141
   146
   145
   147
   149
   144
   135
   138
   145
   150
   153
   163
   170
   163
   148
   128
   107
    87
    73
    72
    83
    78
    77
    72
    85
    84
    71
    78
   116
   107
   104
   110
   107
   124
   127
   125
   124
   119
   124
   127
   129
   121
   117
   125
   138
   156
   146
   113
    58
    34
    87
   125
   123
   114
   117
   122
   131
   136
   125
   139
   129
   115
   111
   111
    83
    57
    91
   118
   140
   139
   128
   113
   109
   108
   114
   106
    98
    96
    97
    93
    89
    87
    95
   108
   108
   107
    98
    73
    55
    46
    47
    40
    51
    39
    30
    37
    61
    66
    74
    79
    86
    98
   102
   109
   117
   118
   122
   136
   142
   151
   154
   151
   149
   147
   149
   152
   143
   144
   144
   140
   143
   147
   149
   154
   154
   153
   152
   134
   122
    97
    91
    84
    84
    88
    87
    87
    81
    83
    82
    88
   116
   114
   108
   109
   121
   120
   125
   121
   120
   119
   126
   129
   119
   114
   117
   122
   138
   145
   143
   111
    49
    22
    61
   109
   120
   110
   107
   117
   120
   121
   137
   141
   118
   114
   102
   106
    63
    60
    84
   112
   112
   144
   177
   155
   126
   110
   107
   104
    99
    98
    87
    88
    86
    94
    94
   102
   110
    99
    89
    66
    55
    51
    39
    28
    33
    39
    38
    47
    51
    60
    71
    81
    86
    95
   101
   107
   117
   125
   130
   131
   137
   144
   149
   144
   142
   140
   145
   146
   151
   140
   135
   135
   137
   141
   144
   152
   155
   154
   151
   141
   127
   113
    96
    90
    87
    95
   102
   109
   114
   104
    99
    96
    98
   106
   111
   120
   123
   123
   121
   124
   123
   126
   124
   123
   120
   121
   121
   123
   140
   153
   140
   106
    51
    25
    83
   123
   115
   111
   118
   115
   123
   129
   132
   122
   113
   125
   118
    88
    62
    72
   118
   109
   113
   125
   154
   164
   131
   109
   100
   102
    99
    94
    83
    78
    83
    87
    92
    97
   110
   101
    92
    68
    48
    45
    39
    31
    45
    43
    31
    42
    54
    70
    70
    74
    86
    92
   109
   111
   119
   120
   129
   134
   146
   144
   150
   150
   151
   153
   150
   141
   145
   145
   142
   147
   144
   148
   147
   156
   168
   163
   152
   139
   127
   119
   114
    99
    99
   101
   111
   118
   125
   121
   115
   113
   118
   121
   125
   118
   118
   120
   118
   116
   121
   125
   126
   123
   125
   125
   130
   145
   166
   145
   114
   107
    54
    24
    89
   105
   105
   114
   119
   125
   127
   130
   127
   115
   119
   116
   106
    93
    62
    27
    43
    72
   112
   111
   118
   130
   115
   107
    99
    90
    90
    83
    75
    62
    65
    81
    87
    91
   104
   103
    97
    78
    79
    41
    47
    44
    38
    38
    38
    51
    59
    68
    78
    84
    81
    88
    95
   106
   114
   124
   132
   138
   142
   143
   143
   148
   153
   152
   145
   143
   147
   146
   144
   142
   138
   145
   153
   165
   162
   164
   154
   138
   124
   114
   109
   107
   105
   111
   121
   129
   134
   133
   129
   127
   123
   123
   118
   119
   125
   123
   125
   126
   126
   126
   128
   130
   129
   129
   143
   160
   185
   171
   128
   106
    69
    35
    82
   101
    88
    94
   115
   123
   124
   130
   127
   114
   123
   113
   108
    69
    43
    83
   177
   123
   113
   115
   107
   110
   108
   100
   102
    85
    84
    83
    65
    61
    63
    72
    84
    92
   104
    99
    72
    50
    45
    56
    43
    38
    32
    34
    43
    51
    55
    65
    76
    82
    89
    90
   104
   114
   120
   134
   136
   133
   145
   145
   148
   143
   147
   143
   147
   143
   140
   130
   142
   142
   146
   154
   162
   173
   174
   166
   142
   132
   129
   121
   116
   111
   108
   108
   116
   128
   137
   137
   138
   135
   130
   122
   125
   127
   122
   130
   133
   133
   136
   133
   132
   133
   140
   145
   152
   164
   178
   163
   141
   113
    91
    31
    78
    99
    91
    96
   117
   122
   114
   116
   114
   113
   110
   105
    84
    50
    42
    94
   176
   136
   116
   128
   124
   110
    97
    91
    85
    76
    73
    79
    63
    56
    50
    67
    84
    88
    96
    95
    98
    71
    68
    49
    47
    42
    37
    34
    35
    50
    68
    66
    75
    87
    90
   102
   106
   115
   117
   128
   135
   137
   144
   144
   146
   149
   151
   148
   146
   145
   140
   144
   143
   145
   144
   153
   161
   163
   168
   153
   147
   139
   125
   121
   117
   111
   109
   113
   117
   125
   135
   139
   139
   133
   127
   135
   135
   129
   131
   130
   131
   137
   135
   129
   126
   128
   137
   143
   146
   148
   131
   129
   129
   120
   109
    62
    53
    78
    85
    89
   120
   116
   121
   124
   114
   114
   112
    98
    73
    36
    43
    82
   124
   140
   120
   133
   131
   122
   108
    90
    88
    74
    77
    72
    58
    44
    44
    61
    77
    95
   104
    97
    84
    58
    49
    48
    39
    39
    38
    31
    48
    48
    60
    68
    77
    82
    86
   101
   109
   109
   119
   127
   129
   136
   133
   141
   151
   150
   153
   150
   152
   145
   141
   139
   144
   144
   142
   148
   150
   162
   173
   168
   157
   144
   135
   119
   111
   114
   112
   109
   118
   133
   134
   137
   132
   128
   128
   126
   132
   140
   132
   131
   134
   134
   137
   133
   143
   138
   142
   156
   156
   158
   143
   128
   121
   115
    97
    90
    45
    51
    56
    69
    98
   117
   123
   125
   113
   115
   116
    91
    69
    38
    43
    69
    90
    83
    96
   131
   144
   131
   115
    89
    77
    68
    59
    69
    51
    43
    41
    49
    74
    91
    99
   109
    85
    81
    83
    59
    52
    40
    31
    31
    45
    52
    62
    70
    80
    85
    86
    94
   107
   116
   118
   126
   133
   134
   131
   136
   143
   143
   145
   143
   145
   146
   143
   139
   142
   140
   138
   147
   157
   167
   179
   170
   148
   146
   133
   126
   122
   109
   106
   115
   131
   143
   150
   148
   143
   136
   132
   133
   131
   130
   131
   135
   141
   141
   139
   136
   135
   144
   161
   165
   174
   159
   139
   131
   116
   100
    89
    78
    65
    43
    58
    55
    76
   115
   124
   126
   104
   112
   111
   107
    80
    43
    52
   129
   191
   195
   127
   129
   152
   145
   116
    94
    81
    64
    57
    61
    50
    39
    39
    49
    76
   100
   108
   107
   108
    95
    76
    73
    57
    49
    37
    44
    45
    55
    70
    77
    81
    86
    90
    90
   109
   113
   114
   118
   119
   125
   127
   139
   146
   143
   141
   146
   141
   136
   134
   133
   139
   143
   141
   153
   165
   176
   183
   177
   155
   146
   137
   124
   116
   109
   105
   116
   125
   141
   145
   143
   143
   137
   133
   132
   135
   138
   130
   135
   141
   140
   140
   134
   142
   151
   181
   210
   194
   162
   143
   126
   112
    95
    75
    60
    65
    47
    38
    38
    38
    96
   138
   119
   111
   113
   100
    98
    73
    52
    58
   118
   159
   196
   142
   137
   169
   156
   130
    98
    81
    62
    51
    54
    46
    37
    40
    41
    68
   102
   106
   114
   108
   103
    74
    70
    63
    37
    39
    27
    50
    57
    67
    73
    80
    87
    90
    99
   100
   106
   114
   118
   122
   130
   129
   131
   136
   142
   133
   134
   141
   138
   134
   133
   134
   137
   142
   148
   159
   172
   172
   180
   158
   139
   122
   115
   118
   102
    96
   100
   113
   123
   126
   130
   124
   123
   121
   121
   123
   127
   134
   138
   135
   131
   129
   132
   147
   152
   183
   219
   205
   159
   141
   116
   107
    86
    78
    57
    40
    40
    34
    30
    41
    99
   135
   123
   117
   120
   111
   106
    78
    57
    60
   123
   161
   196
   140
   145
   188
   163
   122
   102
    74
    58
    55
    56
    44
    40
    40
    47
    66
   110
   118
   104
   115
    95
    57
    44
    38
    46
    41
    40
    41
    59
    68
    74
    84
    89
   101
    98
   100
   109
   112
   114
   125
   130
   132
   132
   140
   138
   126
   133
   130
   131
   130
   132
   137
   137
   144
   147
   150
   174
   186
   172
   152
   138
   127
   119
   108
   104
   100
   104
   108
   107
   115
   118
   113
   116
   117
   120
   121
   123
   126
   131
   137
   129
   127
   126
   133
   146
   159
   198
   191
   144
   123
   113
    99
    88
    75
    55
    48
    29
    25
    28
    44
   100
   147
   127
   116
   125
   107
   102
    81
    57
    57
   127
   148
   156
   100
   145
   183
   168
   125
   100
    78
    57
    45
    48
    42
    37
    34
    38
    70
   104
   106
   102
   103
   104
    85
    67
    52
    41
    35
    33
    47
    58
    71
    75
    80
    89
    91
    95
    97
   102
   115
   120
   128
   128
   130
   125
   121
   119
   130
   130
   132
   131
   127
   134
   141
   144
   146
   152
   162
   182
   181
   158
   143
   126
   110
    97
    93
    88
    90
    96
   105
   108
   112
   109
   114
   114
   110
   113
   114
   117
   117
   120
   123
   124
   127
   126
   129
   127
   132
   126
   138
   142
   126
   114
   107
    92
    72
    63
    66
    56
    50
    38
    42
   102
   121
   119
   130
   126
    95
    76
    73
    53
    50
    91
   129
   151
   100
   146
   166
   143
   121
    95
    75
    67
    52
    49
    42
    38
    35
    36
    62
   110
   116
   113
   111
    92
    63
    47
    38
    46
    35
    29
    34
    51
    64
    77
    87
    88
    89
    90
    94
   103
   103
   102
   116
   126
   126
   118
   133
   134
   129
   127
   134
   130
   124
   132
   139
   145
   142
   152
   167
   172
   158
   144
   125
   104
   104
   104
    90
    80
    86
    90
    95
   106
   104
   102
    97
   104
   108
   107
   118
   120
   118
   121
   115
   118
   116
   122
   126
   136
   129
   138
   127
   124
   121
   113
    98
    79
    75
    74
    34
    31
    57
    55
    70
   109
   121
    96
   105
    93
    91
    74
    67
    44
    52
    51
    67
    24
   106
   151
   161
   125
   107
    92
    68
    57
    51
    52
    51
    23
    31
    39
    58
    98
   104
   106
    99
    92
    73
    56
    53
    43
    35
    35
    48
    62
    71
    70
    74
    85
    86
    95
    94
   100
   109
   105
   116
   118
   126
   124
   127
   124
   126
   131
   132
   125
   126
   128
   131
   136
   143
   161
   165
   162
   155
   136
   112
    97
    85
    69
    74
    78
    82
    86
    87
    85
    86
    85
    80
    85
    97
   106
   100
   106
   113
   114
   120
   118
   120
   113
   115
   112
   129
   131
   132
   132
   123
   109
    84
    87
    57
    36
    22
    24
    35
    60
   107
   129
   125
   114
    97
    95
    91
    80
    46
    50
    86
   143
   203
   177
   138
   160
   155
   120
   104
    86
    66
    51
    42
    44
    32
    34
    39
    35
    60
   109
   107
   103
    94
    70
    48
    45
    49
    43
    38
    33
    29
    51
    61
    76
    79
    84
    86
    91
    92
    94
   105
   118
   115
   117
   113
   124
   129
   124
   123
   120
   129
   130
   119
   123
   133
   147
   151
   153
   164
   164
   148
   127
   119
   108
    96
    87
    74
    66
    67
    69
    68
    70
    52
    39
    53
    70
    93
    96
   107
   108
   111
   110
   114
   113
   114
   115
   119
   124
   120
   130
   136
   137
   116
    98
    84
    50
    33
    22
    20
    33
    61
   105
   117
   113
   116
   101
   102
   105
    98
    82
    49
    40
    98
   151
   175
   137
   139
   188
   197
   121
    93
    79
    65
    55
    44
    54
    33
    30
    19
    35
    74
   103
   115
   102
    99
    78
    65
    43
    37
    36
    34
    28
    39
    43
    61
    66
    78
    83
    83
    85
    97
   104
   103
   112
   113
   121
   128
   119
   118
   121
   123
   127
   126
   121
   122
   126
   127
   129
   140
   153
   164
   161
   146
   131
   127
    96
    74
    71
    63
    60
    62
    63
    56
    52
    70
   118
   123
   105
    87
    84
    93
   110
   106
   114
   115
   112
   105
   100
   104
   104
   115
   123
   139
   128
   107
    87
    66
    20
    19
    28
    40
    47
    83
   100
   103
   107
   115
   101
   107
   102
    92
    89
    53
    55
   124
   176
   173
   134
   164
   205
   173
   103
    92
    69
    51
    49
    42
    47
    38
    32
    35
    41
    80
   103
   106
   112
   100
    79
    55
    55
    52
    35
    29
    25
    32
    48
    59
    72
    76
    81
    84
    90
    93
   100
    98
    97
   115
   117
   112
   117
   126
   120
   116
   120
   118
   117
   121
   126
   129
   130
   139
   156
   177
   167
   156
   137
    94
    83
    81
    69
    66
    63
    63
    61
    70
    78
   115
   120
   111
   121
   102
    92
    86
    94
   106
   105
   113
   121
   116
   105
   104
   108
   108
   118
   131
   135
   120
   103
    61
    22
    34
    45
    42
    63
    93
   105
   104
   108
   107
    98
   112
   104
    79
    62
    35
    62
   110
   159
   129
   125
   167
   232
   151
    87
    72
    63
    49
    42
    49
    46
    35
    34
    32
    38
    78
   105
   121
   115
    95
    72
    66
    55
    36
    27
    24
    29
    46
    44
    57
    74
    73
    80
    86
    89
    89
    93
   101
   103
   106
   115
   118
   126
   121
   115
   118
   120
   119
   120
   119
   119
   118
   126
   134
   149
   165
   156
   123
   107
   104
    79
    72
    69
    55
    55
    58
    70
    72
    83
   101
    91
    99
    74
   109
   105
    96
    98
   103
   109
   114
   116
   114
   108
   106
   101
   100
   103
   119
   132
   118
    98
    55
    22
    41
    63
    61
    72
    96
    99
   101
   107
   107
    99
    98
    83
    76
    46
    38
    53
   134
   154
   114
   128
   159
   146
    79
    70
    65
    55
    49
    41
    45
    43
    31
    26
    30
    48
    86
    99
   105
   113
    96
    75
    65
    46
    39
    37
    40
    25
    26
    39
    53
    68
    72
    74
    81
    85
    95
    96
    99
   104
   110
   117
   107
   106
   116
   114
   122
   123
   116
   109
   114
   120
   124
   135
   145
   156
   161
   138
   121
   109
    76
    70
    66
    57
    61
    69
    78
    77
    69
    86
    79
    81
    38
    62
   105
   109
    99
   100
   105
   104
   104
   111
   118
   115
   105
   104
   110
   114
   124
   134
   126
    96
    43
    19
    55
    84
    84
    87
   101
    99
    94
   103
   106
    95
   103
    88
    73
    47
    30
    49
    66
    89
   115
   117
   115
    98
    77
    72
    74
    65
    50
    43
    54
    39
    33
    32
    34
    62
    96
   109
   122
   113
    94
    94
    75
    69
    61
    46
    28
    30
    37
    32
    42
    62
    68
    81
    85
    82
    88
    94
    97
   101
   101
   108
   120
   114
   106
   114
   107
   105
   107
   111
   112
   114
   118
   128
   137
   146
   152
   138
   118
    91
    66
    61
    64
    59
    60
    69
    79
    76
    73
    64
    77
    70
    23
    49
    84
   109
   102
   106
   111
   118
   113
   108
   118
   121
   115
   109
   112
   123
   133
   133
   124
    88
    50
    21
    73
    90
    84
    82
    95
   100
   103
   110
   104
    98
    92
    83
    70
    56
    40
    60
    90
   105
   114
   109
    91
    82
    80
    73
    62
    58
    42
    54
    52
    42
    36
    31
    46
    75
    99
   111
   116
   110
   103
    80
    67
    61
    47
    34
    37
    26
    24
    25
    44
    58
    67
    70
    77
    83
    86
    88
    97
   105
   103
   103
   102
   113
   113
   104
   111
   115
   112
   108
   113
   116
   117
   122
   131
   146
   140
   129
   109
    71
    57
    62
    65
    52
    64
    81
    84
    80
    70
    81
    80
    53
    73
   220
   140
   101
    98
   100
   113
   117
   116
   115
   120
   112
   109
   109
   119
   122
   128
   139
   120
    96
    41
    25
    51
    85
    79
    86
    98
    99
    99
   103
   107
    93
    95
    89
    70
    50
    39
    74
    86
   108
   103
    97
   100
    85
    69
    68
    67
    54
    51
    54
    48
    38
    31
    36
    61
    87
    99
   112
   116
   100
    79
    92
    95
    71
    47
    37
    28
    34
    32
    34
    40
    53
    64
    73
    78
    77
    81
    88
    92
    95
   102
   109
   101
   102
    99
   109
   110
   108
   109
   111
   109
   114
   116
   123
   130
   139
   141
   116
    87
    69
    54
    61
    60
    58
    81
    97
   104
    82
    80
    92
    74
    38
    49
   107
    99
   108
    95
    99
   107
   120
   116
   117
   116
   106
    92
   111
   117
   122
   132
   147
   125
    78
    47
    30
    61
    78
    83
    87
   100
   105
   105
   110
   107
    94
    95
    90
    76
    37
    41
    54
   105
   105
    95
    96
    94
   102
    88
    76
    65
    56
    61
    57
    51
    34
    34
    51
    72
    83
    93
   103
   111
   100
    95
    87
    79
    54
    42
    39
    31
    31
    34
    31
    33
    44
    69
    74
    78
    80
    82
    82
    86
    94
    95
    99
    98
    97
   104
   102
   105
   107
   108
   104
   113
   113
   117
   121
   130
   127
   121
   112
    80
    56
    59
    52
    50
    70
    95
   111
   107
    86
   102
    96
    62
    70
   133
   105
   108
   101
    92
    84
   102
   112
   116
   116
   117
   120
    99
    76
    96
   121
   128
   145
   115
    86
    63
    58
    72
    85
    90
    95
    91
   103
   105
   110
   112
    97
    95
    95
    88
    43
    44
    81
   112
    98
    93
   106
   117
    83
    84
    75
    64
    73
    69
    64
    51
    45
    37
    56
    69
    80
    85
    95
   102
    95
    89
    81
    76
    61
    53
    42
    38
    28
    27
    38
    34
    44
    58
    71
    75
    81
    78
    83
    92
    94
    97
    99
    98
   102
    98
   102
   100
   103
   102
    97
    99
   107
   112
   117
   126
   126
   121
   106
    84
    67
    60
    57
    57
    81
   107
   121
   103
    99
   114
    93
    46
    61
   130
   143
   111
   107
    95
    80
    89
   113
   118
   113
   114
   123
   120
    97
    79
    93
    99
   104
    90
    72
    58
    50
    71
    88
    91
   101
   102
    96
   108
   111
   110
    95
    90
    89
    83
    51
    52
   111
   118
   100
   122
   132
   100
    90
    80
    75
    79
    68
    65
    61
    53
    44
    53
    57
    65
    76
    90
    97
    96
    95
    87
    78
    53
    50
    44
    33
    26
    30
    32
    25
    33
    39
    58
    66
    72
    75
    76
    81
    76
    80
    90
    93
    93
    98
   105
   101
   102
   103
   103
   102
   103
   106
   109
   119
   125
   125
   112
   101
    77
    61
    57
    64
    71
    96
   115
   124
    97
   109
   120
    85
    27
    10
    26
    50
   117
    99
    98
    66
    78
   108
   111
   115
   119
   120
   124
   120
    95
    89
   105
   106
   107
    90
    46
    37
    51
    66
    82
   106
   112
   107
   109
   117
   118
   100
    95
    81
    75
    48
    67
   114
    99
   112
   127
   101
    95
    87
    83
    88
    82
    85
    77
    70
    51
    47
    53
    57
    69
    86
    96
   102
   100
    88
    83
    75
    73
    54
    36
    33
    30
    24
    27
    27
    31
    40
    48
    62
    72
    76
    77
    76
    84
    85
    83
    93
    96
    96
    95
    96
   101
    99
    99
    99
   100
   103
   108
   109
   115
   119
   106
    89
    79
    63
    60
    66
    82
    97
   108
   119
    98
   125
   132
    77
    84
    75
    37
    76
   137
   105
    95
    64
    59
   103
   113
   114
   119
   122
   127
   124
   107
   103
   107
   119
   130
   135
   131
   116
   102
   103
   108
   113
   110
   107
   112
   115
   117
   102
    90
    91
    76
    51
   118
   123
   114
    94
    76
    88
   100
    97
    96
    87
    86
    80
    75
    62
    59
    56
    59
    63
    77
    95
    93
    98
    99
    96
    81
    68
    54
    49
    40
    29
    30
    24
    28
    34
    29
    30
    43
    60
    67
    68
    73
    74
    80
    82
    88
    89
    93
    92
    97
    96
    98
   101
   100
    97
   102
   102
   104
   109
   110
   109
   105
    91
    73
    66
    62
    71
    83
   102
   113
   109
    87
   109
   103
    64
   122
    49
    29
    56
   123
   103
    87
    68
    48
    89
   108
   113
   120
   126
   133
   135
   114
   104
   103
   114
   120
   129
   131
   129
   120
   114
   111
   111
   106
   107
   116
   111
   114
   101
    81
    64
    43
    82
   135
   131
   104
    82
    83
    95
   104
   111
    95
    92
    86
    85
    72
    61
    57
    62
    67
    73
    83
    86
    94
   101
    89
    79
    73
    64
    46
    36
    34
    31
    28
    31
    31
    33
    38
    32
    36
    52
    57
    67
    73
    75
    75
    88
    89
    93
    92
    93
    95
    96
    94
    96
    96
   100
   101
   100
    99
   104
   105
   109
   101
    89
    79
    65
    63
    73
    91
   106
   109
   106
    84
   106
   117
    58
    11
    22
    32
    37
    74
    87
    97
    68
    42
    93
   114
   109
   119
   121
   126
   127
   122
   116
   112
   110
   113
   119
   124
   122
   118
   111
   110
   105
   103
   101
   107
   110
   111
   105
    70
    55
    49
    77
   112
   114
    76
    96
   106
   113
   111
   100
    94
    91
    87
    77
    78
    68
    66
    66
    69
    71
    82
    84
    96
    97
   101
    86
    75
    56
    35
    26
    28
    29
    28
    28
    36
    30
    28
    33
    39
    41
    57
    62
    67
    76
    77
    74
    80
    85
    92
    91
    94
    96
    94
   100
   102
    99
    98
    98
   101
   106
   102
    99
    90
    84
    74
    69
    72
    90
   100
   105
   111
   103
    82
   104
   101
    60
    22
    24
    29
    35
    71
    77
    87
    69
    40
    87
   112
   110
   115
   122
   127
   133
   127
   119
   109
   111
   113
   110
   112
   118
   117
   116
   113
   105
    96
   101
   111
   114
   110
   108
    65
    43
    23
    68
   126
    95
    91
   101
   113
   113
   108
    95
    94
    92
    85
    83
    73
    67
    66
    69
    74
    84
    71
    88
    78
    78
    77
    75
    54
    45
    38
    37
    36
    32
    27
    32
    35
    38
    31
    22
    28
    40
    49
    56
    65
    68
    73
    77
    82
    87
    87
    93
    94
    91
    96
    96
    97
    96
    98
    99
    99
   100
    99
    92
    85
    78
    75
    73
    66
    90
   100
   104
   109
   105
    76
    91
    96
    51
    24
    19
    31
    72
    78
    77
    88
    69
    40
    79
   108
   114
   115
   123
   127
   136
   140
   134
   132
   126
   118
   115
   113
   110
   106
   100
   100
    97
    94
    97
   107
   110
   113
   109
    75
    35
    16
    47
    90
    93
   107
   117
   116
   109
    98
    93
    93
    85
    82
    79
    78
    72
    75
    79
    71
    78
   101
   103
   100
    91
    75
    60
    42
    37
    35
    37
    33
    33
    29
    39
    32
    27
    28
    33
    35
    30
    42
    57
    61
    68
    70
    71
    75
    79
    84
    88
    92
   101
    97
    97
    97
   102
    98
    98
   102
    95
    95
    87
    91
    88
    89
    70
    64
    85
   100
   105
   104
   100
    78
    86
   101
    81
    43
    76
   122
   117
    75
    79
    95
    72
    46
    91
   108
   106
   109
   113
   127
   132
   138
   135
   130
   109
   119
   112
   107
   104
    98
    99
   101
    96
    86
    99
   108
   108
   100
   105
    75
    33
    16
    51
    92
   114
   116
   110
   105
    96
    98
    99
    95
    91
    84
    81
    74
    70
    63
    63
    83
    96
   103
    99
    93
    76
    64
    59
    58
    40
    38
    31
    28
    33
    33
    41
    32
    26
    27
    33
    24
    33
    32
    40
    52
    56
    69
    75
    75
    83
    83
    84
    94
    90
    97
    96
    97
    95
    94
    94
    96
   101
    99
    86
    77
    77
    85
    86
    64
    83
   101
   100
   108
   106
    84
    81
    99
    81
    37
    39
   107
    91
    81
    98
    94
    62
    49
    96
   109
   113
   112
   121
   126
   134
   140
   136
   133
   137
   126
   112
   117
   101
    89
    82
    87
    87
    75
    88
    93
    94
    96
   100
    89
    72
    70
   115
   117
   116
   108
   109
   100
    97
    96
    98
    97
    91
    82
    74
    69
    73
    78
    92
    94
    90
    93
    93
    92
    85
    74
    48
    42
    33
    31
    29
    28
    33
    35
    39
    33
    36
    29
    27
    37
    31
    32
    42
    52
    64
    58
    64
    74
    73
    82
    82
    85
    92
    88
    91
    97
    97
   100
   101
   104
   103
   100
    92
    68
    85
    70
    68
    60
    89
   100
   105
   110
   110
    98
    70
    96
    94
    52
    25
    36
    54
    93
   104
    92
    67
    60
   101
   112
   119
   113
   109
   115
   134
   136
   141
   132
   132
   131
   115
    99
    98
    83
    78
    82
    64
    80
    84
    87
    93
    92
    95
   101
   100
    85
    81
    96
   103
   103
   105
   108
   107
   108
   100
    94
    86
    72
    69
    70
    82
    95
    98
    97
    94
    93
    74
    75
    67
    60
    53
    36
    29
    25
    26
    28
    32
    53
    50
    27
    31
    31
    35
    33
    29
    31
    28
    38
    50
    61
    63
    65
    75
    74
    80
    82
    86
    88
    88
    90
    91
    96
    95
    99
    97
    99
   100
    79
    62
    68
    76
    88
    90
    94
    99
   108
   113
   108
    78
    98
   102
    75
    31
    19
    52
    99
   103
    87
    63
    93
   113
   116
   121
   118
   121
   125
   133
   134
   130
   129
   130
   120
   110
   104
   101
    89
    79
    71
    72
    68
    80
    88
    93
    93
    78
    93
    88
    80
    85
    92
    94
   101
   105
   101
   100
   101
    97
    84
    72
    73
    77
    92
    87
    89
    99
   101
   101
    96
    90
    57
    46
    37
    43
    39
    32
    32
    40
    38
    56
    47
    39
    36
    28
    28
    30
    27
    25
    26
    27
    29
    34
    48
    59
    68
    72
    78
    75
    77
    82
    87
    92
    95
    98
    94
    94
    94
    93
    98
    97
    93
    73
    72
    66
    75
    85
    92
    97
   109
   115
   114
    93
    67
   101
    93
    47
    26
    61
    89
   104
    79
    69
   106
   112
   122
   120
   117
   123
   125
   126
   127
   130
   127
   123
   126
   108
   100
    95
    85
    76
    63
    65
    71
    71
    79
    85
    93
    84
    81
    83
    74
    70
    76
    83
    88
   101
    95
    91
    83
    74
    66
    69
    84
    96
    91
    97
    95
    86
    95
    87
    75
    63
    55
    38
    27
    34
    34
    28
    35
    41
    45
    44
    42
    85
    39
    37
    31
    30
    30
    27
    29
    35
    36
    37
    42
    51
    59
    62
    68
    72
    82
    79
    81
    85
    88
    93
    97
   101
   102
   101
    97
    95
    96
    85
    58
    65
    79
    68
    87
   100
   108
   111
   109
   100
    73
    76
    95
    68
    50
    54
    91
    93
    61
    93
   115
   121
   124
   124
   117
   121
   123
   129
   132
   130
   117
   118
   115
   105
   101
    89
    82
    79
    67
    66
    67
    78
    80
    76
    84
    96
    90
    92
    83
    75
    74
    82
    76
    83
    82
    78
    73
    74
    69
    86
    95
    96
    88
    82
    81
    76
    61
    71
    62
    42
    30
    38
    45
    32
    28
    36
    37
    57
    57
    52
    57
   148
    56
    40
    34
    32
    29
    33
    27
    24
    26
    33
    34
    40
    47
    61
    63
    73
    76
    75
    79
    75
    81
    85
    92
    94
    95
    96
    96
   100
    92
    94
    84
    72
    74
    92
   103
   106
   109
   110
   113
   110
    88
    63
    72
    72
    42
    74
    88
    74
    82
   108
   114
   113
   116
   120
   124
   124
   129
   124
   120
   121
   121
   114
   111
   104
    95
    97
    86
    79
    71
    69
    68
    64
    71
    73
    75
    79
    75
    84
    84
    88
    70
    67
    74
    75
    69
    74
    61
    61
    75
    82
    77
    61
    59
    61
    66
    65
    65
    50
    45
    39
    36
    32
    34
    36
    32
    52
    64
    57
    52
    39
   128
   139
    54
    45
    43
    33
    33
    27
    31
    30
    31
    26
    28
    31
    39
    47
    51
    48
    59
    70
    67
    78
    85
    88
    89
    89
    96
   100
   103
    97
    96
    94
    88
    71
    71
    75
    94
   102
   103
   105
   108
   105
   100
    88
    84
    85
    55
    79
    91
    75
   101
   118
   123
   119
   122
   123
   121
   123
   121
   127
   126
   124
   122
   117
   113
   107
   102
    88
    87
    91
    83
    73
    68
    68
    65
    65
    66
    70
    83
    80
    81
    89
    79
    64
    65
    70
    61
    56
    61
    68
    70
    67
    61
    69
    59
    62
    56
    58
    43
    46
    31
    39
    44
    35
    32
    27
    53
    58
    55
    54
    40
   106
   123
    54
    57
    56
    44
    33
    35
    32
    28
    33
    34
    29
    33
    29
    34
    40
    41
    43
    56
    67
    68
    67
    71
    81
    87
    90
    93
    93
    93
    92
    86
    86
    88
    86
    72
    67
    81
    94
   100
    97
   101
   102
    90
    86
    87
    84
    80
    95
   101
    94
   102
   107
   109
   116
   121
   119
   122
   122
   124
   122
   130
   130
   124
   118
   117
   110
   107
    97
    92
    87
    86
    80
    84
    82
    74
    72
    79
    76
    76
    85
    91
    69
    69
    80
    72
    62
    74
    68
    66
    70
    63
    62
    57
    47
    54
    48
    49
    34
    32
    30
    40
    37
    31
    41
    59
    70
    64
    54
    47
    45
    80
    95
    47
    72
    55
    53
    54
    44
    34
    34
    34
    27
    25
    30
    29
    31
    32
    32
    34
    38
    45
    49
    56
    57
    57
    66
    78
    82
    81
    91
    89
    87
    89
    93
    82
    82
    84
    71
    65
    75
    87
    95
    95
    87
    81
    84
    85
    70
    80
    98
    95
   101
   100
   110
   109
   116
   108
   115
   118
   118
   117
   123
   121
   120
   120
   123
   115
   118
   108
    99
    97
    93
    86
    84
    75
    80
    94
    87
    68
    79
    85
    79
    87
    90
    85
    80
    85
    63
    65
    61
    59
    54
    52
    53
    43
    52
    50
    46
    43
    50
    47
    49
    40
    44
    53
    65
    66
    58
    52
    49
    54
    47
    62
    62
    85
    88
    55
    57
    59
    57
    49
    37
    32
    27
    29
    30
    34
    34
    35
    34
    34
    40
    35
    45
    43
    53
    70
    62
    63
    71
    80
    83
    88
    89
    87
    89
    89
    86
    87
    87
    79
    69
    75
    82
    87
    84
    83
    86
    85
    94
    99
    94
   102
   102
   108
   107
   114
   113
   116
   119
   121
   117
   118
   119
   125
   132
   128
   121
   122
   116
   107
    94
    93
    89
    75
    73
    80
    83
    82
    83
    82
    87
    81
    86
    84
    80
    69
    69
    61
    62
    58
    63
    51
    48
    50
    51
    50
    45
    48
    44
    41
    50
    45
    40
    53
    58
    67
    66
    57
    54
    56
    51
    35
    60
    84
    93
    92
    58
    62
    53
    57
    60
    57
    41
    35
    32
    34
    37
    32
    29
    29
    31
    31
    25
    32
    28
    41
    44
    42
    57
    65
    70
    74
    74
    77
    81
    83
    85
    84
    83
    81
    84
    82
    81
    83
    82
    83
    92
    98
    94
    94
    94
   103
   100
   100
   101
   103
   103
   105
   110
   111
   117
   112
   118
   120
   118
   125
   133
   125
   125
   116
    96
    93
    89
    81
    82
    85
    85
    75
    77
    82
    79
    80
    85
    80
    84
    76
    74
    72
    68
    62
    56
    54
    47
    52
    52
    55
    53
    52
    50
    40
    38
    40
    47
    48
    62
    65
    66
    55
    54
    53
    59
    48
    39
    69
    74
    88
    76
    79
   143
    52
    57
    56
    59
    60
    50
    42
    39
    35
    31
    32
    31
    26
    34
    30
    33
    37
    36
    34
    35
    39
    29
    35
    45
    48
    58
    64
    77
    81
    80
    75
    85
    77
    78
    82
    82
    83
    77
    79
    81
    82
    88
    97
    97
    98
   101
   104
   103
   101
   103
   106
   107
   113
   114
   118
   116
   116
   117
   121
   121
   124
   118
   108
    99
    90
    83
    79
    71
    69
    70
    72
    74
    76
    71
    74
    75
    69
    62
    68
    62
    57
    57
    55
    59
    51
    47
    55
    56
    49
    48
    51
    53
    55
    52
    54
    57
    60
    62
    59
    59
    61
    66
    58
    39
    37
    63
    85
    92
    80
   116
   171
   176
    56
    50
    52
    53
    53
    58
    55
    46
    40
    37
    33
    31
    34
    36
    28
    31
    36
    38
    31
    30
    34
    36
    32
    31
    40
    54
    63
    63
    66
    76
    77
    69
    72
    78
    75
    77
    77
    81
    82
    84
    82
    86
    87
    94
    99
    99
   103
   102
   108
   108
   104
   110
   109
   108
   109
   112
   114
   109
   109
   116
   110
   107
   101
    85
    82
    75
    65
    66
    62
    60
    63
    60
    61
    69
    67
    62
    71
    72
    68
    66
    59
    63
    62
    52
    54
    59
    55
    49
    50
    51
    46
    41
    50
    55
    57
    63
    66
    60
    56
    55
    47
    25
    17
    38
    66
    75
    83
   112
   164
   187
   189
   193
    55
    56
    60
    60
    60
    58
    58
    56
    55
    40
    33
    33
    32
    32
    30
    29
    35
    28
    28
    32
    35
    38
    37
    33
    36
    42
    47
    58
    64
    63
    67
    70
    76
    69
    76
    78
    80
    80
    82
    79
    83
    80
    82
    85
    86
    91
   100
    99
    99
   104
   106
   102
   107
   108
   105
   107
   106
   107
   107
   105
   103
    97
    88
    78
    75
    65
    60
    52
    47
    49
    59
    67
    69
    74
    75
    82
    84
    75
    77
    67
    67
    62
    65
    60
    62
    61
    55
    51
    51
    50
    53
    54
    59
    63
    68
    67
    57
    64
    54
    41
    36
    59
    72
    89
   110
   153
   182
   197
   200
   195
   173
   125
    56
    55
    54
    54
    54
    56
    58
    58
    61
    54
    44
    37
    27
    33
    32
    29
    28
    29
    31
    28
    30
    34
    36
    32
    30
    28
    31
    31
    29
    39
    44
    51
    49
    57
    56
    61
    68
    74
    75
    79
    77
    76
    77
    71
    75
    81
    76
    83
    92
    93
    96
   102
   100
   103
   102
   101
    99
    97
    97
    93
    94
    91
    87
    82
    69
    67
    57
    56
    65
    72
    74
    74
    78
    82
    83
    83
    81
    75
    77
    75
    61
    66
    60
    63
    52
    49
    55
    55
    53
    57
    57
    60
    67
    65
    52
    42
    34
    39
    69
    88
   101
   103
   111
   153
   177
   175
   162
   148
   122
    80
    52
    53
    57
    55
    56
    57
    55
    57
    55
    57
    57
    58
    55
    49
    40
    29
    30
    30
    28
    26
    34
    34
    31
    28
    33
    32
    33
    31
    25
    26
    29
    32
    37
    35
    36
    36
    39
    39
    39
    40
    40
    42
    44
    56
    64
    69
    68
    70
    77
    80
    78
    86
    93
    91
    96
    96
    97
    93
    93
    89
    88
    87
    88
    84
    81
    75
    76
    73
    71
    73
    73
    75
    76
    73
    73
    82
    80
    79
    74
    75
    70
    67
    59
    64
    61
    54
    54
    53
    52
    55
    56
    57
    62
    63
    47
    34
    27
    33
    33
    37
    32
    33
    59
   102
    57
    26
    37
    57
    70
    55
    40
    61
    81
    86
    53
    50
    56
    55
    55
    55
    57
    57
    57
    58
    60
    59
    54
    43
    34
    33
    31
    34
    26
    31
    28
    34
    33
    34
    31
    26
    32
    34
    29
    31
    26
    28
    29
    34
    32
    36
    27
    31
    35
    30
    27
    22
    24
    27
    34
    39
    41
    52
    66
    72
    79
    84
    84
    86
    88
    91
    88
    88
    91
    92
    91
    86
    90
    86
    80
    83
    76
    79
    73
    73
    77
    81
    77
    74
    70
    76
    74
    70
    66
    62
    57
    54
    53
    49
    58
    51
    50
    56
    63
    59
    47
    35
    33
    39
    39
    33
    37
    35
    33
    34
    53
   122
    68
    65
    92
    98
    76
    35
    44
    86
    82
    18
    55
    55
    52
    50
    54
    51
    55
    58
    55
    56
    56
    59
    58
    54
    41
    32
    39
    34
    38
    33
    27
    24
    26
    23
    28
    33
    32
    31
    28
    24
    25
    31
    30
    31
    27
    25
    30
    26
    22
    29
    28
    29
    30
    39
    46
    59
    79
    74
    29
    28
    40
    52
    66
    77
    82
    84
    81
    81
    83
    85
    81
    81
    82
    81
    80
    75
    81
    81
    84
    71
    70
    70
    71
    76
    72
    65
    69
    63
    60
    51
    49
    53
    53
    49
    46
    54
    59
    56
    43
    34
    28
    34
    35
    33
    36
    34
    30
    35
    36
    34
    37
   109
    88
    97
   122
    96
    59
    77
   101
   102
    96
    56
    50
    58
    56
    57
    58
    60
    57
    55
    54
    55
    56
    59
    58
    59
    57
    54
    50
    38
    32
    28
    29
    34
    36
    33
    29
    33
    29
    29
    30
    32
    28
    27
    28
    30
    24
    27
    30
    26
    28
    19
    22
    29
    25
    35
    52
    60
    96
    99
    57
    31
    22
    12
    18
    32
    50
    61
    75
    76
    72
    71
    74
    75
    74
    74
    72
    71
    67
    71
    71
    82
    69
    65
    62
    60
    59
    59
    54
    53
    50
    54
    58
    56
    56
    62
    61
    52
    42
    29
    32
    35
    38
    36
    36
    38
    35
    34
    36
    34
    31
    35
    30
    75
    92
   103
   142
    79
    72
   103
    98
   101
    98
    89
    59
    48
    58
    61
    57
    57
    53
    54
    55
    57
    57
    59
    58
    57
    54
    56
    56
    59
    52
    52
    44
    42
    33
    29
    29
    29
    30
    31
    30
    27
    30
    22
    23
    24
    27
    28
    22
    25
    26
    28
    30
    36
    49
    72
    76
    77
    77
    90
    63
    48
    36
    38
    26
    22
    19
    17
    24
    36
    56
    57
    57
    62
    64
    67
    68
    68
    73
    68
    69
    66
    66
    59
    61
    60
    58
    59
    58
    58
    58
    56
    58
    59
    55
    41
    35
    32
    28
    38
    36
    33
    33
    35
    34
    37
    33
    35
    35
    39
    36
    31
    36
    69
    98
    91
   147
    94
    81
   113
   131
   115
   106
   103
    53
    58
    55
    51
    56
    56
    55
    54
    56
    54
    53
    57
    57
    58
    60
    57
    57
    54
    59
    59
    59
    52
    48
    50
    49
    41
    36
    32
    26
    20
    18
    25
    23
    26
    25
    25
    26
    23
    25
    33
    49
    69
    99
   118
   112
    97
    97
    85
    70
    57
    46
    33
    26
    21
    20
    25
    22
    24
    46
    62
    62
    54
    52
    54
    56
    59
    60
    72
    68
    66
    71
    74
    66
    65
    61
    60
    63
    59
    55
    53
    42
    34
    33
    32
    33
    36
    38
    35
    35
    37
    33
    34
    32
    36
    35
    36
    33
    37
    36
    35
    29
    65
    98
    86
   142
    98
    86
    85
   142
   135
   129
   138
    54
    52
    54
    55
    54
    53
    56
    56
    57
    60
    55
    57
    62
    56
    55
    56
    57
    56
    57
    54
    53
    58
    55
    59
    56
    56
    52
    49
    51
    41
    38
    34
    27
    25
    28
    24
    24
    27
    40
    66
    49
    24
    37
    62
    86
   107
   107
   100
    85
    67
    55
    48
    45
    37
    37
    35
    38
    46
    68
    76
    74
    66
    57
    56
    69
    79
    60
    42
    45
    45
    51
    52
    47
    40
    40
    37
    37
    29
    28
    26
    32
    32
    33
    35
    32
    31
    35
    34
    36
    36
    37
    38
    35
    35
    36
    37
    36
    33
    33
    31
    34
    61
    91
   100
   136
   112
    84
    72
    84
   141
   155
   170
    51
    54
    50
    53
    55
    58
    57
    56
    56
    54
    55
    52
    58
    54
    55
    53
    56
    57
    55
    55
    57
    58
    58
    52
    57
    54
    60
    54
    51
    51
    44
    36
    39
    32
    29
    30
    35
    38
    59
    59
    24
    18
    16
    12
     7
    26
    49
    84
    99
    96
    82
    84
    77
    68
    66
    68
    81
    98
    80
    50
    60
    80
    84
    72
    75
    92
    70
    55
    34
    32
    25
    26
    29
    31
    35
    35
    31
    37
    35
    35
    32
    34
    34
    32
    34
    34
    32
    35
    35
    37
    32
    30
    33
    36
    34
    33
    28
    33
    28
    32
    30
    54
    92
   119
   130
   104
    91
    77
    69
   128
   189
   187
    55
    50
    54
    56
    57
    55
    53
    53
    56
    56
    58
    61
    56
    54
    57
    55
    53
    53
    55
    58
    58
    55
    56
    57
    53
    58
    54
    58
    54
    54
    50
    49
    50
    42
    45
    45
    41
    49
    66
    58
    41
    32
    19
    21
    16
    11
    14
    17
    33
    53
    73
    75
    82
    95
   100
   109
   103
    73
    44
    53
    80
    89
    89
    80
    84
    93
    85
    55
    35
    35
    38
    33
    34
    30
    31
    33
    37
    32
    28
    32
    38
    34
    32
    33
    35
    28
    31
    30
    31
    32
    35
    38
    32
    35
    31
    30
    38
    32
    34
    29
    29
    52
    89
   111
   140
   119
   135
    86
    89
    80
   111
   182
    54
    57
    52
    55
    53
    55
    55
    57
    54
    56
    56
    53
    57
    59
    55
    58
    56
    56
    56
    57
    55
    56
    57
    57
    59
    54
    55
    59
    58
    56
    51
    57
    48
    52
    48
    45
    44
    44
    46
    69
    69
    59
    56
    44
    50
    55
    60
    62
    65
    65
    77
    84
    85
    73
    71
    66
    65
    67
    87
    97
    99
    94
   101
   100
   104
    87
    60
    38
    41
    35
    34
    36
    33
    38
    33
    33
    33
    34
    39
    38
    31
    34
    32
    35
    35
    34
    31
    34
    34
    30
    32
    27
    32
    35
    31
    33
    24
    31
    31
    33
    33
    62
    96
   112
   134
   133
   150
   135
    81
    85
    86
    67
    55
    50
    57
    53
    56
    54
    51
    53
    53
    53
    56
    57
    60
    54
    54
    54
    55
    58
    59
    55
    58
    58
    58
    62
    57
    58
    59
    54
    53
    54
    56
    57
    52
    49
    50
    50
    49
    45
    42
    41
    52
    67
    76
    89
    89
    99
    97
   106
    96
    88
    85
    70
    69
    79
    76
    79
    81
    86
    89
    78
    76
    87
   103
   102
    82
    45
    29
    31
    30
    35
    36
    40
    39
    33
    39
    36
    34
    33
    32
    30
    39
    35
    37
    34
    29
    31
    34
    33
    35
    34
    33
    36
    35
    31
    31
    31
    38
    32
    31
    32
    28
    81
   107
   127
   139
   140
   160
   172
   179
   139
   104
   105
    53
    56
    51
    53
    54
    59
    59
    55
    58
    60
    59
    55
    52
    56
    58
    54
    58
    55
    57
    56
    56
    58
    58
    49
    54
    54
    55
    58
    58
    57
    56
    54
    54
    55
    52
    50
    45
    49
    50
    46
    38
    34
    36
    35
    37
    40
    36
    32
    38
    34
    28
    34
    29
    28
    33
    31
    27
    26
    27
    31
    28
    32
    33
    37
    27
    38
    35
    34
    43
    32
    30
    34
    32
    36
    29
    35
    35
    38
    36
    33
    33
    32
    29
    32
    35
    31
    32
    29
    30
    31
    31
    29
    29
    29
    30
    29
    26
    31
    33
    35
    37
   100
   115
   126
   122
   154
   149
   180
   200
   211
   212
   204
    56
    45
    54
    53
    55
    52
    52
    55
    51
    56
    53
    51
    52
    58
    52
    51
    52
    52
    55
    55
    54
    55
    57
    57
    58
    55
    60
    56
    52
    53
    52
    56
    55
    54
    52
    53
    53
    50
    45
    49
    51
    49
    49
    43
    41
    41
    44
    41
    39
    37
    42
    41
    40
    39
    36
    39
    44
    40
    37
    35
    36
    35
    35
    39
    32
    32
    31
    33
    28
    34
    39
    37
    37
    34
    37
    34
    36
    31
    32
    39
    33
    33
    40
    33
    34
    36
    31
    33
    32
    31
    30
    32
    31
    32
    28
    34
    35
    29
    26
    27
    25
    78
   152
   110
   113
   119
   153
   107
   100
   115
   107
   102
    53
    59
    56
    53
    55
    56
    52
    51
    54
    56
    50
    49
    54
    53
    58
    56
    55
    55
    59
    52
    57
    58
    57
    57
    57
    58
    58
    56
    62
    61
    58
    56
    52
    62
    57
    61
    55
    55
    54
    51
    50
    47
    43
    46
    48
    50
    45
    42
    43
    45
    42
    37
    44
    45
    45
    34
    43
    39
    37
    35
    37
    37
    40
    30
    41
    36
    41
    34
    38
    38
    31
    33
    31
    38
    32
    33
    36
    38
    37
    28
    31
    35
    25
    31
    36
    30
    35
    35
    34
    35
    36
    32
    34
    32
    36
    28
    25
    36
    31
    33
    33
    50
   136
   183
   139
    87
   128
   176
   150
   130
   116
    98
