    54
    54
    52
    51
    57
    56
    58
    52
    52
    60
    60
    58
    59
    52
    51
    55
    57
    53
    58
    57
    60
    60
    58
    58
    51
    50
    58
    60
    63
    58
    59
    60
    56
    58
    49
    51
    53
    50
    50
    55
    55
    48
    56
    62
    62
    57
    56
    58
    56
    55
    50
    55
    45
    49
    52
    42
    46
    48
    52
    49
    46
    47
    45
    48
    51
    51
    40
    43
    43
    45
    48
    50
    45
    53
    51
    48
    51
    55
    53
    52
    55
    50
    54
    61
    60
    57
    53
    55
    56
    54
    56
    56
    57
    54
    58
    57
    55
    54
    54
    58
    59
    55
    47
    55
    52
    63
   160
   209
   208
   157
   208
   213
    53
    49
    55
    57
    52
    51
    58
    60
    56
    53
    54
    57
    59
    61
    64
    59
    61
    61
    62
    56
    55
    54
    56
    57
    63
    63
    59
    62
    59
    48
    42
    36
    43
    36
    47
    37
    37
    44
    47
    30
    34
    35
    41
    44
    43
    41
    41
    44
    46
    45
    52
    42
    49
    45
    46
    48
    55
    50
    41
    49
    54
    55
    49
    49
    48
    47
    51
    50
    48
    46
    49
    46
    47
    38
    41
    49
    47
    50
    43
    48
    45
    54
    47
    40
    44
    50
    51
    50
    49
    53
    55
    53
    53
    49
    45
    52
    53
    52
    53
    51
    46
    51
    55
    53
    56
    60
   194
   195
   189
   179
   211
   212
    53
    57
    54
    51
    52
    56
    54
    53
    57
    50
    54
    56
    55
    52
    52
    56
    55
    57
    56
    57
    56
    61
    63
    65
    64
    65
    62
    45
    37
    35
    40
    37
    37
    35
    34
    33
    34
    26
    35
    38
    35
    34
    31
    27
    38
    38
    38
    33
    31
    39
    31
    41
    42
    51
    54
    45
    45
    50
    46
    44
    40
    41
    50
    53
    48
    43
    52
    49
    51
    50
    49
    46
    49
    56
    57
    47
    43
    46
    49
    47
    47
    43
    50
    53
    54
    54
    51
    53
    50
    52
    50
    54
    47
    56
    56
    48
    48
    55
    54
    48
    51
    52
    53
    48
    47
    69
   207
   139
   197
   159
   210
   209
    55
    47
    55
    55
    59
    60
    54
    57
    53
    59
    57
    58
    64
    62
    65
    57
    56
    54
    56
    58
    62
    62
    62
    56
    46
    38
    28
    34
    30
    39
    37
    34
    30
    27
    32
    36
    31
    33
    29
    27
    29
    26
    18
    18
     9
    10
    12
    28
    24
    28
    31
    44
    32
    37
    34
    46
    49
    50
    53
    59
    53
    46
    42
    46
    53
    52
    45
    48
    47
    52
    50
    55
    51
    47
    42
    41
    45
    48
    36
    48
    53
    53
    43
    46
    38
    44
    49
    49
    49
    51
    47
    46
    47
    46
    50
    49
    49
    43
    45
    53
    51
    43
    42
    50
    46
    83
   191
   158
   202
   176
   245
   243
    45
    58
    55
    56
    56
    54
    63
    59
    55
    54
    54
    58
    54
    58
    59
    64
    60
    67
    62
    61
    56
    59
    55
    46
    43
    39
    39
    25
    33
    37
    31
    49
    50
    57
    59
    62
    74
    70
    70
    73
    79
    78
    82
    79
    78
    64
    61
    51
    50
    47
    38
    39
    35
    34
    34
    31
    33
    32
    39
    39
    46
    44
    43
    34
    25
    29
    29
    28
    32
    25
    29
    27
    33
    32
    51
    81
   101
   110
   100
    47
    34
    34
    42
    43
    57
    45
    47
    42
    47
    44
    48
    45
    50
    54
    46
    47
    44
    49
    46
    40
    39
    45
    48
    46
    47
    80
   157
   180
   200
   130
   115
   103
    56
    53
    54
    50
    53
    56
    53
    55
    59
    57
    56
    58
    59
    61
    57
    54
    55
    55
    58
    60
    50
    44
    36
    37
    33
    36
    31
    37
    43
    47
    60
    55
    68
    81
    84
    81
    87
    90
    92
    95
    89
    86
    83
    82
    86
    92
    91
    93
    87
    88
    94
    97
    99
    89
    92
    94
    94
    83
    91
    92
    97
    91
    93
    88
    89
    87
    87
    86
    91
    90
    91
    90
    86
    85
    83
    84
    78
    75
    79
    74
    66
    56
    54
    35
    19
    33
    36
    40
    49
    49
    46
    47
    45
    38
    45
    42
    44
    44
    45
    45
    48
    45
    48
    40
    47
    55
   128
   150
   181
   113
   117
   118
    52
    52
    50
    55
    54
    55
    56
    59
    58
    52
    55
    56
    56
    56
    55
    63
    64
    64
    62
    51
    47
    32
    39
    30
    26
    36
    52
    70
    74
    79
    83
    88
    91
    92
    94
    96
   106
   105
   103
    95
    98
    97
   103
    99
    88
    78
    70
    71
    80
    91
    97
    94
   101
   107
   110
   103
   106
   108
   102
   102
    99
   100
   100
   103
   105
   110
   105
   108
   105
   113
   110
   111
   108
   110
   109
   104
   104
   108
    97
   102
    91
    89
    96
   102
    96
    80
    59
    42
    32
    38
    41
    44
    43
    51
    42
    51
    49
    44
    47
    45
    49
    47
    47
    51
    47
    60
   123
   120
   170
   127
   135
   146
    56
    53
    55
    56
    64
    61
    57
    53
    54
    59
    58
    54
    53
    55
    61
    56
    53
    39
    33
    33
    26
    24
    16
    34
    58
    65
    77
    79
    85
    84
    87
    88
    98
    99
   104
   108
   105
   107
   103
   103
   109
   111
    92
    76
    78
    67
    92
   102
    98
    97
    96
    98
   102
   108
   108
   113
   109
   112
   114
   114
   107
   112
   108
   115
   113
   113
   119
   121
   119
   124
   121
   118
   116
   111
   103
   104
    98
    97
   102
    98
   103
   103
    94
    90
    96
   102
   106
   100
    87
    64
    39
    36
    46
    50
    48
    42
    43
    48
    47
    47
    46
    43
    46
    42
    45
    53
   133
   117
   187
   137
   107
    68
    54
    56
    57
    53
    52
    46
    57
    61
    61
    57
    62
    58
    62
    55
    52
    50
    40
    35
    34
    34
    28
    38
    58
    68
    73
    81
    82
    85
    85
    91
    99
   105
   106
   109
   110
   106
   107
   105
   108
   116
   108
    77
    70
    78
    97
   100
   102
    99
   110
   107
   101
   101
   103
   103
   103
   108
   114
   109
   103
   103
   114
   109
   112
   112
   120
   125
   128
   130
   125
   122
   120
   120
   120
   112
   113
   104
   101
   104
    96
    98
    98
   101
   104
   100
    94
    97
   102
   108
   105
    98
    97
    76
    39
    30
    39
    45
    48
    49
    40
    46
    44
    45
    41
    43
    43
    64
   173
   114
   163
   111
   151
   211
    56
    58
    56
    55
    62
    60
    58
    56
    57
    57
    58
    61
    55
    58
    49
    36
    32
    33
    32
    32
    51
    72
    77
    82
    79
    83
    90
    88
    96
    99
    95
   102
   112
   112
   107
   111
   111
   112
   111
    93
    80
    81
    76
    96
   108
   113
   113
   114
   113
   119
   118
   114
   109
   105
    88
    87
    98
   101
   110
   115
   114
   125
   127
   128
   130
   130
   129
   125
   120
   125
   127
   122
   132
   126
   116
   103
    93
    93
    95
    98
    98
    97
    99
    96
    94
   101
    91
    88
    98
   100
    99
   100
   102
    84
    49
    29
    47
    45
    48
    41
    50
    39
    40
    48
    52
    72
   177
   105
   155
    86
   150
   201
    52
    54
    58
    54
    52
    60
    56
    60
    54
    55
    60
    56
    53
    41
    33
    31
    38
    38
    33
    51
    74
    76
    77
    79
    85
    88
    90
    95
   101
   107
   110
   112
   104
   109
   117
   114
   113
   115
   109
    96
    90
    89
    95
    97
   117
   122
   133
   135
   133
   127
   129
   119
   116
   107
    97
    85
    92
   111
   111
   122
   129
   129
   131
   132
   136
   132
   129
   128
   131
   134
   137
   137
   128
   129
   121
   114
   109
    95
    91
    95
    99
   100
    98
   101
    99
    91
    99
   102
   106
    98
   100
    97
    97
    98
    93
    81
    41
    37
    39
    47
    44
    48
    49
    42
    40
    82
   157
    74
   120
   119
    85
   121
    56
    53
    44
    53
    55
    55
    60
    58
    59
    60
    57
    58
    42
    36
    39
    40
    30
    33
    54
    71
    89
    89
    85
    88
    90
    91
   106
   107
   105
   102
   101
   101
   117
   113
   109
   117
   119
   115
   108
    98
    95
    94
    87
   101
   116
   126
   134
   126
   128
   133
   123
   116
   100
   102
    98
    75
    99
   105
   111
   121
   129
   130
   137
   133
   134
   133
   134
   133
   133
   140
   142
   139
   139
   133
   123
   118
   107
   104
    98
    90
    84
    95
   102
    99
    93
    92
    90
    91
    93
    95
    95
    94
    93
    98
    96
    97
    95
    68
    39
    36
    45
    45
    43
    43
    42
    84
   138
    70
    84
   122
    63
    79
    58
    55
    61
    50
    54
    52
    56
    51
    50
    51
    56
    43
    30
    33
    30
    27
    35
    56
    71
    73
    74
    90
    89
    93
    93
   100
   106
   104
    94
   105
   109
   114
   112
   116
   117
   122
   122
   116
   109
    96
    92
    87
    91
   107
   116
   130
   135
   136
   137
   133
   114
    90
    90
    94
    87
    74
   107
   105
   104
   122
   127
   130
   130
   131
   128
   128
   123
   128
   139
   142
   146
   146
   139
   138
   129
   124
   111
   107
    96
   101
   103
    85
    97
   105
    99
    91
    88
    90
    87
    90
    96
    96
   100
    89
    92
    89
    90
    96
    98
    60
    36
    47
    50
    47
    43
    62
   108
    94
   112
   133
   113
    70
    49
    50
    53
    54
    59
    60
    55
    55
    60
    51
    32
    26
    29
    35
    32
    29
    49
    59
    67
    85
    92
    89
    94
    88
   102
   104
   105
   102
   107
   113
   108
   106
   117
   112
   114
   118
   119
   114
   103
   101
    90
    93
    98
   115
   116
   125
   138
   141
   147
   146
   120
   116
   117
   114
   106
    73
    67
    92
   104
   114
   129
   122
   128
   126
   127
   125
   127
   130
   131
   137
   144
   138
   136
   134
   134
   125
   120
   102
   109
   102
    93
   102
    86
    95
    91
   103
   103
   101
    91
    88
    92
    94
    89
    95
    92
    92
    94
    92
    92
    97
    85
    38
    34
    39
    46
    78
   129
   111
    66
   125
   126
    57
    58
    59
    58
    60
    58
    51
    56
    58
    49
    37
    34
    33
    30
    28
    32
    47
    57
    76
    84
    88
    88
    85
    90
    95
   103
   104
   107
   111
   112
   110
   110
   109
   111
   111
   118
   123
   127
   121
   118
   109
   100
    85
    91
   115
   119
   125
   132
   142
   160
   140
   115
   141
   120
   129
   108
    43
    58
   103
    92
   111
   125
   129
   126
   121
   117
   125
   129
   131
   136
   141
   144
   143
   144
   143
   137
   137
   125
   116
   109
   104
   101
    92
   100
    93
   104
   106
   110
   109
   105
   102
    89
    95
    92
    90
    91
    95
    92
    88
    85
    90
    93
    96
    57
    34
    26
    30
   130
   154
    69
    72
    97
    68
    53
    55
    55
    53
    56
    58
    57
    45
    27
    27
    26
    34
    35
    32
    35
    44
    62
    78
    87
    88
    90
   105
   101
   101
   103
   113
   109
   108
   109
   113
   112
   111
   109
   111
   117
   126
   129
   120
   110
   102
    87
    89
    86
   108
   129
   131
   133
   136
   132
   114
   127
   130
   122
   119
    73
    26
    72
    96
    90
   114
   125
   123
   124
   123
   123
   121
   126
   130
   136
   141
   141
   139
   136
   133
   134
   126
   122
   122
   115
   105
    96
   101
   106
   107
   104
   111
   107
   108
   110
   109
   102
    93
    94
    88
    86
    84
    80
    88
    86
    80
    81
    92
    94
    88
    98
    89
    84
   126
   128
   127
   120
   138
    58
    51
    48
    54
    58
    56
    51
    38
    42
    39
    32
    29
    29
    31
    48
    65
    80
    83
    85
    90
    97
    94
   104
   106
   112
   107
   113
   109
   107
   102
   108
   108
   112
   115
   122
   125
   135
   127
   126
   104
    80
    84
    93
   109
   122
   122
   125
   114
   119
   107
   119
   121
   118
   103
    40
    61
    85
   103
   100
   110
   117
   122
   117
   114
   112
   124
   134
   124
   127
   136
   137
   129
   130
   130
   123
   120
   122
   121
   122
   122
   120
   114
   113
   116
   120
   116
   120
   121
   112
   106
   109
    92
    91
    91
    86
    86
    84
    82
    82
    82
    86
    84
    87
    89
   141
   224
   181
    91
    80
    99
   108
   107
    54
    54
    58
    59
    57
    52
    38
    36
    31
    25
    23
    32
    32
    41
    58
    74
    77
    85
    87
    93
    93
    95
    97
   104
   109
   114
   103
   115
   116
   112
   115
   113
   113
   113
   117
   128
   127
   126
   124
    93
    64
    68
    86
    99
   119
   126
   124
   121
   105
   103
   122
   126
   119
    76
    39
    53
    78
    91
    92
   110
   120
   116
   115
   111
   122
   126
   125
   137
   139
   129
   126
   128
   120
   123
   122
   127
   129
   116
   113
   112
   114
   118
   114
   115
    99
   103
    97
    93
   105
   105
    97
   102
    97
    94
    87
    85
    84
    84
    77
    84
    79
    78
    80
    82
    66
   107
   225
   231
   146
    79
   124
   114
    58
    57
    58
    52
    48
    44
    36
    29
    33
    38
    39
    32
    41
    51
    66
    74
    85
    87
    92
    97
   102
    96
   102
   105
   105
   108
   114
   114
   109
   113
   113
   107
   114
   124
   128
   128
   128
   128
   120
    81
    66
    68
    69
    93
   114
   120
   124
   125
    98
   107
   119
   124
   117
    55
    39
    53
    64
    94
    89
   110
   119
   114
   116
   120
   124
   125
   137
   133
   121
   132
   130
   124
   124
   119
   114
   109
   105
   107
   110
   116
   123
   117
   103
    92
    85
    88
    87
    88
    90
    96
    92
    91
    90
    93
    86
    84
    72
    75
    81
    74
    80
    76
    78
    84
    81
    67
   100
   226
   226
   167
    78
   110
    49
    57
    59
    55
    42
    24
    29
    33
    30
    25
    19
    35
    38
    58
    84
    84
    83
    88
    89
    96
    91
    99
   102
   106
   108
   108
   116
   112
   111
   115
   109
   113
   117
   117
   125
   134
   141
   124
   106
    72
    69
    66
    69
    88
   113
   122
   125
   120
    95
   118
   120
   115
    92
    32
    34
    57
    79
    71
    92
   118
   118
   118
   118
   119
   125
   135
   134
   131
   134
   131
   126
   126
   123
   118
   115
   114
   108
   107
   109
   107
    85
    69
    78
    80
    85
    66
    69
    69
    69
    65
    88
    86
    75
    79
    78
    85
    85
    80
    80
    85
    74
    78
    75
    75
    82
    77
    72
    88
   225
   218
   204
   117
    57
    53
    55
    42
    35
    40
    35
    33
    33
    35
    35
    32
    45
    64
    74
    87
    91
    91
    98
    95
    96
    98
   103
   109
   111
   113
   114
   118
   114
   115
   104
   113
   119
   132
   133
   137
   146
   137
   117
    88
    70
    76
    72
    86
   109
   117
   125
   117
   101
   124
   124
   117
    66
    31
    51
    62
    86
    79
   112
   111
   114
   112
   115
   119
   126
   134
   133
   133
   128
   131
   129
   123
   126
   117
   119
   120
   117
   110
   107
    89
    75
    76
    88
    89
    82
    69
    55
    51
    44
    63
    63
    79
    81
    72
    83
    87
    91
    93
    87
    84
    87
    83
    72
    54
    64
    78
    76
    70
   105
   229
   213
   187
    56
    62
    56
    40
    38
    34
    29
    30
    24
    24
    30
    42
    52
    70
    83
    79
    85
    92
    97
    97
    99
   103
   109
   114
   116
   118
   116
   110
   115
   113
   117
   115
   121
   126
   129
   140
   137
   129
   106
    85
    68
    67
    70
    80
   103
   117
   119
   102
    94
   111
   105
    87
    38
    45
    58
    56
    59
    88
   110
   121
   116
   112
   120
   129
   131
   133
   138
   134
   133
   129
   127
   125
   120
   121
   121
   121
   118
   112
    97
    84
    98
   114
    99
    71
    50
    53
    60
    69
    82
    85
   109
   107
   102
   103
    91
    96
    92
    82
    86
    83
    83
    78
    77
    70
    63
    74
    81
    86
    66
    73
   220
   207
    58
    43
    36
    37
    28
    27
    23
    30
    32
    30
    34
    46
    62
    71
    83
    87
    92
    90
    92
    97
    99
   104
   107
   113
   120
   114
   120
   123
   116
   117
   113
   118
   119
   123
   138
   156
   151
   126
   109
    88
    73
    72
    79
    84
    98
   108
   106
    89
    82
    81
    82
    57
    22
    54
    55
    70
    84
   110
   118
   120
   120
   125
   119
   127
   130
   136
   133
   130
   130
   120
   116
   123
   126
   128
   127
   119
   113
   105
   102
   114
   116
   115
   107
   115
   121
   105
    97
   103
   114
   115
   118
   125
   124
   118
   115
   103
    95
    94
    89
    90
    89
    90
    92
    81
    71
    65
    61
    69
    77
    71
    79
   216
    54
    49
    42
    31
    34
    36
    41
    31
    31
    39
    44
    54
    65
    73
    79
    84
    86
    92
    98
    95
   106
   107
   113
   113
   117
   124
   125
   124
   128
   126
   123
   116
   127
   134
   144
   149
   149
   128
   109
    81
    68
    62
    69
    76
    89
    97
    94
    75
    75
    78
    88
    47
    40
    85
    69
    79
    92
   113
   118
   120
   123
   119
   127
   127
   131
   138
   134
   123
   116
   126
   130
   131
   133
   129
   132
   124
   115
   116
   122
   119
   114
   116
   121
   125
    98
    58
    33
   104
   128
   121
   117
   122
   121
   121
   120
   113
   104
   101
   108
   101
    79
    65
    48
    52
    53
    58
    75
    68
    81
    81
    79
   137
    57
    46
    31
    38
    27
    27
    27
    36
    35
    36
    37
    56
    73
    86
    85
    93
    94
    97
    97
   109
   106
   118
   119
   125
   127
   125
   123
   126
   126
   115
   116
   116
   124
   143
   150
   150
   150
   133
   107
    78
    72
    72
    71
    76
    89
   104
    95
    74
    60
    73
    85
    43
    41
    43
    56
    90
   118
   127
   122
   121
   121
   124
   128
   136
   138
   118
   111
   111
   116
   115
   107
   102
   104
   114
   125
   125
   130
   134
   118
   117
   122
   121
   122
   100
    67
    30
    16
    46
    94
   121
   136
   121
   120
   117
   121
   122
   113
   107
    96
    90
    86
    94
   101
    87
    78
    57
    51
    46
    67
    85
    80
    60
    49
    40
    30
    26
    30
    34
    31
    24
    34
    44
    46
    57
    68
    72
    75
    87
    92
    96
   102
   102
   112
   119
   117
   118
   121
   127
   132
   134
   134
   121
   118
   122
   127
   139
   154
   159
   154
   127
   104
    88
    70
    68
    76
    76
    83
    92
   100
    84
    55
    71
    64
    37
    67
    70
    82
   101
   115
   122
   120
   122
   125
   128
   131
   132
   117
   121
   152
   152
   124
   113
    95
    90
    98
   105
   112
   127
   133
   126
   113
   111
   117
   122
   107
    90
    57
    21
    23
    93
   117
   103
   109
   122
   118
   110
   110
   115
   115
   101
   101
   100
    87
    88
    68
    68
    44
    52
    57
    55
    49
    55
    74
    82
    52
    37
    27
    34
    30
    32
    26
    32
    34
    33
    51
    61
    74
    81
    79
    84
    96
    99
   109
   115
   115
   112
   121
   129
   128
   128
   125
   132
   136
   121
   123
   123
   132
   138
   153
   151
   145
   140
   118
    90
    78
    73
    80
    81
    73
    95
   108
    87
    71
    60
    76
    41
    64
    83
   104
   117
   114
   119
   126
   131
   123
   127
   137
   121
   120
   135
   161
   138
   104
    84
    88
   102
   109
   130
   132
   133
   129
   116
   125
   126
   123
   115
   104
    86
    73
    44
    27
    88
   112
   112
   121
   121
   128
   127
   114
   103
   107
   113
   107
    97
   108
   106
   103
    99
    99
    74
    78
    57
    36
    44
    49
    64
    39
    22
    33
    26
    25
    29
    35
    28
    23
    37
    54
    65
    69
    74
    89
    90
    98
   100
   100
   106
   113
   125
   132
   126
   130
   127
   139
   133
   132
   130
   122
   134
   135
   138
   139
   151
   154
   141
   126
   105
    86
    75
    84
    81
    77
    78
   100
   105
    79
    61
    33
    25
    74
    93
    99
    96
   115
   123
   123
   120
   126
   131
   125
   115
   121
   136
   157
   126
    81
    37
    42
    91
   115
   123
   127
   136
   127
   129
   120
   116
   126
   118
    99
    90
    85
    65
    30
   110
   134
   111
   100
   107
   120
   129
   132
   116
   100
    99
   103
   106
   105
   111
   111
   102
    91
    90
    79
    58
    53
    38
    43
    49
    31
    35
    34
    34
    33
    26
    21
    31
    31
    40
    51
    55
    73
    80
    87
    95
   102
   108
   107
   115
   119
   125
   128
   132
   131
   134
   128
   134
   138
   132
   124
   120
   128
   132
   137
   141
   143
   143
   136
   114
    98
    93
    86
    95
    91
    80
    78
    92
    89
    78
   104
    96
    95
    94
    98
   117
   117
   119
   113
   118
   121
   117
   111
   106
   127
   149
   147
   112
    57
    27
    34
    62
   104
   112
   119
   114
   111
   120
   128
   140
   129
   114
   114
    99
    88
    62
    42
   109
   119
   110
   111
   104
   104
   114
   123
   114
   107
    98
   102
    98
    98
   102
   110
   119
   112
    94
    78
    68
    44
    51
    45
    36
    29
    27
    29
    27
    26
    29
    29
    28
    36
    48
    62
    72
    68
    76
    89
    92
    91
    98
   108
   115
   121
   128
   136
   131
   133
   137
   134
   133
   130
   121
   124
   129
   128
   130
   145
   154
   153
   145
   134
   128
   111
    98
    94
    96
   106
   111
   109
   102
   105
   121
   126
   108
    96
    99
   115
   115
   119
   120
   122
   116
   114
   116
   119
   131
   149
   129
   116
   101
    45
    15
    27
    35
    92
   118
   119
   117
   123
   125
   131
   139
   121
   118
    91
    94
    68
    42
    86
    86
   110
   121
   110
   103
    99
   100
   111
   121
   105
    96
    96
    96
    97
    95
   106
   103
   104
   110
   107
    66
    52
    35
    39
    38
    37
    32
    32
    26
    28
    31
    28
    32
    36
    49
    55
    65
    74
    75
    82
    88
   105
   108
   110
   116
   124
   119
   124
   134
   137
   134
   132
   130
   138
   130
   127
   119
   127
   138
   147
   150
   154
   145
   132
   114
   114
   109
   103
   100
   110
   120
   123
   114
   114
   110
   109
   105
   113
   115
   116
   113
   110
   111
   115
   118
   121
   118
   135
   149
   178
   154
   117
   103
    38
    22
    27
    81
   110
   115
   121
   126
   128
   131
   142
   121
   131
   128
   116
    78
    70
    57
   110
   101
   112
   111
   125
   154
   130
   115
   105
   110
   113
    99
    95
    95
    94
    94
    98
    97
    98
    89
    68
    61
    61
    54
    36
    41
    21
    30
    25
    30
    30
    37
    37
    29
    40
    46
    58
    65
    73
    78
    85
    97
    97
   115
   119
   120
   119
   127
   128
   132
   130
   134
   130
   130
   125
   127
   126
   132
   142
   143
   155
   158
   143
   134
   130
   125
   117
   114
   109
   115
   123
   127
   126
   126
   120
   119
   115
   118
   110
   113
   115
   116
   122
   127
   119
   121
   134
   139
   148
   182
   210
   181
   136
   102
    53
    19
    62
   116
   110
   107
   119
   117
   125
   136
   126
   125
   127
   130
   104
    84
    44
    50
   102
   116
   109
   116
   131
   194
   189
   129
   115
   107
   108
    95
    85
    80
    87
    89
    89
   106
   116
    95
    77
    43
    44
    46
    40
    36
    34
    33
    35
    32
    32
    31
    36
    41
    39
    55
    58
    67
    77
    89
    93
   100
   108
   113
   114
   117
   124
   123
   128
   127
   128
   126
   139
   130
   134
   123
   128
   129
   136
   143
   145
   147
   147
   144
   133
   122
   121
   114
   114
   116
   125
   135
   139
   133
   129
   124
   119
   115
   123
   121
   123
   130
   134
   127
   127
   126
   127
   141
   148
   137
   125
   135
   136
   121
    87
    28
    72
   115
   111
   105
   115
   122
   119
   117
   115
   123
   121
   111
    78
    55
    40
    65
    71
    46
    90
   113
   105
   131
   170
   129
   114
    98
    94
    98
    78
    74
    74
    90
    93
    97
    99
    96
    71
    62
    45
    38
    28
    34
    26
    24
    27
    29
    29
    31
    26
    32
    48
    54
    64
    71
    76
    82
    98
    96
   104
   113
   116
   123
   118
   133
   133
   129
   136
   136
   131
   133
   128
   131
   128
   127
   130
   136
   154
   163
   156
   145
   131
   124
   117
   118
   116
   116
   119
   127
   133
   136
   130
   126
   128
   129
   130
   128
   129
   129
   127
   126
   133
   135
   140
   141
   143
   141
   138
   127
   120
   105
   102
    56
    69
    87
    90
    89
   113
   113
   121
   126
   119
   117
   113
   101
    65
    47
    45
    92
   131
    58
    97
   117
   122
   107
   103
   100
    92
    94
    84
    83
    69
    60
    72
    84
    83
    99
   101
    85
    53
    43
    49
    44
    38
    37
    31
    29
    32
    29
    27
    18
    31
    38
    44
    51
    61
    74
    74
    84
    92
    99
   101
   112
   115
   119
   130
   122
   126
   134
   132
   136
   133
   133
   130
   135
   125
   133
   136
   147
   159
   168
   151
   148
   141
   127
   121
   111
   111
   117
   126
   133
   131
   129
   126
   121
   122
   127
   124
   127
   134
   138
   132
   132
   131
   138
   142
   153
   158
   155
   142
   130
   111
    93
    79
    85
    58
    59
    61
    81
   113
   117
   122
   105
   115
   118
   101
    80
    46
    32
    42
   114
   118
    50
    95
   126
   127
   117
   106
    99
    97
    93
    83
    85
    61
    53
    52
    56
    72
    87
    91
   110
    77
    71
    48
    39
    37
    42
    37
    32
    29
    26
    30
    38
    28
    40
    48
    62
    62
    69
    82
    81
    90
    99
   105
   107
   114
   117
   118
   131
   135
   136
   136
   138
   132
   122
   121
   125
   131
   128
   141
   157
   166
   174
   163
   152
   141
   130
   123
   118
   118
   126
   139
   143
   140
   132
   124
   125
   125
   130
   129
   126
   133
   134
   135
   130
   133
   142
   145
   161
   166
   159
   138
   127
   105
    94
    80
    64
    57
    54
    65
    85
   121
   125
   128
   125
   117
   114
   108
   102
    63
    41
    50
    68
    19
    31
    94
   123
   128
   129
   122
   103
    85
    79
    70
    72
    66
    43
    51
    58
    74
    89
    93
    74
    70
    47
    50
    44
    37
    33
    28
    27
    30
    35
    32
    26
    38
    41
    50
    61
    75
    78
    78
    83
    94
   102
   101
   107
   111
   117
   119
   120
   139
   130
   131
   130
   129
   124
   126
   123
   129
   132
   132
   150
   171
   180
   160
   142
   128
   120
   117
   108
   106
   111
   127
   143
   146
   137
   127
   120
   123
   124
   126
   132
   128
   126
   124
   126
   142
   141
   176
   212
   191
   156
   130
   110
    97
    82
    57
    47
    57
    52
    49
    58
    99
   119
   133
   115
   114
   106
   100
    83
    58
    45
    66
   138
   161
    52
   102
   116
   133
   136
   122
   101
    90
    78
    61
    65
    56
    38
    41
    52
    67
    88
   107
    92
    74
    80
    52
    43
    37
    32
    36
    28
    38
    24
    28
    23
    32
    40
    53
    63
    66
    81
    87
    96
    89
    97
   104
   105
   117
   121
   118
   126
   126
   125
   124
   125
   127
   126
   126
   131
   131
   132
   147
   167
   173
   182
   168
   136
   128
   124
   118
   108
   107
   122
   133
   126
   114
   115
   116
   118
   122
   119
   118
   125
   135
   132
   127
   125
   122
   134
   147
   197
   198
   154
   128
   119
   104
    90
    69
    55
    39
    22
    24
    44
    93
   113
   120
   121
   120
   115
   107
    91
    67
    53
    69
   122
   124
    52
   103
   119
   141
   138
   135
   119
    94
    82
    64
    56
    42
    34
    43
    48
    69
    90
    98
    98
    96
    72
    65
    64
    45
    36
    24
    29
    28
    35
    26
    30
    27
    36
    55
    61
    65
    74
    85
    80
    87
    90
    95
   107
   114
   117
   124
   126
   126
   120
   120
   127
   125
   118
   122
   126
   130
   136
   143
   162
   174
   158
   138
   129
   114
   105
   101
   101
   102
   106
   105
   106
   118
   113
   112
   109
   109
   115
   119
   117
   122
   120
   123
   123
   128
   133
   151
   152
   147
   136
   126
   115
    99
    84
    77
    67
    53
    38
    38
    66
   115
   120
   153
   128
   121
   108
   102
    87
    60
    51
    99
   136
    98
    42
   116
   129
   155
   173
   138
   105
    91
    72
    60
    52
    43
    39
    41
    48
    70
    95
   105
   104
    96
    67
    62
    52
    37
    38
    32
    33
    30
    26
    22
    33
    37
    39
    48
    64
    80
    84
    78
    81
    85
    89
    93
    99
   120
   118
   117
   122
   121
   128
   126
   129
   125
   124
   130
   129
   133
   140
   152
   163
   157
   144
   119
   107
   104
    99
    87
    87
    92
   101
   110
   115
   115
   112
   110
   111
   112
   115
   117
   120
   118
   122
   114
   117
   118
   126
   130
   134
   134
   127
   118
   100
    94
    84
    68
    73
    37
    55
    74
    90
   115
   124
   139
   136
   139
   118
   104
    79
    63
    52
   119
   137
    54
    30
   103
   131
   150
   161
   151
   129
   102
    82
    53
    49
    46
    35
    39
    47
    70
    90
    99
   115
    83
    45
    38
    43
    42
    41
    28
    30
    28
    32
    30
    24
    32
    43
    60
    64
    63
    69
    74
    86
    89
    97
   105
   106
   108
   112
   117
   126
   123
   120
   119
   116
   119
   115
   123
   127
   133
   146
   156
   162
   155
   129
   112
    94
    83
    84
    86
    84
    89
    88
    88
    95
    99
   100
   104
   102
   105
   114
   109
   114
   114
   113
   118
   113
   117
   113
   121
   130
   124
   122
   113
    92
    88
    41
    40
    36
    25
    53
   104
   119
   104
   130
   117
   110
   111
   110
   102
    74
    40
    42
    38
    64
    34
    31
   112
   119
   148
   135
   115
   102
    86
    73
    60
    49
    41
    34
    36
    46
    68
    93
    93
    97
   109
    91
    70
    44
    39
    36
    31
    24
    28
    28
    21
    27
    23
    32
    52
    63
    72
    78
    82
    82
    79
    85
    97
   105
   109
   110
   117
   117
   123
   119
   125
   131
   125
   120
   121
   120
   134
   146
   158
   154
   147
   126
   123
   108
   100
    87
    82
    80
    81
    82
    73
    73
    66
    75
    88
    99
    98
   102
   112
   113
   113
   109
   109
   115
   114
   119
   120
   123
   127
   125
   105
    90
    45
    17
    41
    29
    32
    89
   132
   117
   119
   145
   143
   125
   112
   101
    87
    55
    47
    70
   119
    99
    14
    29
   100
   133
   136
   132
   116
   104
    87
    74
    52
    45
    31
    29
    34
    39
    73
    92
   100
   110
    85
    57
    53
    49
    38
    35
    32
    29
    30
    30
    34
    31
    32
    33
    39
    58
    66
    73
    79
    78
    94
    94
   102
   114
   117
   120
   118
   123
   114
   117
   117
   120
   121
   118
   121
   121
   124
   142
   149
   159
   142
   133
   107
    83
    78
    81
    68
    75
    74
    65
    62
    59
    62
    63
    62
    72
    89
   100
   109
   114
   118
   115
   108
   103
   104
   100
   118
   122
   127
   121
   108
    76
    29
    26
    32
    38
    67
   119
   125
   143
   130
   126
   118
   122
   120
   109
   100
    59
    39
    78
   144
   129
    21
    38
   128
   139
   146
   132
   110
    99
    82
    61
    50
    45
    44
    32
    35
    43
    74
    92
    92
    92
    93
    64
    50
    42
    41
    38
    30
    30
    33
    25
    24
    33
    24
    31
    51
    58
    68
    75
    73
    84
    81
    85
    81
    93
   112
   115
   125
   120
   121
   120
   117
   116
   117
   119
   118
   125
   132
   146
   175
   159
   139
   117
   103
    92
    79
    67
    75
    75
    71
    67
    70
    80
   109
   125
   120
    89
    70
    81
   102
   105
   115
   120
   114
   104
   105
   111
   105
   116
   130
   126
   105
    70
    23
    13
    30
    46
    87
   117
   121
   121
   120
   129
   115
   119
   112
    97
    88
    48
    41
    95
   166
   132
    17
    73
   131
   141
   148
   145
   111
    84
    72
    64
    47
    42
    26
    26
    33
    41
    81
    96
    99
    87
    53
    35
    39
    43
    41
    32
    30
    33
    35
    34
    30
    24
    35
    43
    42
    55
    65
    73
    81
    79
    85
    95
   109
   104
   108
   110
   110
   118
   119
   121
   126
   119
   110
   113
   114
   116
   129
   148
   161
   137
   118
   111
    81
    74
    77
    72
    66
    68
    74
    85
    91
    98
   110
    99
   104
   109
    91
    83
    92
   102
   103
   112
   118
   108
   105
    96
   101
   113
   130
   129
   111
    67
    25
    24
    38
    50
    89
   111
   115
   113
   111
   113
   107
   116
   120
   108
    87
    50
    43
    94
   163
   117
    28
   131
   136
   150
   150
   121
    93
    82
    70
    53
    44
    42
    32
    35
    33
    55
    88
    96
    97
   105
    87
    71
    45
    49
    36
    27
    32
    30
    25
    27
    28
    34
    36
    27
    40
    66
    70
    70
    77
    83
    88
    87
    92
   100
   110
   113
   112
   108
   109
   116
   112
   114
   110
   119
   121
   132
   145
   157
   164
   141
   123
    90
    74
    77
    74
    71
    72
    88
    97
    96
    85
    92
    83
    61
    46
    81
   109
    97
    94
    98
   111
   112
   111
   109
   102
   100
   102
   115
   130
   133
   113
    68
    23
    21
    39
    64
    99
   110
   108
   115
   113
   118
   109
   112
    96
    93
    68
    52
    43
   123
   180
   115
    61
   122
   131
   196
   220
   106
    81
    71
    59
    50
    42
    49
    33
    28
    32
    49
    78
   103
   105
    80
    54
    56
    58
    33
    27
    34
    32
    30
    29
    30
    31
    27
    35
    34
    37
    51
    60
    70
    78
    76
    85
    88
    98
   101
   101
   104
   114
   116
   114
   111
   114
   115
   116
   114
   114
   131
   131
   153
   157
   131
    97
    74
    69
    68
    69
    74
    85
    95
    99
    85
    76
    67
    63
    77
    67
    84
    96
   107
   103
   105
   103
   103
   111
   120
   111
   107
   114
   123
   134
   135
   111
    64
    25
    24
    67
    81
    93
   104
   109
   106
   105
   110
   106
   104
   105
    94
    62
    44
    51
    71
    74
    35
    75
   120
   121
   176
   130
    81
    74
    67
    58
    46
    55
    38
    30
    32
    33
    65
    92
   100
   111
    85
    71
    52
    36
    31
    32
    26
    35
    30
    32
    33
    28
    27
    26
    24
    33
    50
    59
    65
    70
    74
    81
    88
    96
   103
   111
   106
   102
   105
   106
   106
   110
   109
   108
   114
   121
   122
   136
   154
   152
   125
    97
    66
    63
    71
    74
    82
   100
   109
    98
    93
    79
    67
    72
    71
    47
    70
    84
   100
   114
   107
   113
   111
   110
   115
   119
   106
   110
   118
   129
   132
   108
    72
    22
    20
    47
    65
   104
   106
   106
   109
   111
   110
   104
   101
   106
    91
    67
    44
    50
    93
    64
    23
   112
   116
   120
   107
    87
    82
    75
    76
    54
    47
    50
    38
    31
    30
    46
    79
    91
   109
   101
    90
    92
    77
    65
    48
    39
    26
    42
    33
    25
    19
    34
    34
    36
    33
    31
    38
    54
    67
    77
    79
    83
    84
    86
    93
   101
   106
   104
   110
   114
   113
   115
   114
   116
   115
   117
   119
   134
   136
   132
   108
    84
    60
    60
    69
    75
    94
   113
   117
   115
   104
    83
    77
    82
    73
    44
    68
    72
    85
   113
   122
   114
   113
   116
   120
   109
   110
   110
   123
   136
   145
   116
    71
    41
    25
    38
    66
    92
   104
   104
   106
   107
   111
   101
    99
    91
    80
    65
    35
    47
    91
   101
    70
   110
   106
   100
    87
    80
    73
    69
    64
    45
    56
    51
    34
    28
    38
    55
    82
    96
    98
    97
    99
    71
    65
    59
    42
    40
    36
    35
    27
    31
    40
    30
    31
    27
    31
    33
    44
    60
    71
    71
    71
    72
    81
    90
    94
    97
    97
   102
    99
   101
   107
   104
    98
    98
   108
   113
   122
   125
   127
   125
   103
    66
    66
    67
    65
    83
   112
   126
   128
   125
   104
    86
    90
    91
    81
    37
    56
    72
    79
   101
   119
   118
   115
   113
   109
   113
   101
   108
   115
   122
   138
   109
    79
    51
    46
    45
    64
   111
   108
   104
   111
   113
   110
    99
   103
    99
    88
    54
    37
    65
   137
    68
    96
   109
   100
   105
   106
    88
    79
    76
    64
    62
    68
    44
    29
    32
    50
    76
    93
   104
   107
    97
    90
    92
    77
    49
    40
    36
    31
    38
    37
    34
    23
    23
    23
    31
    37
    30
    34
    51
    66
    69
    75
    76
    85
    87
    91
    95
    94
    99
   107
   100
   101
   105
   108
   103
   107
   113
   123
   128
   122
   112
    99
    88
    67
    68
    83
   103
   122
   132
   134
   124
   105
    98
   103
    98
    74
    33
    45
    51
    74
    95
   111
   123
   117
   116
   118
   123
   113
    89
    94
    96
   111
   104
    85
    82
    52
    48
    77
   111
   102
   103
   104
   107
   112
   104
    96
    97
    88
    62
    34
    43
    38
    39
   106
   100
    93
    86
    85
    96
    88
    75
    63
    72
    61
    43
    41
    47
    63
    70
    81
   104
   117
   105
    95
    90
    65
    53
    50
    28
    32
    48
    31
    31
    30
    33
    32
    35
    20
    35
    37
    50
    60
    66
    75
    77
    76
    73
    80
    91
    95
    98
    89
   102
   104
   103
   101
   107
   110
   114
   110
   120
   123
   108
    95
    65
    68
    78
    91
   112
   133
   137
   141
   133
   106
   106
   112
   113
    77
    38
    76
    83
    79
    95
   118
   118
   121
   118
   116
   121
   132
   113
   103
   107
   103
    91
    77
    22
    16
    56
   116
   127
   117
   100
   109
   108
   114
   101
    94
    92
    96
    61
    45
    64
    74
    72
   109
    93
    97
   129
   102
    83
    82
    70
    79
    79
    59
    46
    42
    59
    66
    81
    87
    94
    98
   102
    98
    91
    70
    52
    35
    37
    36
    50
    40
    31
    32
    33
    26
    28
    28
    21
    28
    49
    61
    72
    72
    69
    73
    83
    81
    85
    87
    94
   101
    97
   103
   105
   101
   101
    99
   105
   117
   111
   111
    96
    69
    69
    68
    77
    95
   116
   127
   132
   140
   128
   102
   118
   126
   116
    94
    36
    45
    42
    70
    71
   105
   121
   112
   119
   122
   125
   130
   125
   109
   102
   123
   134
   146
   145
   137
   132
   127
   119
   114
   109
   106
   111
   119
   107
    92
    97
    85
    65
    44
    76
   116
   120
    97
    93
   137
   126
   106
    95
    79
    84
    85
    66
    63
    56
    51
    59
    66
    79
    90
    99
   106
    95
    87
    58
    45
    48
    51
    34
    27
    56
    44
    33
    35
    30
    31
    30
    29
    33
    27
    33
    53
    64
    68
    70
    79
    74
    87
    87
    96
    90
    95
    95
    99
   100
   106
   104
   107
   107
   102
   112
   109
   104
    95
    80
    77
    75
   103
   121
   130
   130
   140
   143
   127
   139
   127
   117
   101
    42
    60
    70
    93
    69
    97
   108
   114
   111
   120
   126
   131
   129
   115
   111
   109
   123
   137
   135
   146
   139
   133
   122
   116
   109
   106
   111
   111
   110
   100
    97
   106
    69
    44
    78
    97
   106
   107
   130
   120
   110
   103
    90
   101
   100
    90
    77
    65
    50
    55
    64
    69
    80
    93
   102
    93
    96
    81
    77
    54
    37
    28
    32
    24
    54
    54
    39
    31
    24
    28
    32
    29
    31
    34
    39
    48
    60
    66
    73
    71
    84
    82
    87
    89
    90
    91
    97
    95
   100
    90
    96
    97
   107
   112
   103
   109
    94
    79
    66
    73
    95
   114
   130
   129
   126
   134
   128
   129
   139
   128
   119
    99
    44
    47
    58
    79
    56
    91
   113
   114
   114
   119
   132
   134
   132
   130
   115
   111
   116
   122
   140
   132
   133
   127
   122
   122
   107
   103
   109
   110
   118
    99
    92
    79
    63
    44
    21
    73
   114
    98
   104
   109
   102
   108
   103
    99
    93
    86
    74
    63
    63
    64
    63
    74
    92
    93
    97
   107
    84
    72
    63
    57
    45
    29
    28
    25
    53
    51
    47
    31
    35
    31
    30
    30
    28
    25
    35
    49
    60
    62
    70
    73
    73
    81
    82
    84
    92
    89
    90
    91
    94
    98
   101
   105
    97
   103
    98
    95
    88
    79
    72
    85
   104
   119
   123
   128
   129
   126
   126
   113
   126
   123
   118
   105
    44
    29
    39
    85
    73
    95
   120
   116
   102
   116
   115
   126
   125
   126
   119
   116
   118
   121
   127
   141
   136
   133
   131
   120
   110
   107
   109
   107
   113
   104
    83
    72
    54
    43
    35
   106
   115
   118
   101
   104
   109
   107
   102
   100
    94
    87
    78
    69
    70
    72
    71
    81
    82
    95
    96
    71
    73
    67
    47
    35
    34
    32
    28
    29
    57
    56
    54
    38
    32
    38
    33
    41
    35
    33
    31
    37
    47
    66
    66
    75
    72
    79
    83
    90
    92
    93
    92
    94
    96
    94
    89
    92
   100
    97
    97
    85
    85
    86
    75
    67
   101
   114
   124
   120
   122
   123
   112
    97
   105
   113
   112
   101
    45
    30
    62
    89
    69
    84
   116
   120
   111
   115
   124
   128
   133
   138
   133
   121
   115
   118
   120
   125
   138
   136
   132
   118
   105
   101
   111
   113
   111
   105
    70
    53
    47
    19
    43
   113
   106
    95
    97
   104
   112
   111
   104
    97
    85
    81
    76
    71
    66
    72
    82
    76
    80
    94
    97
    97
    87
    67
    48
    30
    34
    37
    28
    27
    55
    57
    49
    41
    30
    28
    32
    26
    24
    27
    30
    32
    50
    50
    60
    59
    69
    66
    72
    80
    89
    86
    94
    92
    95
   100
    97
    95
    95
    94
    97
    84
    86
    83
    85
    75
    89
   116
   122
   124
   116
   118
   108
    89
   103
   107
   116
   103
    53
    31
    60
    77
    63
    82
   116
   118
   107
   107
   120
   126
   129
   141
   134
   133
   130
   119
   120
   122
   124
   126
   123
   113
   103
   102
   107
   111
   112
   108
    68
    46
    27
    14
    75
   109
    93
    96
   103
   113
   112
   107
   100
    98
    90
    86
    78
    77
    82
    84
    77
    80
    89
    72
    71
    78
    64
    58
    45
    39
    32
    29
    34
    23
    52
    55
    59
    48
    31
    28
    23
    27
    29
    28
    25
    36
    40
    54
    59
    68
    72
    78
    79
    82
    79
    93
    89
    91
    94
    94
    97
    89
    92
   101
    96
    76
    86
    81
    88
    64
    93
   112
   115
   122
   121
   111
   102
    91
    91
    99
   100
    92
    41
    27
    52
    76
    70
    87
   117
   117
   109
   107
   113
   126
   133
   128
   134
   130
   117
   129
   125
   118
   119
   119
   118
   119
   101
    99
   106
   107
   103
   110
    76
    36
    18
    22
    66
    70
    93
   106
   116
   112
   105
    99
   102
    89
    89
    88
    79
    82
    80
    76
    83
    94
    97
    91
    84
    66
    48
    42
    39
    45
    37
    32
    30
    23
    55
    58
    50
    56
    48
    38
    34
    32
    32
    35
    30
    30
    32
    41
    56
    60
    68
    69
    73
    80
    81
    85
    90
    90
    94
    93
    92
   102
    99
    99
    97
    83
    73
    79
    70
    72
    93
   109
   119
   121
   123
   121
   118
    97
   100
   101
    99
    97
    56
    39
    59
    60
    71
    88
   119
   113
   112
   112
   113
   118
   132
   140
   145
   138
   145
   124
   122
   121
   110
   107
   114
    98
    93
    87
    92
    95
   101
   105
    73
    38
    21
    42
    74
   111
   119
   120
   110
   108
   110
   112
    99
   102
    95
    92
    90
    77
    76
    83
    95
    93
    90
    86
    68
    67
    64
    41
    35
    33
    30
    33
    31
    28
    56
    52
    57
    48
    45
    38
    33
    29
    30
    24
    33
    27
    34
    40
    50
    57
    55
    63
    68
    72
    76
    76
    81
    88
    86
    93
    91
    90
    93
    92
    95
    93
    61
    56
    68
    81
    91
   103
   108
   122
   122
   118
   114
    99
   103
   103
   102
    93
    50
    30
    65
    77
    75
   106
   122
   117
   127
   112
   113
   122
   131
   130
   135
   141
   139
   126
   111
   111
   108
   101
   104
    96
    89
    93
    83
    96
    92
    95
   101
    82
    67
    82
   111
   116
   109
   109
   107
   107
   105
   101
   104
    95
    94
    89
    80
    82
    84
    90
    82
    87
    91
    91
    87
    72
    46
    41
    33
    36
    31
    32
    30
    37
    56
    62
    54
    62
    57
    42
    31
    32
    28
    36
    35
    34
    26
    31
    39
    52
    56
    65
    72
    73
    73
    81
    83
    82
    88
    92
    95
    95
    88
    94
    92
    93
    88
    67
    64
    70
    84
    92
   106
   119
   122
   122
   117
   108
    99
    97
    91
    85
    47
    52
    76
    72
    92
   110
   117
   121
   113
   110
   121
   123
   128
   135
   139
   133
   130
   128
   120
   122
   108
    97
    86
    91
    92
    92
    97
    91
    92
    72
    84
    87
    80
    96
    97
   105
   109
   108
   110
   105
   104
   107
   102
    98
    90
    83
    86
    91
    95
    93
    90
    89
    71
    72
    77
    66
    53
    30
    33
    24
    24
    27
    28
    36
    49
    50
    55
    56
    56
    55
    42
    32
    32
    29
    31
    29
    27
    27
    33
    44
    54
    61
    68
    73
    75
    79
    80
    84
    82
    87
    88
    90
    99
    95
    88
    93
    86
    72
    64
    84
    85
    96
   112
   117
   117
   116
   111
   105
    93
    97
    91
    74
    50
    69
    82
    80
    99
   118
   120
   125
   127
   119
   117
   127
   133
   132
   125
   129
   132
   113
   112
   106
    98
    96
    85
    85
    91
    82
    78
    85
    91
    91
    83
    74
    70
    69
    87
    87
    97
   108
   105
   104
   111
   107
    99
    91
    89
    89
    92
    86
    97
   101
    99
    87
    92
    65
    42
    54
    40
    40
    34
    44
    35
    31
    42
    39
    63
    58
    57
    52
    56
    54
    40
    38
    29
    30
    28
    29
    25
    29
    32
    34
    49
    52
    56
    70
    71
    72
    77
    77
    80
    83
    88
    95
    86
    83
    90
    90
    87
    87
    70
    65
    82
   101
   104
   114
   122
   123
   118
   108
   101
    91
    82
    59
    61
    87
    87
    87
   110
   121
   123
   126
   125
   122
   123
   121
   123
   129
   129
   121
   116
   115
   109
   103
    99
    96
    92
    90
    85
    93
    94
    82
    86
    96
    91
    89
    81
    69
    72
    79
    88
    98
    96
   101
    97
    96
    84
    85
    93
    96
    91
    95
    93
    91
    96
    92
    83
    69
    49
    37
    42
    31
    32
    26
    28
    43
    43
    46
    53
    53
    51
    56
    54
    59
    48
    39
    33
    32
    33
    34
    31
    31
    29
    27
    32
    43
    56
    60
    62
    72
    72
    70
    74
    84
    88
    82
    87
    95
    96
    87
    92
    85
    76
    72
    77
    99
   100
   109
   113
   121
   123
   111
   104
    94
    88
    61
    77
    99
    90
    98
   111
   122
   120
   123
   128
   127
   124
   126
   132
   131
   127
   123
   121
   110
   107
   100
   100
    97
    85
    81
    82
    88
    88
    88
    80
    80
    84
    90
    88
    80
    75
    74
    70
    86
    87
    93
    86
    86
    86
    91
    92
    89
    87
    93
    89
    87
    85
    69
    67
    56
    47
    32
    25
    27
    25
    41
    31
    40
    47
    54
    52
    53
    52
    60
    58
    49
    56
    48
    34
    32
    34
    26
    25
    23
    27
    31
    29
    36
    43
    40
    48
    61
    61
    66
    71
    75
    83
    81
    89
    85
    88
    92
    86
    84
    83
    70
    64
    79
   100
   104
   104
   111
   112
   107
   100
    91
    89
    83
    95
    94
    98
   104
   111
   121
   122
   127
   120
   123
   127
   130
   127
   122
   129
   121
   113
   114
   108
   103
    99
   101
    96
    95
    93
    91
    88
    82
    82
    86
    82
    82
    85
    88
    62
    63
    71
    69
    70
    84
    80
    78
    81
    87
    82
    75
    72
    73
    77
    73
    76
    72
    41
    30
    40
    42
    39
    29
    32
    36
    49
    57
    56
    43
    57
    56
    57
    54
    52
    58
    55
    54
    49
    35
    30
    33
    26
    32
    32
    29
    29
    33
    39
    45
    46
    47
    63
    62
    68
    68
    74
    79
    84
    91
    85
    85
    91
    92
    86
    92
    89
    79
    82
    94
   108
   106
   106
   101
    94
    99
    81
    85
    93
   105
    99
   103
   112
   111
   116
   118
   124
   124
   117
   117
   122
   127
   118
   121
   118
   116
   112
   102
   100
    97
    99
    93
    88
    89
    90
    90
    89
    86
    92
    90
    89
    85
    83
    79
    70
    73
    68
    61
    73
    85
    81
    67
    71
    63
    70
    83
    75
    69
    63
    47
    42
    40
    34
    32
    33
    35
    43
    48
    54
    54
    43
    49
    57
    55
    56
    51
    57
    57
    56
    56
    50
    41
    32
    27
    37
    30
    29
    32
    27
    30
    33
    34
    34
    43
    50
    53
    47
    52
    65
    79
    77
    85
    90
    91
    81
    81
    88
    86
    84
    78
    73
    87
    95
    96
    91
    90
    98
    89
    93
   100
   103
   102
   107
   104
   106
   110
   117
   114
   109
   120
   123
   115
   118
   122
   122
   115
   117
   116
   107
   104
   107
   108
    92
    91
    90
    93
   103
    93
    82
    88
    93
    95
    92
    87
    84
    92
    77
    73
    73
    70
    73
    64
    69
    66
    62
    70
    68
    63
    57
    49
    40
    38
    38
    37
    41
    30
    37
    42
    51
    61
    57
    53
    46
    44
    54
    58
    56
    58
    54
    54
    57
    59
    56
    45
    37
    35
    30
    31
    29
    30
    34
    32
    36
    39
    40
    39
    36
    44
    60
    73
    63
    67
    68
    76
    77
    77
    90
    88
    82
    84
    87
    86
    90
    87
    88
    91
   101
   100
   101
   104
   104
   104
   100
   104
   107
   108
   108
   112
   113
   119
   114
   116
   113
   113
   110
   118
   123
   119
   120
   111
   114
   110
   100
    98
   100
    98
    94
    96
    87
    90
    90
    96
    89
    93
    92
    87
    79
    82
    77
    72
    76
    67
    66
    70
    63
    59
    60
    60
    56
    48
    50
    37
    38
    37
    46
    41
    36
    42
    48
    58
    61
    51
    50
    47
    50
    47
    55
    51
    55
    56
    56
    59
    53
    59
    59
    63
    48
    38
    30
    28
    31
    34
    31
    28
    27
    24
    25
    26
    39
    33
    38
    42
    65
    68
    69
    67
    71
    78
    80
    85
    82
    83
    90
    89
    86
    90
    92
    93
   103
   111
   109
   104
   105
   105
   104
    99
   104
   104
   104
   107
   106
   106
   117
   117
   120
   119
   121
   118
   118
   118
   119
   111
   107
   103
    97
    93
    94
    96
    90
    89
    98
    98
    95
    93
    91
    91
    90
    90
    89
    80
    64
    62
    66
    69
    65
    58
    66
    58
    59
    54
    52
    57
    53
    56
    46
    47
    30
    36
    48
    50
    59
    61
    56
    52
    53
    51
    48
    30
    52
    57
    55
    58
    57
    59
    57
    53
    58
    58
    56
    42
    35
    32
    31
    31
    31
    32
    29
    26
    32
    39
    36
    35
    38
    28
    26
    45
    51
    63
    62
    76
    81
    76
    82
    83
    75
    84
    87
    89
    85
    89
    90
    94
   100
   109
   105
   109
   105
    99
   103
   100
   104
   107
   110
   113
   112
   113
   110
   109
   108
   112
   115
   116
   116
   113
   102
    98
    94
    88
    89
    88
    89
    92
    91
    88
    95
    93
    94
    86
    82
    80
    65
    70
    74
    71
    66
    58
    58
    60
    56
    62
    54
    61
    59
    49
    52
    56
    53
    47
    53
    51
    58
    64
    63
    57
    48
    57
    47
    49
    42
    64
    53
    51
    55
    57
    58
    53
    60
    58
    57
    54
    54
    56
    48
    38
    29
    28
    27
    27
    34
    39
    29
    33
    28
    28
    32
    42
    33
    32
    38
    48
    58
    67
    69
    77
    73
    74
    75
    77
    79
    87
    85
    89
    96
    97
   101
    99
   104
   103
   104
   105
   103
   101
   104
   104
   109
   110
   107
   116
   113
   115
   112
   117
   118
   123
   122
   111
   105
    97
    87
    84
    81
    79
    84
    85
    79
    80
    76
    76
    81
    75
    78
    76
    82
    74
    73
    71
    63
    68
    68
    70
    66
    60
    70
    56
    52
    51
    49
    44
    48
    51
    50
    63
    66
    59
    52
    52
    59
    51
    48
    44
    46
   149
    53
    57
    53
    54
    54
    60
    55
    61
    57
    58
    62
    61
    50
    41
    40
    33
    31
    31
    30
    25
    31
    34
    31
    27
    35
    31
    35
    36
    35
    48
    61
    60
    66
    75
    77
    73
    79
    78
    79
    79
    87
    84
    88
    89
    95
   103
   106
   102
    99
   100
   101
   104
   104
   104
   105
   105
   107
   107
   116
   106
   113
   108
   110
   108
   110
   103
    97
    86
    81
    85
    73
    79
    81
    76
    85
    85
    84
    80
    84
    93
    84
    74
    65
    84
    68
    66
    67
    62
    70
    62
    66
    60
    57
    60
    44
    45
    54
    55
    53
    61
    68
    66
    61
    53
    58
    55
    51
    52
    53
    38
   115
    89
    55
    51
    53
    56
    54
    53
    57
    54
    56
    57
    53
    54
    52
    46
    32
    34
    36
    35
    32
    36
    26
    24
    24
    32
    30
    34
    41
    34
    34
    30
    36
    42
    48
    50
    53
    63
    61
    67
    77
    77
    78
    83
    80
    85
    85
    85
    86
    98
    98
   100
    99
    94
   101
    98
   103
   105
   109
   106
   105
   112
   110
   112
   106
   104
   102
    98
    97
    92
    86
    78
    77
    77
    77
    84
    84
    87
    85
    88
    96
    81
    83
    80
    83
    71
    76
    68
    70
    73
    69
    67
    53
    57
    57
    50
    60
    54
    53
    59
    66
    66
    67
    59
    55
    56
    56
    50
    52
    45
    38
    79
    85
    62
    47
    53
    51
    55
    56
    55
    53
    54
    53
    56
    56
    58
    59
    58
    61
    45
    34
    29
    27
    23
    28
    30
    30
    34
    31
    28
    25
    31
    25
    33
    28
    24
    35
    36
    47
    53
    57
    61
    58
    64
    67
    72
    75
    78
    81
    80
    80
    82
    83
    87
    87
    98
    99
   102
   100
   101
   104
   109
   107
   107
   101
   102
   102
   106
   106
    99
   100
    94
    88
    85
    85
    90
    87
    81
    86
    89
    86
    93
    88
    81
    86
    77
    71
    84
    74
    68
    76
    64
    66
    48
    60
    59
    51
    52
    49
    55
    63
    56
    61
    61
    50
    50
    56
    57
    54
    57
    57
    51
    52
    66
    62
    85
    57
    57
    54
    54
    54
    55
    53
    56
    56
    58
    53
    56
    56
    56
    54
    60
    48
    36
    33
    34
    31
    31
    29
    28
    29
    30
    35
    25
    37
    32
    28
    35
    29
    32
    33
    36
    34
    40
    44
    52
    56
    61
    58
    64
    69
    76
    77
    75
    74
    80
    89
    90
    91
    94
    96
   100
    98
   100
   103
   103
   100
   101
   103
    99
    98
   100
    96
    95
    91
    87
    91
    89
    88
    83
    81
    92
    94
    85
    81
    82
    84
    73
    74
    71
    72
    69
    59
    61
    58
    60
    56
    56
    55
    55
    64
    63
    62
    67
    61
    51
    61
    61
    62
    54
    55
    52
    44
    35
    62
    88
   104
    96
    56
    46
    53
    51
    52
    50
    55
    55
    58
    53
    57
    55
    53
    55
    51
    56
    57
    52
    35
    33
    30
    30
    31
    29
    35
    32
    27
    34
    27
    29
    31
    28
    34
    32
    32
    30
    39
    39
    39
    34
    36
    27
    34
    36
    44
    49
    60
    68
    72
    77
    76
    76
    79
    86
    91
    92
    96
    98
    96
    93
    96
    98
    99
   100
   103
   102
   101
    99
    88
    90
    86
    80
    85
    93
    91
    86
    84
    89
    90
    89
    74
    72
    70
    71
    66
    66
    50
    61
    63
    55
    54
    51
    56
    62
    64
    64
    66
    56
    55
    59
    57
    52
    50
    57
    51
    50
    37
    67
    78
    85
    65
    75
    44
    51
    51
    51
    51
    58
    53
    54
    56
    57
    57
    55
    55
    59
    60
    55
    53
    54
    55
    38
    35
    36
    33
    34
    32
    27
    25
    29
    25
    31
    35
    30
    27
    27
    25
    29
    23
    26
    23
    31
    27
    40
    42
    28
    28
    29
    34
    33
    36
    45
    56
    58
    71
    75
    76
    82
    83
    87
    84
    87
    91
    90
    93
    91
    96
    93
    87
    90
    94
    88
    85
    83
    79
    78
    86
    89
    86
    85
    87
    79
    75
    74
    69
    67
    56
    55
    65
    48
    47
    60
    60
    60
    62
    61
    60
    59
    49
    56
    61
    59
    59
    59
    64
    56
    41
    32
    58
    86
    97
    84
   132
   185
    56
    53
    54
    57
    56
    51
    51
    56
    53
    57
    57
    59
    62
    52
    54
    57
    57
    56
    56
    52
    36
    27
    28
    28
    29
    30
    29
    27
    32
    32
    24
    29
    27
    31
    30
    30
    34
    30
    28
    28
    29
    25
    25
    31
    31
    30
    26
    33
    46
    57
    52
    50
    55
    57
    79
    76
    79
    79
    89
    86
    85
    83
    88
    86
    87
    85
    90
    83
    79
    82
    84
    86
    78
    81
    75
    81
    75
    77
    76
    71
    62
    56
    58
    59
    55
    54
    51
    50
    60
    57
    59
    60
    58
    60
    59
    59
    63
    59
    45
    48
    59
    53
    35
    16
    30
    66
    83
    82
   106
   168
   183
   183
    47
    53
    56
    49
    53
    54
    54
    53
    56
    58
    58
    55
    54
    58
    54
    54
    58
    60
    55
    57
    55
    50
    38
    31
    30
    25
    34
    37
    30
    28
    33
    28
    28
    25
    27
    18
    23
    30
    27
    25
    29
    25
    22
    24
    25
    29
    35
    38
    72
    70
    70
    79
    82
    73
    44
    44
    58
    68
    72
    78
    79
    85
    83
    83
    83
    81
    81
    84
    81
    85
    86
    81
    84
    80
    76
    73
    71
    74
    68
    58
    64
    57
    61
    60
    57
    55
    52
    59
    57
    60
    56
    66
    64
    51
    47
    41
    44
    43
    72
    53
    14
    12
    29
    62
    72
    88
   129
   176
   193
   192
   204
   200
    57
    56
    51
    54
    52
    52
    53
    47
    44
    47
    47
    55
    56
    53
    57
    58
    55
    53
    57
    55
    55
    55
    50
    48
    35
    30
    29
    26
    24
    29
    29
    27
    25
    29
    23
    29
    24
    26
    31
    28
    24
    29
    31
    32
    33
    25
    37
    68
    65
    60
    70
    81
    36
    10
    13
    14
    24
    50
    56
    62
    65
    68
    74
    78
    73
    78
    76
    81
    78
    79
    84
    85
    78
    77
    77
    78
    78
    69
    58
    65
    62
    64
    60
    57
    60
    60
    59
    54
    64
    57
    57
    40
    29
    29
    31
    30
    24
    31
    35
    69
   101
   111
   119
   128
   175
   201
   209
   206
   194
   168
   105
    52
    53
    51
    53
    52
    47
    49
    50
    61
    61
    55
    57
    52
    56
    60
    56
    52
    53
    60
    51
    52
    56
    56
    55
    56
    52
    53
    42
    37
    27
    27
    27
    26
    26
    24
    27
    27
    29
    28
    33
    30
    27
    28
    29
    24
    24
    45
    47
    31
    27
    40
    52
    81
    56
    33
    35
    24
    29
    32
    44
    47
    55
    51
    47
    63
    72
    75
    74
    75
    77
    78
    76
    67
    78
    75
    75
    67
    61
    72
    75
    61
    57
    59
    60
    58
    59
    60
    56
    57
    42
    27
    29
    33
    31
    37
    30
    36
    40
    35
    31
    28
    19
    26
    30
    55
    51
    83
    94
    71
    59
    64
    82
    94
    50
    48
    52
    52
    62
    57
    56
    52
    54
    54
    56
    59
    55
    53
    54
    60
    63
    54
    57
    52
    53
    51
    51
    52
    59
    53
    56
    49
    50
    48
    46
    43
    34
    32
    29
    30
    31
    29
    21
    23
    26
    25
    25
    34
    51
    62
    82
    74
    61
    56
    62
    70
    73
    61
    49
    40
    35
    71
    81
    72
    67
    62
    70
    59
    51
    48
    55
    59
    64
    70
    72
    74
    77
    76
    66
    71
    66
    56
    63
    64
    66
    64
    57
    61
    47
    39
    31
    31
    26
    36
    36
    30
    32
    32
    35
    32
    34
    35
    37
    32
    38
    31
    35
    68
    75
    38
     8
    30
    52
    70
    39
    39
    49
    50
    48
    50
    45
    56
    53
    55
    49
    56
    50
    56
    58
    54
    54
    53
    54
    57
    51
    58
    56
    57
    58
    57
    52
    52
    57
    53
    58
    56
    54
    50
    51
    49
    44
    44
    37
    29
    29
    31
    32
    29
    32
    59
    70
    82
   115
   115
    98
    89
    84
    82
    82
    81
    75
    69
    60
    71
   102
   121
   109
    93
    96
    92
    82
    70
    63
    68
    57
    38
    32
    39
    42
    44
    49
    49
    52
    53
    42
    41
    33
    27
    25
    28
    28
    31
    34
    30
    36
    36
    28
    38
    34
    29
    31
    33
    31
    37
    34
    31
    31
    38
    32
    72
   107
    40
    72
   106
    96
    31
    52
    91
    53
    52
    55
    51
    57
    51
    52
    53
    59
    53
    59
    51
    47
    54
    56
    55
    57
    56
    54
    53
    51
    50
    52
    51
    53
    54
    53
    61
    56
    54
    52
    52
    59
    53
    57
    49
    44
    45
    37
    35
    35
    38
    48
    69
    44
    20
    37
    75
   104
   114
   108
   104
    96
    88
    87
    85
    87
    85
    76
    90
    84
    70
    88
   104
   100
    89
    83
   100
   108
    73
    44
    33
    28
    33
    27
    25
    31
    29
    33
    31
    31
    39
    34
    33
    36
    35
    32
    33
    30
    30
    33
    28
    31
    33
    36
    33
    31
    32
    34
    35
    34
    28
    36
    61
   114
    81
   117
   110
    64
    85
   110
   115
    48
    51
    47
    52
    54
    55
    51
    51
    50
    58
    51
    54
    61
    57
    57
    54
    56
    54
    58
    57
    55
    59
    55
    58
    59
    56
    54
    52
    53
    51
    57
    58
    49
    55
    53
    58
    51
    50
    47
    42
    37
    43
    65
    72
    39
    19
    10
     6
    23
    60
    91
   107
   108
   102
    96
   104
   103
    92
    85
    72
    77
   100
    95
    77
    90
    99
    89
    91
   105
    88
    61
    36
    40
    33
    34
    39
    32
    30
    35
    36
    35
    27
    33
    35
    32
    30
    29
    39
    37
    30
    33
    34
    32
    35
    32
    37
    31
    30
    36
    33
    32
    36
    34
    34
   103
    83
   144
    96
    76
   103
   106
   107
    54
    50
    56
    52
    49
    54
    52
    55
    55
    52
    52
    57
    56
    52
    51
    54
    51
    53
    52
    54
    55
    55
    52
    50
    54
    52
    57
    58
    59
    55
    56
    56
    60
    53
    52
    51
    52
    54
    51
    48
    45
    48
    60
    76
    59
    32
    26
    36
    55
    71
    90
    95
   104
   113
   111
   113
   115
   104
   100
   105
   113
   109
    70
    69
    86
    91
    88
    86
    98
    82
    51
    35
    33
    35
    34
    35
    37
    38
    33
    29
    27
    32
    33
    29
    31
    35
    38
    28
    31
    36
    35
    34
    32
    29
    30
    26
    32
    36
    29
    29
    32
    29
    28
    33
    95
    82
   147
    94
    78
   137
   148
   146
    48
    51
    54
    54
    54
    50
    55
    53
    53
    51
    55
    54
    50
    54
    51
    52
    52
    55
    53
    53
    59
    51
    52
    54
    56
    60
    55
    52
    55
    58
    58
    55
    57
    58
    57
    51
    56
    52
    55
    55
    51
    47
    45
    62
    89
    86
    78
    58
    54
    52
    61
    69
    54
    44
    58
    67
    81
    90
   109
   112
    96
    52
    55
    83
    96
    95
    95
    97
    92
    69
    41
    41
    38
    32
    37
    33
    32
    33
    33
    35
    39
    39
    34
    38
    32
    30
    29
    36
    31
    34
    32
    35
    39
    38
    34
    32
    31
    29
    29
    33
    34
    37
    31
    31
    91
    80
   132
   108
    98
   120
   179
   183
    52
    52
    46
    51
    52
    53
    47
    53
    57
    54
    52
    56
    56
    53
    51
    55
    55
    55
    51
    55
    49
    60
    61
    58
    59
    53
    56
    60
    56
    57
    50
    51
    54
    52
    54
    56
    57
    59
    55
    52
    49
    51
    51
    46
    52
    82
    96
    98
    98
   106
   107
    98
    98
    95
   106
   100
    90
    78
    67
    63
    60
    81
    97
   101
    96
   103
   110
   108
    73
    36
    29
    31
    35
    35
    33
    29
    35
    33
    34
    32
    31
    31
    29
    31
    29
    36
    29
    35
    33
    31
    35
    34
    27
    34
    32
    34
    36
    37
    35
    35
    32
    29
    33
    32
    83
    91
   137
   126
    97
    76
   150
   197
    46
    54
    59
    52
    55
    50
    53
    52
    51
    55
    54
    50
    54
    53
    57
    54
    57
    50
    59
    60
    60
    49
    53
    54
    52
    57
    56
    54
    57
    56
    56
    61
    53
    57
    59
    61
    55
    54
    55
    55
    55
    52
    48
    44
    42
    34
    35
    48
    58
    82
    83
    85
    89
    92
    81
    68
    72
    80
    79
    87
    92
    97
    89
    78
    75
    87
    83
    55
    33
    34
    44
    38
    37
    37
    33
    39
    34
    35
    31
    31
    35
    32
    31
    33
    35
    30
    36
    31
    36
    36
    30
    28
    32
    35
    32
    29
    27
    27
    33
    31
    32
    27
    32
    34
    82
   100
   137
   126
   102
   101
   116
   227
    56
    45
    44
    54
    45
    51
    57
    57
    53
    50
    48
    56
    50
    52
    55
    52
    52
    53
    55
    54
    47
    57
    55
    52
    56
    53
    60
    55
    56
    55
    60
    49
    56
    57
    54
    57
    54
    55
    54
    53
    54
    53
    53
    53
    52
    51
    49
    45
    40
    33
    29
    32
    27
    23
    26
    38
    31
    27
    33
    28
    30
    34
    22
    28
    29
    25
    29
    31
    33
    38
    33
    34
    33
    32
    38
    31
    33
    30
    31
    33
    32
    38
    33
    32
    34
    40
    30
    30
    35
    32
    36
    39
    36
    27
    31
    32
    37
    34
    28
    33
    33
    33
    26
    29
    65
   104
   147
   133
   149
   110
   116
   104
    50
    52
    55
    53
    59
    58
    51
    50
    52
    52
    54
    54
    53
    54
    53
    53
    57
    54
    50
    51
    56
    57
    52
    56
    56
    56
    55
    55
    54
    57
    54
    57
    59
    62
    57
    52
    60
    57
    60
    54
    53
    51
    53
    53
    52
    53
    49
    48
    44
    51
    52
    46
    47
    47
    47
    39
    46
    44
    46
    40
    42
    35
    41
    31
    37
    39
    39
    32
    31
    36
    37
    38
    37
    34
    31
    32
    32
    37
    37
    34
    30
    30
    37
    37
    35
    31
    34
    35
    31
    32
    27
    26
    26
    35
    32
    31
    32
    34
    31
    29
    31
    34
    33
    29
    81
   114
   136
   154
   189
   147
    93
   125
