    53
    54
    56
    56
    54
    54
    59
    52
    59
    58
    57
    58
    59
    63
    56
    61
    63
    64
    64
    61
    59
    57
    55
    57
    60
    59
    61
    61
    67
    61
    59
    57
    66
    63
    58
    60
    57
    61
    62
    58
    58
    58
    47
    54
    55
    61
    58
    57
    52
    45
    40
    39
    30
    24
    20
    19
    18
    26
    31
    47
    48
    56
    50
    47
    40
    34
    27
    42
    38
    38
    47
    55
    28
    46
    53
    52
    51
    48
    54
    56
    47
    54
    49
    51
    47
    54
    52
    50
    53
    56
    53
    52
    50
    50
    55
    47
    55
    47
    46
    48
    48
    48
    51
    57
   162
   108
   186
   157
   117
   123
   122
   105
    58
    55
    57
    57
    57
    57
    54
    59
    54
    55
    57
    55
    53
    55
    56
    57
    59
    61
    58
    62
    58
    58
    61
    66
    63
    63
    48
    43
    42
    49
    51
    44
    33
    39
    44
    45
    34
    30
    38
    38
    40
    43
    51
    48
    37
    36
    43
    49
    64
    72
    74
    89
   103
   116
   124
   133
   124
   108
    86
    63
    38
    29
    35
    48
    60
    75
    83
    76
    66
   100
   115
   118
   111
    53
    47
    48
    50
    51
    45
    47
    52
    48
    54
    51
    48
    45
    47
    46
    45
    42
    48
    49
    49
    46
    46
    45
    41
    43
    49
    47
    50
    47
    50
    48
   155
    99
   193
   165
   143
   132
   146
   148
    53
    64
    56
    54
    57
    57
    59
    56
    58
    59
    59
    59
    60
    60
    63
    63
    62
    62
    59
    59
    67
    71
    59
    48
    42
    39
    40
    38
    37
    40
    31
    33
    43
    39
    33
    37
    41
    37
    33
    41
    33
    31
    29
    35
    35
    39
    36
    37
    58
    75
    63
    58
    56
    51
    45
    43
    45
    53
    73
    86
   106
   113
   108
    96
    88
    76
    99
    99
   107
   110
   104
   113
   117
    98
    43
    44
    46
    48
    45
    49
    51
    49
    46
    49
    54
    51
    45
    47
    46
    49
    49
    46
    42
    44
    48
    48
    47
    48
    48
    45
    43
    47
    40
    43
   182
    97
   207
   177
   136
   109
    71
    77
    51
    54
    53
    57
    58
    63
    57
    59
    56
    59
    52
    61
    58
    59
    56
    58
    59
    60
    61
    60
    53
    38
    32
    32
    35
    34
    28
    33
    40
    40
    38
    35
    28
    27
    41
    40
    41
    28
    37
    36
    32
    35
    28
    34
    39
    34
    37
    40
    45
    48
    54
    21
    18
    14
     7
     5
    24
    48
    76
    97
   114
   115
   118
   127
   134
   114
    58
    67
    98
   105
   108
   104
   110
   117
    84
    48
    48
    50
    57
    48
    46
    46
    48
    49
    44
    49
    51
    45
    46
    45
    44
    46
    45
    47
    48
    46
    47
    48
    41
    47
    45
    42
    49
    58
   207
   129
   203
   170
   134
   193
   226
   238
    60
    56
    58
    52
    59
    56
    59
    57
    60
    60
    63
    62
    62
    58
    60
    59
    61
    58
    53
    44
    36
    37
    37
    38
    35
    38
    42
    38
    30
    28
    33
    43
    45
    44
    34
    34
    33
    35
    26
    27
    36
    31
    40
    38
    32
    37
    41
    34
    32
    36
    48
    63
    48
    68
    83
    99
   116
   120
   122
   112
   107
    99
    87
    87
    89
   120
   120
   105
   111
   104
   101
   101
   119
   122
   100
    57
    52
    49
    45
    47
    43
    47
    47
    51
    55
    50
    48
    51
    50
    50
    42
    42
    46
    48
    41
    41
    43
    45
    46
    42
    47
    51
    45
    64
   210
   129
   205
   186
   116
   214
   215
   216
    55
    52
    57
    63
    53
    55
    53
    58
    61
    62
    58
    60
    58
    62
    65
    60
    53
    41
    39
    34
    29
    34
    37
    39
    29
    29
    34
    34
    36
    42
    44
    31
    34
    39
    31
    25
    24
    27
    38
    35
    25
    32
    32
    28
    30
    28
    41
    41
    35
    30
    33
    50
    66
    90
   137
   152
   132
   117
   104
    90
    78
    65
    49
    34
    29
    54
    94
   101
    88
    89
    87
   109
   127
   102
    58
    34
    28
    32
    33
    42
    44
    51
    51
    48
    42
    46
    46
    44
    43
    42
    48
    48
    47
    45
    49
    49
    45
    43
    48
    47
    43
    47
    44
    86
   205
    96
   174
   205
   126
   191
   193
   212
    53
    57
    52
    54
    53
    61
    59
    59
    62
    58
    57
    59
    58
    56
    62
    61
    45
    39
    34
    40
    39
    33
    31
    34
    42
    40
    37
    36
    39
    44
    38
    47
    31
    33
    49
    54
    67
    54
    58
    62
    67
    51
    45
    54
    43
    34
    33
    29
    33
    34
    32
    32
    26
    33
    44
    72
   109
    97
    88
    76
    74
    69
    63
    67
    65
    70
    78
    85
    84
    75
    80
    78
    84
    84
    85
    89
    91
    83
    79
    66
    55
    45
    37
    33
    36
    41
    43
    45
    48
    47
    48
    46
    49
    46
    46
    47
    45
    50
    44
    44
    45
    42
    44
    92
   169
    87
   121
   196
   121
   139
   200
   197
    57
    54
    58
    57
    61
    55
    56
    58
    56
    61
    59
    58
    63
    60
    46
    39
    40
    36
    35
    34
    32
    29
    34
    31
    33
    37
    35
    43
    37
    44
    64
    68
    83
    79
    63
    59
    71
    86
    85
    82
    84
    78
    85
    80
    80
    85
    86
    88
    83
    85
    84
    81
    90
    87
    87
    83
    77
    81
    84
    88
    87
    93
    94
    90
    93
    93
    90
    93
    95
    99
    98
    92
    95
   101
   102
   102
    99
   101
   103
   106
   101
    94
    93
    89
    83
    63
    52
    40
    43
    48
    52
    49
    49
    50
    51
    45
    51
    46
    50
    51
    45
    40
    45
    72
   147
    93
   167
   179
   152
    99
   205
   208
    54
    55
    55
    54
    52
    56
    58
    56
    56
    55
    57
    57
    52
    46
    41
    34
    31
    33
    33
    34
    39
    33
    28
    35
    36
    38
    53
    61
    74
    72
    69
    76
    80
    75
    88
    87
    93
    91
    97
    95
    95
    95
    91
    92
    92
    92
    96
    95
    97
    92
    93
    93
    89
    96
    98
    95
    95
    97
    97
    99
    98
    95
    99
    94
    95
    92
    97
    93
    94
    93
    96
    98
    94
    90
    92
    95
    98
    98
   100
   103
   105
   101
   105
   100
    95
    91
    84
    77
    58
    37
    39
    49
    48
    49
    47
    48
    41
    49
    45
    47
    48
    51
    46
    68
   135
    97
   112
   199
   172
   106
    94
    71
    61
    57
    57
    55
    59
    58
    57
    61
    58
    62
    60
    59
    46
    30
    34
    39
    37
    31
    37
    34
    37
    42
    47
    53
    52
    52
    54
    69
    83
    86
    87
    90
   102
   104
   103
   108
   108
   103
   102
   109
   104
    97
    94
   102
   103
   106
   108
   109
   107
   107
   101
   105
   106
   101
    99
   103
   102
   105
   105
   107
   110
   107
   105
   110
   106
   108
   105
   104
   102
    99
   101
   102
   106
   105
    98
    93
    94
    97
    98
   104
   107
   105
   102
   104
    99
    99
    98
    93
    89
    85
    65
    45
    40
    44
    42
    46
    53
    49
    52
    49
    49
    54
    51
    89
   196
   141
    90
   124
   127
    64
    56
    84
    54
    54
    55
    60
    55
    59
    59
    61
    59
    58
    55
    41
    33
    39
    40
    36
    33
    35
    32
    33
    37
    46
    62
    63
    70
    76
    74
    78
    90
    91
    95
    96
   101
   103
   104
   110
   106
   101
   103
   102
    95
   103
   110
   108
   107
   100
   103
   107
   106
   117
   118
   121
   117
   120
   119
   115
   113
   112
   111
   109
   112
   112
   114
   112
   112
   113
   114
   112
   111
   115
   103
   105
   107
   107
   109
   109
   107
   108
    99
   100
    99
   106
   109
   108
   108
   106
   103
    99
    96
    93
    88
    86
    73
    43
    37
    45
    48
    51
    50
    48
    32
    24
    15
    20
   153
   172
    98
   115
   126
   115
   114
   118
    55
    55
    58
    56
    62
    57
    60
    57
    65
    60
    44
    35
    38
    33
    33
    31
    33
    28
    34
    42
    51
    64
    73
    83
    88
    89
    86
    91
    94
   103
   106
   105
   115
   115
   119
   111
   116
   107
   111
   109
   112
   116
   111
   100
    92
    98
   107
   109
   108
   114
   118
   120
   127
   124
   124
   124
   124
   117
   116
   114
   116
   119
   121
   123
   124
   124
   126
   120
   119
   121
   118
   114
   110
   112
   107
   105
   107
   102
   107
   111
   101
    93
   102
   105
   101
   102
   105
   100
   102
    98
    96
    93
    88
    87
    75
    42
    29
    25
    12
    30
    53
    79
   111
   126
   130
   144
   144
   145
   137
   154
   163
   165
    55
    56
    58
    54
    56
    57
    55
    60
    51
    44
    34
    38
    32
    37
    35
    32
    29
    32
    47
    62
    73
    81
    87
    89
    83
    91
    97
   102
   103
   105
   106
   107
   117
   122
   119
   113
   115
   116
   116
   118
   119
   114
    99
    93
    86
    96
   102
   103
   107
   114
   115
   119
   122
   126
   126
   121
   118
   122
   122
   121
   122
   124
   125
   125
   125
   127
   128
   134
   129
   123
   120
   117
   112
   108
   110
   106
   105
   109
   100
    99
   104
   102
    97
   101
   103
   108
   105
   105
   101
   102
    97
    91
    94
    93
    88
    87
    77
   131
   176
   214
   226
   206
   174
   105
    77
   102
   108
   115
   124
   115
    89
   105
    57
    59
    54
    59
    50
    60
    61
    55
    45
    36
    34
    34
    34
    28
    29
    33
    42
    62
    69
    79
    81
    84
    87
    94
    99
    97
   102
   101
   109
   113
   116
   117
   119
   117
   115
   115
   124
   125
   124
   119
   106
    91
    81
    87
   108
   107
   105
   108
   104
   104
   106
   108
   112
   121
   122
   121
   126
   122
   124
   125
   124
   127
   129
   129
   136
   135
   125
   129
   128
   125
   125
   119
   114
   114
   106
   103
    98
   100
   104
   100
   101
   101
   101
   100
    95
    93
   105
   105
   104
    99
    99
    98
    96
    94
    94
    97
    91
   104
   207
   224
   214
   218
   224
   224
   179
    78
    99
   117
   119
   141
   164
   111
    57
    56
    60
    57
    61
    59
    55
    41
    30
    40
    38
    33
    32
    38
    37
    45
    59
    75
    81
    79
    84
    85
    88
    92
    92
   101
   104
   111
   110
   116
   113
   120
   120
   120
   123
   118
   122
   117
   123
   112
    93
    94
    97
   113
   119
   123
   118
   110
   111
   114
   113
   102
    96
    98
   107
   119
   127
   126
   130
   128
   131
   132
   132
   134
   131
   130
   133
   127
   129
   132
   129
   128
   126
   104
    97
   101
   101
   101
    98
   101
   100
    95
    95
    98
    98
   103
   105
    96
    98
    98
    97
    96
    92
    94
    89
    88
    92
    84
    64
   145
   222
   216
   209
   213
   224
   206
    88
   100
   118
   112
   181
   217
    55
    58
    52
    60
    59
    57
    39
    27
    34
    33
    34
    36
    42
    35
    41
    58
    72
    78
    83
    85
    90
    96
    95
    98
   104
   100
   109
   113
   115
   113
   114
   116
   118
   117
   116
   121
   125
   131
   118
    95
    89
   109
   112
   118
   116
   115
   121
   124
   120
   114
   105
   106
    96
   104
   118
   118
   124
   125
   128
   134
   135
   135
   138
   137
   137
   136
   128
   132
   134
   134
   142
   139
   124
   115
   106
    97
    94
    91
    99
    94
    98
   100
    99
    95
    98
    97
    98
    98
    97
    97
   100
    97
    94
    91
    90
    90
    90
    88
    89
    61
    74
   168
   222
   213
   210
   219
   219
   119
   101
   112
   137
   211
    59
    60
    61
    57
    51
    39
    34
    33
    32
    36
    36
    35
    34
    42
    43
    61
    74
    78
    85
    92
    88
    94
   102
   102
   102
   111
   113
   112
   115
   119
   120
   120
   114
   117
   120
   120
   122
   107
    95
    84
    86
   103
   112
   124
   127
   126
   122
   123
   121
   107
    86
    93
    82
    97
   117
   114
   117
   124
   127
   130
   132
   139
   141
   136
   133
   135
   138
   139
   143
   142
   139
   140
   133
   121
   118
   100
    96
    96
    97
   103
   101
    98
    96
    90
    93
    95
    89
    93
    97
    95
    92
    93
    91
    91
    92
    89
    86
    90
    88
    93
    83
    67
   113
   204
   217
   211
   216
   225
   153
   115
   102
   189
    55
    55
    56
    57
    41
    40
    40
    38
    36
    33
    30
    29
    29
    40
    61
    75
    92
    94
    93
    91
    93
    97
    98
   103
   106
   114
   119
   117
   121
   122
   117
   120
   119
   121
   118
   123
   112
   100
    99
    92
    97
   115
   123
   122
   128
   130
   132
   129
   113
    60
    82
   105
    80
    95
   109
   100
   113
   124
   130
   133
   135
   136
   137
   138
   137
   136
   140
   144
   147
   145
   143
   137
   135
   125
   114
   111
   100
    99
    87
    89
    94
   100
    95
    93
    94
    98
    95
    89
    94
    97
    91
    89
    91
    91
    90
    89
    84
    80
    83
    84
    87
    83
    73
    95
   177
   224
   210
   213
   213
   135
    98
   145
    58
    60
    56
    38
    36
    35
    37
    35
    37
    43
    44
    37
    39
    54
    71
    76
    93
    97
    92
    97
    99
   101
   107
   112
   114
   116
   115
   117
   120
   114
   116
   119
   121
   126
   126
   121
   115
   112
   100
    96
    98
    99
   117
   120
   125
   129
   136
   121
    69
    87
   116
    86
    43
    82
   110
   101
   103
   119
   130
   130
   133
   135
   132
   133
   131
   136
   139
   140
   151
   144
   145
   143
   131
   123
   116
   106
   105
   105
   101
    95
    93
    97
   102
   100
   102
    98
    93
    97
    93
    94
    93
    91
    88
    90
    79
    81
    82
    79
    81
    82
    86
    88
    84
    74
    80
   147
   221
   211
   210
   175
   101
    87
    54
    53
    42
    41
    35
    33
    35
    38
    35
    37
    30
    39
    44
    60
    77
    83
    84
    92
   100
   102
   100
   101
   104
   117
   112
   110
   112
   109
   112
   118
   121
   115
   120
   126
   124
   123
   122
   111
    98
    97
    83
    99
   106
   113
   124
   125
   131
   105
    88
   126
   114
    58
    37
    83
   113
   113
   100
   116
   128
   129
   132
   131
   133
   129
   128
   132
   140
   147
   141
   138
   135
   133
   131
   127
   124
   119
   109
   101
   102
   102
    95
    92
    95
    96
   103
   102
   108
   103
    95
    95
    92
    94
    88
    82
    80
    81
    81
    78
    72
    77
    78
    79
    84
    86
    75
    81
   133
   217
   212
   205
   124
    97
    56
    45
    35
    39
    40
    38
    37
    32
    28
    26
    31
    31
    53
    65
    75
    86
    91
    95
    97
   103
   108
   106
   107
   112
   112
   103
   110
   115
   117
   116
   120
   120
   122
   125
   123
   129
   112
   107
   102
   100
    87
    96
   101
   112
   121
   132
   125
    88
   118
   127
    80
    30
    37
    94
   118
   117
    92
   107
   125
   129
   131
   129
   128
   128
   135
   133
   134
   133
   138
   142
   132
   127
   124
   123
   121
   113
   107
   113
    98
    95
    99
    96
    96
   107
   109
   109
   104
   107
   101
    92
    97
    91
    86
    84
    82
    79
    78
    77
    78
    76
    78
    77
    81
    85
    84
    80
    91
   130
   219
   213
   165
   106
    50
    43
    38
    28
    31
    34
    42
    35
    31
    39
    37
    43
    54
    67
    79
    89
   100
   102
   102
   107
   103
   108
   109
   112
   110
   117
   116
   120
   114
   121
   120
   116
   125
   129
   128
   123
   120
   106
    96
    81
    81
    98
   103
   106
   122
   126
   100
    92
   125
   108
    41
    25
    38
    92
   129
   126
    94
   100
   122
   125
   124
   127
   125
   127
   130
   134
   134
   140
   140
   132
   133
   132
   127
   123
   114
   108
   112
   105
   107
   101
   109
   111
   109
   113
   113
   110
   115
   108
   108
   100
    92
    90
    83
    82
    82
    77
    77
    72
    75
    75
    70
    72
    74
    84
    86
    86
    80
    89
   107
   207
   202
   104
    43
    36
    32
    42
    36
    33
    29
    31
    33
    33
    38
    42
    58
    77
    88
    99
    96
   100
   104
   102
   106
   114
   117
   117
   118
   116
   120
   120
   120
   116
   116
   121
   123
   122
   125
   130
   116
   112
    96
    86
    82
    93
   107
   110
   121
   118
    88
   103
   117
    65
    36
   110
   122
    86
   109
   115
    94
    88
   114
   125
   127
   124
   126
   128
   130
   134
   138
   138
   134
   137
   126
   122
   116
   118
   107
   110
   110
   113
   109
   109
   112
   113
   115
   117
   113
   111
   113
   106
   101
    96
    90
    89
    87
    84
    83
    83
    75
    74
    71
    69
    73
    70
    73
    71
    76
    86
    84
    76
    93
   101
   206
   139
    39
    33
    37
    33
    35
    30
    33
    38
    33
    27
    43
    53
    68
    85
    96
    95
    99
   100
   105
   109
   108
   112
   115
   113
   113
   120
   125
   123
   120
   114
   115
   120
   127
   134
   136
   133
   126
   108
    94
    87
    72
    82
   106
   116
   121
   106
    76
   114
    92
    47
    76
   118
   128
    89
    96
   101
    84
    82
   115
   125
   123
   115
   117
   125
   135
   133
   127
   133
   138
   133
   125
   124
   116
   113
   106
   109
   108
   106
   103
   110
   110
   112
   113
   102
    97
    94
    94
   101
    96
    94
    96
    95
    90
    84
    80
    67
    75
    67
    68
    67
    75
    64
    53
    70
    78
    80
    87
    86
    75
    88
    94
   164
    36
    30
    32
    32
    29
    32
    31
    33
    36
    37
    45
    65
    80
    90
    96
   100
   105
   104
   113
   117
   118
   116
   115
   127
   124
   123
   120
   120
   124
   122
   125
   124
   129
   129
   139
   135
   123
   110
    88
    77
    78
    80
   101
   116
   121
    92
    88
   112
    67
    36
    58
    32
    95
    90
    92
    97
    78
    71
   111
   118
   116
   119
   121
   123
   133
   135
   140
   139
   133
   131
   126
   121
   121
   116
   108
   106
   102
    97
    96
    95
   100
   102
    92
    85
    85
    79
    75
    73
    77
    74
    67
    63
    71
    70
    75
    78
    81
    82
    85
    81
    70
    61
    59
    66
    70
    75
    79
    83
    86
    75
    94
    91
    36
    32
    36
    35
    37
    36
    28
    26
    35
    40
    53
    70
    87
    90
    96
   102
   109
   110
   108
   113
   118
   121
   119
   120
   124
   121
   124
   122
   122
   121
   129
   126
   129
   137
   141
   144
   128
   122
    86
    70
    70
    74
    98
   117
   119
    98
   103
   122
    52
    24
    21
    30
    41
    96
    91
    89
    65
    79
   109
   123
   126
   119
   123
   131
   131
   138
   133
   132
   132
   135
   131
   128
   118
   116
   110
   102
    97
    95
    97
   102
    97
    78
    72
    78
    73
    68
    60
    62
    57
    65
    69
    68
    64
    72
    78
    77
    79
    79
    80
    79
    76
    70
    68
    64
    67
    68
    70
    79
    87
    83
    79
   103
    39
    36
    32
    34
    31
    35
    40
    36
    31
    42
    61
    79
    84
    91
    97
   101
   103
   106
   110
   116
   117
   119
   122
   123
   117
   125
   125
   126
   125
   125
   130
   129
   128
   135
   138
   136
   128
   123
    93
    57
    64
    71
    85
   117
   125
    89
   116
   103
    56
    62
    30
    33
    54
   103
    92
    90
    63
    82
   112
   118
   123
   123
   119
   128
   139
   143
   140
   139
   141
   131
   129
   128
   123
   115
   110
   104
    97
    98
    98
    80
    56
    79
    88
    78
    63
    53
    44
    49
    57
    63
    73
    61
    66
    69
    80
    77
    77
    79
    73
    78
    76
    75
    72
    67
    57
    66
    76
    78
    81
    87
    80
    79
    36
    29
    27
    30
    37
    31
    26
    31
    34
    45
    67
    82
    90
    95
    99
   104
   111
   120
   116
   115
   120
   117
   119
   122
   125
   121
   125
   122
   122
   123
   125
   132
   142
   143
   142
   141
   134
   120
    78
    59
    58
    59
    86
   114
   119
    89
   115
    94
    42
    34
    23
    38
    79
   138
    89
    74
    56
    89
   111
   118
   119
   123
   125
   136
   136
   147
   145
   139
   131
   130
   130
   121
   118
   114
   111
   106
    96
    86
    70
    35
    66
    98
    94
    67
    47
    42
    46
    55
    71
    89
    95
    97
    98
    87
    84
    81
    81
    77
    83
    81
    83
    87
    76
    64
    58
    58
    61
    75
    77
    79
    82
    73
    34
    32
    35
    30
    29
    26
    26
    28
    34
    53
    67
    93
    94
    96
   100
   100
   110
   111
   109
   116
   119
   124
   124
   125
   121
   128
   132
   130
   127
   127
   136
   138
   145
   150
   150
   144
   132
   116
    89
    67
    60
    55
    74
   113
   116
    80
   104
    85
    26
    17
    32
    32
    99
   124
    88
    78
    71
    99
   117
   122
   119
   125
   129
   131
   144
   145
   141
   129
   128
   130
   119
   120
   119
   125
   121
   113
    98
    84
    49
    73
   113
   113
    81
    75
    72
    81
    92
   107
   114
   122
   119
   116
   111
   112
   104
    91
    79
    85
    93
    85
    61
    54
    51
    50
    50
    46
    47
    74
    73
    73
    79
    79
    34
    33
    30
    31
    26
    24
    35
    34
    48
    64
    78
    84
    94
   100
   101
   113
   114
   108
   114
   114
   118
   126
   132
   132
   134
   125
   128
   133
   128
   127
   133
   136
   143
   146
   154
   158
   137
   118
    81
    57
    58
    60
    67
   106
   109
    69
    86
    87
    41
    25
    34
    71
   109
   119
    82
    64
    79
   107
   123
   128
   126
   127
   132
   135
   137
   137
   130
   129
   126
   118
   115
   120
   121
   124
   125
   116
    99
    70
    80
   106
   114
   105
   111
   117
    99
    79
    99
   116
   114
   118
   126
   122
   117
   111
   109
    99
    99
    95
    86
    77
    81
    92
    87
    72
    55
    59
    41
    42
    70
    74
    78
    76
    35
    30
    31
    31
    34
    33
    31
    38
    51
    65
    77
    91
    92
    99
   106
   104
   110
   114
   119
   123
   129
   128
   129
   135
   132
   137
   136
   135
   128
   133
   133
   140
   149
   156
   163
   159
   144
   117
    85
    62
    61
    57
    62
    97
   110
    69
    72
    77
    51
    90
   130
   114
   125
   103
    85
    76
   102
   118
   125
   127
   125
   126
   131
   139
   145
   136
   124
   115
   108
   104
   111
   120
   132
   135
   128
   115
    95
    88
   102
   122
   128
   129
   134
   114
    77
    40
    81
   120
   131
   121
   115
   117
   114
   115
   116
   106
    98
    93
    92
    88
    93
    74
    58
    61
    59
    58
    61
    44
    40
    63
    74
    74
    31
    29
    28
    32
    28
    35
    26
    41
    47
    66
    79
    92
    99
   101
   105
   114
   114
   117
   115
   124
   129
   138
   140
   135
   138
   135
   143
   145
   135
   140
   140
   143
   147
   152
   165
   168
   143
   118
    86
    63
    59
    67
    67
    84
   101
    64
    50
    74
    50
    51
   105
    93
   110
    95
    87
    89
   115
   125
   126
   124
   125
   127
   132
   134
   137
   124
   109
    97
   103
   120
   127
   133
   140
   144
   127
   114
   102
   114
   122
   120
   122
   131
   132
   110
    57
    12
    39
    94
   116
   135
   116
   113
   109
   110
   109
   104
    97
    93
    91
    95
    96
    88
    89
    82
    62
    73
    60
    46
    42
    40
    55
    65
    27
    33
    34
    30
    36
    38
    41
    44
    61
    79
    81
    88
    96
   103
   109
   109
   115
   119
   123
   130
   134
   137
   141
   140
   140
   149
   151
   147
   140
   139
   140
   148
   151
   161
   172
   178
   155
   125
    91
    73
    64
    58
    57
    77
    90
    81
    52
    69
    56
    33
    44
    69
    92
    92
    86
   103
   120
   123
   124
   125
   125
   129
   141
   140
   124
    99
    98
   109
   125
   138
   147
   159
   150
   143
   132
   119
   118
   124
   130
   132
   133
   134
   127
    94
    43
    37
   121
   127
   111
   116
   126
   121
   112
   110
   104
   101
    98
    96
    92
    93
   103
   102
   101
   100
    88
    77
    58
    45
    37
    40
    44
    58
    33
    20
    26
    41
    31
    29
    35
    45
    58
    72
    83
    93
    93
    99
    99
   106
   118
   119
   123
   133
   136
   142
   141
   142
   148
   143
   149
   147
   143
   142
   145
   146
   153
   167
   175
   176
   159
   118
    93
    69
    65
    60
    61
    75
    88
    87
    57
    54
    62
    35
   130
   196
   106
    93
   105
   118
   125
   129
   126
   126
   128
   135
   130
   116
    93
   106
   120
   126
   116
   113
   115
   123
   132
   139
   127
   119
   124
   130
   118
   127
   133
   134
   115
    83
    56
    43
   114
   129
   117
   127
   127
   128
   122
   111
    99
   100
    99
    92
    89
    96
   100
   106
   105
    99
    97
    87
    76
    59
    49
    39
    44
    41
    27
    36
    42
    29
    33
    34
    49
    44
    52
    73
    88
    91
    97
   105
   109
   120
   115
   126
   134
   130
   139
   143
   144
   147
   145
   149
   153
   147
   136
   142
   132
   140
   155
   177
   177
   158
   138
   118
    84
    63
    59
    60
    64
    67
    76
    87
    78
    52
    74
    47
    32
    63
    99
    99
   105
   119
   129
   130
   130
   126
   128
   132
   120
   101
   118
   130
   146
   159
   127
   108
    79
    83
    92
   101
   112
   130
   141
   127
   128
   126
   125
   133
   113
    89
    68
    86
   125
   140
   105
   117
   121
   120
   122
   118
   110
    99
   101
   100
    97
    94
    93
   103
   110
   116
   100
    89
    71
    58
    46
    46
    36
    41
    35
    31
    27
    32
    30
    36
    33
    50
    65
    73
    85
    92
    92
    98
   108
   116
   122
   130
   129
   144
   153
   152
   146
   150
   148
   156
   157
   157
   141
   136
   142
   149
   154
   181
   185
   168
   148
   121
    93
    75
    62
    64
    71
    67
    75
    89
    87
    67
    61
    82
    33
    98
   110
   104
   107
   120
   127
   128
   127
   129
   131
   138
   130
   122
   127
   132
   150
   171
   134
   106
    92
    99
   116
   110
   118
   141
   132
   128
   127
   126
   132
   134
   115
    93
    72
    70
   111
   136
   133
   126
   124
   120
   118
   120
   112
    98
    94
    97
    95
    95
    94
    99
   103
   108
   116
   102
    87
    49
    42
    39
    42
    39
    28
    23
    24
    31
    25
    26
    40
    54
    69
    81
    88
    89
    94
   102
   119
   119
   119
   127
   135
   140
   140
   137
   143
   152
   147
   149
   154
   154
   147
   148
   146
   141
   147
   160
   172
   164
   144
   126
   102
    83
    77
    64
    79
    70
    70
    71
    82
    76
    66
   100
   120
   102
   105
   106
   115
   122
   129
   130
   125
   123
   130
   137
   130
   120
   125
   135
   149
   166
   124
    89
    51
    82
   121
   123
   120
   130
   125
   126
   130
   123
   138
   131
   113
    94
    74
    53
    96
   121
   135
   156
   120
   116
   109
   109
   105
   100
    95
    92
    93
    85
    83
    84
   101
    95
   101
   100
    84
    71
    58
    50
    49
    41
    36
    32
    38
    25
    34
    35
    35
    52
    69
    71
    81
    85
    97
   102
   109
   120
   122
   129
   145
   149
   154
   159
   148
   145
   148
   146
   148
   148
   143
   138
   140
   153
   153
   159
   165
   162
   151
   129
   111
    87
    70
    72
    73
    81
    77
    75
    74
    81
    81
   103
   121
   109
   110
   113
   123
   129
   127
   121
   125
   127
   135
   130
   124
   118
   122
   136
   152
   151
   115
    73
    30
    50
   107
   115
   107
   118
   119
   123
   132
   134
   142
   122
   109
   111
    99
    60
    70
   106
   119
   147
   167
   144
   124
   107
   110
   103
    89
    84
    88
    80
    87
    84
    98
   110
    99
    92
    72
    47
    44
    34
    30
    40
    31
    29
    28
    27
    35
    38
    44
    53
    58
    73
    83
    88
   100
   104
   113
   122
   131
   134
   137
   144
   152
   153
   154
   150
   137
   151
   157
   146
   138
   145
   141
   145
   147
   155
   149
   152
   148
   138
   127
   100
    93
    90
    88
    91
    99
   102
   100
    91
    88
    94
   101
   108
   113
   122
   128
   124
   128
   126
   123
   129
   129
   123
   114
   118
   122
   135
   149
   143
   118
    63
    25
    50
   116
   116
   118
   114
   120
   128
   121
   134
   129
   113
   114
    94
    63
    34
    45
    78
   114
   105
   130
   164
   140
   111
   100
   107
    90
    85
    74
    78
    84
    92
    93
   109
   115
    92
    73
    53
    40
    40
    35
    45
    25
    23
    26
    33
    26
    30
    37
    50
    70
    77
    77
    86
    92
   108
   114
   125
   130
   136
   135
   146
   146
   151
   147
   143
   148
   145
   138
   144
   138
   131
   141
   138
   142
   149
   159
   157
   153
   141
   123
   117
    96
    87
    84
    88
   103
   115
   116
   110
   103
   109
   117
   124
   129
   126
   120
   125
   124
   128
   134
   130
   129
   126
   123
   125
   120
   134
   148
   143
   115
    69
    20
    70
   118
   108
   114
   126
   116
   119
   122
   125
   112
   112
   113
    99
    67
    32
    52
    56
   108
   114
   118
   127
   120
   103
    90
    88
    95
    79
    72
    68
    72
    84
    86
   102
    98
   100
    76
    51
    38
    43
    33
    36
    29
    27
    35
    30
    37
    36
    49
    62
    65
    72
    85
    88
    95
   103
   116
   121
   125
   136
   141
   142
   140
   146
   154
   158
   152
   144
   142
   153
   146
   150
   151
   152
   157
   155
   167
   167
   153
   136
   133
   107
   111
    99
    99
   102
   110
   125
   134
   128
   124
   124
   126
   127
   121
   119
   125
   123
   122
   122
   124
   127
   128
   128
   124
   127
   134
   155
   155
   129
   113
    67
    24
    58
    90
   103
   121
   118
   122
   125
   128
   122
   108
   121
   111
    89
    48
    61
   147
   101
   102
   119
   116
   113
   105
   101
    99
    82
    84
    76
    52
    50
    67
    78
    85
   101
   108
    93
    64
    77
    48
    44
    34
    29
    28
    26
    35
    36
    34
    41
    49
    57
    63
    79
    86
    86
    83
   101
   108
   123
   141
   138
   142
   147
   150
   145
   143
   152
   147
   142
   143
   142
   139
   144
   140
   148
   154
   165
   170
   162
   155
   139
   120
   117
   104
   105
    99
   105
   117
   126
   130
   137
   135
   133
   127
   119
   123
   127
   130
   127
   131
   130
   133
   131
   132
   129
   135
   132
   145
   165
   163
   122
   105
    78
    26
    62
    88
    80
   108
   120
   119
   119
   119
   121
   112
   117
   100
    81
    52
    76
   180
   161
   117
   122
   122
   113
   108
    96
    97
    86
    74
    76
    61
    50
    54
    79
    86
    94
   105
    96
    62
    40
    47
    30
    31
    39
    24
    34
    28
    23
    34
    34
    44
    61
    71
    74
    83
    93
   106
   107
   121
   123
   124
   138
   134
   147
   140
   143
   148
   146
   138
   145
   143
   140
   138
   143
   148
   145
   157
   165
   176
   166
   145
   133
   125
   114
   115
   106
   106
   107
   110
   121
   137
   138
   142
   138
   132
   134
   135
   128
   126
   135
   135
   139
   136
   132
   132
   137
   136
   150
   157
   171
   169
   146
   120
   100
    27
    56
    98
    83
   109
   126
   127
   118
   121
   111
   108
   112
    98
    74
    42
    72
   131
   142
   120
   131
   141
   133
   111
    87
    78
    70
    66
    68
    51
    44
    45
    73
    94
   106
    88
    93
    69
    55
    52
    50
    45
    26
    40
    31
    28
    36
    35
    49
    49
    58
    66
    71
    83
    87
    96
   111
   104
   114
   127
   130
   137
   140
   144
   147
   148
   149
   147
   150
   143
   139
   142
   143
   144
   147
   157
   164
   167
   165
   147
   138
   124
   118
   115
   112
   109
   108
   113
   130
   132
   137
   131
   131
   129
   133
   134
   135
   131
   133
   133
   136
   134
   135
   135
   129
   148
   146
   151
   144
   133
   129
   121
   104
    62
    40
    64
    76
   101
   134
   120
   122
   126
   111
   115
   113
    92
    62
    40
    52
    66
    76
    80
   124
   150
   163
   140
   101
    87
    75
    58
    62
    49
    36
    40
    65
    91
    98
   113
    83
    67
    65
    43
    34
    34
    36
    33
    26
    27
    25
    30
    37
    46
    65
    69
    77
    84
    84
    96
   108
   118
   121
   123
   132
   134
   130
   132
   145
   151
   151
   155
   144
   141
   143
   137
   146
   143
   142
   150
   157
   166
   170
   159
   149
   138
   125
   107
   103
    99
   107
   124
   143
   150
   146
   146
   140
   129
   130
   133
   141
   135
   134
   136
   138
   138
   140
   139
   138
   147
   153
   161
   153
   134
   123
   119
   110
    97
    31
    46
    52
    80
   124
   123
   127
   130
   118
   118
   114
    82
    55
    35
    86
   158
   146
   109
   134
   157
   166
   130
   107
    79
    61
    53
    62
    46
    36
    35
    54
    87
   108
   108
   104
    90
    79
    61
    47
    40
    40
    29
    35
    34
    34
    35
    43
    48
    60
    72
    78
    84
    89
    85
   106
   110
   107
   124
   119
   124
   124
   135
   139
   134
   136
   135
   136
   134
   131
   134
   139
   138
   139
   150
   160
   168
   173
   148
   139
   127
   122
   117
   115
   102
   111
   123
   136
   143
   146
   144
   137
   139
   135
   136
   134
   135
   138
   146
   141
   135
   133
   140
   145
   175
   202
   176
   150
   135
   123
   110
    94
    83
    70
    28
    49
    55
    95
   113
   123
   124
   106
   116
   112
    87
    57
    44
    74
   123
   166
   156
   123
   158
   185
   144
   111
    87
    66
    50
    47
    46
    33
    35
    43
    89
   108
   120
   118
   106
    72
    68
    50
    36
    29
    28
    22
    31
    25
    27
    44
    61
    64
    72
    80
    87
    95
    99
    97
   107
   114
   113
   119
   125
   129
   129
   135
   136
   130
   133
   133
   135
   130
   133
   137
   141
   144
   160
   167
   177
   174
   161
   142
   130
   122
   111
   101
   100
    97
   110
   124
   128
   132
   130
   130
   125
   128
   134
   134
   129
   138
   143
   142
   142
   141
   145
   165
   193
   200
   174
   144
   123
   116
   102
    86
    63
    64
    51
    38
    46
    53
   103
   136
   135
   117
   108
    97
    87
    61
    51
   111
   155
   170
   134
   133
   175
   212
   151
   115
    86
    66
    45
    42
    36
    36
    38
    52
    89
   106
   100
   117
   101
    70
    49
    51
    43
    35
    33
    36
    26
    28
    41
    35
    50
    63
    73
    79
    86
    92
    99
    99
   105
   111
   116
   124
   126
   127
   130
   136
   134
   122
   127
   130
   128
   128
   133
   133
   137
   143
   155
   168
   171
   160
   154
   132
   120
   112
   111
   100
    92
    95
   107
   109
   114
   118
   112
   114
   119
   120
   121
   130
   134
   139
   130
   133
   134
   138
   145
   162
   203
   215
   169
   148
   132
   116
    91
    78
    68
    46
    51
    50
    43
    43
    96
   133
   131
   123
   121
   100
    78
    59
    48
    84
   117
   144
   105
   127
   165
   185
   138
   113
    92
    65
    43
    45
    38
    28
    29
    38
    87
   106
   101
   103
    87
    57
    51
    37
    34
    35
    35
    29
    31
    29
    25
    45
    47
    67
    73
    80
    87
    95
    94
    91
    98
   114
   115
   118
   126
   130
   120
   123
   122
   128
   133
   129
   127
   129
   131
   139
   142
   146
   140
   154
   179
   169
   157
   138
   123
   117
   101
    96
    93
   101
   106
   108
   115
   114
   116
   116
   116
   120
   121
   117
   123
   126
   135
   125
   124
   129
   144
   150
   186
   197
   151
   130
   118
   102
    90
    77
    56
    41
    37
    20
    30
    42
    92
   144
   139
   112
   120
   105
    88
    59
    59
    97
   133
   151
    75
   115
   178
   205
   138
   104
    84
    53
    40
    42
    40
    32
    34
    40
    77
    97
   108
   101
    98
    64
    50
    45
    44
    32
    28
    31
    26
    31
    34
    40
    48
    57
    72
    81
    91
    87
    89
    99
   101
   104
   106
   125
   124
   127
   123
   118
   121
   123
   119
   131
   132
   121
   129
   137
   142
   142
   157
   161
   171
   163
   134
   120
   104
    91
    92
    82
    85
    82
    93
   106
   103
   104
   106
   107
   106
   106
   113
   117
   117
   120
   126
   122
   124
   124
   127
   129
   125
   133
   141
   130
   114
   104
    99
    76
    61
    67
    51
    45
    34
    45
    97
   119
   124
   125
   109
    85
    59
    53
    36
    14
    12
    34
    40
   110
   171
   175
   128
   107
    83
    71
    50
    41
    38
    32
    33
    36
    80
   103
    93
    97
    78
    60
    52
    41
    34
    33
    29
    26
    24
    29
    36
    33
    43
    61
    66
    73
    83
    85
    94
    98
   101
   102
   105
   103
   114
   123
   121
   122
   127
   127
   129
   129
   126
   124
   130
   136
   142
   145
   155
   163
   160
   142
   125
   106
    95
    94
    81
    72
    71
    85
    86
    94
    96
    88
    83
    96
   102
   104
   106
   114
   116
   119
   114
   119
   117
   124
   129
   135
   133
   132
   128
   122
   112
   110
    89
    75
    75
    44
    19
    46
    51
    56
   107
   126
    99
   105
   101
    77
    56
    45
    55
    99
   150
   125
    69
   141
   181
   183
   129
   109
    87
    51
    44
    45
    39
    29
    30
    30
    68
    99
    95
    88
    80
    58
    47
    52
    40
    32
    30
    37
    36
    28
    17
    26
    43
    59
    75
    76
    79
    82
    91
    88
    85
   102
   107
   110
   114
   111
   117
   123
   118
   117
   120
   118
   115
   117
   117
   131
   136
   145
   155
   162
   154
   133
   119
   100
    83
    70
    65
    66
    68
    75
    72
    68
    58
    54
    59
    72
    95
    96
   103
   105
   108
   105
   110
   111
   114
   114
   114
   120
   129
   131
   130
   126
   121
    96
    87
    80
    52
    21
    27
    33
    60
   103
   119
   121
   108
    96
    84
    85
    67
    42
    63
   100
   123
   128
   118
   160
   192
   166
   108
    93
    76
    52
    41
    39
    30
    22
    27
    40
    83
   101
   103
    87
    53
    52
    35
    36
    41
    33
    33
    25
    28
    32
    37
    30
    40
    53
    66
    75
    81
    86
    84
    90
   103
   101
   110
   115
   113
   118
   113
   112
   115
   118
   120
   123
   123
   117
   121
   130
   138
   145
   160
   156
   156
   133
   117
   114
    94
    80
    68
    59
    60
    57
    58
    60
    75
   107
   115
   101
    87
    89
    95
   104
   106
   111
   111
   108
   110
   111
   115
   116
   122
   136
   142
   135
   105
    83
    63
    29
    29
    31
    34
    48
    68
   104
   107
   112
   103
    93
   101
    82
    71
    45
    80
   129
   150
   159
   139
   169
   213
   180
   114
    89
    71
    55
    40
    38
    32
    34
    32
    40
    77
    95
    95
    91
    80
    51
    51
    41
    29
    28
    27
    33
    29
    28
    24
    30
    38
    54
    59
    73
    73
    78
    90
    89
    96
    98
   100
   110
   112
   110
   110
   117
   116
   113
   110
   110
   112
   114
   122
   125
   123
   131
   148
   165
   154
   140
   126
   101
    71
    64
    62
    59
    53
    58
    66
    78
    98
    95
    90
   108
   102
    91
    88
    95
   102
   107
   117
   114
   105
   101
   102
   107
   114
   135
   147
   115
    88
    78
    48
    23
    44
    48
    59
    73
   109
   104
   108
   113
   100
   109
    96
    73
    54
    42
    84
   111
   158
   151
   137
   172
   228
   165
    87
    77
    61
    40
    41
    38
    33
    29
    28
    39
    72
   102
   105
    90
    57
    54
    45
    37
    24
    20
    38
    33
    34
    31
    30
    40
    40
    41
    65
    74
    75
    86
    83
    87
    85
    95
    94
   101
   110
   109
   121
   115
   115
   115
   116
   116
   114
   120
   120
   122
   125
   139
   155
   168
   146
   138
   104
    79
    73
    67
    54
    47
    57
    68
    77
    79
    77
    78
    80
    59
    99
   103
    90
    96
   100
   104
   109
   110
   105
   104
   105
   109
   107
   115
   133
   123
   105
    76
    29
    26
    63
    61
    59
    88
   103
   103
   106
   112
    96
   105
    90
    61
    45
    41
   121
   190
   169
   128
   133
   151
   169
   107
    79
    68
    61
    48
    37
    38
    29
    25
    27
    44
    79
    91
   108
    90
    71
    65
    46
    31
    33
    36
    26
    26
    26
    27
    32
    37
    34
    39
    58
    62
    73
    82
    83
    86
    95
    97
   101
    99
   104
   105
   101
   113
   107
   110
   117
   111
   108
   107
   111
   116
   128
   135
   138
   143
   127
    97
    96
    77
    65
    59
    49
    54
    62
    80
    74
    69
    66
    76
    30
    38
   101
   103
   103
   105
   104
   102
   104
   111
   113
   106
   105
   100
   104
   108
   123
   130
   107
    76
    33
    34
    80
    78
    80
    99
    97
    98
   106
   110
    96
   102
    84
    61
    34
    41
    78
    83
    85
   108
   126
   133
   111
    78
    69
    63
    48
    37
    37
    43
    27
    27
    34
    54
    84
   103
   102
    79
    78
    60
    63
    51
    39
    28
    31
    34
    35
    32
    32
    27
    24
    25
    49
    69
    73
    80
    81
    89
    91
    94
   100
    98
   103
   113
   108
   102
   110
   110
   102
   104
   106
   106
   114
   121
   125
   136
   146
   144
   125
   116
    84
    59
    60
    55
    52
    61
    80
    74
    59
    51
    75
    60
    56
    95
   108
   101
    98
   102
   110
   110
   106
   107
   121
   116
   107
   106
   108
   116
   125
   140
   111
    70
    22
    49
    82
    82
    80
    95
   109
   103
   103
   114
    96
    96
    86
    63
    37
    43
    58
    74
   108
   114
   112
   101
    87
    75
    64
    64
    51
    44
    43
    35
    31
    26
    36
    63
    94
   106
   103
    93
    81
    60
    46
    40
    38
    32
    30
    33
    30
    32
    30
    32
    37
    41
    42
    58
    65
    73
    78
    78
    84
    86
    96
   100
    99
   101
   113
   110
   105
   105
   111
   108
   105
   113
   107
   110
   119
   124
   138
   131
   122
    96
    66
    54
    60
    54
    49
    70
    81
    69
    53
    81
    77
    40
    98
   196
   112
    93
    95
   105
   116
   118
   112
   111
   118
   109
   107
   110
   117
   125
   128
   131
   109
    69
    26
    36
    70
    80
    81
    96
   107
   103
   105
   110
   101
    99
    91
    69
    37
    64
   182
   170
   108
   111
   104
    86
    80
    75
    64
    57
    53
    46
    47
    37
    29
    31
    42
    72
    93
   107
    98
    70
    82
    80
    71
    44
    33
    32
    35
    32
    29
    31
    35
    31
    28
    28
    41
    59
    68
    78
    80
    84
    86
    88
    93
    96
   106
   102
   100
   101
   103
   106
   103
   105
   103
   104
   114
   113
   121
   129
   139
   134
   111
    83
    59
    52
    54
    53
    63
    84
    92
    68
    88
    98
    68
    47
   109
   101
   114
   111
    95
    95
   108
   116
   116
   112
   112
   100
    97
   115
   117
   119
   132
   140
   103
    73
    36
    51
    72
    78
    83
    98
    97
   106
   108
   117
   102
    99
    92
    70
    35
    41
    56
    83
   109
    99
    87
   101
    97
    72
    66
    63
    51
    42
    40
    34
    28
    35
    53
    77
    91
    94
    86
    87
    77
    75
    44
    34
    40
    31
    31
    27
    27
    30
    26
    30
    31
    31
    41
    52
    70
    71
    76
    75
    79
    84
    88
    93
    92
    95
    94
    98
   102
   105
   104
   102
   102
   111
   108
   113
   116
   124
   125
   120
   106
    74
    53
    53
    49
    49
    73
   104
   103
    79
   110
    99
    55
    87
   158
   134
   112
    93
    83
    79
    97
   114
   117
   116
   118
   113
    86
    74
   109
   125
   140
   138
   100
    67
    54
    69
    82
    91
    81
    80
   102
   105
   111
   119
   101
    99
    93
    68
    37
    33
    54
    89
   105
    90
   103
   109
    97
    87
    74
    59
    51
    57
    56
    40
    34
    45
    62
    75
    81
    91
    91
    82
    80
    69
    58
    56
    37
    28
    39
    33
    33
    33
    32
    36
    32
    34
    32
    54
    61
    71
    74
    76
    80
    84
    88
    91
    95
    97
    96
    97
    99
    98
   102
   102
    95
    97
   104
   105
   115
   123
   120
   117
    98
    69
    56
    56
    50
    57
    89
   107
    94
    90
   119
    88
    36
    13
    34
    84
   108
   100
    87
    68
    87
   110
   113
   114
   118
   121
   112
    87
    86
   100
   110
   102
    83
    70
    70
    75
    93
    99
    92
    92
    89
   101
   107
   115
   101
    96
    91
    71
    42
   112
   105
   111
    99
   119
   146
   135
    94
    77
    65
    58
    65
    59
    47
    38
    40
    53
    69
    78
    83
    91
    90
    82
    69
    51
    48
    28
    31
    28
    35
    31
    33
    36
    32
    26
    26
    23
    33
    43
    54
    69
    71
    74
    79
    78
    75
    81
    92
    94
    94
    97
    98
    98
    98
   100
    94
    96
   103
   108
   116
   122
   122
   111
    98
    67
    60
    53
    54
    73
    99
   110
    94
   102
   129
    86
    41
    46
    33
    72
   133
    92
    85
    64
    76
   106
   108
   113
   115
   119
   121
   110
    89
    94
    99
   102
   102
    56
    35
    49
    65
    76
    87
   107
   104
   105
   112
   123
   109
    96
    77
    51
    43
    66
   102
   107
   105
   152
   120
    83
    78
    73
    73
    74
    68
    61
    50
    46
    48
    56
    72
    83
    92
    91
    86
    80
    69
    63
    51
    36
    31
    24
    54
    38
    30
    29
    29
    30
    32
    36
    27
    31
    47
    58
    66
    70
    70
    81
    85
    85
    87
    92
    93
    94
    94
    98
    99
    94
    97
   101
   103
   107
   112
   116
   117
   107
    85
    65
    62
    59
    68
    82
   101
   110
    87
   111
   135
    85
   169
    78
    34
    56
   119
   101
    78
    53
    61
    96
   109
   114
   120
   118
   125
   115
   100
   101
   109
   118
   119
   120
   106
    87
    79
    86
   102
   118
   108
   114
   112
   114
   104
    90
    76
    63
    43
    38
   111
   114
   121
    99
    81
    89
    82
    81
    78
    81
    79
    61
    51
    48
    61
    64
    77
    86
    87
    96
    91
    71
    65
    53
    39
    34
    33
    25
    51
    39
    31
    22
    33
    30
    34
    33
    38
    34
    44
    54
    64
    70
    76
    73
    82
    85
    91
    90
    90
    96
    98
    94
   100
    97
    99
   100
    99
   103
   106
   107
   108
   100
    84
    71
    63
    54
    63
    85
   101
   106
    80
    95
    94
    46
    24
    14
    30
    39
    76
    76
    79
    59
    45
    96
   111
   108
   113
   125
   129
   122
   119
   110
   112
   121
   120
   121
   118
   119
   111
   111
   117
   110
   104
   113
   111
   108
   100
    76
    63
    44
    24
    73
   127
   114
    85
    73
    80
    87
    99
    90
    87
    84
    77
    63
    56
    58
    59
    70
    79
    86
    93
    92
    77
    75
    62
    39
    28
    38
    33
    33
    55
    46
    34
    33
    36
    37
    33
    36
    30
    34
    38
    47
    59
    65
    68
    74
    76
    84
    86
    94
    91
    93
    94
    95
    92
    97
    97
   100
   100
    96
   105
   104
   106
    99
    86
    67
    53
    66
    78
    93
   105
   102
    80
    90
   103
    62
    21
    30
    35
    37
    65
    78
    85
    62
    42
    94
   111
   107
   116
   120
   122
   121
   116
   114
   114
   113
   115
   111
   113
   112
   115
   112
   104
   101
   107
   107
   109
   109
   105
    69
    52
    34
    23
    83
   108
    85
    89
    99
   108
   110
   100
    91
    89
    81
    73
    59
    60
    66
    69
    70
    76
    77
    91
    88
    79
    64
    50
    34
    32
    24
    27
    24
    57
    57
    49
    41
    31
    29
    35
    29
    25
    30
    29
    43
    53
    61
    69
    72
    75
    75
    85
    85
    95
    91
    93
    94
    97
   100
    95
    97
    99
   102
   105
   102
    98
    83
    82
    70
    70
    69
    90
    97
   105
   108
    80
    88
   101
    65
    29
    18
    21
    68
    80
    69
    83
    62
    45
    88
   112
   113
   115
   120
   127
   127
   126
   122
   120
   118
   120
   116
   106
   109
   107
   103
    99
   100
   102
   109
   112
   109
   105
    64
    42
    17
    25
    96
    97
    91
   100
   113
   111
   101
    95
    91
    83
    76
    76
    69
    65
    66
    66
    72
    77
    83
    75
    66
    71
    55
    51
    39
    32
    38
    32
    37
    56
    59
    59
    42
    35
    34
    31
    33
    30
    33
    31
    32
    45
    57
    61
    67
    71
    74
    78
    86
    90
    96
    95
    94
    97
    98
   102
   101
   100
   100
    98
    97
    90
    88
    82
    76
    66
    70
    92
    98
   105
   105
    79
    80
    96
    61
    39
    75
   114
   123
    79
    83
    88
    64
    45
    91
   108
   107
   109
   117
   121
   127
   135
   132
   127
   124
   119
   114
   107
    99
    93
    99
    91
    88
   102
   108
   111
   103
   105
    71
    33
    14
    24
    69
    92
   106
   114
   109
    99
    93
    86
    88
    78
    74
    73
    64
    67
    67
    64
    82
    96
    98
    94
    82
    63
    41
    28
    33
    30
    23
    31
    21
    58
    53
    53
    52
    42
    32
    30
    29
    29
    28
    28
    27
    32
    48
    57
    65
    68
    72
    78
    82
    84
    93
    97
    97
    95
    96
    96
    98
    96
   100
    98
   102
    88
    82
    86
    89
    67
    63
    86
   100
   103
   105
    89
    76
   101
    92
    37
    50
   115
   109
    79
    88
    92
    64
    54
    98
   107
   108
   106
   115
   123
   127
   130
   124
   120
   113
   115
   115
   109
    93
    86
    85
    87
    75
    95
    92
    91
    94
   104
    68
    38
    36
    86
   109
   118
   115
   108
    99
    97
    94
    96
    87
    84
    80
    71
    70
    65
    72
    84
    88
   100
    95
    83
    62
    51
    47
    38
    30
    33
    31
    31
    62
    52
    56
    56
    53
    48
    38
    35
    31
    31
    35
    32
    33
    33
    38
    52
    54
    62
    66
    71
    82
    81
    86
    86
    89
    95
   100
    98
    98
    98
   100
   103
    97
    79
    79
    78
    82
    78
    66
    91
    97
   108
   110
   103
    72
    95
    91
    46
    26
    49
    60
    92
   103
    93
    61
    56
   102
   109
   115
   114
   113
   114
   129
   128
   127
   125
   129
   117
   103
   100
    88
    75
    85
    64
    69
    71
    81
    92
    88
    94
    98
    87
    87
    97
   104
   105
   100
   101
   102
    97
    98
    93
    90
    84
    74
    69
    69
    81
    90
    88
    93
    80
    73
    72
    66
    57
    43
    32
    24
    26
    19
    51
   149
    53
    55
    52
    56
    59
    48
    38
    31
    33
    31
    27
    24
    22
    29
    40
    53
    56
    67
    72
    71
    76
    79
    85
    89
    91
    92
    90
    94
    98
    98
   102
   102
    92
    63
    73
    71
    65
    78
    92
    98
   104
   114
   114
    71
    90
   102
    69
    28
    17
    47
    98
   107
    90
    68
    81
   110
   114
   119
   112
   115
   121
   126
   124
   124
   121
   122
   114
   101
    94
    91
    78
    68
    68
    68
    78
    81
    85
    88
    77
    97
    88
    81
    85
    90
    92
   101
   103
    97
    96
    94
    90
    84
    75
    72
    73
    84
    89
    95
    95
    85
    87
    69
    57
    36
    39
    40
    36
    29
    31
    44
   119
   113
    52
    55
    56
    54
    57
    55
    44
    37
    32
    28
    32
    33
    37
    30
    29
    37
    54
    59
    66
    73
    75
    78
    82
    84
    83
    89
    97
    96
    94
    96
    93
    97
   100
    80
    64
    69
    72
    79
    85
    94
   101
   112
   112
    98
    67
   102
    91
    47
    27
    54
    96
   104
    79
    67
   101
   113
   117
   114
   115
   119
   121
   123
   122
   122
   120
   118
   111
    98
    99
    89
    80
    71
    64
    64
    64
    68
    82
    83
    83
    84
    72
    71
    67
    81
    79
    92
    98
    97
    95
    95
    90
    77
    75
    80
    86
    83
    83
    88
    92
    83
    77
    67
    43
    39
    36
    34
    33
    34
    38
    70
    82
    59
    56
    54
    54
    57
    57
    52
    55
    44
    34
    32
    31
    28
    24
    31
    27
    36
    39
    49
    58
    65
    69
    74
    78
    83
    88
    87
    91
    93
    97
   100
    98
    98
    99
    99
    72
    61
    65
    76
    82
    89
   102
   108
   111
   101
    67
    66
    90
    57
    37
    52
    85
    90
    66
    87
   108
   116
   120
   120
   117
   116
   117
   123
   125
   120
   115
   113
   110
    98
    92
    85
    78
    66
    68
    67
    75
    79
    73
    88
    90
    86
    88
    75
    73
    69
    73
    71
    83
    82
    85
    80
    77
    75
    81
    85
    82
    80
    85
    74
    63
    70
    54
    38
    34
    29
    38
    30
    35
    36
    68
    84
    64
    78
    52
    51
    57
    53
    52
    58
    54
    56
    42
    32
    31
    26
    27
    24
    31
    25
    31
    38
    48
    54
    62
    70
    75
    75
    72
    79
    86
    88
    94
    97
    98
    99
    96
    95
    91
    71
    67
    78
    86
    99
   101
   108
   108
   104
    91
    64
    74
    75
    46
    58
    85
    74
    76
   104
   113
   115
   118
   115
   118
   118
   125
   120
   120
   120
   113
   110
   106
   101
    94
    90
    85
    79
    67
    67
    65
    71
    69
    68
    78
    83
    84
    81
    76
    62
    63
    68
    67
    71
    73
    69
    70
    76
    78
    71
    62
    61
    60
    63
    61
    49
    42
    37
    34
    37
    33
    38
    47
    47
    69
    66
    82
    78
    54
    53
    57
    58
    56
    52
    56
    56
    54
    46
    34
    36
    32
    33
    30
    34
    30
    27
    36
    40
    44
    54
    63
    67
    71
    77
    86
    91
    89
    92
    96
    99
   100
    97
    94
    84
    71
    68
    78
    98
    97
   103
   103
   105
    96
    85
    72
    84
    58
    77
    87
    73
    88
   109
   114
   115
   118
   119
   116
   118
   120
   124
   124
   121
   121
   117
   106
   105
    99
    89
    92
    83
    82
    76
    76
    70
    74
    73
    71
    74
    76
    74
    79
    64
    60
    66
    62
    60
    60
    66
    74
    68
    58
    57
    53
    59
    58
    46
    41
    37
    31
    40
    41
    43
    49
    49
    42
    59
    70
    96
    87
    71
    53
    55
    55
    57
    55
    58
    58
    58
    60
    54
    44
    34
    33
    24
    25
    32
    27
    35
    36
    41
    40
    49
    56
    58
    67
    63
    71
    83
    84
    90
    92
    93
    86
    86
    85
    83
    77
    66
    66
    82
    93
    91
    94
    99
    92
    84
    86
    84
    73
    93
    98
    90
    94
   104
   109
   116
   118
   118
   119
   118
   120
   123
   123
   131
   122
   116
   117
   110
   102
    94
    91
    86
    76
    80
    78
    77
    69
    76
    77
    83
    81
    80
    67
    75
    75
    64
    66
    63
    62
    67
    58
    60
    56
    52
    54
    51
    45
    43
    33
    30
    40
    35
    48
    64
    49
    37
    61
    75
    91
    72
    90
   157
    51
    51
    50
    50
    53
    53
    55
    55
    58
    57
    52
    42
    31
    33
    34
    32
    37
    33
    31
    31
    43
    40
    44
    46
    43
    58
    59
    70
    78
    83
    86
    86
    83
    87
    83
    83
    81
    73
    69
    65
    77
    88
    89
    89
    74
    77
    76
    70
    78
    92
    94
   102
   108
   110
   108
   112
   110
   113
   116
   115
   118
   121
   128
   123
   124
   126
   119
   113
   105
    96
    95
    82
    80
    74
    76
    91
    88
    65
    75
    78
    79
    85
    84
    76
    78
    70
    63
    62
    56
    51
    54
    52
    47
    46
    51
    42
    44
    45
    45
    49
    56
    64
    61
    42
    42
    60
    76
    86
    86
   132
   180
   175
    57
    57
    55
    57
    56
    55
    58
    55
    57
    57
    53
    57
    45
    36
    34
    31
    27
    28
    26
    27
    25
    28
    30
    40
    52
    57
    64
    60
    70
    70
    75
    77
    75
    80
    82
    77
    80
    85
    79
    71
    67
    76
    77
    78
    81
    79
    83
    91
    98
    95
   100
   101
   105
   108
   111
   110
   116
   115
   118
   118
   116
   118
   124
   128
   126
   118
   116
   106
    94
    88
    82
    79
    78
    77
    80
    73
    75
    76
    84
    78
    82
    76
    74
    68
    63
    57
    55
    59
    59
    52
    48
    52
    49
    49
    45
    44
    42
    46
    51
    55
    50
    43
    25
    32
    57
    78
    94
   125
   168
   188
   191
   192
    54
    45
    49
    52
    53
    55
    54
    56
    58
    55
    60
    57
    56
    49
    39
    33
    33
    25
    35
    30
    33
    38
    39
    38
    37
    37
    36
    46
    50
    54
    59
    65
    76
    76
    77
    80
    81
    74
    75
    82
    77
    75
    76
    79
    85
    85
    90
    93
    96
    96
    94
    98
   101
   102
   106
   111
   112
   119
   116
   116
   120
   120
   124
   129
   120
   115
   107
    93
    93
    81
    76
    74
    75
    72
    69
    75
    75
    77
    77
    77
    73
    69
    71
    64
    64
    63
    57
    53
    45
    50
    53
    47
    48
    50
    41
    40
    46
    60
    59
    66
    57
    54
    83
   103
   125
   162
   191
   199
   197
   180
   143
    87
    48
    58
    58
    59
    58
    59
    59
    55
    53
    57
    57
    56
    58
    59
    47
    37
    33
    33
    33
    30
    29
    34
    35
    29
    31
    29
    31
    28
    37
    45
    54
    58
    62
    72
    75
    72
    68
    73
    74
    74
    75
    74
    74
    78
    78
    81
    88
    92
   100
   101
   103
   103
   104
   102
   105
   109
   111
   111
   114
   113
   110
   112
   110
   112
   116
   113
    96
    86
    80
    78
    71
    63
    65
    67
    63
    67
    61
    65
    62
    62
    65
    67
    60
    59
    55
    49
    54
    50
    55
    58
    54
    50
    50
    47
    48
    58
    58
    48
    37
    57
    80
   101
   102
    85
   119
   132
   131
   121
    90
    61
    58
    70
    52
    55
    54
    52
    54
    52
    53
    55
    58
    55
    56
    56
    55
    57
    57
    43
    38
    33
    38
    32
    31
    35
    32
    30
    26
    37
    35
    31
    28
    32
    35
    41
    45
    47
    52
    57
    57
    63
    68
    72
    74
    77
    77
    77
    79
    76
    78
    83
    81
    85
    95
    93
   100
   104
   101
   100
   104
   104
   105
   108
   106
   107
   107
   108
   101
    98
    92
    81
    76
    63
    58
    61
    56
    58
    59
    56
    70
    65
    64
    74
    71
    67
    66
    57
    67
    65
    49
    54
    52
    51
    48
    47
    48
    54
    60
    50
    37
    30
    34
    30
    28
    84
   109
    32
    48
    71
    77
    41
    16
    70
    86
    56
    55
    54
    54
    54
    49
    55
    58
    53
    54
    54
    55
    55
    53
    55
    59
    61
    56
    41
    28
    29
    25
    24
    26
    28
    28
    33
    33
    36
    31
    30
    25
    25
    26
    22
    24
    32
    31
    32
    41
    43
    46
    57
    65
    61
    68
    71
    72
    70
    72
    76
    75
    83
    87
    93
    97
   100
    99
   101
    98
    97
    97
    95
    95
    94
    89
    86
    78
    72
    67
    60
    58
    50
    53
    61
    66
    69
    69
    75
    77
    79
    70
    74
    65
    63
    61
    56
    58
    56
    53
    52
    56
    57
    62
    46
    33
    30
    32
    35
    36
    34
    34
    72
   111
    69
   115
   104
    73
    52
    89
   101
    94
    47
    55
    54
    52
    51
    57
    54
    55
    56
    52
    55
    57
    57
    57
    57
    55
    58
    58
    57
    49
    38
    33
    31
    32
    34
    34
    26
    28
    30
    34
    30
    25
    29
    26
    29
    33
    26
    31
    28
    21
    33
    26
    21
    22
    27
    29
    26
    33
    42
    46
    48
    59
    69
    76
    84
    85
    89
    91
    90
    91
    89
    90
    86
    85
    83
    87
    83
    76
    78
    71
    73
    67
    71
    73
    78
    69
    68
    81
    78
    73
    71
    75
    70
    67
    61
    57
    58
    54
    45
    56
    59
    58
    52
    32
    32
    36
    36
    34
    36
    34
    34
    35
    44
   113
    74
   138
   109
    63
    92
    94
    94
    93
    81
    49
    54
    55
    52
    56
    57
    53
    55
    58
    57
    55
    56
    52
    51
    58
    57
    60
    60
    57
    50
    45
    43
    38
    34
    33
    29
    30
    29
    28
    25
    31
    28
    30
    30
    24
    28
    30
    34
    32
    21
    28
    31
    30
    27
    22
    29
    24
    34
    59
    81
    99
    71
    50
    49
    61
    75
    81
    83
    85
    86
    82
    82
    85
    83
    87
    82
    86
    83
    80
    74
    72
    68
    68
    64
    72
    76
    69
    66
    75
    71
    70
    63
    55
    52
    53
    50
    55
    58
    50
    42
    34
    23
    35
    39
    33
    32
    35
    32
    34
    34
    33
    46
   111
    72
   139
   111
    71
    95
   119
   114
    99
   101
    54
    55
    52
    55
    50
    56
    58
    56
    58
    54
    54
    55
    56
    56
    57
    58
    55
    57
    56
    55
    58
    56
    48
    41
    39
    37
    34
    39
    30
    34
    33
    34
    28
    26
    30
    29
    32
    26
    24
    25
    26
    23
    20
    28
    29
    37
    59
   104
   102
   100
    95
    77
    53
    42
    32
    25
    34
    51
    67
    76
    80
    73
    76
    79
    72
    80
    76
    73
    74
    75
    70
    77
    66
    65
    67
    67
    70
    72
    63
    63
    63
    59
    58
    57
    58
    56
    47
    41
    35
    33
    38
    42
    35
    35
    37
    36
    36
    35
    35
    36
    28
    34
   102
    78
   119
   125
    91
    77
   138
   137
   126
   130
    51
    54
    55
    53
    56
    53
    50
    53
    54
    54
    57
    54
    55
    60
    54
    58
    60
    58
    55
    64
    60
    56
    56
    58
    58
    56
    42
    35
    36
    36
    30
    29
    31
    27
    27
    18
    20
    22
    27
    26
    18
    26
    28
    33
    48
    47
    66
    99
   110
   107
    99
    86
    69
    52
    36
    25
    16
    17
    19
    22
    36
    60
    65
    61
    68
    63
    65
    67
    71
    63
    68
    69
    73
    70
    61
    60
    58
    55
    54
    54
    53
    53
    52
    56
    48
    38
    33
    33
    36
    35
    34
    37
    34
    35
    36
    31
    31
    34
    33
    31
    35
    41
    94
    92
   123
   129
    81
    77
    70
   132
   148
   154
    58
    54
    49
    52
    54
    54
    57
    54
    58
    59
    57
    59
    57
    54
    54
    52
    57
    63
    56
    52
    57
    57
    58
    58
    56
    57
    57
    55
    54
    52
    56
    50
    45
    43
    30
    29
    30
    28
    29
    27
    32
    25
    34
    62
    32
    15
    12
    15
    35
    61
    91
    95
    90
    71
    51
    39
    34
    24
    23
    33
    56
    69
    52
    47
    57
    58
    59
    55
    58
    60
    69
    67
    64
    69
    70
    68
    64
    64
    62
    56
    55
    46
    40
    31
    28
    31
    35
    31
    31
    37
    33
    32
    40
    36
    35
    34
    39
    35
    31
    31
    32
    33
    83
   106
   127
   113
    93
    78
    62
   111
   171
   167
    52
    53
    56
    54
    56
    51
    49
    48
    56
    55
    55
    53
    56
    56
    58
    62
    55
    55
    58
    54
    53
    53
    58
    56
    56
    58
    55
    54
    57
    59
    60
    58
    57
    55
    46
    45
    34
    30
    26
    35
    29
    37
    67
    50
    24
    21
    22
    21
    12
     4
    10
    34
    57
    81
    84
    81
    69
    72
    72
    86
    76
    34
    24
    56
    69
    65
    54
    73
    79
    65
    47
    47
    45
    50
    44
    37
    40
    34
    32
    37
    25
    31
    28
    34
    36
    35
    33
    35
    32
    34
    38
    34
    28
    34
    34
    34
    26
    32
    35
    31
    29
    33
    81
   108
   126
   115
   131
    83
    84
    69
   102
   174
    53
    55
    51
    53
    55
    55
    54
    61
    55
    54
    49
    58
    56
    55
    53
    53
    59
    55
    56
    59
    56
    57
    53
    58
    56
    53
    59
    58
    52
    55
    53
    55
    54
    56
    57
    49
    45
    44
    48
    41
    46
    46
    58
    63
    55
    43
    35
    33
    29
    32
    30
    29
    30
    36
    46
    53
    66
    67
    69
    53
    37
    49
    65
    69
    63
    69
    76
    79
    87
    67
    37
    33
    32
    27
    35
    37
    25
    34
    31
    28
    33
    37
    39
    33
    33
    34
    33
    35
    33
    33
    37
    31
    34
    35
    33
    27
    30
    30
    25
    30
    32
    35
    91
   108
   113
   138
   141
   141
    78
    84
    79
    57
    54
    54
    54
    56
    55
    54
    55
    51
    54
    56
    59
    52
    52
    55
    54
    56
    56
    59
    53
    52
    54
    55
    60
    57
    58
    56
    55
    57
    61
    55
    57
    55
    55
    56
    52
    54
    53
    47
    50
    47
    44
    46
    37
    50
    56
    67
    70
    70
    79
    85
    89
    90
    78
    74
    67
    67
    62
    65
    64
    70
    76
    79
    79
    79
    90
   104
   101
    83
    53
    36
    33
    37
    35
    39
    31
    35
    38
    31
    37
    32
    33
    30
    32
    32
    33
    32
    32
    31
    33
    34
    30
    36
    33
    29
    31
    32
    34
    32
    38
    35
    30
    40
    96
   127
   121
   144
   145
   162
   167
   118
    87
    83
    48
    50
    52
    50
    53
    54
    51
    57
    56
    55
    57
    58
    57
    50
    55
    58
    56
    55
    55
    53
    56
    54
    55
    61
    57
    61
    58
    58
    58
    57
    55
    54
    55
    54
    53
    51
    54
    52
    47
    47
    50
    44
    46
    46
    41
    44
    40
    43
    38
    44
    38
    32
    38
    39
    34
    37
    39
    35
    31
    34
    36
    35
    31
    30
    42
    51
    48
    38
    33
    38
    36
    35
    36
    32
    38
    37
    38
    38
    31
    39
    36
    36
    34
    38
    35
    31
    33
    35
    30
    30
    31
    29
    29
    33
    37
    32
    32
    31
    29
    32
    36
    54
   123
   112
   121
   151
   150
   178
   194
   199
   202
   195
    53
    50
    48
    52
    52
    54
    54
    55
    48
    54
    58
    53
    57
    58
    71
    58
    53
    55
    59
    59
    56
    59
    60
    53
    53
    55
    53
    56
    52
    60
    57
    58
    56
    57
    60
    55
    51
    53
    51
    57
    48
    45
    45
    49
    49
    41
    44
    45
    42
    42
    44
    44
    41
    41
    39
    38
    37
    36
    39
    42
    36
    33
    36
    37
    32
    30
    32
    35
    32
    32
    34
    32
    33
    36
    33
    33
    32
    32
    35
    34
    34
    35
    31
    30
    30
    37
    29
    31
    32
    31
    33
    32
    32
    27
    27
    31
    28
    27
    28
    27
    27
    45
   144
   105
   116
   108
   151
   104
   116
   140
   140
   122
    53
    49
    54
    52
    57
    54
    57
    52
    56
    58
    52
    59
    49
    54
    48
    52
    54
    56
    53
    53
    54
    53
    56
    57
    54
    52
    59
    54
    59
    52
    56
    59
    56
    58
    54
    61
    63
    56
    56
    52
    55
    55
    51
    48
    46
    51
    51
    43
    48
    42
    39
    38
    41
    40
    46
    41
    39
    42
    39
    37
    35
    35
    34
    36
    41
    37
    41
    34
    34
    33
    34
    35
    33
    34
    32
    37
    31
    39
    31
    31
    40
    33
    34
    34
    35
    32
    41
    37
    32
    33
    35
    35
    30
    32
    32
    30
    28
    29
    31
    31
    29
    35
   109
   174
   137
    93
   120
   175
   132
   101
    81
    76
