    55
    56
    57
    50
    55
    56
    50
    49
    56
    59
    61
    61
    63
    59
    53
    58
    60
    59
    59
    58
    60
    61
    67
    64
    57
    51
    52
    42
    37
    34
    41
    37
    32
    29
    33
    32
    32
    32
    30
    37
    31
    40
    43
    32
    39
    37
    35
    40
    36
    52
    68
    72
    76
    81
    92
   101
   105
   109
   110
    91
    68
    57
    38
    23
    23
    35
    41
    55
    56
    71
    69
    82
   109
   112
   114
    68
    42
    51
    53
    51
    45
    53
    50
    54
    47
    48
    41
    43
    48
    45
    40
    45
    51
    49
    52
    47
    42
    47
    53
    48
    42
    43
    43
    44
    46
    49
    76
   144
   134
   183
   112
   125
    56
    51
    54
    56
    58
    59
    58
    59
    55
    53
    55
    55
    56
    56
    60
    62
    60
    59
    54
    58
    62
    55
    43
    37
    40
    33
    29
    34
    46
    39
    35
    38
    38
    40
    45
    40
    35
    27
    34
    36
    38
    33
    30
    31
    39
    33
    33
    37
    37
    40
    52
    69
    60
    61
    61
    67
    65
    56
    56
    57
    86
    98
   115
   114
    99
    90
    82
    72
    91
    99
    96
   108
   100
   109
   113
   110
    62
    41
    44
    48
    53
    45
    44
    44
    45
    46
    51
    50
    47
    50
    46
    45
    47
    46
    43
    44
    48
    45
    41
    39
    47
    49
    46
    40
    46
    41
    75
   145
   146
   201
   148
   144
    56
    60
    57
    55
    51
    51
    55
    54
    59
    59
    56
    60
    59
    60
    58
    62
    61
    59
    63
    59
    48
    43
    41
    37
    32
    34
    37
    34
    32
    32
    38
    32
    36
    32
    24
    32
    41
    37
    33
    32
    40
    33
    31
    34
    34
    31
    38
    35
    38
    44
    40
    50
    51
    20
    20
    13
     8
     7
    17
    28
    42
    65
    88
    97
   113
   116
   120
   120
    71
    56
    90
   101
   105
    99
   106
   112
    96
    54
    47
    46
    41
    50
    52
    45
    50
    48
    50
    49
    47
    42
    41
    44
    43
    48
    46
    47
    43
    47
    48
    48
    47
    45
    48
    49
    46
    44
    92
   180
   141
   201
   136
   128
    52
    53
    50
    57
    58
    58
    57
    58
    55
    56
    59
    62
    59
    59
    58
    57
    55
    54
    55
    42
    32
    28
    36
    31
    29
    34
    38
    33
    37
    39
    33
    34
    37
    33
    30
    28
    26
    26
    26
    31
    22
    23
    37
    32
    33
    33
    46
    43
    30
    29
    35
    32
    53
    56
    39
    42
    57
    80
   102
   117
   122
   119
   117
   103
    80
    78
    88
   111
   123
   101
   102
   101
    99
   101
   117
   112
    91
    59
    47
    48
    54
    47
    46
    54
    49
    50
    43
    47
    49
    48
    51
    48
    48
    41
    45
    44
    47
    49
    44
    48
    47
    42
    44
    42
    43
    41
    99
   201
   147
   200
   113
   184
    58
    57
    59
    58
    51
    56
    55
    59
    61
    59
    58
    55
    56
    58
    59
    61
    60
    45
    32
    33
    32
    35
    35
    31
    41
    39
    34
    33
    37
    39
    36
    32
    27
    39
    41
    37
    35
    36
    44
    44
    36
    37
    28
    41
    28
    32
    25
    19
    33
    27
    23
    29
    29
    36
    44
    73
   123
   137
   132
   124
   114
   102
    85
    76
    55
    31
    24
    41
    77
    91
    81
    77
    79
   100
   118
    96
    56
    35
    38
    35
    37
    39
    40
    44
    46
    49
    48
    45
    46
    50
    43
    48
    47
    45
    45
    47
    44
    40
    36
    39
    41
    45
    46
    45
    51
    45
   116
   199
   133
   210
   147
   173
    52
    54
    53
    56
    57
    55
    60
    58
    57
    58
    63
    62
    60
    63
    63
    53
    43
    34
    41
    39
    32
    30
    30
    41
    36
    32
    33
    34
    38
    41
    54
    58
    56
    48
    46
    57
    67
    69
    68
    74
    79
    72
    72
    65
    68
    62
    72
    73
    65
    68
    71
    69
    71
    71
    72
    70
    70
    82
    82
    81
    81
    81
    83
    78
    83
    88
    83
    82
    84
    79
    80
    82
    80
    79
    79
    79
    82
    82
    75
    73
    67
    58
    48
    43
    35
    33
    41
    48
    45
    40
    45
    45
    45
    44
    47
    43
    48
    50
    48
    43
    47
    44
    41
    42
    40
    44
   125
   168
    81
   189
   176
   126
    57
    56
    60
    56
    58
    58
    53
    56
    56
    57
    54
    57
    61
    47
    43
    39
    39
    38
    35
    33
    32
    31
    35
    35
    38
    45
    53
    59
    63
    60
    68
    66
    74
    78
    76
    82
    89
    89
    88
    88
    88
    87
    90
    88
    90
    92
    90
    88
    92
    89
    92
    89
    91
    93
    96
    95
    93
    89
    85
    88
    88
    90
    89
    90
    87
    87
    89
    89
    85
    87
    91
    88
    83
    99
    93
    97
    94
    93
    95
    93
    95
    94
    93
    91
    81
    69
    47
    38
    42
    42
    44
    43
    41
    48
    45
    48
    44
    43
    44
    47
    45
    45
    46
    42
    44
    42
   118
   145
    80
   155
   183
    84
    52
    53
    53
    53
    55
    53
    58
    57
    58
    59
    61
    59
    58
    47
    35
    34
    32
    29
    33
    37
    37
    36
    40
    44
    48
    54
    63
    72
    78
    78
    85
    93
    89
    88
    97
    99
    95
    95
   101
    98
    91
    90
    95
   100
   101
   105
   101
   105
   100
    95
    95
   100
   100
    97
    95
    97
   101
   104
   103
   106
   103
   104
   105
   102
   100
    97
    96
    96
    94
    93
    93
    91
    92
    83
    86
    89
    91
    95
    96
   101
    98
    93
    91
    92
    87
    93
    91
    87
    73
    54
    41
    42
    50
    46
    46
    49
    49
    48
    50
    48
    48
    46
    44
    51
    44
    47
    82
   131
    88
   180
   198
   139
    56
    54
    55
    53
    56
    57
    56
    60
    58
    56
    54
    51
    35
    33
    37
    36
    31
    38
    30
    33
    37
    54
    63
    66
    65
    65
    75
    83
    83
    88
    89
    92
    92
   100
   103
    98
    95
   100
    93
    92
   101
   102
   107
    99
    98
    97
   102
   106
   110
   115
   120
   117
   114
   115
   116
   110
   108
   109
   108
   104
   106
   108
   109
   108
   109
   110
   111
   105
   107
   101
    95
    96
    96
    99
    97
    88
    91
    91
    94
    95
   102
    98
    96
    99
    96
    89
    91
    85
    83
    82
    83
    64
    47
    44
    44
    43
    48
    45
    45
    46
    47
    52
    46
    41
    46
    44
    94
   143
    86
   120
   194
   143
    54
    56
    57
    55
    55
    54
    57
    57
    58
    58
    51
    42
    41
    38
    33
    31
    31
    26
    28
    47
    67
    70
    78
    78
    79
    78
    85
    88
    98
    95
    99
   106
   108
   103
   108
   106
   103
   100
   103
   111
   111
   101
    86
    84
    96
   110
   105
   109
   117
   117
   120
   122
   122
   123
   120
   118
   117
   117
   113
   110
   119
   116
   116
   121
   122
   122
   120
   115
   109
   117
   107
   108
   106
   102
   102
   104
    96
    99
    93
    95
   101
   104
    99
   104
    98
    97
    93
    94
    92
    88
    85
    85
    81
    72
    56
    42
    39
    45
    49
    53
    49
    47
    48
    52
    53
    52
   101
   195
   127
    90
   118
   122
    54
    50
    56
    58
    58
    57
    56
    57
    55
    47
    33
    34
    30
    30
    31
    30
    26
    45
    66
    72
    79
    84
    80
    85
    89
    94
    94
    97
    96
   103
   104
   112
   115
   108
   105
   109
   112
   112
   112
   102
    92
    81
    80
    88
    95
    99
   103
   105
   113
   113
   117
   126
   129
   122
   123
   117
   114
   115
   113
   116
   118
   122
   125
   122
   128
   123
   128
   131
   125
   122
   113
   110
   107
   108
   105
   104
   105
   101
    99
   103
    96
    97
   103
   102
   100
   103
    97
    95
    97
    93
    90
    92
    86
    81
    79
    80
    55
    37
    39
    44
    47
    45
    33
    15
    19
    17
    37
   144
   154
   101
   120
   138
    57
    59
    54
    60
    56
    60
    59
    54
    47
    39
    39
    25
    30
    30
    28
    38
    58
    67
    72
    78
    81
    86
    90
    94
    93
    89
    97
   102
   105
   106
   112
   111
   107
   104
   117
   118
   113
   110
    91
    84
    70
    86
   114
   115
   107
   110
   101
   105
   104
   104
   104
   111
   120
   123
   117
   118
   120
   118
   121
   121
   121
   123
   122
   132
   133
   128
   130
   131
   127
   123
   121
   115
   106
   105
   100
   102
    99
   102
   104
    98
    96
    88
    93
   102
   104
    98
   103
    99
    95
    96
    93
    84
    88
    88
    87
    82
    85
    82
    54
    23
    14
    23
    69
   100
   115
   120
   126
   134
   133
   141
   137
   137
    49
    58
    59
    52
    55
    54
    52
    41
    39
    34
    29
    40
    37
    39
    46
    64
    72
    72
    74
    77
    83
    87
    85
    88
    92
   102
   103
   106
   109
   110
   114
   110
   112
   113
   108
   112
   114
   100
    87
    98
    97
   112
   113
   118
   121
   112
   113
   112
   112
   108
    98
    89
    93
   103
   115
   125
   119
   124
   123
   126
   129
   130
   136
   132
   133
   135
   127
   125
   128
   127
   126
   122
   116
   111
   105
    99
    99
   103
    95
    99
   104
   100
    96
    94
    99
   108
   105
   100
   101
    97
    92
    97
    92
    92
    90
    88
    89
    86
    86
    94
   179
   224
   232
   239
   230
   208
   139
    63
    93
   107
   121
   118
    60
    54
    52
    56
    53
    52
    42
    33
    32
    36
    40
    40
    32
    39
    52
    68
    76
    81
    86
    89
    84
    93
    95
    95
   101
   105
   109
   108
   112
   113
   108
   111
   115
   111
   118
   117
    97
    86
    86
   104
   115
   120
   116
   112
   118
   125
   118
   113
   113
   105
   103
    94
   105
   118
   123
   120
   125
   125
   129
   129
   130
   136
   131
   134
   134
   128
   132
   129
   131
   133
   132
   130
   116
   103
    96
   100
    96
    99
   103
    99
    95
    97
    96
    98
    92
    84
    95
   101
    98
    95
   102
    91
    93
    95
    89
    86
    91
    93
    89
    85
    71
   158
   225
   211
   210
   216
   228
   212
    91
    92
   128
   129
    51
    56
    59
    55
    55
    47
    32
    29
    37
    33
    29
    30
    35
    50
    62
    72
    78
    85
    83
    85
    93
    89
    94
   105
   107
   101
   109
   114
   115
   111
   110
   110
   110
   116
   108
    92
    90
    79
    87
   108
   113
   124
   128
   132
   129
   122
   125
   116
    92
    88
    92
    76
   101
   120
   115
   120
   125
   122
   130
   132
   132
   140
   135
   134
   130
   133
   130
   143
   135
   138
   138
   134
   119
   115
   102
    96
    97
    94
    96
    96
   103
    95
    98
    99
    98
   103
   105
    97
    98
   100
    94
    97
    97
    89
    93
    91
    85
    85
    88
    87
    81
    60
    90
   196
   227
   209
   211
   218
   223
   114
    86
   121
    58
    58
    58
    58
    51
    39
    32
    36
    28
    27
    25
    37
    52
    69
    94
    96
    85
    84
    87
    91
    92
    98
   102
   105
   109
   115
   112
   110
   103
   112
   111
   113
   116
   112
   103
    98
    87
    92
    94
   116
   124
   118
   130
   127
   131
   129
   117
    77
    76
   106
    81
    78
    94
   102
   104
   114
   121
   131
   134
   135
   135
   132
   136
   129
   132
   135
   139
   136
   142
   138
   140
   133
   125
   119
   109
    99
    94
    95
   100
    98
    98
   102
    97
    92
    97
    94
    95
    94
    93
    91
    91
    89
    87
    90
    86
    86
    91
    87
    89
    91
    90
    80
    71
    57
   121
   218
   217
   209
   216
   226
   161
   111
    58
    55
    56
    50
    39
    35
    34
    37
    39
    35
    42
    50
    64
    68
    79
    91
    90
    94
    95
    93
   102
   106
   106
   107
   106
   104
   111
   112
   113
   109
   114
   120
   117
   115
   110
   102
    91
    92
    96
   100
   119
   125
   123
   127
   135
   129
    81
    76
   111
   104
    54
    49
    95
   108
   101
   112
   125
   127
   128
   132
   132
   129
   132
   134
   134
   137
   139
   142
   142
   141
   132
   141
   127
   122
   112
   104
    98
    94
    91
    98
   101
   101
    96
    97
    91
    95
    91
    93
    96
    90
    94
    93
    92
    92
    88
    84
    88
    88
    85
    84
    89
    93
    90
    75
    70
    83
   183
   224
   210
   215
   221
   178
    56
    55
    44
    33
    34
    34
    37
    31
    31
    32
    39
    53
    68
    79
    81
    86
    91
    93
    98
    98
   101
   107
   107
    99
   104
   104
   108
   116
   112
   111
   119
   120
   120
   113
   109
    96
   101
    88
    94
   103
   107
   116
   127
   129
   130
   107
    87
   123
   126
    82
    33
    55
    98
   117
   107
   107
   125
   130
   130
   133
   131
   131
   128
   124
   129
   136
   141
   148
   143
   140
   140
   134
   129
   122
   111
   110
   104
    99
    93
    92
    98
    96
    97
    90
    96
    95
    94
    90
    93
    96
    89
    90
    90
    81
    87
    90
    86
    83
    90
    87
    87
    84
    88
    87
    82
    75
    77
   146
   224
   213
   211
   211
    58
    51
    44
    36
    34
    32
    27
    29
    27
    32
    47
    65
    69
    80
    85
    88
    93
    98
    94
    99
   101
   106
   105
   105
   105
   112
   107
   109
   110
   112
   118
   119
   118
   114
   102
    94
    91
    84
    96
    99
   104
   118
   128
   130
   132
    94
   115
   125
   102
    35
    23
    62
   107
   116
   103
    99
   115
   127
   128
   128
   125
   126
   126
   129
   133
   135
   137
   137
   136
   134
   133
   133
   130
   125
   121
   110
   103
   106
   105
    91
    92
   104
   102
   103
    98
   102
    88
    87
    92
    93
    92
    85
    83
    90
    88
    88
    83
    87
    80
    86
    88
    86
    84
    86
    88
    87
    74
    70
   125
   216
   216
   210
    50
    37
    34
    31
    34
    31
    28
    34
    37
    39
    52
    62
    81
    88
    94
    94
    98
    94
    98
   102
   108
   103
   105
   109
   112
   111
   112
   115
   113
   117
   117
   123
   122
   116
   108
    96
    81
    84
    92
   107
   108
   112
   124
   128
   103
    92
   117
   121
    52
    21
    28
    65
   123
   128
   107
    91
   113
   128
   123
   123
   126
   125
   127
   130
   125
   130
   133
   139
   139
   134
   127
   129
   126
   128
   119
   111
   115
    98
    97
   101
    97
    94
    98
   102
   107
   101
   108
   105
    91
    94
    86
    91
    89
    90
    80
    79
    83
    77
    79
    81
    85
    86
    82
    83
    83
    87
    84
    78
    81
   125
   210
   213
    38
    28
    33
    30
    31
    35
    28
    30
    36
    42
    58
    75
    85
    87
    91
    96
    95
    98
   102
   110
   107
   108
   112
   116
   114
   115
   112
   112
   115
   117
   121
   121
   126
   116
   105
    96
    89
    83
    94
   106
   111
   119
   122
   114
    85
   106
   122
    90
    34
    73
   124
    85
   108
   115
   101
    95
   110
   126
   124
   124
   123
   123
   126
   129
   133
   136
   135
   138
   134
   132
   131
   131
   131
   125
   121
   121
   110
   107
   103
    95
    99
    96
   104
   109
   111
   109
   105
   102
   100
    91
    94
    89
    85
    80
    79
    76
    75
    79
    78
    79
    79
    79
    84
    83
    85
    84
    87
    87
    81
    80
   117
   196
    33
    39
    31
    33
    35
    39
    32
    27
    38
    53
    68
    85
    90
    95
    94
    94
   102
   104
   106
   106
   110
   110
   110
   118
   117
   115
   110
   109
   114
   120
   123
   128
   128
   122
   107
    96
    88
    84
    78
   102
   116
   122
   118
    99
    79
   108
   100
    47
    56
   103
   132
    91
    94
    98
    94
    84
   103
   122
   126
   121
   117
   122
   128
   130
   126
   128
   135
   134
   133
   127
   125
   120
   123
   118
   121
   117
   117
   112
   101
   102
   108
   106
   104
   111
   109
   107
   115
   110
   104
    93
    95
    93
    84
    85
    84
    81
    79
    79
    79
    78
    82
    83
    82
    84
    88
    84
    85
    84
    86
    82
    84
    95
    36
    28
    32
    29
    25
    33
    36
    42
    44
    63
    79
    84
    87
    89
    99
   104
   106
   108
   111
   114
   117
   120
   112
   114
   112
   116
   118
   119
   116
   121
   127
   138
   131
   122
   112
    93
    75
    73
    84
    96
   113
   117
   117
    86
    95
   117
    79
    29
    54
    34
    93
    93
    93
    98
    90
    80
   108
   121
   115
   117
   113
   117
   122
   134
   130
   131
   130
   135
   133
   130
   125
   122
   120
   118
   120
   122
   122
   118
   117
   114
   113
   120
   118
   110
   107
   112
   104
   101
   104
    95
    87
    86
    81
    79
    75
    78
    78
    71
    74
    75
    73
    74
    80
    75
    74
    82
    84
    87
    84
    87
    83
    84
    32
    34
    32
    30
    30
    24
    32
    38
    59
    72
    79
    88
    96
   102
   101
    97
   106
   112
   112
   107
   110
   112
   112
   112
   113
   115
   114
   120
   123
   122
   126
   128
   135
   123
   120
    93
    68
    72
    80
    91
   115
   126
   123
    94
   106
   125
    59
    29
    19
    29
    29
    81
    86
    91
    77
    76
   104
   120
   121
   118
   122
   126
   125
   124
   130
   138
   133
   127
   128
   124
   126
   124
   122
   123
   124
   118
   119
   120
   123
   127
   126
   124
   109
   106
   101
    94
   102
   102
    96
    97
    96
    93
    90
    84
    83
    78
    73
    75
    71
    74
    75
    71
    75
    76
    79
    79
    81
    87
    87
    84
    89
    83
    30
    32
    29
    34
    31
    32
    34
    45
    56
    71
    83
    87
    88
    93
    99
   105
   102
   108
   110
   115
   117
   112
   117
   123
   121
   121
   119
   116
   119
   124
   131
   137
   132
   127
   116
    91
    62
    62
    69
    82
   107
   122
   126
    88
   120
   112
    49
    52
    32
    34
    50
    93
    93
    96
    74
    90
   109
   116
   119
   125
   118
   123
   132
   136
   137
   123
   130
   134
   138
   130
   126
   122
   123
   112
   118
   119
   116
   116
   123
   115
   113
   105
   101
    98
    94
    91
    82
    82
    85
    85
    87
    88
    83
    79
    74
    67
    74
    73
    71
    72
    75
    74
    59
    57
    76
    83
    81
    83
    83
    86
    86
    85
    26
    26
    34
    28
    26
    31
    34
    53
    77
    86
    90
    92
    94
    97
   105
   102
   104
   107
   115
   109
   111
   113
   122
   117
   115
   118
   116
   122
   127
   133
   133
   131
   135
   134
   120
    78
    61
    66
    67
    73
   110
   121
   121
    92
   125
   105
    45
    43
    23
    32
    67
   125
    86
    78
    69
    90
   106
   116
   117
   114
   121
   127
   130
   132
   141
   138
   142
   138
   133
   134
   133
   128
   127
   126
   117
   113
   113
   119
   113
   104
    97
   103
   101
    86
    69
    68
    72
    81
    78
    81
    64
    64
    75
    81
    84
    86
    85
    81
    82
    82
    75
    65
    59
    68
    70
    69
    73
    79
    76
    83
    83
    90
    36
    33
    26
    27
    32
    31
    33
    49
    76
    88
    90
    93
    92
   100
   101
    97
   106
   111
   111
   119
   119
   121
   113
   119
   121
   115
   113
   125
   128
   134
   140
   143
   144
   127
   109
    84
    66
    56
    63
    75
   108
   119
   121
    88
   110
    94
    35
    24
    35
    36
   106
   124
    87
    81
    77
    99
   113
   119
   120
   120
   127
   121
   133
   138
   140
   133
   132
   133
   136
   144
   132
   135
   131
   125
   127
   117
   119
   104
    79
    68
   107
   108
   106
    84
    71
    51
    42
    45
    59
    62
    86
    66
    75
    83
    76
    84
    77
    80
    78
    82
    82
    75
    75
    71
    76
    70
    68
    74
    82
    83
    82
    86
    25
    27
    26
    31
    26
    33
    50
    65
    75
    86
    90
    93
   101
   108
   101
   108
   103
   111
   119
   120
   121
   123
   122
   125
   128
   126
   116
   125
   128
   136
   145
   151
   147
   137
   118
    83
    64
    75
    69
    68
    97
   121
   116
    78
    96
    89
    37
     9
    19
    40
    92
   111
    79
    72
    88
   103
   120
   123
   122
   123
   126
   134
   130
   142
   138
   138
   139
   137
   143
   132
   134
   131
   137
   130
   123
   126
   113
    88
    89
   111
   116
   108
    81
    63
    43
    51
    57
    67
    80
    91
    82
    90
    78
    82
    93
    80
    77
    80
    75
    67
    69
    73
    71
    69
    61
    66
    61
    75
    82
    75
    80
    75
    31
    29
    29
    28
    29
    40
    49
    66
    77
    83
    89
    93
    95
    97
   105
   109
   112
   114
   118
   126
   124
   126
   127
   122
   124
   121
   123
   124
   135
   138
   143
   154
   159
   144
   114
    88
    64
    63
    67
    65
    97
   114
   103
    59
    86
    78
    44
    93
   131
   115
   124
   101
    87
    87
    98
   115
   124
   125
   124
   126
   127
   132
   139
   134
   135
   135
   140
   131
   135
   134
   135
   135
   135
   131
   133
   122
   108
   106
   109
   117
   111
   102
   108
   105
    96
    91
    92
   106
   113
   121
   116
   113
   104
    94
    85
    86
    82
    75
    78
    87
    86
    89
    76
    65
    54
    56
    50
    51
    69
    81
    83
    81
    24
    32
    32
    25
    29
    38
    56
    67
    76
    91
    92
    96
   102
   105
   104
   104
   112
   118
   125
   127
   130
   128
   125
   136
   133
   131
   129
   128
   130
   141
   150
   163
   164
   141
   118
    92
    73
    61
    69
    73
    79
   104
   101
    65
    66
    80
    47
    54
   107
    73
   108
    91
    91
    93
   120
   126
   125
   122
   124
   122
   130
   132
   139
   142
   135
   121
   117
   120
   119
   136
   146
   146
   146
   137
   127
   121
   111
   111
   118
   123
   121
   127
   116
    91
    62
    67
    96
    95
   112
   118
   119
   116
   119
   113
   103
    85
    81
    91
    85
    62
    47
    41
    46
    52
    54
    49
    51
    51
    52
    61
    72
    77
    36
    31
    31
    38
    43
    51
    63
    69
    78
    83
    91
    96
    99
    99
   106
   111
   122
   123
   127
   136
   132
   136
   136
   138
   137
   131
   127
   132
   140
   141
   155
   167
   175
   150
   121
    91
    76
    71
    70
    67
    84
    96
    99
    76
    55
    78
    54
    25
   100
    89
   100
    91
    92
   105
   114
   120
   123
   123
   123
   126
   133
   137
   139
   135
   128
   116
   119
   125
   139
   142
   137
   145
   143
   139
   130
   119
   124
   119
   122
   128
   133
   130
   108
    72
    23
    50
   120
   122
   102
   115
   119
   112
   116
   113
   109
   107
    99
    88
    77
    71
    79
    89
    84
    70
    50
    57
    54
    53
    42
    49
    51
    62
    33
    36
    31
    37
    41
    41
    60
    77
    87
    92
    93
    91
    99
   106
   108
   114
   110
   125
   130
   123
   131
   138
   134
   136
   135
   133
   125
   127
   129
   149
   160
   168
   168
   150
   121
    97
    74
    65
    63
    69
    80
    94
   103
    91
    57
    63
    66
    28
   182
   170
   100
   100
   113
   120
   123
   126
   124
   125
   127
   136
   137
   138
   129
   115
   110
   114
   118
   133
   143
   142
   150
   142
   146
   134
   132
   125
   117
   125
   129
   132
   129
   122
    98
    52
    49
    78
    92
   136
   125
   110
   112
   120
   114
   118
   106
    98
   100
    92
    88
    76
    76
    63
    58
    56
    53
    63
    55
    48
    44
    40
    44
    44
    29
    23
    27
    34
    36
    45
    60
    74
    79
    81
    89
   101
   107
   106
   115
   116
   124
   135
   134
   140
   142
   141
   142
   146
   139
   128
   127
   127
   135
   150
   172
   171
   158
   140
   119
    86
    70
    63
    69
    72
    75
    77
    90
    96
    72
    63
    78
    40
    41
    81
    96
   108
   111
   117
   128
   127
   129
   127
   123
   130
   125
   123
   116
   121
   129
   133
   117
    98
    69
    77
   102
   135
   140
   134
   129
   131
   130
   123
   129
   127
   132
   115
    75
    50
    83
   139
    80
    97
   128
   104
   109
   105
   118
   116
   113
   104
    94
    95
    87
    90
    87
    85
    90
    84
    75
    80
    68
    54
    48
    43
    40
    43
    29
    33
    32
    31
    43
    56
    67
    77
    83
    85
    92
   102
   104
   108
   115
   123
   129
   132
   137
   134
   139
   137
   143
   150
   148
   135
   129
   132
   131
   146
   170
   178
   170
   152
   121
    96
    79
    69
    72
    76
    77
    79
    97
   101
    91
    58
    92
    72
    36
    96
   115
   104
   107
   117
   122
   126
   125
   129
   132
   133
   135
   121
   122
   131
   166
   168
   125
   107
    92
    68
    74
   103
   133
   137
   138
   123
   114
   114
   121
   130
   131
    99
    76
    77
   104
   149
    89
   101
   117
   125
   107
   112
   106
   108
   114
   104
   107
    97
    97
    92
    95
    93
    94
    88
    79
    70
    64
    51
    48
    44
    41
    34
    31
    24
    28
    31
    37
    55
    66
    76
    80
    84
    92
   100
   104
   113
   118
   122
   129
   131
   134
   137
   141
   135
   142
   144
   146
   134
   132
   133
   139
   141
   152
   168
   158
   144
   127
   103
    86
    77
    72
    87
    79
    79
    74
    85
    91
    81
    66
   112
   100
   108
   106
   108
   113
   119
   127
   128
   126
   124
   125
   135
   130
   122
   126
   130
   161
   149
   112
    82
    66
    76
    86
   103
   134
   140
   135
   124
   124
   121
   123
   134
   121
    91
    83
    94
    99
   119
    81
   100
   124
   125
   115
   112
   110
   103
   108
   109
   101
    99
    95
    98
    98
    99
    93
    97
    87
    90
    77
    69
    50
    50
    42
    39
    30
    31
    34
    29
    43
    56
    65
    74
    84
    88
    89
   101
   109
   106
   117
   130
   133
   141
   145
   141
   143
   143
   140
   145
   138
   133
   129
   130
   140
   142
   146
   154
   161
   153
   132
   117
    95
    84
    81
    85
    90
    84
    82
    87
    86
    88
    88
   116
   118
   104
   106
   113
   119
   124
   123
   121
   123
   127
   132
   128
   120
   116
   126
   147
   156
   131
   100
    54
    37
    56
    84
   105
   130
   137
   121
   117
   122
   125
   138
   135
   107
    98
   101
    83
    84
   125
   117
   110
   108
   119
   118
   114
   112
   100
   107
   113
   108
   102
    99
    92
    89
    94
    98
   109
   104
    88
    73
    49
    44
    41
    42
    46
    21
    30
    29
    40
    46
    53
    65
    73
    75
    90
    94
    98
   111
   119
   119
   119
   131
   139
   142
   145
   140
   134
   147
   147
   143
   131
   133
   125
   134
   135
   148
   147
   145
   145
   145
   130
   110
    95
    94
    90
    92
   104
   109
   110
   100
   100
    97
    94
   100
   107
   110
   119
   123
   125
   126
   126
   126
   126
   124
   118
   113
   115
   126
   136
   145
   132
    87
    25
    33
    37
    74
    97
   128
   127
   123
   128
   124
   128
   135
   113
    99
   102
    92
    65
    84
   125
   127
    96
   102
   117
   120
   121
   116
   105
    96
    93
   102
    97
    98
    97
    86
    91
    94
    87
    94
   100
    96
    74
    61
    52
    46
    49
    36
    25
    30
    30
    39
    60
    65
    68
    78
    84
    98
   101
   110
   113
   120
   122
   134
   139
   143
   139
   142
   141
   133
   134
   142
   135
   131
   132
   133
   137
   144
   155
   164
   157
   141
   127
   118
   103
    94
    91
    98
   104
   114
   124
   122
   108
   104
   108
   114
   118
   123
   120
   117
   121
   123
   127
   128
   124
   121
   118
   118
   117
   128
   145
   148
   120
    80
    24
    23
    33
    83
   107
   119
   117
   110
   117
   124
   137
   124
   104
    98
   103
   101
    48
    80
   125
   106
   132
   100
   110
   116
   113
   101
   110
   102
    98
   100
    96
    88
    88
    87
    72
    83
    91
   101
    83
    63
    55
    47
    40
    33
    34
    25
    35
    32
    39
    52
    58
    65
    73
    78
    79
    85
   100
   111
   113
   122
   131
   133
   129
   136
   149
   150
   142
   144
   142
   144
   133
   134
   132
   133
   140
   154
   162
   163
   150
   146
   131
   115
   113
   104
   105
   106
   114
   124
   131
   128
   127
   121
   123
   122
   121
   114
   121
   121
   123
   120
   120
   123
   121
   120
   119
   124
   130
   147
   154
   135
   115
    78
    21
    20
    68
    93
   110
   119
   117
   123
   119
   127
   121
   111
   111
   115
    87
    56
    40
    48
   124
   120
   139
   119
   112
   110
   115
   102
   105
   101
    99
    98
    95
    88
    79
    75
    79
    77
    83
    86
    79
    70
    51
    42
    42
    31
    34
    41
    29
    33
    44
    52
    52
    66
    78
    79
    81
    96
   105
   106
   126
   124
   125
   130
   136
   128
   136
   141
   140
   139
   137
   134
   133
   132
   134
   140
   146
   155
   165
   168
   154
   136
   128
   121
   112
   111
   106
   109
   120
   127
   135
   133
   133
   130
   126
   117
   118
   124
   123
   122
   123
   122
   126
   124
   125
   128
   127
   130
   141
   164
   158
   123
   106
    82
    17
    31
    68
    84
   106
   117
   116
   122
   125
   122
   118
   109
   107
    95
    96
    64
    34
    66
   127
   114
    92
   110
   104
   101
   108
   108
   102
   106
   100
    86
    94
    91
    86
    83
    81
    74
    77
    80
    84
    65
    51
    38
    44
    30
    46
    22
    30
    39
    36
    50
    69
    65
    73
    82
    94
    93
   105
   114
   118
   127
   130
   139
   128
   140
   141
   142
   140
   141
   136
   131
   135
   134
   136
   139
   149
   154
   164
   151
   146
   140
   125
   118
   115
   105
   109
   115
   117
   126
   131
   135
   143
   133
   124
   127
   125
   126
   129
   134
   136
   138
   132
   130
   131
   136
   138
   149
   162
   175
   171
   141
   114
    89
    26
    26
    63
    81
   108
   113
   124
   129
   127
   129
   110
   105
   108
   103
    70
    60
    38
    50
    99
   125
   163
   123
   104
   104
   107
   106
   101
    90
    92
    86
    70
    70
    72
    72
    70
    72
    82
    81
    86
    73
    73
    56
    44
    40
    30
    34
    29
    30
    38
    48
    49
    65
    78
    82
    89
    99
    96
   104
   113
   115
   128
   121
   138
   138
   135
   141
   136
   141
   135
   137
   132
   133
   133
   137
   144
   153
   164
   161
   147
   140
   129
   122
   118
   116
   115
   113
   121
   135
   137
   130
   119
   124
   129
   131
   134
   130
   126
   124
   129
   133
   133
   128
   127
   132
   143
   148
   150
   148
   140
   134
   118
   100
    36
    24
    68
    75
   101
   120
   125
   127
   125
   116
   106
   111
   109
    97
    62
    41
    27
    53
   110
   124
   124
   132
   121
   110
   101
    99
    98
   102
    84
    74
    68
    76
    70
    73
    61
    71
    79
    76
    59
    48
    46
    42
    27
    25
    38
    23
    31
    44
    44
    54
    65
    70
    74
    79
    83
    97
   104
   109
   116
   123
   121
   126
   123
   129
   134
   138
   146
   142
   137
   136
   134
   138
   132
   134
   143
   153
   170
   171
   162
   153
   137
   125
   116
   113
   108
   116
   127
   142
   143
   145
   141
   128
   124
   124
   127
   133
   132
   135
   133
   133
   133
   141
   135
   136
   146
   149
   163
   148
   129
   125
   119
   109
    75
    30
    51
    72
    93
   128
   129
   127
   125
   113
   108
   110
   110
    86
    55
    36
    33
    47
   115
   147
   140
    91
    88
   111
   102
   104
    98
    91
    80
    71
    63
    59
    60
    61
    65
    65
    71
    81
    86
    60
    60
    45
    53
    48
    34
    31
    28
    29
    39
    53
    60
    72
    78
    82
    85
    96
   102
   101
   109
   109
   114
   121
   132
   135
   134
   134
   133
   138
   128
   123
   129
   128
   131
   135
   142
   156
   167
   169
   149
   143
   136
   124
   120
   115
   113
   118
   134
   141
   145
   140
   133
   132
   131
   132
   134
   128
   131
   139
   141
   138
   133
   133
   141
   153
   165
   196
   172
   147
   138
   123
   112
    91
    91
    47
    41
    53
    94
   127
   125
   128
   136
   118
   116
   122
   107
    81
    40
    35
    42
    75
   110
   125
   162
   115
   100
    97
   104
   100
    99
    90
    73
    64
    58
    48
    47
    56
    59
    57
    70
    78
    76
    68
    64
    56
    52
    41
    37
    21
    29
    37
    50
    56
    66
    72
    78
    79
    84
    89
    95
   105
   107
   112
   116
   120
   124
   126
   130
   131
   132
   131
   131
   123
   124
   129
   129
   134
   148
   160
   172
   176
   163
   148
   133
   125
   118
   109
   106
   109
   117
   126
   133
   128
   127
   122
   121
   126
   129
   128
   129
   131
   134
   135
   135
   140
   144
   163
   184
   192
   174
   144
   133
   116
   105
    90
    71
    73
    35
    50
    85
   135
   129
   133
   131
   121
   119
   111
    98
    71
    36
    34
    46
    82
   112
   150
   173
   128
    89
   105
    97
   103
    94
    87
    72
    54
    46
    45
    48
    50
    56
    65
    72
    88
    92
    78
    73
    71
    54
    54
    42
    28
    27
    37
    41
    58
    64
    72
    79
    90
    91
    90
    99
    99
   108
   114
   118
   119
   121
   131
   126
   118
   123
   124
   122
   123
   129
   128
   134
   141
   143
   159
   173
   171
   152
   130
   124
   117
   118
   109
   103
   105
   112
   114
   113
   113
   111
   113
   117
   118
   121
   123
   130
   132
   130
   131
   131
   138
   144
   169
   204
   208
   172
   149
   123
   112
    92
    75
    62
    49
    51
    50
    86
   109
   115
   136
   137
   117
   118
   107
    98
    76
    42
    41
    60
    80
   109
   137
   203
   123
   104
   111
   103
    97
    91
    78
    56
    46
    51
    50
    45
    46
    51
    65
    76
    96
   108
    97
    79
    72
    63
    41
    39
    27
    27
    33
    40
    53
    64
    69
    80
    84
    86
    86
    89
   103
   104
   109
   117
   121
   116
   116
   121
   126
   123
   121
   126
   125
   128
   131
   131
   136
   140
   165
   177
   170
   155
   139
   126
   116
   105
    99
    97
   102
   109
   110
   114
   118
   114
   110
   111
   111
   116
   118
   120
   131
   127
   123
   124
   137
   143
   164
   207
   199
   153
   132
   118
   104
    87
    72
    56
    45
    40
    42
    58
   105
   110
   135
   141
   123
   118
   114
   103
    83
    55
    42
    62
    95
   115
   132
   199
   130
   102
   103
   100
    95
    87
    74
    59
    49
    49
    49
    53
    52
    51
    66
    73
    87
   103
   100
    68
    59
    46
    55
    43
    26
    32
    41
    43
    52
    61
    73
    79
    77
    81
    86
    91
    90
    97
   116
   114
   118
   116
   121
   120
   118
   119
   125
   118
   120
   128
   133
   133
   139
   148
   162
   169
   151
   135
   118
   106
   102
    94
    91
    92
    92
   100
   110
   110
   108
   104
   111
   104
   111
   112
   116
   119
   118
   122
   121
   123
   125
   130
   130
   141
   159
   147
   127
   113
   108
    92
    78
    55
    46
    38
    23
    50
   103
   106
   125
   134
   123
   120
   112
   101
    78
    62
    49
    54
    69
    94
   121
   144
   109
    95
    90
    91
    90
    86
    76
    55
    46
    45
    49
    40
    39
    46
    60
    74
    87
    94
    94
    75
    59
    49
    39
    43
    28
    31
    28
    36
    56
    65
    69
    71
    78
    86
    89
    90
    95
    96
   107
   113
   116
   116
   118
   122
   121
   124
   131
   121
   122
   125
   130
   133
   142
   151
   156
   150
   141
   122
   103
   101
    94
    86
    82
    84
    89
    87
    99
   102
   100
    91
    87
   101
   102
   109
   112
   111
   113
   115
   116
   117
   124
   132
   135
   140
   135
   132
   126
   118
   107
    90
    73
    71
    66
    38
    40
    49
   100
   103
   138
   145
   125
   124
   117
   110
    84
    53
    43
    47
    45
    57
   119
   132
   111
    92
    82
    92
    90
    79
    73
    51
    43
    49
    43
    42
    42
    48
    62
    77
    89
   102
    96
    76
    56
    45
    54
    34
    29
    24
    26
    33
    45
    61
    67
    74
    76
    82
    82
    88
    98
   101
   101
   104
   109
   115
   117
   111
   118
   116
   112
   112
   115
   120
   130
   133
   145
   153
   159
   146
   130
   115
   100
    83
    77
    79
    77
    72
    87
    89
    81
    78
    61
    58
    78
    88
    94
    98
   103
   108
   108
   107
   112
   113
   115
   121
   126
   129
   128
   127
   121
   110
    96
    89
    81
    71
    39
    20
    60
   102
   105
   106
   120
   126
   124
   116
   100
    87
    72
    52
    45
    63
   106
   123
   151
   159
   109
    80
    85
    91
    87
    85
    64
    60
    45
    45
    47
    38
    35
    41
    64
    75
    82
    91
    95
    71
    51
    50
    45
    34
    29
    27
    29
    42
    52
    54
    66
    73
    76
    77
    84
    89
    91
    99
   108
   109
   111
   111
   111
   114
   114
   118
   121
   118
   111
   115
   125
   137
   142
   153
   151
   148
   128
   121
   105
    96
    83
    70
    67
    75
    68
    61
    62
    69
    82
    94
    84
    80
    88
    95
   101
   108
   107
   107
   105
   110
   111
   114
   116
   130
   133
   139
   130
   104
    85
    77
    38
    41
    14
    29
    87
   136
   118
   110
   120
   102
   101
    98
    83
    74
    64
    46
    43
    65
    87
   127
   157
   128
   103
    82
    81
    92
    93
    79
    70
    48
    40
    39
    35
    39
    33
    42
    60
    79
    93
    91
    68
    55
    56
    57
    50
    50
    32
    28
    28
    23
    38
    57
    67
    72
    74
    81
    82
    90
    91
    95
   102
   107
   106
   105
   118
   112
   106
   108
   111
   111
   114
   114
   114
   120
   134
   146
   155
   144
   134
   120
    97
    77
    78
    77
    67
    63
    65
    70
    86
    99
   119
   114
   108
   101
    82
    77
    95
   100
   111
   109
   107
    99
   100
   108
   113
   122
   136
   137
   109
    97
    79
    20
    18
    26
    33
    56
   116
   122
   125
   121
   127
   106
    99
    88
    87
    73
    45
    37
    48
    70
   109
   130
   207
   155
   102
    77
    80
    95
    80
    79
    66
    43
    35
    35
    37
    38
    36
    44
    70
    84
    97
    86
    77
    58
    38
    32
    37
    28
    25
    30
    30
    40
    39
    51
    67
    71
    77
    81
    82
    83
    91
    89
    97
   105
   108
   121
   110
   112
   112
   113
   112
   107
   115
   113
   117
   125
   144
   165
   155
   142
   130
   100
    82
    80
    71
    63
    63
    65
    81
    91
    95
   102
    83
    87
    97
   101
   110
    95
    94
    97
   102
   110
   113
   103
   100
   101
   106
   117
   128
   131
   113
    93
    57
    21
    29
    48
    58
    92
   111
   118
   106
   109
   117
   104
    98
   100
    89
    81
    48
    28
    46
    67
   107
   147
   154
   109
    97
   102
    95
    89
    84
    72
    62
    45
    43
    42
    45
    32
    42
    53
    59
    76
    95
    94
    74
    51
    48
    50
    31
    29
    29
    32
    32
    28
    38
    56
    59
    59
    72
    80
    80
    87
    90
    95
    96
   103
    99
    94
   109
   107
   112
   115
   108
   102
   108
   110
   116
   125
   129
   141
   144
   113
    99
    95
    75
    71
    71
    60
    65
    75
    93
    92
    87
    68
    80
    78
    32
    78
   106
    98
   100
    96
    98
   102
   110
   107
   101
    98
    99
   101
   117
   132
   125
    91
    48
    21
    21
    53
    57
    97
   115
   114
   117
   111
   110
   103
   107
    97
    79
    75
    53
    39
    46
    77
   114
   116
   120
    87
    71
    78
    84
    89
    84
    73
    56
    44
    43
    46
    45
    47
    36
    49
    62
    88
   107
    96
    75
    63
    60
    41
    37
    29
    29
    25
    32
    31
    27
    40
    61
    70
    72
    73
    82
    84
    89
    89
    94
   102
   111
   103
    97
   102
   107
    99
    99
   103
   108
   112
   117
   127
   141
   144
   132
   120
   108
    79
    68
    70
    62
    62
    70
    85
    88
    84
    65
    71
    80
    56
    57
   104
   105
   105
    98
   107
   103
   100
   104
   113
   110
   104
   105
   107
   114
   129
   122
    99
    45
    16
    33
    68
    72
    96
   104
   110
   110
   111
   116
    95
    98
    94
    68
    49
    32
    28
    24
    74
   108
    95
    75
    93
    85
    79
    93
    86
    80
    67
    59
    35
    37
    41
    47
    41
    41
    53
    70
    83
    92
    80
    80
    74
    50
    40
    38
    34
    35
    38
    26
    27
    24
    38
    52
    57
    68
    73
    77
    81
    84
    97
    93
    92
    99
   110
   108
   106
   104
   105
   104
   105
   103
   107
   113
   115
   131
   139
   125
   113
    84
    64
    61
    65
    64
    64
    80
    97
    92
    77
    69
    77
    74
    29
    95
   104
    98
    94
   105
   107
   114
   109
   110
   112
   113
   105
   106
   117
   125
   131
   129
    91
    50
    23
    39
    63
    61
    94
   104
   106
   103
   109
   111
   101
   101
    93
    77
    48
    33
    30
    40
    88
   105
   113
   106
    97
   116
    93
    79
    80
    75
    67
    49
    44
    46
    46
    41
    41
    48
    61
    73
    93
    99
    94
    89
    66
    66
    65
    45
    39
    28
    32
    33
    32
    31
    37
    45
    58
    71
    71
    69
    76
    84
    83
    94
    98
    92
    94
    95
    97
    99
    99
    98
    96
   105
   106
   115
   123
   132
   136
   125
   102
    78
    57
    61
    65
    60
    69
    91
   105
    97
    66
    85
    91
    51
    42
   117
    93
   101
    92
   103
   108
   116
   113
   110
   114
   104
   103
   113
   117
   126
   135
   131
    96
    47
    22
    28
    48
    64
    86
   100
   103
   111
   113
   111
    98
    96
    86
    74
    53
    39
    26
    44
    99
    82
   100
    97
    88
    92
    90
    82
    85
    79
    61
    56
    51
    52
    44
    49
    49
    51
    67
    80
    95
    95
    87
    87
    88
    72
    46
    37
    32
    27
    28
    30
    28
    30
    31
    49
    64
    67
    69
    73
    77
    77
    81
    89
    92
    96
    94
    94
   101
   100
   103
   105
   106
   102
   108
   109
   114
   124
   126
   114
    85
    69
    56
    58
    56
    63
    85
   111
   115
    88
    84
   107
    84
    52
   100
   132
   101
   107
   100
    85
   102
   111
   112
   114
   111
   107
    93
   102
   115
   124
   139
   131
    87
    54
    33
    39
    52
    65
    93
   102
    96
    99
   103
   109
   104
    98
   103
    87
    53
    30
    31
    66
    99
   125
   115
   126
   106
   103
    87
    83
    79
    67
    66
    59
    51
    48
    47
    46
    51
    59
    64
    78
    99
    98
    90
    90
    89
    62
    52
    36
    32
    33
    28
    30
    29
    35
    38
    40
    53
    64
    72
    72
    73
    82
    85
    86
    89
    85
    91
    97
    93
    95
    96
    93
    92
    98
   101
   110
   117
   120
   117
   109
    83
    59
    63
    61
    59
    70
    93
   114
   115
    89
   111
   111
    73
    43
   111
   153
   108
   101
    87
    79
    90
   105
   116
   112
   117
   120
   106
    86
   106
   119
   137
   122
    92
    69
    57
    47
    56
    75
    88
   103
    94
   100
   103
   112
   103
    90
    95
    85
    54
    36
    24
    78
   133
   104
    96
    90
    92
    84
    94
    89
    79
    66
    70
    65
    54
    57
    48
    54
    54
    63
    66
    82
    91
    95
    91
    88
    86
    65
    43
    37
    33
    31
    31
    27
    29
    23
    22
    36
    54
    61
    68
    67
    69
    76
    73
    81
    88
    90
    90
    94
    95
    95
    99
    98
    91
    92
   103
   107
   117
   121
   114
   105
    86
    74
    63
    60
    61
    84
   107
   119
   115
    96
   113
   118
    66
    15
    19
    49
    94
   112
    99
    78
    78
   102
   108
   111
   114
   118
   125
   113
    91
    94
    96
    92
    76
    57
    49
    52
    59
    79
    98
   112
   105
    93
   104
   106
   110
    89
    91
    86
    68
    31
    45
   111
    98
    97
   113
   100
    92
    94
    96
    91
    75
    75
    74
    67
    58
    55
    55
    50
    58
    62
    68
    76
    89
    91
    87
    79
    56
    51
    50
    49
    33
    31
    34
    29
    27
    26
    29
    31
    39
    58
    66
    69
    71
    74
    77
    77
    81
    86
    91
    92
    89
    93
    91
    95
    94
    99
    98
   103
   108
   114
   110
    96
    79
    65
    55
    66
    76
    90
   108
   119
   110
    99
   128
   130
    56
    67
    46
    41
   104
   105
    84
    73
    63
    94
   107
   107
   113
   116
   120
   120
   108
   102
   106
   116
   114
    78
    43
    55
    77
   101
   118
   118
   116
   105
   100
   113
   116
    93
    82
    75
    64
    36
    52
   113
   104
    97
    86
    89
    94
   103
   106
    83
    75
    84
    79
    66
    59
    61
    59
    54
    54
    66
    74
    85
    83
    84
    81
    80
    77
    53
    38
    34
    24
    33
    29
    31
    26
    35
    31
    31
    37
    46
    60
    65
    70
    72
    74
    78
    82
    85
    81
    89
    93
    92
    94
    89
    94
    94
    98
   105
   109
   110
   104
    87
    70
    63
    68
    67
    74
    92
   104
   114
   103
    95
   120
   106
    78
    87
    30
    32
   100
   115
    87
    80
    52
    82
   104
   107
   114
   117
   122
   126
   113
   110
   115
   119
   129
   130
   130
   123
   125
   123
   127
   124
   115
   100
   110
   106
   119
   113
    83
    72
    73
    52
    59
   103
   101
    98
    93
   102
   105
   106
    97
    90
    95
    82
    67
    74
    67
    64
    64
    57
    64
    72
    74
    84
    91
    95
    80
    67
    54
    49
    39
    35
    31
    37
    31
    35
    36
    31
    30
    31
    31
    40
    52
    58
    63
    66
    73
    80
    82
    84
    88
    88
    90
    92
    95
    94
    93
    98
    96
    95
   101
    97
   101
    95
    80
    65
    58
    65
    78
    96
   106
   105
    93
    93
   102
    95
    33
     8
    21
    36
    50
    82
    78
    79
    47
    73
   103
   110
   105
   112
   119
   123
   125
   122
   116
   123
   126
   129
   130
   133
   131
   132
   129
   126
   115
   105
   104
   104
   107
   110
    86
    67
    55
    43
    78
   114
    71
    64
    95
   104
   114
   103
    90
    90
    92
    79
    74
    73
    71
    69
    61
    58
    67
    69
    79
    92
    88
    76
    71
    66
    55
    39
    38
    27
    23
    48
    37
    38
    29
    32
    35
    28
    32
    39
    50
    61
    65
    70
    68
    75
    76
    82
    84
    84
    91
    87
    89
    95
    89
    94
    91
    96
   101
    97
   100
    83
    76
    64
    73
    80
    93
   101
   107
   110
    92
    79
   100
    93
    45
    25
    24
    31
    51
    73
    79
    79
    48
    79
   110
   108
   103
   112
   114
   120
   119
   127
   124
   122
   124
   127
   125
   122
   129
   129
   129
   123
   113
    96
   107
   110
   107
   110
    81
    63
    52
    43
    82
    94
    63
   102
   107
   108
    99
    85
    87
    94
    74
    84
    78
    74
    71
    63
    63
    68
    66
    70
    69
    83
    84
    81
    73
    65
    42
    33
    33
    32
    30
    51
    49
    36
    38
    30
    26
    27
    28
    32
    42
    51
    56
    67
    69
    66
    78
    80
    87
    91
    91
    91
    89
    95
    95
    89
    95
    95
    95
    94
    83
    82
    73
    73
    69
    87
    99
   100
   109
   107
    96
    85
    98
    98
    47
    23
    13
    35
    74
    69
    81
    85
    50
    69
   100
   109
   108
   111
   118
   123
   129
   131
   135
   131
   134
   129
   131
   120
   118
   118
   121
   118
   108
   107
   106
   110
   113
   109
    98
    55
    42
    29
    53
    63
    86
   104
   110
    95
    89
    92
    92
    77
    82
    85
    78
    74
    74
    75
    69
    67
    68
    72
    78
    70
    69
    73
    59
    50
    36
    32
    28
    29
    32
    58
    57
    39
    30
    33
    30
    32
    28
    27
    31
    43
    53
    55
    61
    69
    69
    73
    81
    91
    89
    91
    91
    88
    91
    97
    95
    93
    91
    91
    81
    76
    82
    73
    63
    80
   101
   105
   104
   104
    91
    70
    92
    88
    54
    35
    82
   119
    91
    79
    88
    81
    52
    72
   104
   106
   106
   108
   111
   115
   121
   129
   137
   121
   127
   131
   131
   126
   117
   112
   114
   119
   109
   100
   102
   112
   104
    97
    90
    60
    37
    13
    39
   103
   115
   110
    90
    87
    90
    92
    90
    92
    86
    87
    79
    71
    69
    65
    65
    77
    84
    87
    84
    86
    84
    62
    41
    37
    37
    49
    49
    37
    27
    54
    56
    58
    43
    34
    29
    23
    30
    30
    23
    32
    51
    60
    65
    66
    68
    75
    74
    77
    87
    87
    89
    91
    92
    90
    85
    94
    95
    85
    78
    79
    74
    83
    66
    70
    90
   102
   104
   107
   102
    82
    97
   103
    79
    33
    59
   110
    78
    79
    89
    87
    54
    76
   109
   108
   102
   103
   110
   120
   125
   120
   119
   127
   125
   116
   123
   115
   114
   104
   110
   104
   107
    93
    91
    78
    89
    98
    86
    53
    30
    44
   105
   110
   104
    90
    93
    90
    95
    94
    92
    91
    89
    76
    78
    76
    63
    65
    75
    79
    72
    88
    83
    74
    53
    51
    55
    39
    31
    34
    21
    34
    32
    58
    57
    53
    50
    35
    31
    37
    31
    32
    38
    34
    34
    47
    55
    60
    69
    73
    79
    76
    79
    83
    84
    90
    94
    95
    98
    92
    94
    96
    71
    71
    73
    78
    67
    76
   102
   100
   109
   109
   109
    81
    88
    97
    82
    42
    19
    37
    69
   101
   100
    82
    60
    80
   110
   109
   110
   111
   105
   110
   125
   126
   130
   126
   131
   124
   109
   104
   101
    92
   101
    99
    99
   108
   101
    87
    94
    88
   100
   103
    93
    83
    73
    81
    83
    95
    90
    97
    97
    96
    94
    91
    78
    76
    69
    68
    79
    84
    80
    77
    74
    70
    70
    75
    76
    65
    48
    39
    38
    30
    34
    25
    28
    53
    57
    58
    55
    48
    42
    31
    32
    25
    24
    20
    29
    35
    47
    56
    62
    62
    66
    68
    76
    81
    82
    85
    82
    86
    85
    89
    92
    91
    89
    61
    62
    60
    70
    78
    92
    98
   104
   114
   112
    99
    74
   101
    94
    54
    30
    21
    63
    98
   102
    78
    76
    99
   112
   112
   117
   107
   110
   118
   121
   122
   120
   119
   123
   110
   105
   105
   101
    94
    84
    91
    97
   100
    97
    99
    85
    90
    78
    89
    88
    69
    69
    66
    81
    96
    99
    88
    92
    95
    90
    85
    79
    76
    81
    85
    76
    71
    87
    85
    79
    83
    70
    56
    44
    58
    44
    28
    27
    31
    23
    34
    36
    54
    57
    55
    63
    57
    41
    31
    26
    34
    26
    31
    26
    29
    38
    45
    54
    62
    70
    73
    73
    76
    82
    83
    92
    88
    93
    90
    89
    94
    93
    80
    62
    66
    63
    81
    90
    93
   105
   109
   112
   110
    78
    89
   102
    81
    34
    24
    70
    98
    99
    72
    83
   107
   114
   114
   112
   111
   115
   116
   115
   116
   121
   122
   120
   117
   105
   101
    95
    91
    85
    84
    95
    99
    98
    97
    95
    89
    83
    82
    74
    61
    50
    70
    76
    82
    93
    93
    91
    88
    87
    77
    76
    81
    81
    71
    80
    77
    70
    80
    80
    78
    71
    56
    48
    34
    35
    38
    34
    36
    31
    35
    46
    55
    55
    56
    54
    57
    58
    50
    41
    27
    29
    27
    31
    29
    30
    42
    50
    59
    64
    69
    73
    74
    73
    80
    80
    86
    87
    94
    94
    88
    88
    87
    67
    56
    66
    74
    79
    96
   103
   111
   115
   107
    97
    65
    87
    86
    47
    44
    60
    91
    83
    74
    98
   111
   114
   120
   117
   112
   111
   115
   119
   125
   122
   113
   112
   109
   107
   104
    97
    92
    86
    87
    82
    87
    99
    97
    89
    89
    87
    81
    77
    68
    69
    66
    72
    72
    82
    81
    83
    74
    72
    77
    83
    83
    80
    73
    62
    70
    67
    61
    74
    60
    53
    46
    34
    33
    35
    26
    28
    35
    40
    42
    45
    53
    53
    52
    59
    54
    53
    50
    40
    34
    25
    21
    26
    32
    27
    26
    35
    41
    45
    51
    64
    64
    70
    70
    81
    83
    82
    87
    88
    90
    90
    86
    86
    69
    58
    72
    88
   100
   105
   107
   108
   108
   105
    88
    76
    80
    64
    45
    68
    80
    75
    79
   105
   114
   115
   117
   116
   116
   113
   116
   122
   117
   121
   120
   119
   114
   107
   103
   101
   101
    96
    89
    89
    88
    86
    86
    78
    81
    77
    73
    77
    79
    76
    59
    61
    74
    72
    68
    68
    68
    70
    74
    74
    68
    55
    47
    61
    61
    65
    70
    60
    53
    34
    29
    34
    40
    28
    28
    29
    45
    52
    50
   103
    49
    55
    55
    52
    53
    56
    57
    49
    38
    35
    34
    32
    25
    26
    29
    28
    39
    42
    44
    48
    63
    64
    66
    70
    80
    83
    86
    88
    90
    91
    89
    88
    81
    63
    61
    75
    95
    98
   105
   107
   112
   104
    97
    83
    82
    74
    50
    72
    87
    81
    99
   109
   113
   113
   117
   119
   120
   117
   119
   120
   122
   121
   122
   116
   115
   110
   107
    96
    93
    93
    84
    87
    84
    87
    80
    83
    83
    72
    81
    78
    79
    76
    73
    70
    59
    64
    67
    64
    68
    73
    66
    56
    54
    56
    56
    58
    57
    50
    45
    42
    35
    34
    40
    42
    28
    34
    38
    53
    55
    44
    56
    77
    54
    50
    51
    55
    56
    56
    56
    61
    55
    42
    31
    28
    31
    30
    25
    30
    33
    36
    39
    48
    50
    54
    60
    58
    70
    73
    79
    84
    83
    76
    81
    81
    79
    76
    63
    65
    77
    92
    96
    94
    99
    99
    88
    85
    90
    80
    72
    91
    97
    94
    97
   107
   113
   114
   119
   116
   115
   114
   118
   117
   121
   126
   124
   119
   123
   118
   111
   104
   101
    92
    93
    82
    80
    84
    93
    80
    75
    84
    86
    88
    81
    74
    73
    82
    76
    67
    70
    65
    61
    62
    56
    62
    56
    49
    53
    48
    47
    41
    37
    32
    33
    41
    38
    36
    38
    43
    56
    59
    40
    45
    73
    70
    54
    54
    56
    54
    52
    54
    57
    56
    56
    51
    44
    33
    32
    34
    35
    34
    31
    33
    33
    32
    41
    46
    44
    52
    57
    67
    76
    74
    83
    85
    81
    80
    78
    78
    75
    64
    64
    73
    83
    93
    95
    86
    80
    82
    80
    70
    79
    93
    98
   103
   103
   106
   106
   111
   115
   110
   114
   113
   115
   117
   122
   121
   121
   126
   119
   115
   108
    97
    93
    86
    78
    78
    76
    76
    81
    83
    73
    81
    79
    80
    83
    77
    72
    70
    65
    61
    66
    59
    61
    54
    59
    53
    42
    48
    49
    42
    46
    45
    45
    41
    44
    31
    34
    42
    61
    60
    55
    46
    46
    61
    66
    95
    52
    53
    53
    57
    54
    59
    56
    53
    55
    57
    51
    39
    32
    31
    33
    29
    27
    28
    32
    34
    32
    39
    49
    57
    57
    54
    59
    68
    70
    71
    74
    79
    78
    76
    80
    80
    71
    67
    72
    77
    81
    86
    82
    86
    87
    96
   100
    93
    98
    98
   104
   108
   108
   110
   110
   111
   115
   116
   113
   111
   115
   125
   123
   120
   116
   111
   102
    93
    86
    81
    78
    78
    73
    75
    78
    80
    80
    82
    84
    83
    73
    81
    69
    66
    65
    56
    56
    59
    55
    54
    55
    51
    49
    52
    50
    49
    41
    50
    51
    51
    47
    50
    61
    66
    62
    55
    43
    36
    61
    80
    90
    68
    56
    53
    53
    54
    55
    51
    51
    58
    55
    54
    56
    52
    42
    37
    31
    25
    26
    28
    24
    31
    34
    35
    29
    29
    34
    48
    56
    52
    56
    64
    74
    73
    73
    76
    72
    75
    79
    75
    74
    75
    76
    83
    92
    92
    90
    96
    98
    98
   100
   100
    98
   104
   107
   107
   110
   116
   116
   117
   117
   118
   116
   120
   119
   122
   115
    98
    91
    90
    80
    72
    72
    70
    67
    67
    73
    64
    70
    73
    71
    69
    69
    59
    66
    62
    63
    70
    57
    52
    57
    53
    56
    56
    53
    55
    46
    41
    47
    47
    41
    47
    57
    63
    60
    60
    53
    42
    39
    60
    82
    81
    91
   131
    52
    55
    55
    52
    51
    54
    56
    57
    57
    58
    57
    56
    52
    43
    35
    30
    37
    34
    32
    37
    32
    28
    26
    29
    30
    24
    34
    38
    52
    58
    63
    67
    72
    68
    77
    72
    70
    74
    79
    75
    75
    77
    82
    83
    94
    94
    98
    97
    99
   100
    99
    97
   103
   106
   108
   109
   111
   113
   111
   111
   113
   111
   116
   115
   106
   104
    90
    81
    74
    63
    60
    53
    61
    61
    59
    68
    72
    63
    67
    74
    75
    77
    70
    72
    72
    62
    61
    60
    61
    58
    57
    48
    56
    55
    47
    52
    46
    48
    57
    63
    58
    53
    45
    36
    28
    37
    59
    75
    84
   124
   165
   184
    53
    49
    52
    53
    50
    54
    51
    57
    56
    56
    59
    56
    54
    52
    43
    38
    25
    29
    28
    28
    34
    33
    32
    31
    33
    35
    31
    34
    34
    47
    50
    58
    64
    67
    61
    66
    74
    74
    74
    78
    76
    80
    76
    78
    83
    92
    95
    97
   100
   102
   106
   104
   105
   106
   107
   107
   110
   112
   113
   112
   109
   113
   109
   108
   103
    87
    84
    75
    62
    63
    58
    57
    60
    65
    69
    73
    73
    77
    85
    79
    75
    71
    70
    62
    65
    63
    59
    63
    60
    57
    48
    53
    47
    42
    50
    53
    56
    65
    66
    61
    67
    64
    50
    54
    79
    93
   117
   156
   187
   199
   197
   187
    49
    54
    52
    54
    56
    54
    57
    53
    57
    58
    50
    54
    61
    58
    48
    35
    32
    34
    33
    28
    28
    25
    23
    39
    33
    36
    36
    29
    30
    29
    31
    30
    31
    37
    50
    56
    53
    61
    66
    69
    74
    74
    79
    82
    75
    81
    80
    82
    92
    88
    89
    96
    94
    98
    98
   107
   106
   102
   102
   102
   105
   101
    99
    96
    91
    85
    77
    72
    62
    63
    58
    65
    68
    70
    76
    80
    81
    84
    83
    76
    74
    73
    69
    70
    72
    65
    63
    64
    51
    51
    57
    53
    52
    57
    58
    61
    68
    57
    43
    27
    31
    58
    87
   101
    97
   113
   164
   168
   156
   129
   109
    79
    54
    50
    54
    57
    54
    57
    57
    54
    53
    50
    57
    54
    54
    56
    59
    56
    48
    34
    32
    29
    28
    29
    35
    27
    33
    27
    20
    31
    28
    27
    26
    26
    25
    29
    28
    24
    31
    36
    36
    42
    54
    51
    59
    62
    64
    62
    68
    74
    73
    77
    86
    88
    94
    90
    97
    95
   101
    99
   103
   102
    97
    93
    88
    93
    90
    83
    76
    77
    73
    67
    73
    70
    77
    74
    69
    76
    82
    78
    74
    74
    74
    73
    64
    59
    59
    60
    50
    46
    55
    53
    54
    49
    52
    56
    65
    57
    39
    26
    31
    37
    33
    33
    24
    47
    84
    50
     4
    21
    40
    57
    50
    42
    49
    58
    55
    51
    52
    54
    55
    55
    53
    56
    56
    60
    58
    54
    50
    61
    55
    54
    44
    30
    34
    32
    30
    29
    29
    36
    35
    30
    23
    23
    31
    28
    30
    31
    24
    31
    32
    28
    30
    26
    17
    30
    24
    22
    28
    36
    40
    48
    54
    60
    61
    66
    74
    89
    92
    89
    92
    92
    88
    88
    88
    87
    87
    85
    84
    82
    85
    77
    80
    74
    78
    74
    68
    79
    80
    75
    73
    74
    80
    75
    74
    64
    63
    60
    61
    53
    56
    55
    48
    47
    58
    63
    66
    54
    35
    29
    30
    33
    35
    34
    38
    33
    36
    50
   113
    72
    62
    89
   100
    71
    36
    49
    52
    49
    53
    55
    55
    53
    54
    55
    58
    55
    55
    50
    55
    59
    64
    58
    60
    56
    55
    48
    44
    36
    38
    31
    21
    26
    29
    28
    31
    35
    29
    29
    25
    20
    32
    29
    27
    27
    29
    27
    33
    30
    28
    27
    28
    24
    25
    27
    40
    48
    70
    84
    73
    64
    74
    78
    81
    81
    88
    82
    80
    80
    81
    83
    83
    84
    73
    77
    75
    78
    76
    75
    66
    67
    67
    73
    74
    71
    68
    70
    64
    59
    54
    54
    52
    50
    49
    54
    55
    61
    56
    53
    31
    32
    28
    33
    39
    36
    30
    32
    30
    31
    30
    40
   103
    89
    92
   114
    96
    56
    78
    96
    54
    53
    49
    51
    50
    52
    52
    51
    54
    55
    57
    56
    53
    54
    51
    52
    55
    53
    55
    58
    55
    54
    42
    40
    42
    38
    35
    29
    31
    26
    26
    26
    31
    31
    22
    25
    29
    28
    24
    30
    24
    25
    24
    21
    19
    22
    34
    64
    72
    70
    79
   102
    73
    42
    36
    49
    61
    74
    71
    78
    77
    76
    78
    73
    70
    74
    75
    71
    68
    65
    69
    71
    76
    65
    66
    60
    66
    60
    62
    59
    51
    53
    57
    56
    53
    52
    55
    54
    57
    46
    37
    26
    29
    30
    35
    35
    30
    30
    35
    34
    34
    34
    36
    26
    77
    91
    98
   140
    72
    67
   104
    95
    50
    53
    54
    54
    58
    57
    53
    56
    56
    57
    54
    54
    55
    55
    58
    61
    57
    58
    54
    49
    57
    54
    57
    52
    49
    48
    41
    39
    37
    37
    33
    31
    25
    25
    26
    23
    21
    24
    26
    22
    25
    26
    22
    29
    44
    57
    71
   116
   110
    98
    96
    89
    77
    61
    46
    30
    20
    17
    32
    45
    56
    66
    58
    62
    69
    65
    65
    69
    73
    65
    68
    67
    64
    64
    66
    64
    63
    61
    60
    57
    61
    54
    53
    59
    59
    53
    46
    41
    33
    31
    28
    33
    36
    36
    30
    33
    31
    35
    35
    34
    32
    31
    32
    32
    66
    94
    90
   144
    83
    83
   118
   125
    52
    53
    54
    52
    56
    54
    59
    55
    52
    53
    52
    51
    53
    55
    52
    52
    57
    54
    57
    58
    51
    56
    58
    59
    56
    53
    55
    56
    55
    53
    50
    47
    42
    32
    25
    27
    28
    24
    26
    28
    22
    23
    31
    45
    52
    32
    38
    58
    89
   105
   101
    98
    85
    69
    54
    41
    33
    30
    22
    17
    19
    22
    48
    62
    57
    54
    56
    56
    60
    63
    69
    70
    68
    70
    68
    65
    63
    60
    61
    62
    55
    56
    54
    41
    37
    37
    34
    29
    28
    28
    35
    34
    27
    30
    36
    32
    36
    31
    33
    29
    32
    35
    33
    31
    68
   102
    82
   137
    93
    82
    95
   143
    54
    50
    47
    52
    47
    51
    50
    54
    58
    54
    52
    54
    55
    55
    58
    57
    54
    53
    53
    54
    56
    54
    54
    57
    55
    58
    53
    53
    57
    57
    57
    58
    52
    49
    39
    38
    32
    27
    26
    28
    30
    30
    46
    69
    34
    16
    14
     9
    15
    28
    62
    88
    95
    89
    74
    64
    54
    38
    35
    32
    35
    58
    71
    57
    55
    63
    55
    57
    67
    61
    47
    43
    49
    57
    61
    53
    48
    48
    42
    40
    41
    33
    28
    35
    33
    30
    33
    35
    32
    35
    35
    31
    31
    28
    33
    32
    34
    32
    32
    32
    28
    30
    31
    29
    63
    94
    98
   136
   103
    85
    65
   102
    54
    51
    54
    56
    57
    54
    52
    54
    52
    55
    53
    54
    54
    53
    49
    55
    58
    55
    54
    55
    54
    56
    57
    59
    56
    58
    58
    57
    54
    52
    51
    53
    54
    56
    56
    47
    42
    41
    43
    41
    38
    42
    56
    56
    48
    28
    21
    22
    16
    18
    13
    23
    45
    67
    84
    84
    78
    76
    78
    81
    91
    91
    59
    36
    57
    71
    62
    62
    81
    76
    59
    42
    38
    25
    24
    30
    32
    31
    30
    31
    28
    34
    34
    32
    32
    33
    33
    32
    29
    33
    31
    34
    35
    35
    28
    30
    28
    31
    35
    32
    35
    32
    28
    32
    54
    87
   111
   122
   100
    84
    75
    71
    49
    53
    52
    49
    53
    52
    53
    54
    56
    54
    56
    59
    57
    55
    54
    53
    59
    54
    54
    54
    59
    55
    55
    55
    54
    54
    54
    54
    56
    57
    62
    59
    56
    52
    48
    53
    54
    50
    47
    46
    44
    45
    48
    61
    64
    56
    53
    43
    37
    37
    45
    45
    38
    43
    47
    59
    66
    74
    75
    84
    73
    47
    37
    60
    76
    73
    75
    76
    78
    82
    71
    43
    31
    38
    37
    30
    31
    32
    34
    32
    35
    30
    29
    34
    34
    30
    33
    32
    35
    31
    34
    33
    34
    33
    33
    31
    32
    31
    25
    32
    28
    25
    29
    26
    47
    91
   114
   133
   105
   118
    79
    88
    55
    55
    51
    55
    50
    54
    56
    52
    53
    52
    49
    50
    55
    52
    58
    55
    50
    56
    54
    53
    47
    60
    56
    54
    54
    55
    56
    57
    55
    54
    56
    54
    51
    54
    57
    57
    52
    50
    50
    47
    45
    42
    43
    45
    53
    68
    71
    81
    84
    96
    96
   101
   104
    98
    93
    89
    81
    80
    81
    75
    71
    83
    94
    92
    85
    94
    93
    99
    91
    68
    42
    29
    37
    30
    31
    31
    38
    31
    32
    32
    31
    34
    33
    30
    37
    37
    26
    29
    34
    34
    28
    30
    30
    33
    35
    31
    32
    32
    31
    30
    28
    34
    30
    31
    55
    89
   105
   136
   131
   152
   107
    69
    54
    47
    54
    51
    54
    52
    48
    56
    54
    58
    55
    56
    53
    59
    49
    54
    58
    55
    55
    58
    56
    57
    52
    54
    55
    57
    58
    60
    52
    55
    53
    56
    57
    56
    51
    52
    55
    56
    53
    48
    51
    49
    50
    45
    45
    35
    37
    43
    48
    42
    47
    39
    38
    34
    36
    37
    36
    35
    29
    37
    46
    46
    48
    47
    49
    62
    88
    78
    58
    37
    34
    38
    36
    39
    35
    35
    32
    32
    34
    33
    37
    34
    31
    35
    31
    27
    33
    36
    30
    31
    30
    31
    32
    27
    23
    31
    32
    29
    34
    30
    30
    28
    30
    26
    63
   105
   121
   137
   128
   149
   170
   144
    50
    55
    52
    53
    48
    51
    59
    58
    57
    56
    55
    57
    53
    45
    54
    54
    58
    52
    55
    55
    56
    55
    56
    56
    61
    56
    54
    54
    59
    57
    59
    54
    56
    54
    59
    58
    47
    49
    49
    52
    49
    46
    45
    43
    45
    47
    48
    41
    36
    39
    39
    42
    41
    44
    44
    35
    36
    39
    43
    33
    35
    36
    32
    33
    32
    27
    16
    26
    24
    38
    38
    27
    30
    29
    37
    39
    37
    36
    37
    34
    34
    34
    32
    27
    32
    36
    33
    29
    33
    34
    36
    31
    34
    28
    34
    29
    34
    35
    27
    31
    31
    29
    27
    32
    85
   111
   138
   125
   152
   169
   192
   193
