    40
    41
    42
    40
    43
    45
    46
    45
    46
    49
    50
    50
    48
    51
    47
    42
    43
    49
    48
    49
    48
    47
    48
    48
    49
    50
    51
    51
    47
    47
    50
    49
    50
    50
    54
    50
    61
   122
   145
   135
   127
   105
    85
    70
    82
    90
   112
   131
   142
   138
   138
   131
   125
   113
   102
    88
    66
    34
    16
    28
    37
    46
    49
    44
    46
    41
    45
    45
    45
    43
    43
    46
    45
    48
    43
    47
    47
    46
    46
    48
    47
    48
    47
    47
    46
    50
    50
    47
    48
    48
    48
    47
    48
    49
    51
    50
    48
    53
    52
    55
    50
    47
    48
    46
    44
    45
    46
    44
    76
   154
   172
   171
    42
    42
    40
    42
    43
    40
    45
    46
    44
    42
    39
    45
    44
    45
    37
    34
    41
    41
    38
    40
    48
    50
    41
    40
    42
    45
    48
    51
    53
    51
    49
    51
    47
    48
    47
    50
   100
   138
   130
   112
   105
   116
   128
   128
   119
   105
    87
    82
    87
    93
    99
   101
   106
   110
   113
   124
   137
   142
   134
   107
    52
    21
    24
    37
    41
    46
    45
    40
    43
    44
    46
    43
    43
    41
    44
    47
    45
    42
    46
    45
    45
    49
    50
    47
    49
    45
    45
    50
    48
    49
    47
    49
    49
    47
    47
    49
    49
    48
    49
    51
    48
    48
    48
    47
    47
    46
    45
    42
   115
   160
   174
   170
    41
    42
    40
    41
    38
    36
    38
    39
    34
    35
    40
    38
    40
    38
    34
    40
    39
    33
    33
    32
    31
    27
    33
    35
    36
    37
    41
    40
    38
    35
    38
    42
    49
    49
    51
    58
   106
   126
   142
   147
   137
   131
   132
   131
   130
   139
   142
   155
   169
   166
   156
   153
   155
   155
   144
   133
   105
   114
   129
   138
   148
   136
   106
    74
    35
    28
    42
    43
    43
    43
    43
    43
    45
    44
    42
    47
    45
    46
    43
    46
    45
    43
    42
    47
    49
    51
    49
    49
    51
    47
    49
    49
    50
    50
    47
    47
    49
    48
    46
    48
    50
    46
    50
    52
    49
    46
    44
    59
   151
   161
   180
   168
    38
    43
    45
    39
    34
    36
    36
    31
    29
    38
    36
    36
    39
    36
    36
    42
    38
    34
    39
    31
    31
    28
    28
    31
    31
    30
    32
    33
    31
    32
    31
    33
    38
    42
    46
    54
    80
   108
   130
   138
   142
   130
   120
   137
   151
   166
   170
   174
   170
   147
   133
   129
   133
   138
   138
   152
   158
   134
   119
   121
   132
   140
   150
   152
   136
    79
    33
    44
    45
    44
    43
    43
    43
    45
    45
    42
    45
    42
    43
    44
    45
    45
    47
    47
    48
    46
    48
    50
    48
    50
    51
    51
    51
    49
    50
    52
    47
    50
    52
    48
    50
    49
    46
    44
    46
    45
    43
    92
   169
   163
   180
   164
    41
    40
    36
    32
    36
    31
    31
    28
    31
    29
    31
    37
    34
    36
    39
    41
    39
    41
    37
    32
    31
    37
    35
    32
    34
    41
    43
    34
    32
    30
    30
    30
    33
    33
    32
    35
    40
    51
    75
   109
   141
   160
   155
   177
   167
   160
   170
   172
   160
   142
   111
   111
   118
   122
   116
   117
   141
   144
   143
   142
   146
   145
   146
   144
   143
   145
    93
    29
    40
    44
    46
    42
    46
    45
    45
    44
    44
    43
    43
    43
    42
    45
    45
    44
    45
    48
    48
    51
    51
    49
    52
    52
    52
    52
    52
    50
    47
    49
    46
    47
    46
    46
    47
    46
    48
    45
    43
   134
   171
   167
   180
   164
    31
    30
    31
    38
    33
    28
    29
    38
    33
    32
    29
    32
    35
    34
    35
    40
    42
    43
    36
    41
    42
    39
    44
    53
    57
    51
    39
    33
    31
    31
    32
    36
    38
    40
    47
    36
    31
    32
    29
    36
    58
    81
   133
   157
   163
   134
   159
   162
   153
   140
   123
   108
   106
   110
   108
   117
   117
   133
   148
   153
   156
   157
   158
   157
   150
   150
   156
    69
    40
    44
    43
    45
    44
    43
    42
    43
    46
    46
    41
    44
    44
    45
    43
    45
    49
    49
    46
    46
    50
    49
    47
    54
    49
    47
    45
    47
    48
    46
    48
    49
    50
    49
    47
    45
    43
    42
    65
   163
   172
   176
   177
   168
    33
    33
    39
    42
    28
    28
    33
    35
    31
    29
    35
    38
    38
    37
    42
    43
    38
    34
    39
    45
    52
    56
    54
    55
    51
    47
    43
    44
    41
    35
    39
    43
    41
    44
    47
    50
    58
    52
    50
    54
    50
    39
    31
    62
   122
   140
   159
   164
   139
   131
   118
   116
   107
   104
   101
   100
    99
   117
   138
   135
   149
   165
   158
   155
   148
   148
   145
   139
    43
    37
    42
    41
    42
    45
    45
    45
    43
    43
    46
    45
    44
    43
    47
    45
    46
    45
    48
    48
    45
    46
    49
    43
    44
    50
    52
    50
    47
    48
    50
    48
    47
    47
    50
    45
    46
    44
    99
   174
   165
   177
   167
   176
    31
    32
    33
    27
    29
    25
    34
    36
    30
    37
    36
    35
    35
    39
    36
    40
    40
    46
    47
    43
    44
    53
    44
    46
    45
    51
    48
    46
    42
    42
    41
    43
    46
    58
    52
    51
    49
    45
    48
    51
    58
    69
    64
    53
    44
    56
    83
   115
   111
   107
   110
   104
   109
   120
   129
   141
   148
   124
    93
    99
   130
   157
   174
   161
   153
   150
   150
   150
   117
    38
    46
    42
    45
    46
    44
    44
    48
    43
    42
    41
    45
    43
    42
    42
    43
    42
    45
    44
    45
    51
    49
    53
    49
    50
    48
    50
    46
    45
    46
    47
    51
    48
    43
    46
    45
    46
   134
   180
   168
   172
   166
   164
    36
    32
    33
    36
    37
    33
    41
    37
    35
    37
    42
    42
    41
    44
    45
    42
    43
    41
    41
    38
    38
    36
    39
    40
    46
    55
    57
    59
    56
    52
    55
    70
    90
    95
   107
   110
   110
   110
   114
   114
   115
   118
   121
   118
   118
   118
   120
   122
   122
   128
   131
   130
   130
   129
   124
   124
   125
   126
   130
   127
   128
   137
   152
   151
   153
   153
   155
   162
   153
    69
    47
    47
    47
    43
    45
    45
    43
    47
    48
    43
    42
    44
    45
    45
    45
    48
    43
    45
    47
    47
    47
    47
    50
    49
    48
    46
    47
    50
    49
    45
    42
    41
    44
    44
    40
    62
   154
   177
   167
   163
   160
   153
    37
    38
    36
    37
    34
    32
    36
    31
    33
    38
    45
    43
    45
    56
    49
    45
    45
    45
    46
    43
    42
    43
    43
    42
    48
    62
    63
    64
    62
    66
    78
    94
   104
   113
   120
   124
   125
   126
   131
   131
   132
   133
   132
   136
   137
   140
   137
   133
   137
   138
   139
   141
   141
   140
   141
   138
   136
   135
   132
   131
   131
   132
   133
   135
   139
   141
   143
   151
   157
    85
    28
    24
    34
    40
    41
    44
    48
    42
    45
    47
    48
    46
    43
    44
    42
    40
    41
    45
    48
    47
    43
    48
    45
    47
    47
    50
    48
    43
    46
    48
    48
    47
    45
    43
    41
    89
   171
   166
   162
   156
   159
   171
    41
    36
    39
    38
    35
    34
    34
    33
    35
    38
    40
    45
    55
    65
    55
    45
    42
    46
    45
    44
    46
    52
    51
    62
    62
    71
    84
    83
    80
    86
   101
   109
   114
   120
   125
   129
   132
   134
   134
   138
   135
   138
   138
   140
   139
   142
   141
   141
   143
   144
   142
   141
   146
   142
   141
   141
   141
   141
   137
   136
   134
   131
   128
   128
   130
   129
   128
   128
   128
   130
   121
   103
    80
    57
    40
    28
    17
    22
    35
    38
    46
    47
    47
    47
    49
    46
    45
    45
    46
    45
    46
    46
    46
    46
    45
    42
    43
    42
    42
    44
    40
    44
    41
    43
    42
   121
   174
   154
   152
   168
   192
   204
    40
    39
    43
    41
    35
    35
    36
    38
    38
    43
    47
    41
    55
    65
    57
    53
    47
    48
    55
    59
    60
    58
    62
    60
    74
    91
    88
    86
    89
   102
   112
   118
   123
   127
   130
   135
   135
   137
   137
   132
   132
   136
   136
   135
   136
   135
   139
   142
   146
   145
   146
   145
   146
   146
   145
   143
   141
   142
   143
   145
   146
   144
   145
   140
   137
   133
   133
   130
   129
   129
   131
   134
   139
   140
   141
   134
   127
   108
    83
    44
    31
    26
    33
    44
    48
    46
    44
    47
    46
    45
    44
    50
    47
    42
    43
    46
    46
    40
    44
    41
    42
    43
    44
    42
    52
   134
   149
   167
   200
   214
   213
   205
    39
    39
    40
    40
    34
    39
    36
    37
    39
    43
    40
    39
    44
    52
    56
    55
    57
    61
    66
    71
    76
    85
    87
    87
    83
    85
    93
   100
   110
   117
   122
   126
   132
   135
   139
   140
   138
   135
   136
   138
   135
   131
   130
   127
   133
   135
   137
   145
   149
   154
   154
   153
   153
   150
   150
   148
   146
   144
   145
   148
   152
   154
   148
   148
   152
   153
   146
   142
   144
   147
   145
   143
   139
   135
   134
   134
   132
   138
   142
   146
   141
   119
    75
    42
    25
    36
    47
    49
    44
    48
    46
    42
    43
    44
    44
    40
    43
    43
    39
    45
    44
    45
    32
    15
    53
   168
   199
   202
   195
   189
   186
   192
    47
    45
    38
    34
    35
    39
    42
    43
    43
    38
    38
    43
    46
    52
    59
    69
    72
    76
    80
    88
    91
    89
    97
   105
   105
    99
   102
   105
   110
   123
   130
   131
   134
   137
   134
   138
   136
   135
   136
   134
   131
   128
   129
   123
   124
   132
   138
   143
   144
   146
   150
   147
   146
   148
   148
   143
   143
   146
   149
   149
   153
   155
   160
   155
   147
   150
   152
   156
   162
   159
   156
   155
   155
   157
   155
   151
   146
   145
   140
   143
   145
   149
   149
   148
   124
    75
    27
    22
    41
    46
    42
    42
    40
    43
    38
    43
    42
    38
    43
    42
    30
    14
    47
   145
   197
   198
   201
   204
   206
   206
   207
   204
    40
    39
    38
    37
    39
    42
    45
    44
    44
    44
    45
    47
    53
    60
    73
    74
    73
    84
    88
    91
    89
    92
    96
   104
   118
   112
   110
   116
   120
   124
   131
   133
   133
   132
   135
   136
   136
   135
   130
   128
   129
   126
   119
   120
   129
   131
   140
   149
   153
   153
   151
   152
   149
   146
   148
   148
   147
   147
   148
   150
   150
   157
   160
   158
   159
   159
   161
   159
   159
   162
   161
   159
   158
   159
   165
   167
   165
   161
   159
   154
   147
   145
   147
   146
   149
   152
   148
   105
    40
    16
    35
    45
    46
    47
    45
    38
    40
    41
    25
    19
    58
   150
   209
   213
   211
   208
   210
   212
   212
   212
   207
   202
    41
    42
    39
    37
    39
    43
    48
    47
    45
    43
    43
    51
    57
    65
    75
    82
    84
    87
    90
    94
   100
   101
   106
   107
   108
   111
   112
   122
   125
   126
   129
   135
   133
   135
   136
   138
   134
   132
   130
   131
   126
   121
   116
   117
   117
   130
   142
   152
   156
   154
   153
   145
   140
   146
   146
   143
   146
   147
   145
   150
   156
   158
   160
   165
   160
   164
   168
   166
   164
   164
   163
   162
   160
   162
   165
   164
   167
   167
   168
   166
   164
   160
   156
   155
   154
   153
   153
   152
   157
   129
    81
    32
    20
    25
    30
    38
    25
    32
    92
   171
   221
   226
   218
   212
   206
   196
   185
   180
   176
   172
   173
   178
    42
    39
    39
    39
    41
    44
    49
    57
    59
    50
    49
    55
    64
    72
    79
    87
    89
    95
    98
    99
   103
   108
   109
   118
   113
   108
   115
   122
   127
   128
   131
   133
   132
   133
   134
   134
   136
   133
   132
   130
   127
   120
   117
   118
   124
   134
   142
   150
   154
   156
   147
   135
   129
   138
   143
   145
   145
   145
   143
   143
   147
   153
   157
   163
   168
   167
   166
   165
   163
   164
   167
   166
   162
   166
   169
   169
   170
   168
   169
   171
   172
   167
   164
   164
   162
   162
   162
   156
   153
   153
   158
   154
   136
   117
    84
    46
   100
   171
   204
   204
   189
   178
   174
   176
   183
   191
   196
   200
   205
   205
   205
   205
    38
    42
    43
    44
    42
    46
    46
    58
    64
    64
    61
    61
    60
    69
    83
    91
    95
    96
    96
    99
   102
   106
   114
   117
   114
   109
   121
   132
   136
   136
   137
   134
   134
   140
   137
   140
   138
   137
   134
   128
   118
   110
   109
   115
   125
   136
   142
   144
   148
   139
   134
   122
   125
   134
   139
   140
   144
   145
   144
   146
   149
   154
   157
   156
   159
   164
   166
   164
   164
   163
   164
   168
   173
   174
   175
   175
   174
   175
   176
   175
   172
   177
   177
   177
   175
   174
   169
   165
   165
   165
   160
   158
   157
   158
   160
   158
   158
   147
   112
    99
   149
   197
   222
   218
   210
   209
   209
   211
   209
   211
   212
   212
    42
    38
    40
    42
    47
    49
    49
    50
    56
    63
    65
    64
    67
    74
    84
    92
    92
    89
    90
    98
   101
   112
   116
   119
   112
   114
   126
   130
   133
   136
   135
   135
   140
   139
   139
   141
   138
   139
   134
   122
   113
   108
   111
   117
   123
   131
   138
   143
   139
   132
   125
   121
   120
   122
   130
   134
   140
   143
   142
   145
   144
   144
   146
   153
   157
   162
   162
   164
   164
   166
   165
   164
   163
   166
   168
   166
   169
   176
   179
   176
   173
   171
   172
   176
   173
   170
   169
   168
   164
   167
   171
   167
   167
   166
   159
   157
   155
   152
   150
   116
    53
    54
    92
   167
   205
   200
   192
   188
   187
   183
   184
   179
    41
    43
    41
    39
    39
    45
    45
    46
    51
    53
    61
    60
    80
    92
    94
    98
    95
    86
    92
    94
   101
   117
   121
   108
   107
   122
   130
   137
   137
   133
   131
   135
   136
   139
   139
   140
   140
   137
   130
   120
   116
   115
   115
   118
   130
   143
   145
   139
   138
   131
   121
   117
   103
   102
   108
   116
   130
   140
   147
   144
   144
   149
   150
   154
   154
   154
   154
   157
   160
   162
   164
   163
   167
   168
   172
   176
   179
   185
   181
   179
   177
   178
   176
   175
   176
   175
   177
   171
   169
   167
   166
   165
   166
   161
   166
   166
   163
   161
   160
   155
   134
    78
    64
    39
    69
   151
   208
   211
   201
   204
   203
   207
    42
    38
    38
    43
    49
    49
    51
    50
    55
    68
    62
    65
    73
    80
    89
    80
    77
    81
    84
    92
    97
    98
    98
    99
   111
   120
   128
   133
   135
   136
   129
   124
   130
   137
   140
   137
   137
   131
   120
   110
   106
   107
   109
   113
   127
   139
   146
   152
   145
   131
   125
   122
   116
    98
    96
   114
   122
   131
   134
   137
   140
   142
   144
   145
   149
   152
   152
   154
   156
   158
   159
   156
   156
   162
   170
   170
   174
   182
   183
   186
   188
   186
   184
   178
   175
   173
   174
   176
   173
   168
   169
   170
   166
   167
   167
   166
   164
   164
   163
   161
   156
   118
    88
    93
    85
    66
    76
   135
   200
   208
   206
   209
    38
    41
    43
    47
    48
    46
    47
    50
    55
    59
    56
    68
    74
    82
    81
    73
    65
    76
    89
    93
    90
    79
    84
    99
   107
   114
   124
   132
   130
   129
   125
   119
   124
   133
   133
   137
   136
   133
   124
   116
   114
   111
   108
   111
   128
   140
   150
   158
   153
   143
   128
   120
   119
   105
    89
   102
   125
   136
   136
   135
   137
   139
   143
   142
   144
   150
   154
   154
   154
   151
   152
   156
   162
   163
   163
   170
   173
   177
   178
   179
   179
   181
   184
   183
   181
   182
   177
   179
   181
   177
   174
   173
   175
   170
   162
   161
   162
   167
   169
   167
   163
   150
   100
    88
    97
   106
    99
    87
    89
   139
   184
   188
    42
    45
    46
    47
    50
    49
    48
    49
    50
    53
    61
    66
    70
    72
    69
    69
    70
    75
    85
    92
    88
    91
   100
   108
   111
   110
   116
   120
   123
   125
   128
   123
   120
   126
   134
   139
   136
   127
   121
   112
   107
   109
   112
   111
   119
   132
   143
   149
   154
   145
   129
   124
   125
   111
    90
   100
   122
   133
   133
   128
   128
   135
   140
   144
   145
   142
   139
   141
   148
   151
   151
   157
   158
   162
   165
   171
   173
   177
   178
   179
   177
   176
   178
   178
   175
   171
   166
   165
   173
   176
   176
   172
   175
   176
   174
   167
   165
   164
   163
   166
   168
   160
   130
    86
    87
    98
   109
   111
   110
    97
    99
   151
    41
    40
    41
    51
    52
    49
    45
    49
    55
    53
    60
    69
    72
    73
    71
    63
    61
    70
    85
    89
    87
    97
   103
   107
   110
   113
   112
   114
   119
   119
   122
   120
   123
   127
   131
   134
   136
   136
   130
   122
   114
   110
   112
   111
   117
   129
   137
   136
   132
   130
   125
   123
   125
   111
    78
    91
   120
   133
   131
   126
   127
   132
   136
   134
   136
   137
   140
   144
   148
   146
   150
   154
   158
   158
   164
   169
   170
   168
   166
   167
   169
   172
   170
   169
   170
   166
   166
   170
   166
   165
   167
   166
   164
   166
   168
   166
   162
   164
   162
   163
   164
   163
   147
   104
    83
    89
    98
   107
   110
   115
   112
   102
    43
    43
    45
    49
    52
    48
    47
    46
    50
    60
    62
    68
    69
    65
    63
    59
    64
    80
    87
    87
    86
    90
   101
   105
   108
   110
   111
   114
   114
   113
   115
   114
   116
   126
   130
   136
   136
   134
   131
   124
   114
   104
    97
   102
   116
   129
   135
   128
   126
   120
   111
   113
   116
   104
    78
    95
   122
   132
   123
   115
   116
   121
   131
   133
   134
   134
   134
   139
   143
   147
   149
   152
   155
   161
   165
   167
   173
   173
   170
   166
   165
   166
   169
   170
   172
   172
   172
   170
   164
   161
   154
   156
   155
   156
   160
   155
   153
   160
   166
   158
   159
   164
   162
   133
    90
    87
    94
   101
   108
   110
   112
   111
    41
    38
    44
    49
    50
    52
    49
    50
    52
    53
    64
    70
    66
    64
    60
    64
    73
    77
    81
    86
    86
    96
   103
   105
   108
   113
   113
   114
   113
   110
   110
   108
   113
   123
   134
   136
   136
   138
   134
   130
   121
   106
    96
    99
   115
   130
   135
   130
   126
   116
   110
   109
   106
    90
    74
    91
   112
   118
   115
   116
   118
   124
   127
   132
   133
   135
   138
   141
   140
   143
   146
   150
   153
   158
   163
   164
   164
   164
   158
   156
   158
   163
   164
   164
   162
   164
   163
   159
   157
   155
   153
   151
   148
   150
   151
   152
   151
   156
   154
   156
   155
   157
   163
   159
   120
    84
    85
    91
   100
   110
   112
   111
    39
    43
    47
    52
    54
    49
    48
    49
    49
    48
    58
    65
    65
    58
    56
    63
    69
    82
    86
    85
    92
    98
   101
   106
   107
   108
   111
   110
   107
   107
    98
    95
   109
   125
   131
   136
   139
   136
   136
   132
   121
   109
    96
    95
   115
   133
   135
   128
   123
   116
   106
   108
   100
    82
    68
    89
   106
   112
   112
   112
   117
   122
   125
   126
   128
   132
   139
   144
   142
   139
   143
   149
   155
   161
   162
   163
   161
   155
   153
   155
   161
   166
   166
   164
   166
   164
   151
   127
   117
   124
   136
   147
   153
   153
   148
   143
   143
   144
   148
   152
   158
   154
   154
   164
   157
   114
    90
    91
    99
   106
   112
   117
    46
    44
    43
    47
    49
    47
    46
    45
    47
    56
    55
    60
    58
    59
    62
    70
    77
    74
    79
    89
    93
   100
   103
   102
   104
   106
   105
   101
   103
   100
    90
    94
   107
   120
   129
   136
   141
   138
   136
   131
   123
   111
    96
    91
   113
   135
   135
   123
   113
    99
    88
    83
    77
    67
    67
    84
   102
   110
   108
   109
   110
   119
   122
   123
   128
   134
   139
   139
   143
   147
   147
   147
   149
   152
   155
   155
   154
   150
   153
   154
   152
   150
   150
   156
   161
   159
   143
   115
   117
   123
   129
   140
   151
   155
   157
   155
   153
   149
   146
   150
   155
   151
   147
   147
   156
   155
   112
    92
    93
   103
   107
   114
    43
    44
    46
    47
    47
    46
    46
    51
    53
    54
    56
    63
    64
    65
    67
    72
    77
    80
    77
    78
    84
    87
    94
    99
   105
   105
   101
   103
   100
    87
    90
    97
   110
   118
   125
   133
   138
   140
   139
   134
   126
   115
   101
    93
   109
   134
   139
   125
   108
    92
    80
    75
    70
    58
    56
    72
    94
   105
   111
   112
   115
   120
   121
   124
   127
   129
   135
   138
   134
   135
   140
   147
   147
   145
   141
   141
   143
   149
   145
   145
   149
   147
   150
   156
   161
   159
   135
   108
   118
   131
   140
   143
   153
   158
   159
   155
   149
   148
   148
   150
   153
   151
   147
   149
   149
   157
   147
   112
   100
   103
   102
   112
    44
    47
    47
    44
    42
    44
    47
    50
    51
    47
    58
    63
    63
    65
    68
    69
    74
    76
    77
    79
    82
    87
    92
   100
   104
   104
    99
    97
    87
    88
    94
   101
   109
   120
   128
   134
   138
   141
   142
   135
   128
   117
   107
    96
   108
   130
   136
   121
   102
    85
    73
    69
    60
    53
    52
    68
    90
   105
   109
   110
   112
   120
   124
   125
   129
   131
   135
   134
   137
   140
   143
   142
   139
   136
   131
   133
   140
   141
   147
   150
   148
   149
   148
   152
   161
   167
   142
   119
   138
   149
   146
   145
   148
   156
   157
   159
   156
   153
   155
   154
   153
   154
   149
   147
   148
   151
   151
   133
   105
   103
   105
   107
    43
    46
    50
    44
    41
    47
    52
    50
    48
    52
    54
    59
    59
    62
    66
    71
    75
    73
    73
    77
    80
    84
    97
   100
   102
    99
    92
    87
    89
    93
    93
    98
   110
   124
   128
   132
   136
   136
   132
   131
   127
   118
   108
   103
   117
   134
   133
   116
    96
    80
    77
    71
    63
    56
    68
    85
    96
   104
   109
   109
   112
   118
   124
   129
   130
   132
   135
   140
   140
   141
   143
   141
   135
   130
   130
   135
   135
   141
   144
   146
   145
   145
   144
   148
   153
   161
   150
   115
   123
   150
   161
   160
   159
   162
   164
   162
   158
   155
   151
   153
   150
   150
   153
   153
   150
   153
   156
   153
   124
   101
   104
   106
    48
    46
    44
    44
    39
    42
    47
    50
    50
    48
    50
    51
    57
    60
    68
    75
    78
    81
    84
    81
    80
    88
    92
    98
    90
    86
    85
    88
    91
    90
    90
    97
   111
   123
   125
   126
   132
   140
   142
   140
   136
   131
   122
   111
   115
   132
   129
   113
    92
    82
    74
    71
    66
    58
    59
    74
    93
   103
   107
   110
   116
   124
   132
   134
   135
   132
   136
   136
   138
   140
   138
   136
   134
   135
   136
   137
   142
   140
   140
   141
   139
   143
   144
   146
   154
   162
   148
   113
    95
   125
   159
   168
   164
   165
   168
   163
   159
   157
   155
   149
   147
   145
   151
   157
   156
   152
   153
   157
   146
   113
   105
   110
    47
    43
    45
    40
    40
    43
    44
    45
    45
    46
    47
    54
    55
    63
    73
    74
    73
    69
    70
    75
    80
    83
    81
    73
    74
    83
    91
    97
    94
    87
    91
   103
   108
   112
   120
   128
   132
   136
   141
   135
   128
   126
   131
   132
   138
   143
   139
   121
   102
    84
    73
    71
    69
    62
    74
    85
    96
   103
   106
   115
   123
   130
   138
   142
   137
   137
   142
   140
   145
   150
   148
   147
   151
   149
   144
   146
   149
   145
   140
   138
   135
   130
   131
   137
   144
   158
   153
   123
    98
   103
   126
   159
   168
   168
   165
   168
   167
   158
   147
   149
   149
   152
   151
   150
   150
   156
   156
   153
   156
   131
   102
   104
    42
    43
    37
    40
    43
    43
    49
    50
    45
    44
    46
    51
    58
    66
    64
    63
    62
    67
    70
    71
    76
    71
    75
    86
    91
    91
    91
    88
    82
    80
    89
    98
   107
   117
   124
   129
   129
   131
   132
   136
   132
   129
   127
   128
   132
   144
   143
   129
   109
    94
    82
    74
    67
    65
    74
    87
    95
    97
   100
   106
   116
   128
   141
   144
   145
   141
   138
   147
   153
   152
   149
   143
   145
   148
   155
   151
   139
   139
   139
   138
   134
   135
   136
   136
   139
   151
   154
   127
   107
   109
   119
   144
   164
   165
   165
   165
   162
   155
   147
   148
   151
   154
   153
   156
   155
   160
   161
   157
   157
   150
   114
    96
    41
    42
    46
    44
    42
    46
    52
    52
    47
    46
    49
    52
    60
    59
    57
    59
    59
    64
    69
    70
    64
    74
    79
    88
    86
    85
    80
    82
    81
    83
    93
   103
   116
   123
   129
   129
   130
   133
   134
   134
   132
   130
   127
   134
   138
   141
   142
   134
   120
   104
    88
    81
    74
    73
    81
    89
    87
    90
   101
   112
   126
   137
   142
   145
   145
   148
   150
   147
   150
   145
   138
   135
   138
   146
   158
   164
   160
   143
   141
   142
   139
   134
   133
   132
   135
   147
   153
   137
   111
   100
   111
   128
   156
   163
   166
   169
   168
   155
   149
   146
   144
   146
   146
   148
   156
   158
   161
   161
   158
   153
   131
    95
    41
    39
    41
    45
    46
    45
    44
    45
    51
    52
    51
    51
    50
    51
    53
    57
    59
    62
    64
    66
    74
    78
    84
    85
    84
    80
    80
    80
    82
    90
    98
   111
   119
   127
   127
   125
   128
   132
   135
   134
   136
   134
   135
   141
   149
   154
   151
   138
   120
   100
    90
    87
    85
    78
    86
    89
    92
    99
   104
   119
   133
   143
   147
   148
   149
   147
   146
   145
   138
   131
   132
   138
   143
   148
   152
   152
   142
   134
   128
   130
   128
   124
   125
   128
   134
   146
   149
   137
   111
   103
   113
   125
   148
   161
   163
   166
   165
   154
   146
   142
   142
   148
   147
   149
   151
   153
   158
   160
   159
   154
   140
   107
    37
    46
    48
    44
    41
    41
    41
    45
    45
    45
    45
    50
    50
    48
    53
    55
    54
    56
    64
    70
    72
    75
    80
    78
    80
    84
    83
    85
    87
    93
   102
   114
   121
   124
   121
   126
   127
   132
   139
   143
   143
   141
   144
   146
   155
   160
   155
   147
   130
   104
    86
    90
   113
   116
    99
    94
   101
   105
   117
   127
   135
   141
   145
   147
   147
   145
   148
   145
   139
   133
   133
   136
   139
   143
   147
   138
   128
   131
   141
   134
   127
   124
   120
   128
   135
   144
   148
   133
   104
    94
   113
   127
   143
   157
   160
   164
   159
   145
   142
   143
   142
   141
   143
   146
   147
   158
   161
   159
   158
   155
   152
   119
    39
    40
    41
    44
    45
    46
    46
    48
    51
    47
    45
    46
    47
    52
    50
    49
    56
    58
    60
    63
    69
    76
    80
    81
    80
    81
    83
    83
    91
    99
   109
   116
   120
   119
   123
   126
   126
   131
   134
   140
   141
   144
   147
   146
   146
   148
   149
   149
   141
   129
   120
   110
   114
   134
   130
   106
    99
   107
   116
   130
   140
   143
   144
   143
   144
   141
   140
   136
   137
   138
   138
   138
   141
   145
   148
   148
   136
   129
   132
   139
   134
   127
   122
   122
   129
   141
   146
   130
   101
    86
   106
   121
   135
   154
   162
   162
   159
   143
   137
   140
   145
   142
   142
   144
   149
   156
   162
   161
   157
   156
   155
   134
    32
    36
    43
    43
    44
    44
    43
    45
    45
    48
    44
    45
    49
    51
    54
    60
    54
    58
    58
    63
    71
    72
    74
    76
    79
    86
    89
    94
    99
   105
   111
   118
   120
   123
   124
   126
   130
   136
   140
   138
   142
   141
   142
   145
   148
   152
   155
   151
   145
   138
   127
   120
   126
   133
   128
   111
   104
   118
   130
   138
   139
   139
   138
   139
   138
   139
   138
   138
   139
   138
   140
   140
   138
   143
   149
   154
   154
   147
   143
   141
   142
   140
   136
   135
   137
   142
   141
   129
   103
    89
   104
   117
   126
   145
   159
   159
   149
   130
   122
   132
   138
   140
   141
   144
   147
   152
   157
   160
   161
   159
   161
   146
    38
    36
    35
    41
    42
    42
    45
    46
    46
    46
    46
    50
    53
    57
    58
    54
    58
    56
    60
    62
    66
    72
    75
    76
    76
    80
    89
    94
   100
   105
   112
   117
   122
   126
   126
   128
   129
   136
   139
   140
   138
   138
   140
   141
   148
   156
   162
   163
   162
   156
   146
   133
   127
   123
   116
   117
   125
   133
   141
   137
   139
   137
   136
   137
   136
   134
   134
   134
   139
   144
   144
   146
   145
   143
   146
   154
   158
   150
   145
   150
   148
   147
   145
   141
   140
   146
   146
   129
    96
    85
   102
   112
   123
   142
   153
   149
   142
   127
   122
   128
   141
   144
   141
   145
   150
   149
   152
   153
   159
   159
   156
   148
    36
    35
    36
    39
    42
    40
    42
    44
    45
    46
    47
    47
    48
    49
    55
    55
    55
    53
    60
    63
    70
    73
    79
    82
    85
    87
    92
    97
   100
   108
   117
   127
   131
   129
   132
   130
   133
   134
   137
   137
   138
   134
   136
   137
   142
   144
   155
   164
   166
   165
   161
   156
   152
   150
   150
   148
   148
   141
   138
   140
   139
   138
   138
   133
   135
   137
   137
   140
   138
   140
   142
   142
   142
   144
   147
   154
   176
   185
   178
   164
   158
   152
   151
   147
   141
   142
   145
   133
   103
    87
   100
   111
   117
   136
   146
   147
   138
   122
   125
   130
   138
   137
   143
   146
   148
   148
   148
   152
   156
   157
   160
   161
    36
    35
    35
    38
    44
    43
    41
    41
    44
    44
    45
    45
    48
    54
    56
    60
    60
    64
    66
    68
    69
    73
    77
    78
    82
    88
    94
    98
   107
   115
   122
   129
   126
   130
   129
   129
   129
   130
   134
   140
   138
   138
   135
   133
   130
   133
   140
   149
   158
   160
   161
   158
   158
   157
   153
   154
   153
   151
   147
   144
   140
   137
   137
   137
   137
   137
   142
   143
   144
   148
   144
   139
   140
   143
   145
   147
   152
   155
   160
   165
   160
   151
   131
   120
   119
   125
   140
   141
   115
    90
    95
   107
   116
   133
   149
   145
   134
   120
   118
   127
   135
   137
   139
   142
   145
   149
   151
   153
   156
   154
   151
   156
    33
    36
    37
    40
    43
    43
    46
    46
    45
    46
    48
    46
    51
    55
    62
    63
    61
    61
    64
    66
    64
    66
    69
    76
    82
    92
    98
   107
   112
   119
   125
   128
   127
   127
   128
   129
   129
   134
   139
   138
   134
   130
   132
   130
   132
   138
   140
   147
   149
   153
   153
   153
   152
   152
   154
   152
   155
   160
   160
   157
   151
   149
   146
   142
   143
   144
   146
   146
   149
   146
   143
   142
   143
   145
   151
   150
   148
   153
   161
   167
   166
   152
   134
   119
   108
   113
   131
   139
   119
    91
   101
   110
   113
   128
   146
   149
   136
   122
   118
   126
   128
   133
   141
   145
   145
   146
   148
   151
   158
   156
   150
   157
    34
    33
    34
    39
    41
    41
    42
    46
    43
    45
    42
    43
    46
    55
    61
    66
    64
    61
    62
    61
    68
    72
    74
    80
    88
    96
   101
   104
   114
   121
   123
   125
   126
   129
   128
   132
   133
   135
   143
   145
   138
   135
   135
   132
   128
   130
   133
   132
   134
   137
   144
   149
   151
   153
   153
   156
   158
   161
   163
   164
   158
   154
   147
   148
   148
   150
   148
   150
   151
   152
   154
   151
   149
   151
   154
   153
   152
   153
   161
   166
   166
   158
   149
   146
   138
   131
   135
   139
   114
    93
   101
   113
   116
   130
   149
   153
   145
   128
   121
   122
   129
   137
   142
   143
   142
   145
   151
   154
   161
   158
   153
   156
    39
    37
    35
    41
    42
    44
    44
    40
    42
    45
    44
    50
    52
    59
    58
    58
    56
    57
    63
    69
    71
    76
    83
    89
    93
    99
   107
   112
   116
   122
   122
   123
   127
   129
   131
   134
   133
   136
   138
   138
   137
   134
   129
   132
   133
   128
   131
   133
   138
   140
   141
   140
   146
   149
   150
   150
   155
   162
   164
   162
   159
   156
   155
   154
   153
   152
   152
   152
   150
   149
   144
   146
   145
   146
   150
   151
   146
   149
   158
   165
   165
   156
   149
   144
   142
   139
   142
   138
   113
    86
    94
   110
   117
   133
   152
   159
   149
   130
   124
   125
   127
   130
   137
   137
   144
   144
   146
   152
   156
   156
   153
   160
    36
    36
    38
    38
    41
    40
    42
    41
    43
    43
    43
    41
    49
    56
    57
    59
    61
    69
    68
    65
    71
    76
    87
    91
    95
   101
   109
   114
   120
   121
   118
   121
   126
   128
   126
   124
   128
   129
   134
   137
   136
   135
   139
   138
   134
   133
   134
   142
   146
   146
   144
   143
   144
   146
   144
   148
   149
   153
   149
   150
   146
   146
   145
   148
   150
   149
   152
   150
   150
   149
   151
   151
   148
   144
   145
   148
   155
   157
   156
   155
   143
   138
   137
   137
   136
   137
   140
   138
   119
    94
    99
   111
   115
   134
   152
   158
   153
   138
   127
   129
   134
   136
   136
   141
   142
   149
   153
   153
   155
   156
   152
   157
    37
    38
    34
    37
    39
    40
    42
    43
    41
    45
    49
    53
    52
    52
    54
    53
    61
    62
    68
    69
    74
    84
    87
    88
    94
   101
   111
   119
   123
   119
   120
   122
   125
   128
   128
   130
   131
   133
   134
   136
   138
   139
   139
   138
   142
   139
   141
   144
   152
   154
   150
   146
   141
   140
   138
   136
   134
   132
   130
   128
   129
   131
   133
   133
   134
   137
   139
   142
   143
   148
   147
   147
   148
   150
   147
   152
   161
   163
   154
   132
   123
   116
   118
   119
   123
   124
   133
   140
   119
    94
    99
   112
   117
   132
   147
   155
   156
   151
   140
   131
   130
   138
   144
   144
   140
   143
   149
   151
   151
   146
   151
   160
    37
    38
    40
    35
    37
    42
    42
    40
    39
    45
    47
    55
    54
    54
    55
    61
    63
    65
    63
    69
    77
    86
    87
    90
    93
   101
   113
   116
   118
   121
   124
   126
   129
   128
   127
   127
   129
   134
   138
   140
   139
   140
   141
   142
   144
   146
   147
   153
   154
   150
   145
   141
   135
   131
   125
   123
   121
   125
   123
   122
   125
   125
   126
   128
   130
   133
   136
   138
   140
   140
   143
   147
   146
   144
   145
   147
   146
   141
   134
   129
   123
   123
   122
   122
   121
   123
   136
   140
   121
   100
   105
   117
   129
   142
   157
   163
   159
   147
   137
   136
   136
   139
   142
   146
   149
   151
   150
   149
   152
   153
   153
   160
    35
    35
    34
    39
    39
    40
    42
    38
    44
    46
    51
    52
    51
    52
    57
    58
    57
    57
    64
    69
    75
    80
    89
    93
    98
   109
   115
   119
   123
   129
   130
   132
   129
   130
   132
   133
   134
   134
   136
   141
   142
   142
   141
   140
   142
   146
   153
   153
   146
   138
   131
   128
   126
   123
   117
   110
   101
    99
   106
   111
   117
   123
   126
   129
   128
   131
   135
   139
   144
   144
   141
   142
   144
   145
   146
   148
   145
   135
   132
   127
   124
   125
   122
   121
   121
   126
   135
   140
   120
   100
   104
   113
   126
   145
   153
   154
   153
   149
   145
   142
   142
   145
   145
   147
   148
   151
   148
   142
   141
   146
   151
   154
    32
    35
    34
    38
    44
    47
    39
    38
    39
    51
    56
    53
    51
    49
    53
    51
    54
    61
    68
    75
    79
    85
    90
    94
   104
   110
   114
   117
   118
   118
   124
   127
   129
   128
   130
   134
   138
   140
   139
   138
   140
   139
   139
   141
   144
   146
   148
   151
   143
   132
   128
   129
   128
   126
   129
   137
   129
   116
   108
   111
   116
   123
   126
   127
   128
   128
   131
   135
   137
   137
   143
   142
   142
   140
   141
   141
   137
   131
   118
   118
   123
   125
   121
   123
   124
   125
   135
   142
   121
   103
   104
   116
   131
   146
   151
   152
   154
   152
   146
   146
   145
   141
   144
   149
   146
   145
   150
   151
   151
   146
   151
   154
    32
    32
    33
    37
    41
    41
    44
    42
    44
    51
    51
    54
    48
    49
    50
    56
    59
    66
    70
    74
    79
    87
    92
    98
   104
   110
   114
   116
   118
   120
   122
   125
   125
   130
   129
   132
   134
   137
   141
   142
   143
   143
   139
   138
   144
   153
   155
   149
   135
   129
   123
   120
   117
   120
   121
   121
   117
   117
   117
   116
   121
   129
   132
   132
   132
   133
   134
   138
   139
   134
   134
   138
   141
   145
   142
   143
   151
   154
   150
   138
   136
   138
   136
   131
   132
   136
   138
   138
   116
   100
   106
   121
   141
   149
   150
   154
   154
   152
   149
   149
   147
   146
   145
   149
   151
   150
   143
   142
   141
   144
   152
   149
    32
    35
    35
    36
    39
    41
    42
    40
    45
    50
    53
    49
    47
    50
    56
    59
    67
    73
    73
    76
    81
    88
    95
   101
   107
   108
   107
   112
   116
   121
   123
   130
   129
   132
   133
   132
   135
   135
   138
   140
   140
   140
   139
   138
   137
   142
   143
   135
   129
   127
   120
   107
    93
    95
    98
    98
    98
    97
   104
   112
   120
   126
   134
   134
   130
   130
   133
   133
   138
   141
   136
   135
   133
   135
   136
   142
   144
   145
   136
   140
   143
   144
   140
   137
   133
   136
   143
   138
   116
    99
   109
   127
   147
   151
   152
   154
   156
   153
   148
   147
   149
   149
   152
   153
   151
   153
   153
   146
   140
   144
   153
   151
    29
    30
    36
    34
    36
    41
    39
    41
    41
    43
    43
    38
    44
    51
    59
    69
    75
    72
    75
    77
    84
    88
    93
    98
   101
   109
   111
   110
   114
   120
   124
   124
   128
   129
   133
   135
   138
   141
   141
   142
   141
   141
   143
   140
   138
   133
   134
   139
   131
   126
   117
   103
    88
    80
    75
    82
    97
    94
    94
   104
   116
   124
   130
   134
   138
   133
   128
   133
   138
   142
   144
   142
   139
   139
   143
   140
   140
   143
   145
   144
   144
   144
   143
   140
   138
   134
   128
   122
   109
   106
   114
   139
   157
   159
   160
   159
   156
   154
   153
   156
   152
   149
   145
   145
   142
   141
   140
   142
   137
   137
   147
   148
    31
    32
    36
    36
    34
    37
    39
    37
    40
    41
    42
    49
    52
    54
    59
    61
    62
    67
    74
    88
    94
    96
    99
   101
   108
   108
   111
   115
   116
   119
   123
   125
   128
   133
   134
   137
   136
   136
   138
   138
   140
   141
   141
   140
   137
   136
   137
   134
   132
   126
   118
   104
    91
    78
    64
    62
    85
    97
   100
   102
   107
   119
   130
   139
   139
   137
   137
   131
   133
   143
   150
   154
   152
   151
   146
   146
   147
   148
   150
   146
   149
   148
   140
   137
   136
   135
   130
   117
    97
   104
   133
   150
   155
   153
   150
   153
   150
   148
   148
   145
   141
   146
   144
   145
   142
   143
   143
   141
   144
   152
   148
   149
    35
    35
    33
    35
    36
    34
    35
    34
    39
    45
    43
    44
    48
    54
    59
    65
    78
    89
    96
    96
    96
    97
    96
   100
   103
   111
   114
   114
   115
   117
   121
   125
   126
   131
   134
   132
   134
   136
   134
   135
   136
   137
   138
   135
   128
   125
   128
   131
   124
   116
   105
    91
    82
    77
    66
    54
    64
    86
   103
   106
   107
   112
   117
   126
   134
   133
   133
   134
   135
   139
   142
   145
   145
   142
   137
   137
   141
   145
   148
   149
   151
   152
   150
   144
   142
   145
   146
   121
    98
   116
   138
   152
   152
   154
   156
   151
   150
   147
   143
   146
   146
   145
   144
   143
   144
   148
   146
   145
   143
   147
   154
   155
    31
    29
    35
    36
    38
    35
    34
    36
    39
    44
    47
    45
    47
    51
    61
    70
    84
    97
   101
    96
    90
    92
    96
   108
   112
   111
   116
   121
   123
   126
   127
   129
   130
   131
   132
   134
   135
   137
   137
   139
   139
   141
   142
   137
   125
   116
   118
   120
   117
   108
    97
    86
    75
    71
    67
    57
    65
    81
    94
   105
   111
   111
   117
   129
   133
   135
   132
   132
   134
   134
   138
   137
   137
   135
   128
   126
   131
   140
   148
   155
   151
   149
   150
   150
   149
   150
   144
   119
   103
   127
   140
   147
   153
   154
   155
   155
   149
   145
   145
   148
   144
   143
   143
   140
   145
   146
   147
   143
   141
   147
   150
   156
    27
    33
    35
    35
    34
    35
    36
    40
    42
    39
    38
    44
    49
    53
    61
    72
    75
    80
    78
    82
    88
    95
   101
   103
   108
   115
   119
   122
   122
   122
   121
   124
   127
   130
   132
   132
   133
   134
   134
   135
   139
   142
   142
   130
   118
   110
   115
   120
   114
   103
    90
    78
    76
    73
    70
    63
    50
    70
    95
   111
   115
   117
   119
   126
   131
   132
   134
   135
   130
   130
   135
   141
   143
   143
   140
   135
   135
   136
   141
   144
   153
   151
   148
   149
   148
   150
   143
   117
   110
   126
   136
   143
   149
   156
   156
   147
   142
   143
   143
   142
   146
   146
   146
   148
   145
   141
   141
   146
   151
   153
   154
   162
    34
    33
    32
    31
    34
    33
    34
    39
    42
    45
    40
    46
    47
    55
    62
    70
    73
    76
    80
    79
    79
    88
    96
   102
   108
   111
   115
   115
   120
   122
   122
   123
   127
   130
   134
   133
   134
   136
   136
   135
   137
   142
   142
   128
   108
   100
   109
   117
   113
   106
    95
    86
    76
    70
    68
    59
    58
    77
    97
   113
   118
   119
   119
   123
   126
   133
   130
   131
   132
   132
   138
   142
   144
   146
   146
   142
   135
   133
   134
   137
   142
   149
   152
   152
   150
   150
   144
   124
   115
   126
   134
   142
   149
   152
   153
   152
   144
   140
   140
   143
   145
   148
   144
   141
   143
   146
   140
   144
   146
   149
   157
   164
    33
    30
    31
    30
    33
    38
    40
    41
    43
    41
    45
    46
    53
    60
    70
    80
    87
    86
    87
    85
    88
    91
    99
   103
   110
   111
   110
   113
   111
   108
   115
   121
   124
   128
   128
   135
   138
   138
   136
   135
   136
   140
   139
   128
   110
    99
   107
   115
   115
   106
    98
    92
    84
    80
    79
    72
    55
    48
    73
   100
   118
   121
   122
   126
   130
   128
   132
   131
   133
   135
   135
   139
   142
   142
   143
   143
   142
   138
   139
   136
   139
   141
   145
   145
   142
   139
   135
   114
   104
   112
   126
   137
   139
   143
   144
   141
   143
   145
   144
   140
   135
   143
   147
   144
   144
   142
   148
   154
   152
   155
   161
   167
    34
    36
    32
    29
    30
    33
    34
    36
    40
    44
    43
    48
    54
    62
    71
    79
    85
    87
    91
    93
    96
   106
   108
   108
   105
   106
   110
   110
   114
   115
   114
   120
   126
   133
   137
   137
   140
   138
   135
   137
   140
   143
   141
   129
   111
    99
   103
   113
   115
   110
   104
   100
   100
    99
    93
    90
    68
    64
    82
   102
   113
   121
   122
   123
   125
   127
   128
   130
   131
   131
   138
   143
   144
   144
   145
   143
   142
   142
   137
   141
   139
   141
   143
   144
   145
   147
   147
   141
   137
   136
   141
   145
   143
   141
   139
   138
   138
   141
   141
   147
   154
   146
   144
   149
   149
   148
   146
   148
   152
   160
   164
   167
    28
    33
    31
    32
    34
    37
    38
    40
    36
    38
    43
    52
    60
    66
    74
    77
    83
    91
    94
    93
    93
    88
    92
    98
    99
   103
   103
   107
   111
   113
   116
   118
   124
   131
   132
   132
   133
   136
   139
   139
   139
   138
   139
   131
   110
    95
   105
   118
   120
   118
   116
   116
   117
   119
   114
   103
    89
    72
    78
   101
   117
   123
   126
   128
   132
   131
   130
   130
   132
   135
   140
   142
   147
   150
   149
   148
   151
   146
   145
   141
   141
   141
   145
   152
   150
   150
   153
   153
   153
   153
   151
   146
   139
   129
   134
   144
   152
   149
   144
   140
   144
   144
   142
   143
   148
   150
   147
   143
   150
   162
   166
   167
    32
    34
    33
    33
    34
    36
    39
    36
    39
    42
    47
    60
    71
    74
    70
    72
    74
    76
    75
    72
    75
    83
    91
    93
    93
    95
   100
   108
   112
   111
   116
   123
   126
   131
   133
   140
   136
   137
   138
   138
   138
   138
   132
   121
   106
    92
    97
   112
   120
   123
   120
   120
   116
   115
   117
   111
    89
    78
    99
   118
   125
   129
   131
   132
   134
   133
   130
   133
   138
   142
   145
   145
   147
   149
   154
   154
   153
   151
   146
   146
   146
   146
   150
   156
   155
   151
   149
   149
   148
   152
   158
   161
   157
   152
   149
   152
   155
   157
   158
   157
   154
   151
   151
   147
   149
   149
   146
   148
   157
   161
   160
   160
    31
    34
    35
    35
    37
    39
    39
    41
    42
    49
    52
    57
    65
    68
    72
    68
    70
    69
    74
    80
    87
    91
    95
    93
    91
    93
   100
   105
   108
   109
   115
   123
   127
   130
   136
   136
   140
   139
   141
   144
   144
   141
   135
   129
   113
    96
    96
   112
   124
   122
   122
   119
   117
   117
   120
   122
    97
    72
    81
   106
   129
   131
   133
   134
   136
   135
   135
   138
   140
   142
   145
   149
   148
   151
   151
   154
   154
   155
   153
   153
   153
   154
   154
   152
   155
   158
   155
   155
   157
   158
   162
   161
   161
   160
   160
   156
   155
   154
   151
   153
   153
   153
   151
   150
   148
   149
   148
   155
   161
   161
   163
   158
    28
    30
    35
    37
    36
    35
    38
    44
    45
    44
    54
    61
    60
    62
    61
    60
    56
    58
    60
    62
    71
    75
    78
    82
    87
    94
   101
   105
   110
   115
   121
   122
   129
   133
   133
   138
   135
   138
   138
   140
   139
   139
   139
   133
   118
   104
   103
   117
   125
   126
   126
   126
   123
   121
   117
   116
   103
    84
    98
   115
   124
   133
   135
   138
   140
   139
   140
   141
   143
   145
   148
   151
   155
   155
   156
   158
   158
   158
   162
   161
   167
   166
   167
   164
   158
   155
   155
   158
   162
   161
   158
   159
   156
   157
   158
   155
   156
   157
   159
   154
   153
   156
   152
   144
   146
   148
   154
   162
   161
   157
   163
   156
    31
    30
    31
    34
    38
    41
    41
    44
    50
    57
    59
    61
    61
    60
    70
    70
    72
    73
    77
    89
    94
    94
    91
    89
    97
   106
   110
   114
   118
   122
   123
   129
   130
   132
   136
   139
   142
   141
   142
   143
   142
   135
   129
   125
   121
   113
   111
   124
   132
   135
   140
   144
   138
   126
   122
   122
   107
    80
    86
   110
   128
   134
   139
   139
   138
   138
   139
   144
   151
   153
   154
   157
   157
   155
   160
   161
   166
   167
   169
   170
   172
   174
   176
   172
   171
   169
   166
   166
   162
   160
   159
   157
   157
   158
   160
   161
   162
   156
   155
   155
   154
   152
   146
   145
   145
   151
   157
   156
   158
   160
   162
   158
    31
    30
    31
    34
    40
    39
    42
    47
    52
    54
    56
    56
    63
    64
    64
    71
    76
    80
    81
    82
    84
    88
    98
   103
   104
   103
   102
   102
   108
   113
   119
   124
   131
   134
   139
   140
   144
   145
   142
   138
   134
   133
   132
   130
   124
   113
   111
   123
   139
   150
   150
   140
   137
   129
   121
   117
   106
   101
   107
   121
   126
   135
   143
   146
   144
   144
   146
   146
   148
   150
   157
   159
   160
   163
   163
   164
   164
   171
   175
   175
   175
   171
   168
   165
   168
   170
   169
   166
   168
   168
   162
   162
   166
   160
   158
   159
   158
   161
   161
   159
   156
   147
   144
   145
   150
   153
   157
   159
   162
   168
   162
   158
    26
    27
    32
    34
    36
    43
    49
    59
    65
    65
    66
    64
    63
    69
    81
    88
    88
    87
    91
    92
    98
   104
   105
   101
    96
    94
   103
   113
   118
   120
   124
   130
   134
   136
   135
   136
   139
   141
   140
   136
   131
   128
   128
   126
   125
   120
   121
   133
   144
   148
   142
   136
   129
   124
   118
   113
    97
   102
   126
   135
   137
   141
   139
   142
   148
   147
   149
   152
   156
   153
   152
   154
   157
   154
   157
   167
   172
   175
   173
   173
   176
   172
   168
   168
   167
   168
   165
   163
   163
   162
   163
   159
   161
   163
   162
   161
   163
   161
   158
   154
   146
   149
   150
   152
   154
   154
   156
   159
   163
   158
   159
   161
    32
    30
    29
    32
    39
    42
    47
    50
    55
    62
    63
    68
    77
    75
    70
    68
    74
    83
    89
    94
    93
    91
    88
    93
    98
   103
   108
   114
   121
   126
   132
   134
   137
   137
   141
   137
   138
   141
   144
   141
   133
   126
   125
   126
   121
   115
   121
   139
   151
   150
   141
   133
   129
   125
   120
   110
   109
   111
   121
   134
   141
   142
   144
   149
   149
   151
   153
   150
   159
   159
   149
   148
   150
   152
   160
   168
   174
   175
   173
   167
   167
   164
   166
   162
   162
   162
   162
   163
   162
   160
   157
   157
   156
   158
   164
   166
   160
   154
   153
   147
   145
   150
   151
   154
   152
   156
   163
   168
   166
   166
   164
   163
    33
    33
    35
    35
    37
    43
    50
    55
    60
    69
    77
    75
    77
    86
    88
    88
    84
    73
    69
    72
    70
    72
    81
    91
   104
   114
   116
   122
   131
   134
   132
   132
   135
   138
   138
   142
   140
   140
   143
   141
   138
   128
   120
   121
   124
   117
   112
   128
   143
   145
   140
   131
   124
   124
   121
   120
   128
   133
   135
   136
   140
   143
   145
   150
   149
   149
   152
   154
   155
   157
   161
   160
   161
   161
   161
   161
   160
   167
   164
   163
   164
   162
   163
   162
   159
   158
   158
   160
   155
   154
   159
   165
   166
   165
   164
   157
   155
   153
   146
   148
   149
   151
   157
   161
   159
   159
   160
   161
   163
   164
   160
   139
    33
    35
    34
    34
    37
    42
    46
    54
    59
    71
    77
    81
    80
    87
    89
    95
    93
    94
    95
    95
   103
   112
   115
   122
   124
   125
   126
   126
   124
   131
   138
   140
   136
   138
   145
   142
   140
   141
   140
   142
   139
   130
   124
   117
   117
   115
   118
   129
   139
   142
   138
   132
   134
   134
   125
   121
   134
   141
   144
   146
   145
   147
   149
   150
   152
   156
   160
   161
   161
   160
   159
   160
   158
   158
   158
   158
   159
   160
   164
   163
   163
   162
   159
   157
   156
   155
   158
   158
   160
   162
   162
   161
   160
   159
   156
   153
   146
   146
   148
   152
   154
   159
   156
   158
   159
   160
   165
   165
   160
   144
   119
    99
    38
    35
    37
    38
    36
    43
    50
    53
    57
    60
    72
    80
    85
    89
    90
    98
   103
   103
    97
    96
    96
    99
   105
   115
   117
   121
   121
   121
   122
   126
   135
   136
   139
   138
   136
   135
   136
   138
   138
   134
   133
   129
   127
   120
   118
   117
   120
   133
   142
   145
   144
   139
   139
   140
   132
   128
   135
   143
   144
   146
   150
   152
   152
   151
   152
   158
   165
   163
   162
   159
   160
   161
   162
   159
   156
   157
   161
   155
   153
   154
   156
   158
   155
   155
   155
   156
   154
   156
   158
   159
   158
   155
   150
   147
   144
   143
   150
   151
   158
   161
   163
   166
   163
   163
   156
   138
   127
   120
   109
   102
    98
   102
    36
    33
    31
    36
    45
    49
    53
    60
    55
    61
    60
    69
    75
    76
    83
    78
    85
    98
   107
   105
   101
   100
   102
    98
   104
   112
   124
   126
   128
   129
   127
   128
   136
   137
   137
   137
   137
   138
   137
   139
   137
   130
   120
   118
   122
   120
   120
   124
   136
   145
   144
   149
   148
   143
   143
   141
   145
   150
   149
   149
   149
   153
   155
   155
   158
   163
   159
   156
   151
   153
   153
   154
   157
   159
   157
   154
   154
   158
   156
   158
   155
   151
   148
   148
   153
   152
   153
   154
   150
   152
   148
   150
   145
   136
   141
   152
   159
   167
   168
   161
   141
   118
   104
    84
    70
    84
    72
    81
    98
   106
   109
   109
    35
    31
    32
    34
    40
    47
    45
    49
    54
    51
    51
    55
    61
    72
    86
    98
    98
    94
    95
   101
   103
   111
   111
   116
   120
   119
   114
   113
   112
   113
   120
   122
   120
   121
   125
   129
   132
   134
   136
   134
   133
   133
   134
   125
   118
   116
   120
   126
   132
   143
   150
   148
   149
   150
   146
   149
   151
   151
   152
   155
   155
   153
   154
   156
   156
   161
   162
   160
   158
   151
   151
   155
   156
   159
   155
   154
   155
   146
   150
   150
   149
   150
   148
   148
   147
   149
   146
   146
   147
   147
   151
   142
   148
   152
   156
   147
   125
   107
    90
    78
    95
    90
   112
   105
    95
    80
   105
    97
    96
   103
   113
   115
    33
    31
    35
    34
    36
    44
    48
    47
    46
    44
    53
    53
    61
    58
    62
    77
    90
    97
    98
   104
   108
   111
   112
   115
   115
   114
   114
   116
   122
   126
   127
   130
   132
   135
   133
   128
   132
   136
   136
   138
   135
   133
   134
   134
   128
   120
   118
   119
   125
   136
   144
   150
   150
   151
   150
   148
   148
   149
   147
   149
   153
   154
   154
   154
   155
   155
   153
   151
   150
   146
   143
   146
   149
   148
   149
   150
   147
   146
   146
   142
   140
   144
   145
   148
   146
   144
   146
   149
   150
   148
   119
   125
    90
    76
    78
    85
    83
   104
   107
    99
   111
   105
   107
   110
    98
    88
    68
    87
    99
   107
   108
   114
    38
    38
    37
    36
    38
    46
    51
    53
    52
    51
    47
    51
    51
    61
    55
    54
    62
    81
    86
    88
    99
   101
   104
   106
   107
   113
   112
   108
   115
   119
   123
   129
   133
   132
   134
   137
   136
   135
   137
   137
   137
   138
   134
   131
   130
   126
   121
   123
   126
   135
   141
   142
   147
   149
   151
   155
   154
   151
   147
   146
   147
   153
   152
   149
   147
   146
   147
   149
   149
   147
   144
   144
   143
   144
   141
   139
   137
   134
   136
   140
   146
   146
   148
   149
   150
   155
   155
   145
   118
    64
    43
    82
   136
    86
    75
    86
    99
   126
   132
   110
   120
   113
   104
   117
   104
   100
    80
    63
    72
    84
   106
   120
    33
    33
    33
    32
    37
    40
    50
    60
    66
    55
    49
    46
    43
    47
    53
    43
    49
    59
    70
    75
    84
    89
    96
   100
   106
   111
   114
   113
   112
   114
   115
   122
   125
   130
   135
   138
   138
   139
   134
   134
   137
   137
   135
   134
   133
   132
   131
   129
   131
   137
   140
   145
   146
   150
   151
   148
   148
   150
   153
   152
   150
   144
   142
   143
   141
   142
   138
   141
   140
   138
   135
   134
   132
   130
   134
   136
   139
   143
   143
   140
   142
   148
   150
   153
   154
   132
    98
    58
    44
    47
    53
    52
   126
   144
   110
    90
    72
    86
   104
   107
   115
   110
    97
   102
   110
    91
    83
    59
    55
    65
    66
    79
    33
    38
    36
    35
    31
    39
    47
    58
    57
    64
    53
    45
    50
    42
    50
    50
    43
    45
    48
    55
    56
    64
    75
    82
    90
    98
   104
   108
   104
   104
   104
   105
   115
   109
   122
   128
   133
   132
   135
   136
   139
   136
   137
   136
   135
   133
   134
   136
   138
   141
   142
   143
   146
   147
   149
   148
   154
   151
   148
   146
   147
   145
   141
   140
   135
   129
   133
   133
   134
   136
   136
   137
   141
   137
   133
   135
   141
   144
   148
   152
   155
   148
   126
    94
    64
    45
    39
    49
    52
    56
    55
    53
    63
   163
   145
   115
   108
    73
    83
    91
    77
    91
    90
    84
    80
    93
    94
    83
    64
    49
    60
    65
    41
    37
    39
    39
    42
    40
    37
    45
    60
    61
    62
    60
    49
    44
    47
    47
    47
    45
    45
    44
    48
    49
    50
    64
    70
    76
    81
    82
    86
    82
    91
    90
    93
   104
   103
   112
   125
   128
   127
   125
   123
   129
   131
   130
   135
   139
   141
   140
   141
   140
   138
   142
   145
   147
   149
   147
   146
   145
   140
   138
   136
   134
   132
   132
   131
   132
   128
   130
   136
   135
   133
   136
   134
   140
   149
   152
   147
   142
   121
    94
    69
    52
    45
    42
    46
    53
    54
    51
    52
    51
    55
    54
    54
    64
   171
   152
   120
   129
    91
    99
   102
   102
   109
   126
   120
   109
   116
   132
   132
   128
   122
   133
    33
    37
    38
    41
    42
    40
    43
    41
    44
    52
    47
    49
    53
    56
    52
    52
    48
    50
    47
    37
    44
    47
    53
    49
    57
    59
    66
    68
    66
    62
    62
    67
    66
    72
    79
    95
   101
   114
   128
   132
   131
   129
   127
   129
   128
   130
   136
   139
   140
   143
   144
   145
   145
   145
   143
   143
   142
   140
   139
   135
   136
   133
   133
   132
   134
   136
   132
   131
   129
   129
   127
   131
   134
   125
    96
    74
    60
    43
    41
    43
    45
    48
    51
    52
    53
    55
    54
    57
    53
    54
    55
    57
    58
    55
    60
   163
   169
   125
   123
   103
   117
    98
    95
    99
   116
   126
   123
   115
   134
   130
   126
   122
    41
    40
    38
    43
    42
    46
    42
    46
    45
    47
    56
    57
    49
    41
    40
    48
    55
    48
    38
    39
    35
    37
    43
    46
    48
    47
    48
    50
    53
    54
    50
    50
    58
    52
    57
    58
    68
    79
    91
   106
   116
   120
   120
   124
   123
   122
   122
   126
   130
   130
   134
   134
   133
   136
   132
   132
   132
   132
   126
   131
   128
   133
   135
   140
   134
   134
   135
   136
   142
   148
   149
   156
   161
   134
    56
    47
    49
    54
    52
    54
    57
    56
    54
    56
    55
    51
    51
    47
    51
    51
    53
    56
    54
    56
    48
    42
   136
   197
   161
   131
    93
   129
   130
    94
    76
    94
   104
   113
   102
   110
   112
   115
    40
    44
    48
    43
    43
    38
    43
    45
    46
    47
    46
    42
    49
    49
    45
    39
    43
    50
    49
    42
    39
    39
    37
    40
    41
    39
    43
    43
    38
    45
    55
    51
    49
    57
    53
    54
    56
    58
    62
    58
    62
    61
    69
    67
    69
    73
    73
    72
    81
    83
    85
    86
    86
    92
   116
   123
   126
   131
   133
   128
   122
   117
   111
   104
   124
   146
   164
   171
   164
   156
   150
   150
   152
   109
    56
    53
    54
    53
    52
    50
    52
    50
    48
    49
    52
    52
    52
    55
    58
    51
    54
    52
    56
    56
    60
    60
    44
    97
   201
   193
   169
   135
   118
   154
   166
   138
   112
    96
    93
    92
   107
   132
    47
    41
    38
    44
    46
    48
    46
    50
    49
    51
    45
    53
    53
    49
    44
    50
    42
    41
    46
    46
    40
    43
    38
    35
    35
    37
    44
    47
    45
    40
    47
    55
    55
    56
    64
    58
    50
    47
    54
    59
    62
    61
    52
    53
    49
    50
    57
    55
    60
    65
    64
    46
    57
    96
   124
   136
   141
   146
   143
   146
   125
    95
   113
   137
   148
   156
   159
   162
   158
   156
   158
   159
   139
    69
    50
    52
    53
    55
    55
    51
    52
    52
    55
    55
    52
    53
    54
    54
    57
    55
    58
    57
    57
    58
    60
    57
    56
    44
    60
   160
   218
   199
   179
   145
   120
   137
   179
   191
   188
   190
   192
   183
    52
    44
    44
    43
    43
    47
    54
    56
    63
    53
    44
    33
    45
    54
    55
    43
    51
    46
    36
    42
    47
    46
    47
    50
    54
    47
    44
    50
    53
    57
    51
    46
    53
    53
    54
    51
    48
    44
    42
    46
    49
    53
    63
    67
    60
    56
    61
    68
    66
    55
    49
    67
    96
   105
   109
   117
   131
   145
   140
   126
   106
    95
   123
   154
   163
   164
   157
   161
   164
   152
   149
   159
   101
    50
    53
    54
    51
    49
    51
    53
    52
    55
    50
    47
    51
    52
    55
    51
    54
    57
    59
    57
    58
    54
    54
    56
    55
    60
    50
    38
    94
   199
   219
   204
   195
   170
   133
   145
   177
   176
   176
   184
    52
    49
    47
    47
    43
    41
    57
    55
    61
    59
    54
    40
    29
    41
    46
    53
    49
    52
    51
    44
    48
    48
    50
    46
    40
    39
    42
    44
    45
    43
    47
    50
    42
    48
    48
    50
    46
    45
    47
    40
    37
    43
    45
    54
    53
    47
    39
    38
    65
    98
   137
   162
   146
   124
   115
   116
   119
   125
   118
   106
   102
   104
   136
   153
   152
   152
   142
   156
   154
   150
   160
   144
    66
    54
    52
    49
    53
    52
    51
    52
    51
    51
    51
    51
    53
    56
    54
    56
    57
    53
    57
    60
    55
    57
    56
    57
    57
    58
    58
    51
    38
    45
   146
   223
   214
   213
   209
   184
   155
   168
   195
   196
    46
    53
    54
    50
    47
    42
    38
    55
    52
    58
    46
    48
    49
    38
    42
    45
    48
    48
    57
    51
    46
    45
    46
    44
    44
    47
    46
    42
    44
    44
    41
    41
    50
    49
    49
    45
    50
    48
    44
    49
    50
    46
    37
    33
    45
    75
   104
   139
   140
   136
   144
   153
   152
   142
   128
   118
   110
   106
   105
   105
   115
   144
   159
   149
   129
   136
   144
   148
   146
   154
   149
    80
    49
    53
    53
    53
    53
    52
    52
    52
    51
    54
    51
    54
    55
    52
    57
    58
    54
    58
    54
    54
    56
    53
    57
    57
    57
    55
    56
    57
    50
    48
    34
    79
   194
   217
   205
   217
   215
   201
   172
   164
    58
    48
    50
    55
    58
    56
    53
    40
    50
    46
    54
    48
    43
    49
    43
    38
    38
    40
    41
    47
    41
    50
    44
    44
    42
    37
    35
    36
    33
    35
    41
    45
    42
    38
    44
    43
    42
    39
    48
    49
    47
    50
    50
    64
    93
   128
   157
   144
   145
   158
   153
   154
   155
   154
   139
   132
   117
   120
   122
   134
   152
   157
   147
   121
   130
   144
   149
   143
   152
   116
    58
    44
    51
    55
    53
    52
    50
    50
    52
    55
    50
    55
    58
    55
    57
    58
    57
    54
    55
    59
    59
    56
    56
    56
    56
    55
    56
    63
    56
    53
    53
    55
    50
    41
    33
   126
   218
   199
   207
   215
   216
   207
    52
    57
    60
    62
    61
    61
    59
    58
    46
    48
    38
    46
    54
    47
    43
    47
    46
    42
    43
    42
    44
    38
    43
    47
    48
    49
    48
    44
    44
    40
    37
    38
    43
    49
    44
    41
    41
    53
    51
    48
    43
    47
    73
   124
   146
   161
   163
   175
   175
   176
   183
   177
   169
   161
   157
   163
   169
   168
   166
   171
   165
   138
   114
   129
   142
   156
   159
   113
    58
    40
    53
    52
    54
    50
    54
    54
    53
    53
    55
    56
    57
    55
    54
    54
    53
    56
    52
    56
    57
    56
    57
    58
    57
    58
    57
    56
    58
    57
    56
    59
    54
    51
    53
    50
    46
    26
    56
   166
   213
   196
   203
   213
    51
    54
    57
    57
    59
    59
    56
    57
    56
    55
    50
    38
    37
    47
    50
    43
    41
    38
    42
    47
    41
    44
    49
    43
    43
    43
    42
    42
    47
    44
    43
    37
    38
    37
    39
    46
    44
    43
    50
    55
    58
    57
   105
   137
   154
   151
   148
   157
   165
   167
   169
   176
   178
   181
   176
   168
   149
   138
   133
   124
   110
   109
   135
   155
   160
   130
    68
    42
    50
    52
    50
    54
    54
    50
    52
    55
    58
    54
    54
    57
    56
    57
    55
    57
    56
    55
    59
    56
    55
    56
    53
    55
    55
    57
    58
    58
    53
    54
    54
    53
    54
    56
    52
    52
    48
    49
    39
    33
    99
   200
   214
   194
    44
    48
    49
    47
    53
    55
    58
    51
    53
    55
    53
    45
    39
    39
    43
    41
    43
    44
    38
    39
    42
    45
    39
    38
    39
    42
    42
    43
    46
    42
    49
    56
    58
    63
    60
    59
    59
    58
    56
    57
    59
    67
   124
   153
   150
   145
   149
   149
   141
   139
   138
   136
   134
   138
   141
   140
   138
   128
   104
   105
   124
   152
   152
   122
    79
    47
    45
    53
    48
    50
    53
    52
    52
    52
    53
    54
    54
    55
    56
    52
    54
    57
    58
    56
    55
    56
    56
    55
    54
    56
    54
    55
    55
    59
    57
    56
    55
    54
    54
    58
    56
    54
    54
    52
    51
    49
    50
    44
    32
    39
   133
   219
    48
    46
    48
    47
    46
    49
    49
    49
    49
    54
    51
    52
    51
    49
    46
    43
    39
    42
    42
    44
    39
    41
    38
    37
    41
    44
    47
    48
    54
    58
    57
    54
    59
    60
    59
    59
    57
    57
    55
    56
    58
    67
   122
   150
   145
   156
   158
   164
   162
   159
   160
   158
   145
   120
   102
    93
    96
   106
   134
   147
   135
    99
    63
    50
    46
    55
    56
    56
    53
    52
    50
    53
    55
    55
    56
    55
    58
    56
    55
    58
    56
    53
    55
    56
    56
    56
    53
    56
    57
    57
    55
    57
    55
    54
    56
    57
    57
    53
    56
    53
    54
    56
    53
    52
    54
    51
    47
    47
    45
    38
    29
    57
    44
    45
    51
    52
    48
    46
    51
    49
    51
    53
    53
    48
    49
    51
    52
    49
    49
    50
    44
    42
    49
    52
    54
    56
    56
    55
    57
    57
    58
    60
    59
    61
    60
    57
    59
    57
    58
    55
    58
    57
    57
    57
   114
   150
   132
   115
   130
   124
   135
   137
   123
    94
    85
    96
   123
   140
   148
   135
   101
    70
    51
    50
    52
    55
    57
    61
    58
    55
    55
    55
    56
    57
    55
    52
    51
    52
    51
    56
    53
    54
    56
    59
    57
    55
    55
    51
    57
    53
    54
    57
    57
    55
    53
    56
    55
    55
    54
    57
    56
    58
    56
    52
    55
    55
    53
    53
    50
    48
    47
    45
    40
    37
    46
    47
    46
    48
    51
    48
    45
    49
    47
    47
    52
    53
    50
    48
    54
    50
    49
    51
    55
    52
    52
    52
    51
    52
    59
    59
    53
    55
    55
    53
    57
    51
    55
    55
    57
    54
    56
    61
    58
    57
    60
    58
    78
   137
   160
   121
    85
    83
    82
    84
    92
   118
   153
   157
   129
    99
    62
    49
    48
    54
    56
    56
    54
    56
    56
    51
    57
    56
    54
    55
    55
    55
    55
    57
    54
    59
    59
    57
    59
    57
    52
    57
    56
    59
    59
    59
    58
    58
    58
    53
    58
    54
    56
    56
    58
    57
    59
    61
    57
    52
    52
    54
    53
    53
    50
    53
    54
    54
    49
    50
    45
    42
