    91
    95
    94
    96
    93
    98
    96
    92
    96
   100
    99
    96
    99
    94
    91
    94
    97
    97
    96
   102
   101
    99
    95
    88
    96
    92
    96
    98
    95
    98
    97
    91
    96
   102
   104
    95
    96
    97
    94
    91
    91
   121
   123
    91
    51
    88
    96
    96
   121
   134
   135
   126
   129
   133
   143
   150
   146
   147
   148
   152
   152
   144
   134
   118
    98
    82
    87
    92
    91
    88
    92
    87
    84
    96
    84
    89
    92
    85
    89
    94
    94
    91
    89
    90
    89
    86
    85
    87
    87
    87
    90
    87
    82
    82
    69
   129
   201
   214
   206
   190
   158
   133
   128
   137
   152
   163
   180
   196
   199
   201
   203
   204
    96
    94
    96
    91
    96
    98
    87
   100
    99
    85
    77
    78
    77
    76
    76
    75
    73
    70
    71
    70
    76
    87
    86
    86
    88
    75
    74
    73
    73
    74
    77
    70
    73
    68
    81
    91
    92
   101
   102
   102
   111
   139
   134
   130
    75
    35
    79
   123
   137
   126
   112
   104
   109
   118
   129
   149
   146
   152
   157
   156
   160
   161
   151
   143
   134
   102
    83
    90
    84
    92
    91
    92
    90
    85
    90
    89
    91
    87
    88
    85
    84
    83
    92
    84
    83
    87
    89
    87
    87
    86
    85
    90
    90
    78
   121
   200
   208
   187
   158
   145
   148
   160
   173
   181
   180
   173
   162
   161
   169
   182
   198
   199
    89
    93
    96
    97
    93
    97
   107
   100
    82
    61
    60
    62
    75
    72
    63
    54
    43
    45
    37
    37
    51
    51
    65
    78
    75
    74
    56
    53
    54
    51
    50
    53
    53
    55
    44
    38
    33
    52
    61
    66
    94
   159
   160
   160
   156
   102
   106
   143
   149
   110
    89
    90
   100
   104
   110
   109
   134
   157
   171
   176
   165
   166
   161
   156
   145
   129
    98
    85
    93
    91
    88
    86
    92
    92
    86
    91
    90
    93
    88
    89
    91
    94
    89
    87
    89
    86
    87
    87
    89
    91
    90
    86
    82
   119
   192
   200
   177
   156
   178
   202
   212
   215
   212
   214
   211
   212
   210
   204
   190
   175
   174
   190
    98
    96
    96
    94
    94
    91
    92
    85
    78
    77
    65
    66
    63
    63
    60
    41
    32
    30
    29
    25
    26
    29
    35
    44
    74
    76
    77
    69
    57
    63
    54
    38
    37
    44
    34
    31
    38
    22
    21
    32
    44
   112
   143
   134
   146
   151
   126
   128
   135
    96
    78
    78
    89
   118
   122
   125
   127
   136
   157
   177
   180
   168
   156
   154
   157
   152
   119
    89
    90
    93
    89
    92
    85
    91
    91
    89
    86
    85
    88
    94
    92
    84
    92
    88
    90
    90
    88
    88
    89
    89
    88
    83
   105
   188
   201
   168
   174
   207
   213
   211
   212
   212
   217
   218
   222
   221
   217
   218
   218
   217
   207
   189
    97
    93
    92
    98
    95
    99
    87
    84
    93
    77
    68
    65
    70
    57
    42
    49
    41
    34
    37
    33
    24
    25
    18
    26
    34
    59
    65
    62
    62
    59
    45
    34
    24
    27
    26
    28
    36
    38
    33
    32
    36
    51
    82
    87
   106
   121
   144
   126
   122
   118
    95
    81
    89
   126
   156
   166
   166
   153
   142
   155
   172
   182
   167
   158
   166
   160
   132
    96
    82
    81
    88
    85
    82
    88
    87
    86
    85
    84
    86
    81
    84
    89
    86
    96
    90
    88
    89
    90
    92
    90
    87
    95
   158
   200
   172
   186
   206
   211
   211
   212
   202
   189
   190
   189
   190
   183
   188
   219
   225
   231
   229
   221
    96
    98
    97
    88
    89
    82
   104
   108
    95
    84
    69
    86
    77
    64
    61
    51
    48
    46
    37
    33
    35
    19
    28
    26
    33
    29
    28
    37
    45
    42
    41
    40
    37
    29
    28
    29
    33
    26
    32
    30
    32
    26
    32
    43
    66
    84
   115
   100
    92
    98
   101
    83
    88
   123
   151
   157
   153
   143
   136
   129
   128
   132
   131
   134
   131
   128
   126
   113
   105
   110
   105
   109
   117
   103
   111
   112
   107
   110
    99
    99
    92
    87
    86
    78
    87
    92
    92
    91
    88
    87
    87
   121
   198
   172
   180
   206
   209
   203
   185
   151
   124
   116
    89
    44
    30
    32
    34
    46
    80
   114
   166
   210
    88
    92
    90
    88
    80
   104
   101
    78
    75
    93
   105
    91
    75
    66
    66
    57
    54
    45
    34
    31
    22
    33
    28
    32
    26
    26
    34
    30
    28
    31
    27
    30
    36
    39
    35
    37
    33
    33
    32
    32
    37
    40
    34
    39
    39
    43
    49
    46
    40
    53
    76
   102
   123
   125
   119
   113
   111
   110
   103
   107
   100
   101
   100
    97
   101
   100
   101
   103
   113
   113
   113
   117
   108
   118
   111
   107
   106
   108
   109
   104
   107
   107
    99
    98
    87
    87
    90
    89
    89
    87
    97
   178
   174
   170
   202
   197
   183
   150
   108
    90
    84
    41
     5
    38
    94
   118
   118
    85
    88
    80
    61
    60
    94
   103
    83
    83
   100
    98
    91
    77
    93
   110
    90
    77
    60
    74
    71
    63
    53
    42
    35
    30
    34
    27
    39
    33
    36
    36
    30
    32
    29
    36
    33
    30
    28
    33
    31
    28
    27
    32
    31
    32
    22
    34
    37
    28
    36
    32
    28
    41
    68
   103
   114
   125
   129
   124
   126
   120
   117
   117
   115
   115
   113
   116
   117
   114
   113
   115
   113
   118
   110
   110
   112
   107
   108
   103
   108
   109
   106
   111
   107
   109
   107
   102
   106
   101
    94
    93
    90
    87
    86
    89
   128
   189
   165
   195
   204
   180
   135
    98
    95
    86
    52
    32
    94
   131
   146
   147
   146
   140
   143
   146
   135
   124
   104
    94
    89
    89
    95
    97
    85
   100
   111
   105
    93
    95
    94
    75
    64
    51
    52
    51
    45
    35
    35
    44
    34
    31
    28
    32
    35
    31
    35
    34
    36
    35
    30
    28
    31
    31
    31
    26
    35
    30
    38
    32
    32
    35
    40
    52
    79
   104
   120
   133
   137
   140
   133
   131
   126
   127
   130
   129
   131
   129
   131
   123
   123
   129
   126
   122
   121
   119
   118
   116
   111
   108
   105
   108
   112
   111
   114
   112
   113
   112
   111
   113
   110
   109
   108
   101
    96
    89
    92
    97
   190
   198
   202
   216
   189
   132
   104
   101
    99
    98
    92
   123
   138
   135
   133
   134
   132
   140
   137
   131
   135
   131
   105
    82
    80
    94
   105
    95
    85
    99
   112
   104
    89
    83
    76
    55
    48
    53
    54
    41
    35
    40
    38
    28
    29
    30
    32
    28
    33
    29
    28
    28
    29
    30
    28
    32
    28
    26
    31
    32
    26
    35
    34
    35
    41
    59
    91
   107
   124
   133
   135
   139
   142
   142
   137
   137
   138
   137
   145
   141
   140
   134
   130
   128
   124
   123
   125
   126
   126
   126
   121
   119
   114
   118
   119
   111
   115
   113
   116
   119
   112
   113
   115
   114
   114
   111
   111
   108
   103
   105
    93
    93
   140
   151
   161
   156
   132
   106
   108
   115
   119
   123
   131
   134
   132
   129
   130
   134
   136
   133
   131
   132
   134
   137
   102
    83
    87
   104
   106
    93
    89
    93
    94
    84
    88
    84
    69
    70
    56
    40
    47
    45
    47
    43
    33
    29
    35
    37
    26
    21
    25
    32
    31
    27
    21
    28
    30
    35
    28
    27
    25
    25
    30
    29
    29
    55
    83
   105
   126
   128
   133
   136
   142
   142
   142
   137
   138
   139
   143
   147
   147
   147
   147
   141
   136
   136
   132
   127
   128
   124
   126
   126
   123
   121
   123
   116
   119
   117
   115
   117
   121
   119
   122
   118
   114
   117
   115
   114
   108
   112
   103
    99
   103
   100
    88
    90
   109
   109
   107
   108
   112
   115
   118
   125
   124
   118
   118
   120
   127
   125
   126
   128
   132
   134
   134
   129
    90
    85
   102
    92
    88
    91
    89
    96
    84
    89
    75
    68
    84
    70
    65
    57
    52
    42
    36
    37
    35
    39
    28
    24
    28
    28
    25
    22
    20
    27
    32
    35
    33
    34
    37
    30
    25
    25
    29
    38
    59
    99
   120
   130
   129
   136
   134
   135
   135
   139
   140
   146
   142
   147
   154
   151
   156
   158
   150
   150
   146
   138
   136
   136
   131
   124
   121
   128
   119
   118
   117
   114
   111
   113
   118
   115
   112
   113
   115
   120
   122
   119
   120
   113
   112
   111
   116
   115
   108
   108
   100
    92
    93
   117
   124
   124
   120
   117
   114
   112
   121
   124
   121
   117
   123
   126
   121
   124
   121
   126
   131
   142
    85
    80
    85
    87
    98
   114
   111
    97
   100
    67
    62
    70
    73
    89
    87
    60
    49
    51
    44
    31
    35
    30
    30
    25
    28
    32
    29
    31
    35
    34
    36
    31
    30
    26
    27
    37
    42
    39
    38
    56
    94
   120
   128
   126
   129
   131
   135
   136
   139
   137
   140
   140
   148
   147
   152
   154
   157
   152
   152
   149
   148
   140
   137
   138
   137
   128
   127
   124
   120
   117
   117
   116
   111
   112
   108
   120
   120
   117
   119
   122
   122
   120
   123
   123
   118
   117
   118
   117
   110
   105
   106
   104
    98
    94
   107
   116
   118
   120
   117
   121
   116
   123
   130
   126
   122
   123
   124
   121
   130
   121
   122
   127
    56
    69
    75
   103
   107
   110
   110
   111
    68
    65
    85
    82
    87
    83
    70
    46
    50
    47
    46
    42
    33
    34
    31
    32
    36
    35
    37
    39
    36
    31
    28
    25
    33
    32
    30
    28
    26
    39
    48
    74
   107
   128
   135
   138
   133
   140
   136
   141
   139
   137
   137
   141
   145
   149
   153
   155
   159
   159
   157
   152
   147
   141
   141
   143
   136
   132
   128
   125
   120
   117
   117
   116
   113
   115
   100
   105
   116
   121
   123
   125
   118
   120
   126
   120
   118
   111
   115
   116
   120
   120
   117
   110
   105
    98
    93
   102
   109
   119
   118
   111
   123
   118
   119
   131
   132
   124
   127
   127
   123
   127
   126
   124
    77
    85
   103
   104
   106
   111
   109
    76
    80
    87
    86
    76
    72
    59
    42
    44
    40
    48
    40
    37
    40
    33
    32
    35
    35
    34
    42
    35
    32
    31
    27
    28
    28
    34
    30
    28
    31
    34
    49
    75
    98
   121
   129
   129
   129
   134
   137
   133
   136
   131
   124
   123
   138
   153
   155
   157
   160
   161
   163
   160
   157
   155
   154
   150
   146
   134
   138
   131
   127
   127
   123
   120
   121
   111
   109
   113
   121
   126
   125
   125
   133
   128
   127
   124
   123
   124
   119
   115
   102
   107
   114
   113
   113
   105
   100
    96
   100
   104
   111
   117
   116
   119
   119
   119
   129
   129
   127
   130
   124
   116
   121
   123
    72
    86
   107
   108
    99
    87
    72
    70
    68
    80
    86
    67
    50
    41
    35
    46
    48
    40
    35
    44
    45
    42
    37
    36
    42
    46
    34
    32
    30
    27
    30
    30
    33
    35
    31
    24
    29
    38
    42
    49
    69
    92
   111
   121
   129
   132
   132
   126
   122
   120
   123
   127
   131
   146
   151
   158
   160
   161
   164
   166
   163
   160
   149
   148
   143
   145
   139
   138
   136
   127
   120
   120
   118
   115
   116
   116
   119
   122
   127
   131
   132
   141
   133
   124
   125
   129
   118
   116
   115
   113
   116
   114
   110
   108
   100
    94
    91
    93
   102
   108
   109
   112
   117
   116
   121
   127
   127
   126
   129
   127
   123
   128
    79
    89
    97
   100
    98
    87
    73
    61
    73
    95
    83
    59
    69
    52
    49
    50
    48
    41
    51
    44
    35
    32
    39
    43
    47
    43
    36
    30
    30
    29
    23
    30
    30
    21
    19
    31
    27
    31
    45
    55
    56
    64
    89
   115
   126
   133
   122
   112
   101
   106
   111
   112
   108
   132
   154
   162
   168
   161
   162
   164
   165
   157
   151
   146
   149
   144
   143
   141
   129
   130
   125
   119
   116
   114
   115
   118
   122
   128
   133
   139
   139
   136
   138
   139
   136
   127
   131
   122
   123
   124
   115
   115
   122
   114
   115
   103
    97
    89
    78
    88
   106
   108
   112
   115
   107
   111
   126
   126
   127
   129
   124
   128
    76
   100
   118
   110
   109
    82
    66
    83
   108
   101
    79
    78
    69
    66
    53
    53
    55
    59
    48
    31
    30
    33
    32
    44
    36
    24
    29
    31
    27
    29
    34
    26
    28
    29
    35
    25
    37
    38
    40
    54
    65
    74
   111
   129
   137
   134
   120
   106
    98
    94
   101
   102
   100
   123
   148
   160
   167
   164
   169
   176
   177
   157
   150
   152
   152
   152
   143
   134
   136
   134
   127
   120
   111
   105
   108
   117
   123
   129
   136
   142
   145
   140
   138
   140
   138
   135
   132
   129
   128
   121
   121
   119
   119
   117
   114
   108
   100
    92
    85
    75
    86
   100
   100
   104
   110
   109
   116
   125
   121
   126
   126
   120
    88
   108
   106
    99
    82
    54
    58
   100
   115
    98
    82
    88
    70
    69
    55
    51
    59
    54
    40
    44
    46
    44
    51
    49
    42
    34
    33
    32
    31
    33
    29
    30
    26
    33
    29
    26
    36
    37
    46
    56
    67
    98
   127
   137
   144
   134
   114
   104
   106
    92
    94
    88
    73
   117
   148
   158
   162
   165
   171
   178
   179
   172
   153
   156
   156
   154
   150
   146
   135
   135
   131
   119
   116
   105
   105
   106
   113
   128
   133
   135
   141
   146
   140
   141
   138
   135
   134
   132
   130
   129
   129
   117
   121
   123
   118
   115
   106
    99
    92
    84
    76
    81
    91
    99
   105
   110
   106
   117
   124
   123
   129
   131
   109
   109
    92
    74
    59
    56
    93
   119
   114
   100
   103
    99
    75
    64
    41
    58
    58
    49
    45
    42
    41
    44
    49
    51
    34
    34
    39
    37
    31
    26
    22
    25
    30
    30
    30
    33
    38
    46
    58
    64
    87
   128
   143
   149
   153
   144
   114
   103
   107
    95
    96
    81
    72
    98
   146
   148
   166
   166
   168
   175
   181
   179
   174
   165
   160
   157
   150
   146
   145
   133
   132
   125
   114
   111
   109
   113
   120
   130
   136
   139
   138
   136
   140
   138
   134
   129
   131
   128
   124
   120
   128
   126
   122
   123
   123
   122
   119
   109
   103
    94
    79
    74
    80
    89
    92
    99
   104
   107
   116
   123
   121
   123
    94
    82
    72
    56
    58
    86
    95
   106
   104
   101
   101
    91
    66
    46
    65
    71
    65
    43
    41
    50
    41
    40
    53
    45
    47
    40
    34
    31
    35
    32
    35
    32
    31
    30
    34
    36
    37
    50
    57
    78
   111
   139
   152
   153
   152
   139
   117
   103
   100
    91
    83
    63
    51
    92
   139
   146
   158
   158
   168
   173
   180
   183
   176
   167
   165
   158
   154
   145
   139
   137
   130
   122
   116
   106
   108
   113
   124
   132
   134
   137
   133
   133
   126
   131
   131
   133
   131
   124
   121
   122
   118
   123
   126
   125
   119
   123
   123
   115
   105
   100
    87
    84
    69
    72
    79
    91
    95
    96
   102
   110
   120
   121
    81
    71
    64
    84
    98
    82
    82
    97
   104
   100
   100
    78
    54
    60
    77
    74
    67
    53
    53
    52
    48
    45
    53
    54
    44
    40
    37
    34
    30
    35
    35
    30
    33
    31
    32
    33
    49
    54
    57
    87
   109
   133
   149
   154
   149
   144
   120
   103
   102
    94
    86
    51
    44
    90
   131
   134
   143
   153
   166
   179
   179
   182
   181
   172
   170
   160
   157
   153
   145
   135
   132
   126
   118
   109
   107
   119
   132
   136
   133
   135
   138
   132
   135
   130
   128
   119
   121
   119
   120
   125
   128
   130
   128
   127
   131
   125
   124
   118
   120
   113
    97
    81
    72
    69
    75
    77
    83
    95
   100
   105
   112
   116
    55
    61
    89
    96
    83
    88
    92
   103
   110
   112
   106
    68
    60
    79
    74
    65
    67
    67
    67
    50
    41
    58
    50
    46
    46
    48
    40
    37
    37
    34
    33
    34
    28
    32
    32
    39
    45
    59
    68
   100
   108
   128
   148
   152
   154
   135
   111
   100
    94
    95
    84
    45
    48
    82
   131
   134
   121
   144
   166
   174
   179
   184
   181
   179
   181
   168
   158
   149
   146
   145
   139
   125
   117
   111
   116
   120
   132
   136
   136
   137
   131
   136
   131
   134
   126
   113
   114
   113
   128
   135
   138
   132
   131
   124
   130
   134
   133
   129
   125
   122
   111
    99
    83
    71
    76
    77
    79
    85
    91
   101
   100
   106
    48
    77
    89
    79
    69
    84
    94
   122
   122
   115
    98
    65
    75
    88
    75
    61
    65
    82
    70
    73
    58
    59
    54
    53
    52
    48
    36
    34
    33
    45
    40
    34
    34
    32
    41
    47
    55
    58
    78
   105
   106
   120
   143
   152
   151
   132
   109
    99
    99
    93
    80
    36
    34
    71
   133
   141
   117
   120
   159
   175
   180
   180
   178
   180
   175
   175
   164
   154
   145
   138
   127
   117
   118
   114
   118
   130
   137
   139
   133
   137
   139
   133
   129
   115
   108
   107
   111
   118
   133
   141
   134
   137
   138
   131
   124
   131
   138
   135
   136
   129
   117
   108
    95
    77
    72
    73
    78
    81
    80
    87
    95
   104
    72
    88
    65
    74
    82
    98
   118
   120
   117
   120
    95
    82
    86
    79
    69
    72
    72
    73
    74
    53
    61
    57
    63
    56
    58
    54
    47
    51
    41
    39
    35
    41
    40
    36
    49
    48
    57
    61
    77
    98
   107
   116
   141
   154
   147
   132
   105
   107
    98
    92
    81
    50
    56
    69
   117
   146
   126
   113
   146
   173
   174
   172
   176
   177
   179
   179
   173
   158
   147
   138
   134
   127
   116
   119
   126
   136
   137
   139
   135
   131
   132
   129
   120
   118
   106
   107
   119
   132
   138
   142
   137
   130
   130
   135
   132
   129
   143
   139
   144
   147
   132
   119
   113
    91
    67
    77
    75
    78
    79
    83
    92
    93
    85
    55
    40
    79
   108
   120
   123
   114
   111
   117
   108
    94
    88
    79
    79
    73
    72
    74
    66
    59
    58
    74
    68
    65
    66
    74
    68
    54
    47
    44
    39
    39
    37
    39
    37
    52
    61
    65
    83
   102
   106
   111
   140
   156
   146
   131
   109
   104
    93
    89
    81
    44
    66
    75
   106
   136
   129
   105
   133
   161
   165
   171
   174
   182
   174
   166
   161
   154
   151
   141
   128
   127
   118
   112
   128
   140
   137
   138
   141
   137
   131
   128
   129
   113
    99
   114
   137
   137
   142
   131
   132
   130
   126
   126
   123
   132
   141
   148
   143
   140
   147
   135
   116
   101
    85
    73
    74
    81
    82
    76
    79
    85
    71
    34
    50
    98
   119
   121
   120
   120
   122
   115
   119
   106
    96
    82
    78
    76
    62
    73
    75
    56
    71
    81
    80
    78
    80
    91
    71
    54
    52
    52
    41
    40
    37
    33
    51
    55
    60
    69
    88
   100
   106
   113
   137
   157
   153
   132
   113
   101
    97
    77
    83
    46
    39
    49
    99
   112
   125
   109
   115
   158
   170
   175
   174
   179
   171
   173
   172
   164
   151
   143
   129
   122
   122
   120
   125
   132
   132
   137
   140
   133
   125
   125
   129
   106
    78
    94
   131
   144
   143
   138
   133
   135
   130
   120
   119
   127
   132
   145
   150
   143
   147
   142
   132
   110
    92
    73
    77
    81
    75
    79
    83
    87
    86
    76
    79
   101
   121
   103
   102
   117
   119
   112
   126
   110
   107
    98
    86
    88
    82
    89
    88
    69
    75
    75
    86
    84
    91
    95
    82
    57
    50
    61
    47
    40
    38
    44
    45
    56
    64
    68
    86
    95
    94
   113
   139
   155
   152
   141
   117
    97
    89
    85
    78
    33
    27
    39
    79
   103
   119
   102
   108
   158
   163
   168
   174
   175
   172
   174
   170
   163
   151
   140
   123
   117
   114
   120
   131
   140
   144
   146
   145
   141
   132
   129
   124
   105
    69
    50
   113
   139
   146
   143
   134
   132
   124
   123
   117
   119
   124
   132
   150
   153
   146
   133
   133
   124
   106
    88
    66
    72
    77
    78
    78
    78
   101
    85
    91
   106
   114
    84
   103
   121
   117
   122
   121
   119
   109
   114
    93
    80
    70
    99
    97
    89
    75
    83
    99
   106
   112
   104
    83
    59
    65
    72
    40
    42
    40
    41
    53
    53
    63
    74
    84
    99
   100
   111
   135
   155
   152
   148
   130
   103
    83
    69
    73
    36
    28
    32
    66
    98
   120
   102
    95
   143
   160
   170
   176
   174
   176
   171
   164
   151
   139
   135
   117
   107
   109
   132
   141
   147
   151
   151
   149
   150
   135
   129
   128
   113
    62
    53
   108
   135
   141
   135
   133
   128
   123
   121
   119
   114
   122
   140
   150
   152
   150
   147
   136
   130
   115
    94
    82
    72
    78
    79
    77
    81
    68
    81
    98
   101
   105
    95
    97
   110
   128
   132
   119
   125
   123
    99
    95
    96
    81
   114
   110
    96
    94
    88
   108
   119
   107
   112
    97
    73
    78
    76
    51
    42
    44
    39
    54
    54
    54
    62
    88
   101
    95
   111
   130
   147
   153
   146
   129
   103
    85
    68
    74
    41
    32
    34
    60
    92
   110
   101
    89
   138
   157
   171
   173
   175
   177
   176
   167
   156
   149
   127
   111
   107
   126
   137
   144
   153
   158
   149
   151
   145
   138
   130
   137
   109
    69
    59
   105
   127
   128
   130
   125
   130
   127
   120
   109
   115
   118
   136
   145
   153
   151
   140
   141
   130
   114
   100
    90
    72
    73
    81
    81
    82
    63
    89
   106
    94
    81
    78
    87
    97
   123
   130
   108
   128
   120
   101
    90
    92
    93
   107
   114
   101
    96
    99
   116
   119
   106
   120
   113
    83
    86
    74
    55
    44
    42
    50
    48
    52
    59
    72
    82
    97
    98
   101
   126
   146
   155
   151
   126
   101
    72
    64
    69
    39
    25
    35
    44
    88
   112
    99
    88
   134
   156
   172
   174
   174
   172
   171
   160
   159
   139
   114
   106
   126
   136
   141
   154
   154
   154
   156
   146
   145
   132
   125
   128
    99
    59
    47
   103
   135
   123
   133
   135
   123
   125
   117
   111
   116
   121
   122
   145
   158
   158
   154
   133
   130
   117
   107
    92
    86
    73
    78
    82
    77
    79
    97
    98
   104
    95
    84
   104
    99
   124
   123
   107
   123
   127
   107
   104
    95
    87
   102
   109
   111
    93
    87
   111
   113
   115
   114
   110
    87
    88
    91
    69
    49
    44
    48
    59
    60
    56
    72
    73
    82
    89
   101
   123
   151
   155
   153
   136
   110
    82
    64
    68
    41
    25
    36
    51
    71
   101
    94
    91
   133
   160
   173
   172
   171
   174
   172
   164
   150
   129
   113
   122
   135
   137
   143
   150
   159
   153
   156
   149
   143
   138
   138
   133
    93
    56
    40
    72
   129
   130
   121
   119
   122
   116
   116
   112
   107
   114
   124
   139
   153
   156
   153
   144
   132
   124
   106
    89
    83
    70
    67
    75
    84
    74
    93
    96
   102
   102
    90
   111
    96
   112
   116
   114
   119
   119
   114
   111
    98
    90
   105
   102
   114
    86
    92
   101
    97
   116
   114
   101
    91
    86
    90
    80
    48
    46
    48
    49
    60
    62
    69
    70
    72
    79
    97
   121
   144
   158
   157
   142
   119
    89
    65
    58
    52
    43
    71
    70
    73
    92
    89
    94
   137
   158
   168
   169
   169
   172
   168
   160
   143
   113
   109
   129
   147
   151
   144
   151
   154
   152
   152
   153
   144
   139
   141
   137
    92
    50
    44
    47
   106
   139
   134
   122
   120
   113
   115
   113
   111
   119
   124
   135
   150
   153
   150
   149
   137
   126
   113
   101
    87
    81
    66
    72
    82
    83
    78
   115
    89
    76
   112
   120
   103
   121
   103
   105
   109
    97
   100
   105
   104
    96
    98
    99
   107
    85
    89
    91
    90
   117
   116
   108
    90
    87
    83
    81
    78
    53
    46
    47
    55
    55
    60
    72
    59
    78
    91
   113
   142
   159
   157
   145
   124
    91
    65
    56
    57
    65
    81
    73
    76
    74
    78
    91
   131
   162
   170
   166
   171
   174
   167
   155
   133
   111
   116
   120
   126
   144
   157
   150
   151
   154
   154
   151
   150
   143
   140
   136
    90
    56
    47
    68
    91
   131
   144
   121
   116
   114
   105
   107
   108
   115
   121
   136
   145
   160
   160
   148
   136
   123
   112
    97
    87
    79
    64
    64
    80
    78
    92
    97
    65
    69
   110
   124
   105
   115
   111
   107
    99
    89
    90
    94
    99
    88
    89
    96
   115
    66
    83
    74
    87
    99
   103
    99
    96
    93
    80
    79
    77
    58
    36
    48
    55
    64
    67
    71
    56
    67
    88
   100
   123
   148
   154
   143
   129
   109
    76
    56
    57
    56
    69
    55
    59
    71
    66
    82
   122
   158
   164
   169
   168
   167
   163
   142
   126
   131
   138
   138
   118
   100
   116
   139
   153
   148
   150
   148
   147
   145
   140
   139
    88
    52
    66
    75
    78
   110
   139
   129
   107
   112
   107
   106
   103
   112
   125
   150
   159
   155
   156
   143
   133
   122
   107
    97
    84
    83
    67
    66
    65
    88
    91
    66
    61
    67
   112
   118
   109
    95
    94
    90
    87
    83
   104
    96
   106
    94
    94
    85
   104
    66
    67
    60
    70
    90
    98
   102
    91
    87
    81
    84
    81
    80
    46
    46
    48
    50
    57
    68
    58
    62
    82
    95
   120
   143
   152
   142
   128
   108
    73
    57
    50
    43
    57
    53
    50
    65
    75
    93
   129
   165
   167
   167
   165
   162
   158
   142
   139
   149
   148
   145
   124
   102
    61
    89
   131
   149
   149
   147
   150
   148
   143
   138
    85
    68
    79
    66
    66
    89
   127
   153
   121
   121
   109
   104
   103
   105
   115
   150
   164
   162
   158
   142
   130
   125
   113
   100
    85
    86
    74
    62
    62
   105
    84
    53
    47
    77
   110
   109
    89
    87
    88
    86
    79
    83
   100
    98
    98
   104
   102
    84
   104
    63
    56
    45
    68
    77
    90
    90
    82
    86
    74
    70
    77
    80
    62
    49
    44
    52
    62
    63
    54
    46
    76
    98
   105
   135
   144
   143
   136
   125
    92
    61
    58
    48
    33
    37
    56
    62
    66
    93
   132
   154
   166
   168
   158
   158
   151
   145
   155
   156
   155
   148
   139
   108
    54
    51
    95
   133
   148
   145
   145
   151
   158
   151
    84
    64
    84
    91
    91
    92
   116
   145
   136
   122
   109
    95
    98
    99
   120
   155
   164
   164
   155
   148
   135
   120
   107
   103
    81
    79
    80
    70
    70
   104
    67
    51
    60
    72
    88
    85
    89
    78
    75
    71
    67
    75
   102
    90
    82
    88
   101
    81
    87
    73
    51
    40
    57
    76
    88
    77
    81
    76
    83
    64
    77
    80
    67
    45
    48
    54
    46
    57
    58
    57
    60
    81
    97
   123
   140
   140
   132
   118
    89
    62
    54
    56
    37
    34
    51
    68
    74
    88
   125
   154
   159
   152
   150
   149
   144
   143
   151
   159
   156
   150
   133
   114
    60
    50
    63
   119
   145
   145
   142
   143
   153
   143
    85
    57
    63
    81
    95
   100
   111
   126
   132
   125
   115
    91
    87
    91
   110
   149
   155
   154
   154
   140
   132
   124
   109
    97
    88
    83
    77
    64
    66
    81
    64
    53
    54
    68
    81
    78
    87
    82
    71
    79
    74
    80
    87
    92
    77
    68
    87
    83
    82
    72
    55
    43
    52
    62
    69
    73
    78
    78
    74
    60
    67
    87
    64
    38
    45
    45
    49
    55
    59
    60
    60
    77
    96
   113
   131
   139
   137
   121
   104
    72
    59
    56
    50
    36
    50
    58
    74
    88
   125
   145
   151
   150
   149
   152
   151
   154
   150
   158
   149
   147
   137
   121
    71
    44
    63
   100
   137
   142
   144
   142
   143
   143
    92
    62
    84
    85
    77
    77
    97
   129
   140
   124
   117
    93
    83
    93
   103
   148
   165
   153
   154
   142
   134
   125
   110
    97
    82
    84
    77
    66
    67
    70
    75
    63
    51
    57
    75
    93
    93
    77
    78
    82
    79
    67
    85
    79
    80
    82
    96
    87
    65
    81
    42
    50
    46
    63
    68
    64
    74
    69
    72
    58
    62
    80
    65
    40
    36
    43
    40
    47
    54
    60
    56
    71
    94
   109
   126
   141
   133
   126
   110
    96
    73
    61
    62
    58
    58
    76
    73
    78
   112
   149
   152
   148
   147
   148
   152
   150
   148
   143
   153
   155
   140
   124
    97
    50
    58
    74
   108
   138
   138
   139
   153
   154
    91
    57
    84
   106
    91
    81
    95
   118
   121
   125
   112
    87
    87
    92
    98
   133
   152
   148
   144
   142
   132
   125
   112
    97
    90
    80
    86
    67
    64
    82
    86
    90
    64
    56
    78
    95
    85
    79
    71
    76
    83
    74
    82
    85
    70
    88
    99
   101
    66
    76
    62
    57
    48
    58
    68
    60
    59
    76
    74
    64
    61
    74
    70
    39
    39
    39
    46
    50
    57
    61
    61
    73
    91
   103
   115
   132
   134
   129
   115
    98
    69
    62
    63
    60
    59
    62
    69
    88
   124
   143
   144
   144
   143
   148
   149
   141
   138
   151
   154
   155
   136
   114
    95
    60
    54
    67
    87
   122
   125
   136
   154
   155
   104
    64
    77
   101
    97
   102
    98
   112
   119
   122
   110
    95
    76
    84
    94
   123
   148
   150
   148
   137
   127
   117
   112
   100
    83
    81
    83
    65
    64
    80
    93
    99
    73
    50
    74
    76
    71
    64
    75
    75
    88
    90
    81
    75
    74
    92
    88
    95
    68
    80
    69
    66
    48
    59
    69
    55
    68
    73
    60
    62
    67
    72
    67
    47
    39
    41
    46
    52
    59
    58
    56
    70
    88
   107
   116
   129
   130
   132
   123
   104
    84
    71
    68
    64
    70
    55
    56
    93
   129
   137
   143
   142
   148
   151
   148
   142
   144
   150
   148
   151
   141
   115
   100
    78
    41
    61
    72
    92
   112
   124
   140
   154
   107
    65
    66
    91
    89
    83
    83
   106
   131
   128
   113
    95
    78
    87
    91
   116
   149
   146
   139
   135
   125
   116
   108
    99
    94
    81
    75
    68
    73
    87
    90
    95
    71
    58
    71
    68
    84
    64
    76
    80
    98
   101
    85
    85
    76
    85
    82
    86
    69
    87
    77
    55
    44
    56
    51
    48
    68
    88
    65
    72
    77
    76
    69
    38
    31
    33
    41
    43
    52
    60
    66
    66
    83
    96
   103
   123
   131
   136
   129
   116
    99
    86
    73
    60
    58
    66
    86
   112
   129
   135
   139
   145
   148
   151
   153
   152
   153
   149
   145
   156
   154
   132
   100
    85
    63
    45
    52
    75
    88
   107
   130
   143
   135
    78
    46
    40
    68
    90
    86
   111
   138
   132
   121
   102
    81
    83
    89
   107
   134
   143
   144
   136
   128
   116
   109
   101
    86
    86
    80
    71
    67
    89
   103
    80
    52
    63
    76
    84
    86
    73
    73
    81
    90
    91
    81
    75
    74
    76
    74
    86
    68
    92
    77
    64
    51
    54
    50
    50
    56
    72
    62
    68
    69
    75
    79
    52
    37
    33
    44
    42
    55
    62
    70
    72
    87
    99
   104
   116
   127
   132
   128
   118
   109
    95
    84
    76
    77
    90
   113
   134
   137
   142
   148
   150
   155
   158
   162
   155
   155
   153
   148
   175
   173
   139
   118
    95
    80
    55
    56
    64
    68
    93
   125
   137
   137
    96
    60
    75
    91
   105
   110
   105
   140
   143
   120
   107
    80
    85
    89
   111
   132
   151
   147
   136
   129
   115
   111
   105
    90
    86
    85
    65
    66
    83
    89
    77
    68
    89
    85
    89
    89
    68
    66
    78
    73
    97
    71
    76
    69
    70
    82
    86
    55
    86
    86
    64
    46
    47
    51
    52
    56
    75
    65
    66
    65
    64
    71
    46
    33
    41
    40
    45
    47
    54
    62
    71
    86
    93
   107
   117
   128
   133
   138
   129
   116
   101
    89
    78
    88
   124
   142
   158
   161
   161
   163
   160
   167
   164
   169
   169
   171
   165
   161
   173
   172
   146
   120
    98
    74
    57
    58
    64
    75
    97
   115
   130
   140
    98
    60
    84
    98
    85
    86
    94
   129
   141
   124
   101
    86
    81
    90
    94
   116
   140
   141
   129
   123
   114
   111
   100
    84
    84
    80
    73
    72
    67
    76
    81
    75
    89
    88
    93
    86
    67
    63
    73
    81
    84
    74
    78
    75
    82
    62
    68
    53
    60
    85
    71
    61
    40
    45
    45
    54
    70
    59
    60
    70
    62
    64
    51
    34
    37
    46
    43
    58
    60
    65
    78
    87
   101
   104
   114
   124
   132
   134
   129
   119
   109
    95
    89
   111
   145
   161
   172
   173
   171
   169
   171
   167
   173
   174
   166
   176
   176
   170
   169
   158
   143
   116
    94
    87
    64
    57
    76
    82
    83
   103
   133
   138
    96
    66
    85
    94
    86
    84
    88
   127
   140
   110
   103
    87
    93
    87
    93
   104
   139
   138
   128
   123
   115
   101
    95
    89
    80
    75
    74
    78
    69
    69
    79
    76
    84
    81
    88
    82
    63
    60
    60
    76
    78
    75
    63
    90
    74
    60
    70
    57
    69
    78
    72
    72
    43
    45
    48
    47
    56
    63
    61
    72
    56
    60
    48
    34
    40
    47
    45
    45
    58
    67
    82
    91
    96
   107
   117
   124
   124
   131
   129
   126
   114
   104
    98
   130
   163
   174
   180
   172
   169
   178
   172
   170
   175
   172
   169
   166
   167
   163
   166
   161
   143
   119
    97
    82
    63
    56
    76
    80
    96
   104
   114
   124
    94
    64
    76
    89
    93
    94
    81
   115
   130
   105
    98
    88
    88
    87
    91
   102
   132
   128
   125
   123
   120
   109
    95
    83
    79
    67
    74
    76
    56
    66
    73
    77
    90
    88
    95
    75
    80
    50
    60
    59
    80
    72
    74
    78
    66
    59
    61
    55
    58
    64
    68
    68
    36
    32
    44
    52
    61
    62
    56
    59
    49
    48
    50
    48
    53
    49
    52
    53
    63
    75
    81
    90
   101
   106
   111
   115
   129
   133
   133
   129
   117
   106
   103
   128
   147
   164
   169
   168
   159
   169
   165
   170
   167
   169
   171
   164
   160
   154
   159
   160
   138
   110
    91
    77
    58
    57
    67
    90
    95
    99
   114
   116
    81
    55
    57
    68
    72
    77
    67
   109
   127
   106
   105
    89
    90
    95
    98
    97
   123
   136
   125
   120
   116
   102
    91
    89
    79
    74
    74
    83
    53
    74
    73
    73
    81
    79
    81
    74
    73
    54
    63
    63
    76
    73
    78
    73
    56
    56
    56
    52
    64
    60
    64
    68
    50
    43
    44
    45
    58
    56
    51
    69
    47
    53
    48
    48
    55
    51
    52
    53
    62
    70
    83
    90
   100
   106
   111
   121
   123
   134
   132
   123
   120
   110
   104
   124
   146
   155
   155
   161
   162
   161
   161
   158
   162
   163
   158
   164
   163
   163
   159
   159
   144
   116
    95
    75
    50
    56
    68
    91
    97
    98
   107
   113
    95
    63
    62
    70
    62
    70
    76
   109
   118
   104
    94
    93
    91
    90
    92
    93
   114
   136
   133
   127
   120
   107
    94
    83
    78
    74
    80
    91
    56
    64
    60
    64
    78
    76
    77
    59
    62
    53
    67
    57
    73
    73
    61
    81
    74
    56
    66
    51
    55
    57
    66
    75
    70
    44
    40
    45
    47
    50
    48
    55
    44
    40
    44
    41
    48
    53
    60
    59
    62
    71
    81
    91
   100
   104
   110
   112
   124
   129
   132
   130
   120
   107
   101
   110
   130
   138
   154
   158
   158
   158
   152
   153
   152
   157
   155
   154
   155
   154
   158
   158
   150
   120
    94
    67
    48
    59
    79
    92
    94
   101
   111
   112
   101
    60
    57
    70
    70
    75
    75
   110
   106
   100
   101
    95
    94
    92
    89
    93
   109
   126
   132
   133
   119
    99
    88
    86
    75
    77
    86
    86
    59
    60
    53
    58
    74
    71
    60
    52
    56
    55
    66
    74
    86
    77
    63
    69
    72
    65
    66
    56
    54
    54
    70
    73
    87
    55
    35
    42
    47
    44
    54
    56
    43
    40
    42
    52
    65
    60
    58
    60
    68
    67
    84
    95
   103
   106
   106
   115
   117
   124
   122
   126
   116
   106
    94
    96
   112
   128
   131
   136
   132
   130
   134
   136
   145
   143
   144
   149
   144
   141
   146
   148
   138
   104
    90
    68
    41
    46
    89
    94
    98
   101
   100
   111
   103
    73
    56
    55
    57
    62
    82
   108
   101
   102
   100
    99
    92
    84
    94
    99
   101
    98
   117
   116
   117
   100
    91
    83
    75
    79
    93
    89
    50
    54
    43
    68
    69
    68
    58
    58
    51
    50
    55
    75
    84
    82
    70
    64
    73
    68
    67
    67
    51
    45
    49
    55
    79
    55
    48
    45
    52
    57
    54
    53
    44
    45
    50
    62
    52
    63
    64
    62
    64
    73
    85
    98
   106
   105
   111
   110
   117
   123
   131
   118
   110
    99
    87
    82
    94
   104
   112
   106
   107
   105
   109
   110
   120
   128
   121
   125
   129
   133
   140
   142
   133
   107
    91
    64
    47
    54
    76
    96
   103
   108
   104
   105
   102
    80
    52
    42
    36
    51
    79
    96
   100
    98
    89
    99
    96
    98
    96
    98
   105
   102
   112
   113
   108
   102
    88
    78
    82
    92
    97
    94
    38
    57
    65
    72
    74
    58
    56
    64
    42
    50
    59
    61
    72
    69
    63
    42
    57
    57
    56
    76
    77
    60
    48
    53
    73
    66
    50
    56
    52
    58
    61
    46
    46
    53
    71
    66
    50
    62
    71
    65
    67
    72
    87
    93
   108
   108
   112
   118
   114
   124
   123
   120
   104
    94
    86
    75
    70
    67
    82
    91
    96
    91
    88
   102
   105
   112
   123
   117
   110
   114
   130
   134
   125
   101
    88
    65
    42
    56
    95
    98
   103
   103
   107
   108
   108
    88
    63
    44
    33
    47
    83
    94
   101
    99
    84
    89
    91
    94
    96
   105
   112
   117
   118
   114
   109
    96
    88
    78
    86
    89
    90
    86
    48
    45
    53
    61
    63
    70
    61
    54
    44
    52
    72
    68
    69
    68
    51
    61
    53
    55
    59
    55
    76
    59
    51
    50
    59
    76
    35
    37
    43
    52
    58
    52
    47
    43
    50
    63
    54
    75
    73
    69
    68
    78
    90
   102
   105
   109
   113
   109
   117
   113
   117
   117
   110
    91
    77
    63
    58
    63
    64
    79
    89
   102
   108
    98
   104
   120
   120
   124
   122
   127
   131
   134
   130
   110
    97
    55
    36
    70
    91
   100
   100
    98
    99
    99
   102
    97
    69
    41
    41
    71
    81
    94
   101
    99
   103
   100
    97
    96
    93
   101
   112
   119
   118
   111
    99
    87
    79
    84
    80
    87
    85
    91
    42
    43
    57
    59
    63
    68
    55
    60
    62
    64
    72
    71
    60
    65
    63
    53
    60
    66
    66
    59
    74
    57
    54
    55
    55
    73
    41
    39
    49
    57
    55
    51
    40
    35
    51
    52
    59
    81
    72
    60
    67
    79
    94
   104
   108
   113
   115
   119
   112
   115
   115
   110
   102
    81
    67
    63
    60
    53
    53
    68
    91
   103
   106
   114
   108
   109
   112
   114
   131
   143
   150
   144
   134
   114
    95
    73
    72
    88
    99
   105
   101
   105
   103
   101
   100
   102
    79
    42
    43
    76
    85
   102
   112
   104
   106
   103
    98
    97
    95
   108
   115
   116
   113
   100
    93
    84
    82
    92
    97
    95
    94
    88
    30
    35
    46
    63
    65
    55
    46
    62
    57
    67
    59
    66
    59
    58
    68
    53
    52
    56
    61
    52
    60
    60
    57
    59
    64
    60
    29
    36
    41
    52
    49
    47
    47
    38
    55
    48
    67
    77
    68
    64
    72
    81
    89
   102
   112
   112
   115
   115
   115
   113
   113
   105
    90
    85
    71
    59
    57
    54
    64
    74
    89
   103
   106
   111
   115
   108
   111
   106
   110
   137
   153
   154
   134
   116
    99
    88
    97
   107
   104
   108
   107
   104
   102
   105
   101
    90
    85
    64
    34
    62
    91
    95
   101
   107
   100
    99
   100
    98
   104
   109
   107
   108
    95
    95
    88
    79
    87
    89
    91
    89
    93
    87
    43
    32
    49
    65
    67
    63
    42
    49
    54
    65
    64
    65
    60
    64
    57
    52
    57
    43
    62
    58
    64
    70
    58
    61
    65
    51
    32
    27
    46
    49
    50
    43
    32
    47
    45
    51
    68
    76
    71
    77
    78
    78
    91
   102
   108
   115
   117
   116
   120
   117
   108
    98
    83
    70
    62
    60
    45
    48
    62
    72
    92
   108
   113
   114
   117
   118
   118
   118
   102
   100
   125
   138
   136
   116
   103
    94
   100
    95
   104
   108
   112
   107
   105
   103
   100
    99
    94
    63
    42
    72
    83
   100
   105
   103
   104
   103
    99
   103
   101
   107
   105
    97
    92
    86
    82
    93
    94
    94
    91
    89
    84
    85
    33
    40
    41
    61
    69
    59
    40
    43
    52
    64
    57
    60
    62
    63
    56
    53
    57
    50
    60
    61
    65
    66
    54
    44
    60
    52
    40
    36
    44
    39
    40
    38
    31
    38
    46
    52
    69
    69
    71
    67
    75
    86
    94
   106
   118
   121
   123
   119
   120
   114
   111
   107
    86
    68
    59
    54
    34
    35
    62
    68
    84
   105
   115
   125
   126
   130
   128
   130
   131
   111
    93
    96
   105
   106
    96
    91
    94
   101
   102
   108
   105
   107
   106
   108
    96
    99
    91
    75
    64
    84
    98
    97
   100
   105
   104
   102
   101
    98
   103
    99
   100
    96
    91
    81
    84
    90
    96
    95
    92
    87
    88
    88
    48
    37
    47
    54
    56
    53
    40
    36
    47
    56
    63
    57
    67
    67
    64
    48
    53
    54
    60
    58
    63
    50
    54
    38
    47
    49
    38
    32
    33
    27
    35
    38
    41
    37
    57
    73
    64
    79
    71
    77
    82
    90
   100
   109
   117
   120
   124
   115
   116
   111
   106
    99
    86
    68
    59
    48
    35
    33
    52
    71
    77
    99
   109
   118
   131
   137
   137
   137
   135
   129
   118
   101
    92
    94
    92
    88
    87
    90
   102
    99
   108
   106
   109
   100
    98
    97
    91
    88
    83
    86
    91
    96
   102
   100
    99
    99
    90
    96
    91
    96
    94
    97
    85
    89
    93
    92
    90
    92
    92
    93
    87
    93
    59
    48
    32
    45
    57
    53
    45
    45
    47
    54
    55
    54
    57
    66
    72
    51
    55
    47
    58
    55
    65
    60
    51
    48
    55
    53
    44
    39
    24
    31
    34
    28
    32
    43
    65
    64
    80
    75
    77
    79
    79
    86
   104
   120
   126
   119
   116
   120
   115
   117
   110
    98
    77
    55
    51
    39
    39
    37
    47
    75
    74
    88
   100
   119
   126
   139
   137
   140
   138
   140
   133
   134
   125
   114
   106
    97
    91
    96
    87
    91
    92
   100
   104
   102
    97
    96
    96
    91
    88
    89
    85
    93
    98
   100
    97
    93
    95
    95
    94
    89
    93
    91
    87
    90
    88
    92
    93
    91
    89
    88
    86
    92
    64
    65
    62
    46
    50
    39
    41
    38
    38
    47
    60
    44
    47
    56
    70
    60
    45
    52
    56
    49
    50
    58
    55
    56
    58
    61
    54
    33
    29
    26
    35
    34
    37
    55
    58
    69
    82
    75
    81
    81
    84
    95
   114
   123
   122
   126
   126
   118
   116
   110
   110
   104
    84
    52
    46
    46
    42
    40
    61
    69
    75
    73
    89
   109
   122
   134
   143
   141
   146
   140
   143
   130
   126
   116
   115
   107
    99
    98
   102
    98
    97
    96
    99
    96
    94
    92
    92
    92
    92
    95
    93
    94
    97
    97
    97
    92
    91
    94
    95
    95
    95
    83
    85
    91
    86
    96
    91
    88
    85
    85
    90
    93
    79
    69
    68
    52
    49
    48
    47
    49
    43
    49
    55
    54
    54
    42
    66
    69
    55
    52
    57
    58
    54
    61
    60
    53
    58
    58
    67
    42
    24
    40
    51
    46
    43
    51
    59
    68
    69
    73
    84
    81
    90
   101
   111
   123
   126
   125
   118
   118
   115
   113
   103
    91
    71
    58
    54
    50
    64
    67
    61
    82
    84
    83
    86
   108
   128
   138
   144
   144
   145
   147
   145
   141
   135
   128
   117
   112
   110
   109
   100
   106
    99
    98
   104
   101
    94
    96
   100
   104
   100
    96
    98
    98
    98
    96
    97
    94
    96
    95
    94
    91
    86
    88
    90
    89
    91
    83
    85
    85
    86
    89
    93
    88
    67
    80
    68
    55
    44
    55
    54
    52
    46
    43
    54
    60
    51
    45
    59
    67
    56
    51
    55
    56
    40
    57
    62
    46
    55
    61
    65
    54
    38
    55
    56
    34
    38
    50
    68
    72
    70
    82
    83
    83
   101
   111
   123
   124
   126
   123
   120
   117
   113
   109
   107
    96
    74
    49
    48
    42
    39
    51
    59
    77
    87
    84
    75
    96
   117
   134
   142
   149
   153
   153
   149
   146
   140
   134
   123
   114
   110
   109
   103
   103
   111
   110
   101
    99
    99
   102
   102
   101
   101
    99
   101
   102
    99
   102
   102
   106
   103
    97
    94
    86
    87
    93
    97
    94
    89
    86
    92
    93
    89
    92
    92
    90
    59
    64
    68
    55
    49
    61
    54
    46
    37
    39
    43
    40
    53
    58
    50
    62
    56
    43
    47
    69
    42
    39
    69
    54
    58
    66
    61
    55
    38
    57
    40
    33
    28
    39
    65
    77
    88
    90
    81
    91
    97
   113
   121
   124
   124
   127
   122
   118
   117
   111
   106
   101
    74
    53
    44
    36
    31
    42
    52
    76
    85
    82
    74
    91
   109
   127
   138
   147
   148
   149
   150
   147
   144
   139
   128
   120
   114
   111
   107
   105
   104
   111
   105
   102
   103
   102
   106
   107
   102
   104
   104
   102
   103
   104
   100
    94
    93
    92
    91
    87
    91
    93
    84
    86
    88
    91
    85
    81
    88
    89
    92
    90
    77
    59
    51
    56
    57
    49
    50
    48
    48
    48
    42
    37
    40
    48
    47
    54
    56
    43
    57
    66
    59
    46
    58
    56
    59
    65
    61
    70
    38
    50
    40
    29
    36
    54
    67
    86
    96
    79
    82
    99
   109
   112
   122
   129
   126
   128
   122
   120
   116
   116
   109
   101
    76
    49
    58
    39
    25
    25
    47
    73
    87
    92
    83
    86
   110
   123
   137
   144
   151
   148
   147
   147
   144
   135
   128
   116
   113
    99
   100
   102
   101
   101
   112
   108
   107
   108
   107
   101
   104
   104
   103
   104
   102
   100
   100
    96
    92
    88
    86
    84
    90
    93
    95
    86
    83
    87
    89
    92
    87
    94
    87
    88
    73
    55
    51
    42
    45
    37
    43
    39
    51
    59
    48
    46
    36
    41
    52
    54
    51
    41
    44
    54
    57
    36
    41
    52
    57
    59
    63
    61
    39
    52
    51
    34
    49
    56
    64
    91
    82
    94
   107
   103
   111
   113
   121
   118
   125
   127
   121
   119
   116
   110
   113
    91
    71
    54
    52
    43
    17
    26
    33
    76
    86
    98
    91
    80
   103
   113
   136
   146
   153
   156
   152
   145
   143
   140
   132
   125
   111
   104
    95
    94
    98
   100
   102
   110
   113
   112
   112
   107
   101
   103
   100
   101
    98
    97
    95
    90
    91
    89
    89
    95
    95
    98
    92
    91
    90
    83
    86
    94
    92
    90
    92
    81
    56
    47
    46
    52
    36
    33
    26
    28
    25
    42
    48
    43
    39
    38
    43
    51
    42
    39
    45
    50
    59
    38
    49
    51
    50
    57
    59
    59
    45
    54
    47
    42
    45
    43
    64
    69
    78
   104
   103
   105
   108
   111
   120
   126
   123
   124
   123
   124
   124
   116
   104
   102
    73
    57
    59
    52
    27
    22
    28
    70
    92
    90
    90
    79
    98
   118
   135
   153
   155
   155
   148
   144
   144
   137
   134
   122
   115
   102
    99
    91
    88
    96
   109
   105
   106
   111
   104
   105
   104
   101
   101
    97
    98
    99
    93
    92
    88
    87
    96
    89
    94
    92
    89
    92
    86
    94
    99
    91
   100
    97
    70
    33
    65
    66
    46
    47
    51
    49
    35
    26
    27
    39
    36
    37
    41
    41
    47
    55
    50
    35
    41
    44
    50
    45
    32
    43
    45
    52
    46
    59
    45
    54
    27
    36
    40
    58
    68
    82
   112
   103
   106
   106
   113
   115
   121
   119
   121
   118
   126
   126
   121
   124
   117
    94
    70
    55
    59
    61
    24
    29
    40
    56
    81
   101
    95
    84
   102
   127
   140
   142
   149
   146
   152
   143
   142
   136
   130
   124
   111
   103
    92
    88
    92
    96
    98
   106
   107
   104
   104
   105
   107
   101
   100
    93
    87
    90
    95
    91
    89
    95
    91
    91
    93
    88
    90
    95
    98
    94
    93
    74
    48
    23
    19
    63
    80
    78
    69
    59
    51
    46
    38
    39
    45
    40
    36
    42
    39
    39
    40
    50
    54
    44
    46
    50
    48
    49
    43
    54
    52
    53
    52
    59
    53
    50
    30
    29
    50
    55
    70
    92
   100
    94
    93
   104
   110
   113
   120
   120
   122
   125
   123
   122
   123
   122
   115
    96
    75
    56
    59
    72
    33
    27
    50
    79
    91
   102
    96
    89
    98
   123
   137
   140
   145
   149
   149
   147
   137
   138
   127
   114
   104
   100
    92
    92
    93
    92
    94
    99
   105
   104
   104
   103
    96
    98
    99
    93
    92
    96
    93
    93
    83
    70
    73
    77
    74
    74
    68
    41
    27
    20
    13
     4
    10
    48
    96
   134
    69
    76
    60
    78
    76
    50
    49
    46
    44
    38
    44
    39
    37
    38
    33
    45
    47
    39
    38
    43
    40
    51
    35
    53
    53
    48
    48
    55
    48
    54
    35
    37
    46
    41
    54
    69
    75
    78
    89
   101
   110
   109
   115
   109
   115
   120
   127
   128
   126
   119
   111
    98
    73
    60
    61
    70
    54
    49
    74
    71
    90
   102
   100
    91
   100
   123
   136
   138
   143
   146
   142
   143
   139
   130
   124
   115
   111
   106
    96
    91
    93
    98
    97
    96
    96
    97
    96
    92
    93
    93
    91
    93
    92
    75
    81
    87
   121
   137
   115
    98
    82
    72
    49
    42
    34
    46
    64
    80
   109
   129
   142
   150
    70
    65
    65
    50
    61
    64
    51
    45
    47
    43
    44
    39
    36
    29
    35
    34
    41
    35
    36
    42
    41
    51
    31
    53
    48
    39
    42
    54
    57
    48
    32
    31
    29
    38
    55
    57
    64
    68
    87
   106
   110
   112
   110
   112
   111
   118
   120
   123
   126
   125
   113
    92
    77
    60
    63
    76
    60
    51
    53
    70
    91
   104
    96
    90
    98
   118
   128
   131
   131
   140
   143
   139
   134
   128
   116
   118
   109
   100
    94
    96
    90
    86
    88
    98
    98
    99
    95
    95
    95
    92
    90
    94
   102
   120
   102
    73
    76
   127
   164
   158
   133
   121
   108
   105
   115
   121
   125
   136
   139
   152
   163
   172
    79
    74
    71
    71
    61
    65
    66
    53
    48
    45
    38
    44
    47
    36
    38
    38
    35
    34
    28
    34
    34
    52
    32
    42
    53
    42
    41
    50
    59
    49
    33
    35
    51
    65
    62
    59
    62
    74
    86
   101
   110
   112
   120
   115
   119
   119
   121
   124
   126
   123
   117
    99
    83
    66
    65
    75
    68
    42
    38
    69
    91
    96
   100
    98
   104
   119
   128
   134
   133
   140
   132
   136
   127
   124
   118
   111
   103
    98
    95
    91
    92
    91
    91
    95
    95
    95
    96
    94
    91
    92
   100
    97
    71
   105
   147
   112
    86
    76
    97
   135
   166
   176
   167
   156
   151
   149
   152
   157
   164
   169
   159
   130
    82
    80
    76
    74
    71
    57
    51
    44
    42
    39
    40
    27
    32
    37
    38
    42
    38
    35
    30
    38
    35
    42
    40
    42
    53
    41
    41
    49
    60
    43
    28
    43
    75
    65
    43
    41
    57
    73
    94
   105
   104
   110
   111
   118
   117
   118
   119
   122
   125
   121
   118
   102
    88
    77
    73
    70
    73
    29
    27
    58
    88
   101
   103
    99
   107
   118
   130
   135
   130
   131
   136
   139
   132
   123
   115
   108
   103
    94
    95
    88
    93
    87
    94
    96
    94
    97
    95
    97
    93
    94
    82
    60
    45
    46
   111
   157
   127
   101
    80
    68
    86
   103
   132
   159
   166
   166
   163
   155
   137
   107
    79
    81
    66
    77
    73
    61
    57
    48
    40
    21
    31
    40
    29
    35
    31
    29
    26
    34
    35
    37
    37
    32
    45
    41
    43
    38
    53
    36
    36
    52
    66
    32
    24
    55
    51
    38
    36
    44
    54
    70
    92
   106
   113
   110
   109
   114
   114
   118
   117
   121
   126
   121
   110
   101
    90
    74
    68
    80
    79
    55
    35
    47
    87
   101
   101
   107
   105
   112
   123
   130
   128
   129
   126
   133
   129
   121
   115
   109
   103
    98
    91
    97
    89
    97
    93
    93
    93
    89
    93
    97
    89
    77
    53
    44
    52
    50
    46
   126
   160
   141
   125
   105
    81
    60
    47
    48
    60
    69
    73
    58
    48
    55
    76
   112
    63
    73
    89
    71
    65
    69
    55
    39
    33
    41
    36
    35
    30
    21
    27
    33
    38
    36
    30
    42
    29
    40
    44
    40
    62
    42
    31
    42
    62
    31
    40
    49
    39
    32
    40
    47
    54
    66
    83
   101
   114
   110
   112
   114
   115
   116
   119
   119
   119
   116
   112
    94
    86
    75
    72
    74
    82
    76
    39
    40
    81
   100
   109
   111
   107
   112
   116
   123
   124
   120
   119
   123
   120
   119
   111
   100
   100
    99
    91
    85
    88
    89
    87
    91
    92
    96
    90
    79
    61
    49
    48
    51
    51
    54
    51
    47
   116
   170
   146
   132
   133
   123
   105
    84
    65
    44
    50
    68
    95
   120
   135
   141
    77
    54
    56
    92
    85
    79
    72
    63
    53
    45
    44
    26
    22
    17
    21
    32
    30
    30
    30
    30
    43
    39
    41
    38
    50
    48
    30
    43
    69
    45
    46
    40
    31
    34
    40
    47
    56
    75
    83
   100
   106
   116
   111
   114
   116
   114
   118
   116
   118
   113
   104
    98
    85
    80
    77
    81
    85
    79
    68
    57
    65
   104
   111
   113
   114
   112
   120
   121
   123
   122
   119
   122
   115
   108
   103
    96
    96
    94
    93
    95
    93
    93
    97
   102
    95
    81
    65
    46
    48
    51
    53
    57
    50
    50
    49
    51
    39
    96
   163
   165
   145
   139
   134
   122
   124
   123
   133
   151
   153
   155
   159
   160
    70
    71
    66
    71
    87
    89
    75
    60
    58
    50
    35
    21
    24
    22
    23
    38
    33
    31
    31
    35
    29
    28
    39
    43
    39
    42
    21
    31
    64
    43
    40
    33
    35
    32
    34
    48
    59
    63
    76
    88
   102
   105
   106
   106
   112
   115
   112
   113
   109
   112
   105
    99
    87
    76
    78
    76
    85
    81
    82
    74
    72
    98
   109
   113
   114
   109
   116
   115
   109
   108
   106
   108
   107
   102
   102
   102
    96
    99
    95
    99
   101
   101
    91
    73
    58
    48
    44
    48
    54
    50
    47
    51
    52
    51
    54
    49
    50
    34
    61
   125
   167
   167
   163
   158
   152
   154
   159
   163
   164
   163
   158
   159
    76
    80
    76
    74
    63
    62
    68
    59
    42
    38
    20
    25
    25
    34
    38
    37
    39
    32
    26
    19
    31
    30
    32
    34
    37
    37
    22
    39
    67
    42
    34
    32
    36
    35
    39
    49
    57
    57
    64
    79
    84
   102
   102
   105
   105
   108
   108
   110
   114
   112
   112
   107
    88
    84
    76
    83
    85
    87
    92
    86
    84
    99
   106
   106
   110
   111
   111
   108
   109
   108
   105
   105
   101
   107
    96
   100
   101
   101
   114
    97
    80
    61
    51
    47
    48
    49
    50
    52
    47
    53
    55
    52
    51
    57
    53
    55
    57
    53
    48
    39
    72
   121
   150
   171
   177
   174
   167
   156
   155
   153
   154
   155
    82
    67
    67
    77
    66
    45
    43
    53
    47
    36
    47
    52
    60
    61
    54
    51
    47
    42
    27
    27
    28
    41
    36
    33
    38
    43
    32
    22
    56
    45
    36
    31
    33
    36
    45
    49
    58
    66
    59
    66
    80
    84
    95
    97
    99
   102
   103
   100
   103
   101
   102
   102
   100
    86
    79
    81
    83
    92
    94
    97
    99
   107
   107
   111
   107
   110
   107
   106
   103
   100
   106
   104
   104
    92
   102
   100
   100
    92
    62
    59
    48
    50
    52
    54
    50
    57
    61
    53
    54
    53
    53
    50
    54
    47
    51
    50
    48
    47
    43
    48
    41
    24
    35
    43
    61
    76
   114
   134
   132
   130
   131
   125
    72
    72
    60
    57
    55
    53
    39
    45
    57
    65
    69
    62
    65
    56
    54
    53
    43
    39
    32
    28
    27
    33
    40
    34
    44
    36
    40
    28
    45
    42
    36
    41
    31
    37
    40
    55
    60
    59
    63
    66
    78
    88
    92
    91
    91
    90
    99
   100
   102
   102
   100
   100
    99
    94
    85
    80
    90
    94
    99
   102
   101
   104
   109
   112
   111
   107
   112
   103
   102
   104
   104
   101
    97
   101
    92
    85
    62
    47
    52
    44
    49
    52
    54
    49
    53
    50
    51
    55
    55
    53
    52
    54
    50
    51
    47
    50
    54
    52
    51
    51
    49
    53
    45
    40
    38
    34
    88
   140
   132
   132
   125
   119
    89
    80
    75
    67
    77
    70
    72
    52
    57
    62
    66
    55
    52
    55
    61
    47
    44
    38
    34
    38
    31
    32
    39
    47
    32
    33
    30
    24
    31
    39
    34
    36
    36
    36
    47
    46
    55
    54
    59
    67
    66
    78
    68
    72
    79
    83
    91
    97
    93
   105
   102
   101
   103
    96
    96
    92
    90
    98
    95
   102
   104
   109
   108
   105
   109
   109
   100
   105
   100
    99
    93
    98
   102
    97
    94
    65
    48
    52
    47
    57
    53
    56
    50
    56
    57
    50
    53
    50
    55
    50
    48
    53
    53
    52
    49
    53
    46
    49
    51
    51
    58
    47
    46
    49
    47
    53
    77
   134
   135
   129
   132
   130
    83
    84
    85
    76
    69
    74
    71
    76
    76
    69
    62
    68
    66
    64
    51
    47
    32
    27
    30
    28
    19
    26
    36
    43
    42
    36
    37
    27
    24
    27
    30
    31
    33
    36
    37
    47
    45
    54
    59
    53
    56
    63
    64
    64
    70
    76
    89
    98
   107
    93
    96
   100
    96
   100
    96
   102
    97
   100
   104
   103
    99
   104
    99
    98
   103
   104
   101
    91
    95
    92
    99
   106
   104
   102
    73
    52
    58
    53
    54
    53
    56
    52
    56
    50
    48
    59
    51
    51
    47
    55
    58
    50
    50
    53
    53
    52
    53
    57
    56
    49
    47
    49
    56
    52
    53
    49
    50
   115
   135
   135
   133
   130
    69
    76
    75
    76
    74
    60
    58
    58
    60
    65
    49
    50
    50
    43
    30
    33
    29
    30
    33
    27
    34
    35
    28
    30
    39
    33
    36
    29
    19
    16
    19
    27
    23
    30
    37
    37
    47
    47
    48
    47
    46
    47
    50
    52
    49
    51
    60
    82
    94
   100
   101
   106
   105
   105
   102
   102
   110
   107
   108
   105
   110
   106
   103
    96
    92
    92
    97
   106
   110
   121
   118
   113
   103
    78
    54
    57
    54
    59
    57
    54
    55
    57
    56
    57
    54
    51
    58
    60
    52
    55
    52
    54
    52
    48
    55
    48
    52
    47
    52
    50
    57
    55
    51
    50
    50
    54
    62
   106
   131
   137
   134
   136
    81
    60
    67
    65
    70
    61
    51
    67
    65
    56
    55
    49
    37
    31
    33
    24
    24
    33
    36
    30
    32
    31
    45
    33
    30
    36
    27
    44
    36
    34
    28
    21
    32
    30
    30
    36
    40
    42
    44
    46
    48
    36
    43
    43
    47
    52
    43
    37
    47
    68
    83
    91
    96
    95
   100
   100
   104
   103
   100
    98
    93
    88
    88
    86
    92
   104
   106
   115
   122
   118
   120
   102
    69
    42
    54
    50
    57
    55
    57
    50
    55
    52
    50
    47
    53
    51
    50
    53
    51
    48
    55
    58
    55
    56
    50
    54
    51
    53
    46
    53
    46
    51
    50
    51
    50
    49
    65
   122
   124
   144
   140
   137
    88
    70
    67
    68
    58
    60
    62
    54
    63
    65
    62
    57
    54
    50
    39
    34
    38
    39
    34
    37
    34
    39
    38
    35
    31
    30
    40
    36
    41
    28
    28
    34
    27
    31
    31
    28
    29
    36
    41
    44
    38
    38
    39
    41
    36
    39
    38
    37
    29
    28
    29
    39
    50
    59
    61
    58
    55
    59
    57
    60
    65
    75
    79
    98
   111
    98
   104
   106
   107
    98
    81
    58
    52
    60
    56
    57
    52
    46
    51
    58
    51
    53
    52
    61
    53
    51
    53
    49
    54
    53
    47
    48
    52
    53
    52
    45
    51
    50
    53
    49
    55
    52
    51
    53
    53
    48
    52
   109
   114
   127
   139
   138
    92
    80
    65
    66
    61
    41
    45
    57
    60
    56
    76
    76
    70
    71
    71
    61
    45
    29
    36
    37
    34
    33
    41
    44
    30
    31
    35
    29
    41
    40
    29
    26
    25
    24
    25
    27
    30
    33
    32
    35
    38
    35
    44
    37
    30
    28
    35
    27
    25
    30
    26
    30
    26
    26
    25
    34
    46
    61
    69
    65
    74
    83
    96
   100
   104
    99
   101
    95
    77
    62
    54
    57
    57
    56
    52
    49
    54
    58
    53
    51
    52
    56
    55
    48
    53
    57
    49
    52
    47
    50
    51
    51
    51
    53
    50
    49
    53
    53
    52
    51
    57
    46
    47
    49
    49
    53
    52
    88
   115
   124
   138
   145
   100
    94
    64
    77
    82
    64
    51
    47
    43
    54
    46
    57
    70
    66
    53
    55
    57
    50
    39
    32
    27
    30
    23
    28
    30
    21
    25
    25
    24
    32
    36
    24
    28
    20
    30
    31
    33
    25
    34
    38
    41
    48
    38
    33
    26
    35
    35
    38
    35
    32
    38
    35
    34
    36
    48
    69
    93
   102
    99
    93
    97
    97
    94
   100
    95
    88
    76
    66
    59
    61
    66
    63
    60
    60
    59
    59
    57
    54
    55
    53
    55
    47
    54
    53
    55
    53
    52
    55
    51
    52
    54
    54
    52
    50
    51
    54
    49
    50
    43
    52
    50
    50
    51
    52
    50
    53
    52
    95
   118
   120
   141
   141
   100
   101
    93
    71
    78
    83
    78
    67
    60
    52
    54
    40
    47
    60
    50
    51
    43
    38
    30
    18
    20
    26
    22
    19
    22
    28
    22
    25
    21
    26
    30
    31
    27
    33
    27
    29
    28
    34
    45
    47
    47
    42
    37
    40
    39
    30
    32
    31
    34
    31
    25
    27
    37
    45
    62
    75
    81
    80
    84
    84
    85
    86
    89
    82
    76
    70
    67
    64
    66
    63
    59
    54
    56
    55
    54
    53
    54
    51
    55
    53
    54
    56
    54
    52
    54
    54
    53
    52
    56
    55
    57
    49
    52
    49
    52
    54
    50
    52
    59
    48
    46
    51
    51
    52
    51
    48
    54
    86
   117
    98
   127
   144
   100
    97
   100
    86
    72
    82
    88
    75
    74
    82
    78
    71
    53
    48
    50
    40
    44
    41
    33
    40
    35
    42
    33
    33
    34
    34
    37
    26
    23
    21
    23
    25
    31
    28
    29
    32
    40
    44
    47
    48
    46
    41
    34
    33
    36
    39
    35
    24
    31
    35
    58
    75
    72
    78
    84
    94
    80
    71
    85
    82
    88
    86
    72
    76
    75
    68
    67
    67
    63
    67
    59
    58
    63
    52
    51
    50
    50
    58
    52
    51
    53
    53
    54
    53
    45
    50
    53
    56
    51
    50
    49
    56
    47
    52
    55
    56
    47
    55
    50
    57
    49
    52
    58
    50
    45
    50
    50
    66
   111
   102
   113
   143
   102
   102
    99
   103
   102
    75
    81
    82
    50
    48
    67
    80
    98
    78
    63
    62
    61
    68
    63
    60
    55
    46
    50
    51
    39
    36
    29
    38
    41
    36
    30
    30
    26
    30
    34
    41
    41
    50
    51
    47
    46
    40
    42
    34
    37
    42
    30
    47
    67
    92
    98
   105
   105
    94
    98
    87
    92
    97
    81
    81
    76
    77
    82
    75
    73
    73
    71
    72
    67
    60
    61
    61
    55
    61
    59
    59
    58
    54
    56
    55
    53
    55
    56
    55
    58
    54
    55
    55
    52
    52
    56
    52
    58
    48
    48
    50
    54
    49
    46
    48
    57
    51
    43
    53
    56
    50
    52
    70
   111
   108
    79
   106
   102
    97
   100
   100
    94
   103
    85
    81
    86
    54
    34
    37
    45
    77
    89
    86
    71
    66
    69
    61
    61
    62
    60
    47
    41
    33
    28
    33
    27
    34
    37
    37
    35
    37
    36
    44
    51
    50
    54
    47
    39
    36
    37
    44
    37
    33
    61
    85
    98
    96
    99
    94
    88
    92
    93
    94
    90
    87
    90
    82
    86
    83
    82
    75
    72
    71
    73
    71
    68
    65
    64
    56
    57
    53
    52
    52
    53
    57
    53
    51
    54
    52
    55
    52
    54
    57
    50
    47
    48
    50
    55
    53
    53
    54
    53
    50
    51
    51
    54
    54
    51
    49
    53
    48
    46
    50
    51
    57
   112
   111
    81
    50
    99
   102
   101
    98
   105
    99
   101
    90
    76
    95
    79
    84
    70
    45
    43
    38
    71
    58
    53
    48
    38
    29
    22
    28
    25
    30
    27
    30
    33
    29
    36
    34
    33
    37
    43
    52
    57
    67
    63
    56
    50
    47
    41
    28
    26
    46
    85
    99
   101
   101
    96
    97
    98
    96
    92
    90
    93
    88
    83
    87
    86
    77
    71
    82
    77
    77
    69
    64
    66
    65
    58
    61
    58
    57
    54
    61
    55
    55
    52
    62
    50
    54
    54
    56
    52
    48
    53
    53
    54
    53
    52
    53
    50
    52
    50
    54
    48
    52
    50
    50
    45
    53
    51
    54
    54
    57
    49
    62
    92
   126
   123
   118
