    93
    92
    90
    88
    92
    92
    91
   102
    96
    94
   101
    84
    75
    67
    74
    83
    76
    78
    82
    83
    89
    82
    91
    96
    94
    92
    89
    91
    87
    92
    92
    88
    89
    91
    96
    94
    87
    92
    85
    88
    89
    88
    85
    93
    96
    94
    90
    83
    86
    92
    85
    91
    84
    90
    88
    81
    90
    80
    88
    95
    89
    90
    86
    88
    90
    89
    89
    88
    85
    87
    84
    91
    87
    83
    85
    80
    85
    89
    86
    88
    92
    83
    86
    81
    81
    83
    82
    86
    84
    84
    82
    84
    85
    78
    84
    82
    82
    84
    83
    84
    87
    84
    84
    86
    84
    87
    91
   137
   184
   187
   193
   197
    92
    95
    95
    92
    91
    92
    94
    90
    93
    94
    83
    73
    61
    67
    64
    61
    59
    59
    61
    47
    39
    53
    53
    62
    83
    95
    98
    94
    94
    95
    95
    99
   101
   100
    92
    92
    91
    91
    94
    88
    94
    89
    90
    91
    90
    84
    85
    92
    92
    83
    82
    81
    91
    87
    92
    88
    80
    80
    76
    71
    80
    77
    87
    92
    89
    89
    89
    91
    93
    87
    90
    88
    85
    88
    90
    89
    89
    85
    84
    84
    84
    87
    83
    89
    90
    87
    84
    83
    89
    87
    83
    86
    85
    87
    83
    85
    87
    81
    85
    84
    85
    87
    81
    92
    82
    70
    67
   135
   185
   198
   202
   203
    97
    90
    98
    94
    95
    92
    91
    95
    87
    84
    79
    83
    76
    65
    62
    63
    56
    48
    34
    35
    36
    25
    25
    34
    38
    53
    62
    76
    74
    63
    62
    62
    68
    77
    81
    89
    91
    97
    93
   100
    92
    93
    94
    89
    86
    95
   109
   105
   107
   109
   119
   118
   115
   123
   119
   120
   127
   126
   122
   115
   102
    91
    77
    82
    88
    86
    87
    90
    83
    90
    85
    91
    91
    87
    89
    86
    84
    88
    89
    90
    89
    84
    90
    87
    84
    87
    88
    90
    84
    83
    89
    82
    89
    83
    87
    88
    82
    85
    90
    89
    85
    78
    70
    51
    57
    71
    99
   156
   189
   196
   197
   196
    92
    96
    96
    91
    92
    93
    85
    75
    86
    97
    95
    86
    69
    60
    63
    69
    54
    51
    42
    38
    31
    36
    30
    31
    29
    30
    38
    53
    71
    67
    58
    55
    56
    52
    53
    56
    62
    71
    85
    82
    99
    99
   100
    96
   114
   123
    93
    69
   110
   131
   116
   118
   122
   128
   128
   133
   137
   137
   141
   145
   144
   139
   120
   102
    80
    79
    90
    88
    91
    92
    87
    84
    91
    88
    89
    89
    86
    85
    88
    87
    87
    89
    90
    84
    86
    89
    86
    85
    84
    85
    84
    88
    83
    88
    87
    84
    89
    89
    81
    73
    54
    53
    80
   121
   156
   187
   202
   191
   184
   184
   187
   193
    94
    98
    90
    95
    88
    72
    78
    94
    99
    92
    72
    74
    79
    78
    82
    66
    64
    53
    51
    48
    43
    37
    34
    27
    23
    19
    27
    37
    47
    59
    60
    57
    56
    54
    39
    37
    40
    42
    33
    42
    49
    67
    76
    95
   132
   134
   135
    97
    32
    60
    93
   120
   128
   130
   125
   125
   130
   140
   141
   141
   146
   144
   149
   138
   128
   116
    84
    82
    86
    84
    91
    88
    88
    87
    90
    86
    89
    90
    90
    87
    91
    88
    85
    86
    85
    85
    85
    86
    83
    88
    86
    88
    88
    90
    85
    87
    84
    79
    68
    66
   128
   190
   210
   220
   216
   213
   210
   208
   204
   200
   190
   184
    96
    90
    93
   100
    93
    83
    88
   105
    94
    70
    72
    92
    96
    81
    64
    59
    56
    54
    51
    44
    40
    35
    26
    27
    25
    26
    31
    28
    24
    29
    37
    49
    52
    42
    32
    26
    29
    29
    31
    37
    34
    25
    33
    63
   124
   142
   143
   149
   105
    74
   123
   142
   120
   104
    96
   106
   118
   130
   148
   143
   142
   146
   143
   148
   148
   137
   129
   101
    82
    91
    89
    91
    90
    90
    89
    92
    93
    89
    87
    84
    86
    89
    89
    88
    86
    89
    89
    86
    92
    90
    91
    87
    85
    80
    89
    86
    76
    68
   111
   188
   220
   217
   217
   214
   216
   211
   208
   207
   206
   209
   210
   207
   102
   104
   103
    94
    73
    73
    96
    93
    81
    77
    98
   102
    87
    76
    83
    73
    69
    60
    51
    48
    37
    30
    23
    25
    33
    33
    32
    32
    31
    29
    30
    35
    34
    34
    38
    37
    32
    29
    29
    26
    29
    28
    34
    35
    74
    97
    95
   106
   130
   123
   116
   123
    97
    83
    87
    93
   111
   118
   123
   138
   152
   159
   161
   155
   163
   159
   144
   142
   114
    80
    92
    92
    90
    86
    91
    88
    88
    90
    88
    94
    88
    89
    89
    90
    86
    90
    88
    91
    89
    86
    86
    88
    88
    91
    82
    81
    77
   144
   208
   214
   212
   211
   202
   198
   190
   200
   208
   209
   213
   209
   207
   211
   102
   105
   106
    82
    81
    95
   100
    90
    79
    86
   101
    95
    83
    82
    74
    61
    55
    44
    48
    41
    40
    37
    37
    40
    34
    33
    31
    35
    34
    36
    35
    28
    34
    37
    30
    31
    30
    31
    37
    34
    32
    34
    33
    40
    22
    36
    56
    78
    87
   114
   112
   105
   103
    80
    72
    85
   105
   119
   119
   126
   136
   158
   176
   173
   161
   157
   155
   147
   135
   111
    79
    89
    92
    93
    89
    90
    90
    89
    92
    88
    88
    91
    92
    89
    92
    87
    90
    86
    86
    87
    93
    90
    91
    87
    82
    84
   179
   215
   207
   188
   155
   128
   118
   120
   142
   146
   146
   156
   164
   182
   197
   200
   109
   107
    93
    84
    87
    92
    85
    75
    92
    93
    84
    78
    77
    71
    64
    65
    52
    44
    40
    47
    37
    34
    35
    33
    32
    31
    30
    31
    34
    29
    29
    34
    32
    34
    37
    29
    32
    31
    24
    28
    28
    32
    34
    23
    33
    29
    39
    47
    59
    76
    78
    71
    78
    80
    70
    68
    99
   146
   159
   160
   150
   141
   153
   173
   184
   167
   159
   154
   155
   132
    97
    88
    92
    92
    93
    96
    91
    92
    92
    92
    93
    90
    90
    86
    88
    90
    91
    90
    92
    83
    84
    88
    91
    85
    87
   173
   210
   193
   157
   148
   172
   191
   205
   208
   211
   208
   204
   194
   185
   169
   166
   181
    98
    84
    74
    73
    84
    86
    91
   114
   106
    98
    93
    72
    54
    59
    64
    64
    64
    53
    47
    38
    43
    41
    32
    30
    28
    25
    23
    26
    29
    26
    29
    22
    29
    28
    28
    31
    29
    31
    34
    29
    36
    32
    24
    35
    30
    36
    25
    28
    30
    28
    29
    40
    54
    72
    89
   109
   117
   120
   123
   124
   119
   116
   116
   111
   127
   141
   136
   151
   147
   135
   108
    86
    85
    83
    87
    85
    82
    82
    83
    84
    90
    86
    85
    92
    93
    91
    84
    93
    91
    92
    92
    89
    81
    94
   183
   204
   172
   160
   188
   210
   211
   210
   208
   214
   211
   214
   213
   213
   213
   212
   203
   190
    89
    72
    63
    73
    87
   102
   105
   109
   106
    97
    74
    59
    68
    68
    72
    78
    83
    60
    48
    48
    36
    28
    37
    36
    33
    28
    24
    23
    24
    23
    21
    29
    24
    30
    32
    35
    37
    32
    28
    28
    22
    31
    31
    31
    31
    21
    30
    36
    46
    55
    69
    92
   109
   122
   118
   113
   118
   110
   106
   100
   104
   102
    96
   100
    97
    92
   100
   102
   100
    98
    98
   105
    99
   103
   105
   100
   102
   104
    95
    95
    84
    91
    89
    88
    95
    91
    96
    88
    88
    93
    89
    88
    96
   151
   203
   173
   175
   199
   210
   214
   216
   216
   210
   214
   223
   228
   235
   237
   237
   229
   232
   223
    76
    68
    76
    79
   101
   102
    99
   103
   102
    79
    74
    79
    78
    75
    70
    69
    55
    42
    39
    42
    42
    39
    29
    24
    30
    25
    34
    32
    30
    31
    27
    28
    33
    35
    35
    31
    28
    30
    28
    28
    30
    28
    30
    30
    38
    59
    78
    98
   104
   111
   121
   123
   127
   127
   127
   127
   121
   123
   123
   125
   124
   121
   121
   119
   117
   118
   117
   112
   110
   112
   112
   104
   106
   101
   100
   102
    98
    98
    95
    97
   102
    97
    93
    93
    86
    91
    89
    90
    92
    88
    89
    85
   124
   197
   173
   175
   205
   208
   207
   193
   165
   135
   131
   106
    76
    38
    28
    56
    70
   102
   149
   186
    64
    67
    81
    95
    98
   103
   103
    91
    73
    59
    68
    77
    79
    65
    55
    48
    31
    34
    41
    37
    31
    34
    37
    31
    25
    30
    29
    30
    37
    31
    40
    35
    33
    31
    29
    28
    30
    32
    34
    32
    31
    29
    36
    50
    78
   102
   115
   120
   126
   127
   129
   131
   130
   131
   128
   127
   127
   129
   130
   132
   131
   131
   126
   125
   120
   123
   123
   121
   124
   118
   116
   113
   109
   106
   106
   104
   109
   106
   103
   104
   104
   100
   103
    99
    96
    87
    88
    90
    85
    92
    88
    95
   173
   174
   169
   199
   202
   190
   160
   122
    94
    88
    51
    20
    28
    70
    89
    91
    81
    73
    70
    65
    50
    75
    90
   106
   113
   105
    99
    83
    68
    73
    78
    92
    79
    56
    60
    40
    41
    41
    38
    39
    41
    41
    39
    38
    40
    33
    40
    43
    37
    39
    32
    30
    30
    31
    29
    32
    33
    32
    30
    33
    39
    44
    54
    84
   109
   124
   125
   127
   128
   127
   128
   126
   127
   128
   131
   129
   132
   135
   137
   141
   141
   134
   135
   132
   132
   123
   123
   125
   123
   124
   122
   120
   119
   113
   111
   106
   102
   108
   109
   108
   105
   104
   106
    99
    99
    99
    95
    86
    92
    87
    98
   148
   192
   166
   202
   206
   183
   131
    95
    91
    93
    59
    31
    82
   123
   136
   140
   143
   138
   138
   143
   138
    56
    81
   110
   115
   108
   101
    88
    52
    59
    98
   109
    89
    66
    69
    60
    57
    48
    49
    49
    47
    38
    36
    38
    34
    30
    35
    33
    34
    38
    23
    26
    24
    29
    27
    31
    31
    30
    25
    28
    36
    36
    44
    68
    96
   116
   122
   133
   130
   133
   134
   131
   136
   137
   131
   137
   141
   143
   145
   146
   144
   141
   143
   140
   135
   131
   134
   126
   120
   121
   124
   120
   116
   114
   111
   112
   109
   111
   109
   113
   114
   111
   110
   110
   106
   105
   102
   100
    99
    88
    91
    97
   162
   179
   193
   210
   185
   129
   101
   100
    98
    92
    93
   117
   138
   136
   134
   132
   136
   137
   135
   134
   131
    75
    95
   108
    92
    82
    68
    58
    61
    81
   113
   106
    81
    76
    71
    61
    59
    45
    45
    49
    48
    43
    33
    32
    31
    37
    42
    47
    34
    27
    31
    27
    28
    23
    28
    32
    26
    27
    27
    29
    27
    41
    50
    57
    64
    87
   107
   116
   124
   134
   136
   136
   145
   137
   129
   130
   153
   153
   151
   150
   150
   143
   139
   141
   137
   133
   138
   131
   122
   118
   119
   114
   115
   111
   110
   107
   109
   110
   112
   110
   112
   114
   113
   113
   114
   113
   106
    99
   102
    98
    96
    90
    92
   103
   124
   128
   116
   104
   105
   111
   117
   120
   125
   125
   124
   126
   125
   129
   134
   130
   131
   134
   132
    99
    97
    90
    74
    64
    63
    62
    81
   101
   110
    94
    82
    89
    74
    61
    49
    41
    47
    52
    45
    38
    44
    45
    39
    43
    44
    30
    30
    31
    32
    28
    25
    25
    29
    26
    31
    24
    27
    29
    36
    38
    48
    52
    58
    71
    81
   103
   113
   122
   126
   125
   129
   127
   125
   119
   146
   152
   153
   159
   152
   153
   149
   141
   134
   137
   136
   130
   128
   125
   118
   116
   112
   114
   106
   105
   104
   101
   112
   110
   108
   113
   115
   114
   114
   113
   112
   113
   102
   106
   105
    99
    93
    82
    87
   100
   109
   112
   116
   112
   115
   117
   122
   125
   118
   115
   119
   126
   126
   129
   127
   131
   132
    89
    86
    71
    65
    77
    74
    80
    80
    91
    96
    88
    84
    85
    67
    52
    38
    58
    56
    48
    36
    38
    42
    39
    41
    39
    40
    36
    30
    30
    35
    28
    32
    29
    29
    26
    24
    33
    33
    33
    30
    35
    50
    58
    61
    65
    86
   115
   124
   130
   123
   111
   103
   110
   116
   116
   136
   148
   156
   161
   151
   154
   154
   147
   148
   145
   145
   138
   132
   128
   123
   121
   118
   112
   112
   109
   103
    93
   102
   110
   119
   114
   118
   113
   114
   118
   112
   108
   116
   114
   109
   103
   100
    99
    92
    92
   110
   117
   116
   116
   115
   117
   114
   116
   126
   127
   119
   124
   123
   124
   130
   123
   124
    60
    41
    58
    91
   101
    83
    74
    84
    91
   100
    99
    95
    77
    55
    47
    54
    58
    52
    46
    46
    42
    41
    35
    34
    47
    46
    34
    34
    36
    31
    30
    28
    31
    24
    33
    35
    26
    24
    31
    41
    44
    51
    58
    66
    97
   117
   132
   132
   122
   106
    99
    90
    92
   103
   103
   114
   142
   160
   164
   155
   156
   156
   156
   149
   141
   138
   135
   139
   135
   134
   131
   123
   116
   114
   111
   101
   103
   108
   117
   118
   121
   118
   115
   114
   118
   116
   113
   104
   111
   113
   114
   104
   101
   102
    94
    91
   109
   108
   108
   114
   112
   116
   115
   116
   125
   127
   123
   122
   120
   118
   123
   122
    55
    62
    86
    87
    78
    67
    78
    98
   111
   105
   103
    94
    66
    43
    59
    68
    53
    55
    52
    56
    50
    41
    37
    49
    42
    36
    38
    42
    33
    29
    35
    32
    25
    29
    29
    32
    34
    36
    40
    48
    53
    61
    72
    98
   122
   137
   144
   144
   118
   101
    98
    96
    88
    90
    85
    97
   136
   169
   169
   158
   163
   164
   160
   145
   143
   147
   146
   138
   137
   135
   124
   122
   117
   109
   104
   106
   107
   108
   112
   117
   118
   122
   131
   129
   122
   115
   115
   112
   109
   111
   108
   117
   109
   105
   105
    94
    86
    97
   108
   109
   108
   106
   114
   114
   111
   125
   133
   122
   125
   129
   124
   125
    64
    85
    78
    58
    63
    83
    94
   116
   115
   108
   112
    93
    62
    64
    74
    64
    57
    57
    71
    73
    58
    48
    44
    43
    41
    43
    38
    33
    34
    34
    29
    34
    38
    37
    32
    32
    26
    34
    39
    46
    52
    59
    87
   112
   138
   145
   141
   144
   118
   102
    97
    95
    90
    87
    75
    87
   128
   156
   163
   162
   175
   176
   169
   150
   145
   149
   152
   148
   140
   134
   135
   125
   118
   111
   103
   103
   103
   107
   113
   124
   135
   141
   132
   136
   133
   130
   122
   122
   111
   106
   101
   101
   112
   112
   104
   102
    99
    91
    92
    98
   106
   108
   107
   113
   112
   113
   122
   129
   127
   127
   124
   121
    85
    81
    38
    35
    78
   107
   112
   111
   106
   108
   109
    88
    71
    70
    61
    57
    66
    59
    71
    73
    60
    48
    45
    53
    48
    44
    45
    44
    35
    28
    35
    36
    36
    31
    29
    30
    30
    39
    48
    51
    55
    82
    94
   106
   128
   141
   143
   143
   121
   108
    95
    93
    90
    76
    55
    74
   113
   150
   161
   168
   174
   178
   176
   164
   154
   150
   149
   148
   142
   138
   133
   133
   123
   111
    97
    92
    93
    96
   110
   126
   131
   138
   138
   133
   137
   131
   127
   128
   121
   115
   114
   114
   110
   108
   111
   107
    99
    94
    88
    81
    84
    99
   101
   104
   110
   109
   111
   120
   122
   124
   120
   122
   102
    79
    63
    68
   103
   119
   113
   108
   116
   112
   102
   101
    88
    79
    63
    69
    62
    69
    60
    53
    52
    44
    53
    55
    48
    46
    52
    51
    39
    44
    38
    34
    30
    30
    34
    35
    44
    45
    51
    61
    64
    86
    99
   108
   131
   146
   148
   140
   117
   101
    91
    93
    79
    54
    39
    80
   115
   136
   148
   161
   170
   181
   183
   176
   166
   165
   156
   149
   146
   143
   134
   125
   119
   106
   105
    94
    89
    92
   111
   118
   126
   133
   137
   142
   141
   142
   137
   135
   131
   131
   126
   118
   115
   114
   110
   110
   109
   100
    93
    90
    76
    72
    86
   102
   103
   105
   105
   105
   120
   120
   126
   127
    97
    93
    76
    85
   101
   115
    87
    99
   111
   112
   102
   110
    97
    91
    77
    70
    66
    56
    62
    62
    53
    50
    56
    58
    59
    53
    63
    68
    53
    41
    40
    35
    35
    38
    35
    33
    46
    48
    49
    59
    72
    91
    99
   105
   124
   139
   147
   134
   106
    96
    92
    91
    86
    48
    48
    82
   118
   125
   138
   152
   170
   179
   182
   181
   166
   161
   162
   157
   150
   142
   136
   126
   120
   113
    99
    90
    91
    97
   106
   116
   120
   130
   136
   134
   135
   132
   132
   135
   132
   129
   131
   130
   123
   120
   121
   118
   112
   108
   101
    86
    89
    85
    78
    82
    89
    95
   104
   104
   109
   118
   118
   124
    74
    72
    84
    94
   104
   103
    96
   105
   110
   114
   117
   109
    97
    92
    89
    69
    66
    62
    77
    70
    62
    54
    62
    63
    62
    68
    77
    70
    54
    40
    44
    36
    35
    37
    38
    39
    41
    54
    66
    63
    71
    98
   102
   108
   125
   140
   143
   131
   107
   106
   100
    93
    80
    39
    36
    83
   119
   121
   112
   141
   176
   177
   181
   180
   180
   176
   166
   155
   152
   146
   134
   133
   120
   110
   102
    91
    85
   100
   113
   123
   128
   126
   122
   124
   126
   131
   131
   133
   133
   130
   122
   125
   132
   124
   121
   122
   118
   114
   102
    99
    84
    79
    77
    74
    81
    86
    93
    99
    99
   105
   118
   114
    71
    70
   100
   101
    99
    85
    86
    89
   108
   121
   121
   112
   119
   107
    77
    72
    70
    67
    79
    76
    71
    72
    66
    71
    78
    84
    81
    71
    49
    48
    48
    44
    36
    40
    33
    38
    52
    53
    55
    71
    90
    91
    96
   101
   124
   145
   144
   128
   104
    97
    91
    87
    77
    43
    42
    76
   120
   126
   106
   127
   168
   181
   183
   180
   180
   178
   171
   160
   149
   141
   138
   132
   123
   107
   100
    89
    97
   106
   121
   119
   118
   125
   126
   127
   128
   128
   127
   127
   123
   123
   127
   126
   127
   132
   124
   128
   125
   122
   119
   108
   101
    94
    86
    83
    76
    73
    81
    88
    95
    99
   105
   112
    76
    88
   104
   100
   100
    92
    85
    92
   104
   127
   127
   109
   129
   110
    88
    71
    73
    81
    88
    95
    83
    70
    70
    91
    97
    90
    88
    84
    56
    50
    58
    45
    37
    35
    37
    39
    44
    57
    65
    74
    84
    96
    97
   103
   127
   148
   147
   127
   106
   104
    90
    86
    79
    50
    53
    69
   116
   132
   110
   117
   161
   177
   176
   177
   179
   180
   176
   169
   158
   149
   136
   126
   117
   101
    94
    96
    98
   114
   119
   117
   121
   127
   128
   127
   126
   124
   118
   116
   114
   121
   123
   124
   129
   129
   134
   135
   126
   125
   126
   116
   107
    95
    87
    80
    76
    76
    73
    78
    79
    89
    97
   108
    69
    83
    92
   103
   100
    95
   104
   107
   107
   123
   121
   111
   132
   123
   102
    99
    78
    79
    92
    99
    85
    81
    82
   105
   107
    89
    98
    99
    66
    68
    63
    49
    40
    40
    40
    46
    49
    53
    66
    72
    90
    92
    95
   106
   121
   139
   143
   135
   114
    95
    94
    85
    74
    41
    38
    61
    93
   121
   108
    98
   145
   169
   167
   173
   180
   175
   174
   167
   155
   147
   138
   130
   119
   105
   101
   102
   112
   121
   121
   123
   132
   125
   124
   120
   114
   102
   102
   106
   117
   121
   134
   139
   140
   137
   129
   132
   135
   133
   131
   123
   111
   115
    92
    87
    78
    72
    77
    80
    84
    84
    86
    91
    81
    82
   107
   102
    89
   100
   119
   111
   118
   118
   114
   111
   129
   116
   113
   107
    88
    87
    91
   101
    96
    78
    87
   107
   100
   103
   106
   102
    78
    72
    69
    56
    41
    39
    47
    49
    53
    50
    60
    75
    88
    98
    95
   101
   122
   139
   143
   140
   123
   100
    78
    69
    71
    32
    33
    52
    81
   112
   106
    94
   139
   169
   172
   174
   172
   171
   168
   163
   153
   147
   138
   124
   117
   106
    96
   100
   109
   113
   121
   133
   127
   127
   123
   110
   103
   100
   102
   120
   125
   134
   144
   135
   136
   140
   137
   126
   131
   134
   132
   125
   130
   118
   110
    84
    80
    73
    73
    76
    75
    76
    81
    92
    86
    92
   101
    81
    77
   102
   135
   112
   126
   119
   119
   112
   111
   107
   110
   109
    91
    94
    95
   101
    95
    85
   100
   106
   103
   118
   118
   108
    84
    72
    80
    58
    44
    41
    44
    49
    55
    52
    65
    71
    84
    89
    93
   105
   125
   140
   147
   141
   122
    93
    79
    68
    65
    32
    23
    50
    76
   109
   100
    90
   133
   165
   172
   176
   177
   171
   172
   171
   165
   151
   138
   118
   105
    97
    91
   106
   116
   117
   130
   135
   128
   123
   116
   119
   102
    95
   116
   136
   139
   139
   136
   140
   135
   132
   138
   137
   131
   134
   142
   139
   133
   131
   118
   107
    88
    76
    75
    75
    78
    79
    85
    82
    97
    92
    67
    56
    69
   104
   130
   115
   120
   113
   117
   107
    94
   104
   111
   106
   100
    84
    86
   106
    95
    81
    93
    94
   104
   118
   121
   100
    83
    77
    78
    69
    54
    43
    49
    48
    52
    52
    63
    62
    70
    83
    89
   102
   127
   142
   149
   141
   111
    95
    68
    64
    66
    39
    37
    42
    72
   104
    98
    84
   123
   162
   170
   173
   172
   172
   170
   166
   152
   141
   132
   113
   100
    91
   102
   124
   126
   138
   138
   136
   128
   122
   122
   111
    96
    70
    98
   141
   144
   143
   139
   129
   134
   132
   127
   131
   132
   137
   144
   143
   144
   144
   136
   117
   107
    88
    70
    78
    75
    79
    78
    78
   102
    80
    52
    59
    77
   109
   122
   108
   101
   101
   103
    94
    88
   106
   111
   103
   103
    90
    85
   108
    90
    73
    80
    79
    98
   108
   114
   108
   101
    88
    80
    78
    68
    49
    40
    43
    52
    54
    62
    67
    62
    68
    86
    99
   121
   139
   147
   146
   121
    94
    65
    64
    61
    27
    22
    48
    73
    97
    96
    81
   121
   156
   173
   171
   173
   180
   168
   168
   155
   141
   127
   101
    89
   104
   122
   134
   142
   141
   144
   144
   140
   126
   118
   110
    82
    40
    51
   118
   139
   145
   144
   139
   132
   129
   127
   123
   124
   129
   142
   146
   142
   143
   145
   132
   120
   100
    86
    69
    75
    77
    77
    77
    89
    64
    55
    55
    77
    98
   100
   105
    99
    98
    90
    85
    83
   110
   105
    97
   101
   101
    90
   103
    85
    54
    61
    68
    93
   101
   108
   102
    95
    96
    84
    77
    76
    56
    37
    48
    56
    56
    59
    63
    62
    71
    83
    95
   114
   139
   150
   146
   129
   101
    77
    61
    56
    32
    37
    48
    68
    92
    90
    84
   130
   159
   172
   174
   170
   172
   172
   164
   158
   136
   106
    87
   102
   125
   135
   143
   149
   146
   143
   139
   137
   131
   120
   117
    79
    22
    23
    87
   124
   141
   144
   135
   132
   129
   121
   120
   120
   125
   131
   145
   152
   146
   143
   146
   130
   110
    89
    73
    73
    74
    77
    78
    81
    65
    61
    63
    73
    84
    97
   105
    95
    93
    94
    93
    89
   109
   102
    91
    95
   102
    92
    89
    83
    62
    49
    64
    85
    97
   100
    98
    90
    94
    76
    78
    82
    66
    49
    44
    48
    46
    55
    56
    54
    65
    84
    98
   112
   134
   145
   146
   130
   107
    80
    60
    61
    45
    57
    60
    74
    84
    81
    87
   125
   161
   168
   172
   169
   176
   172
   162
   146
   112
    93
   106
   133
   133
   140
   151
   150
   149
   144
   142
   132
   121
   120
   116
    81
    39
    34
    71
   116
   121
   125
   123
   125
   120
   116
   111
   117
   118
   126
   140
   150
   153
   146
   133
   135
   118
    96
    89
    68
    73
    84
    82
    87
    90
    86
    59
    67
    83
   102
   100
    97
    88
    89
    89
    87
   101
    96
    87
    82
    98
    98
    77
    75
    48
    49
    48
    74
    83
    88
    90
    85
    93
    80
    72
    81
    70
    44
    46
    41
    52
    48
    57
    47
    59
    82
    95
   103
   119
   141
   140
   130
   113
    82
    60
    51
    59
    62
    55
    64
    70
    72
    87
   122
   152
   163
   161
   168
   169
   163
   157
   129
    94
    96
   127
   134
   134
   137
   146
   150
   151
   151
   143
   136
   131
   124
   110
    72
    46
    34
    59
   108
   118
   118
   124
   126
   126
   122
   116
   109
   115
   121
   135
   149
   152
   146
   142
   136
   130
   115
    94
    71
    66
    75
    77
    86
    99
   111
    65
    58
    89
    98
    90
    83
    87
    95
    93
    81
    96
   100
    87
    94
   104
    98
    73
    83
    56
    42
    54
    60
    76
    82
    81
    94
    82
    82
    67
    87
    76
    49
    44
    51
    52
    54
    57
    56
    56
    78
    91
   102
   122
   133
   138
   129
   113
    82
    64
    55
    47
    51
    47
    57
    65
    61
    83
   123
   149
   164
   167
   167
   166
   155
   143
   113
   100
   116
   124
   136
   151
   145
   146
   145
   148
   152
   148
   131
   129
   128
   113
    73
    66
    69
    73
    92
   118
   116
   113
   116
   118
   116
   114
   106
   114
   117
   131
   141
   154
   149
   141
   135
   123
   112
    98
    87
    68
    73
    83
    97
   112
   103
    70
    61
    73
    82
    84
    79
    92
    96
   104
    94
    94
    96
    82
    98
   112
   112
    82
    88
    65
    60
    50
    65
    80
    66
    69
    86
    80
    71
    63
    86
    88
    48
    40
    39
    41
    42
    50
    51
    50
    58
    87
    99
   113
   133
   136
   134
   121
    94
    65
    56
    46
    35
    41
    52
    64
    72
    82
   117
   145
   161
   166
   165
   165
   152
   127
   124
   134
   135
   128
   110
   108
   129
   143
   146
   149
   147
   144
   144
   133
   131
   112
    72
    67
    76
    65
    84
   122
   135
   125
   116
   116
   113
   112
   107
   112
   119
   126
   143
   151
   152
   147
   132
   128
   114
   101
    90
    77
    65
    75
   108
   110
    82
    57
    72
    85
    69
    87
    79
    89
    99
   112
   105
    98
    92
    85
   104
   100
   110
    78
    91
    66
    61
    49
    60
    69
    62
    71
    88
    86
    72
    59
    85
    83
    49
    46
    46
    47
    55
    57
    54
    60
    63
    79
   100
   113
   129
   135
   126
   117
    93
    69
    57
    51
    29
    40
    58
    61
    66
    87
   113
   141
   160
   161
   160
   153
   147
   138
   148
   151
   145
   137
   118
    86
    72
   100
   133
   141
   145
   143
   141
   142
   131
   110
    68
    59
    62
    74
    95
   130
   150
   129
   113
   114
   108
   110
   109
   111
   115
   127
   138
   147
   146
   148
   142
   129
   121
   110
    87
    84
    69
    70
    95
   103
    80
    72
    93
    91
    94
    91
    69
    91
   101
   106
   104
    83
    89
    77
    96
    88
   101
    83
    99
    70
    55
    47
    58
    65
    56
    77
    93
    72
    80
    68
    83
    77
    47
    36
    41
    41
    38
    46
    58
    51
    60
    81
    93
    99
   121
   128
   128
   117
    95
    73
    57
    54
    39
    34
    56
    64
    75
    88
   112
   136
   147
   145
   145
   147
   139
   147
   155
   155
   150
   140
   127
    96
    53
    57
    90
   136
   139
   144
   146
   144
   141
   113
    68
    73
    84
    90
   108
   115
   145
   149
   118
   109
   109
   104
   105
   111
   122
   128
   130
   143
   149
   151
   144
   132
   121
   105
    92
    84
    72
    60
    86
    94
    82
    91
    99
    96
    92
    91
    61
    85
    89
    96
    99
    86
    85
    67
    94
    90
   102
    77
   108
    73
    65
    50
    55
    53
    58
    73
    99
    71
    77
    81
    85
    66
    45
    41
    29
    42
    48
    51
    62
    56
    68
    84
    98
   106
   119
   131
   126
   119
   107
    86
    65
    53
    54
    41
    57
    74
    71
    81
   109
   134
   143
   145
   154
   149
   149
   148
   152
   154
   150
   138
   127
    95
    46
    55
    73
   110
   139
   141
   140
   149
   148
   114
    70
    90
    99
    93
    82
    92
   123
   170
   134
   117
   112
   107
   103
   111
   118
   126
   146
   148
   154
   157
   144
   131
   121
   107
    94
    84
    80
    66
    77
    89
    82
    93
    94
    97
    95
    77
    68
    70
    78
    94
    95
    85
    86
    87
    85
    83
    90
    64
    96
    85
    71
    47
    49
    54
    56
    62
    86
    70
    75
    74
    77
    77
    50
    37
    39
    39
    44
    52
    56
    63
    64
    76
    96
   106
   118
   123
   126
   122
   108
    91
    75
    68
    63
    54
    58
    59
    66
    83
   113
   140
   146
   143
   148
   149
   152
   151
   151
   152
   150
   144
   126
   108
    62
    46
    59
    92
   128
   140
   143
   147
   151
   104
    67
    82
   101
    97
   101
   114
   122
   151
   148
   127
   121
   107
   106
   103
   109
   138
   159
   162
   159
   151
   137
   129
   117
   105
    94
    81
    83
    66
    80
    90
    90
    98
    91
   102
    90
    86
    55
    68
    69
    90
    92
    79
    80
    90
    70
    77
    82
    61
    89
    86
    74
    54
    47
    47
    56
    66
    79
    64
    71
    76
    74
    69
    50
    35
    40
    38
    46
    50
    53
    57
    66
    83
    98
   106
   113
   121
   124
   122
   113
    97
    78
    66
    59
    63
    56
    61
    63
    88
   125
   136
   140
   144
   146
   148
   145
   139
   142
   145
   150
   145
   129
   111
    84
    42
    60
    73
   106
   134
   142
   145
   149
   108
    62
    65
    84
    88
   108
   127
   119
   125
   144
   132
   122
   105
    96
    96
   103
   133
   160
   163
   157
   155
   140
   128
   120
   106
    95
    80
    83
    73
    76
    74
    79
    89
    88
    95
    87
    89
    64
    63
    65
    86
    86
    77
    84
    77
    60
    71
    66
    68
    75
    80
    75
    61
    37
    50
    51
    59
    81
    67
    74
    82
    65
    68
    51
    37
    35
    43
    40
    51
    59
    68
    73
    83
    99
   111
   114
   123
   126
   128
   114
   107
    93
    78
    68
    60
    61
    57
    80
   111
   127
   133
   141
   142
   150
   148
   141
   134
   144
   150
   151
   146
   124
   101
    79
    50
    59
    66
    87
   108
   138
   147
   156
   113
    61
    81
   103
   111
    99
    93
   107
   121
   138
   134
   120
   107
    93
    94
   100
   134
   160
   156
   159
   146
   137
   128
   111
   100
    88
    84
    81
    66
    68
    65
    62
    84
    83
    80
    74
    67
    66
    71
    71
    82
    86
    75
    87
    77
    68
    67
    65
    69
    73
    76
    85
    58
    37
    46
    52
    59
    69
    62
    74
    77
    62
    57
    46
    41
    45
    41
    44
    55
    61
    62
    76
    89
   100
   107
   113
   121
   126
   125
   123
   111
    99
    91
    77
    69
    74
    93
   113
   123
   134
   138
   142
   146
   151
   151
   147
   149
   145
   144
   143
   150
   131
   104
    89
    57
    44
    63
    76
    94
   117
   145
   158
   119
    73
    91
   111
   116
    97
    96
   102
   124
   127
   130
   120
   100
    88
    96
   100
   132
   157
   158
   155
   145
   132
   126
   117
   102
    97
    83
    85
    76
    59
    50
    69
    79
    77
    68
    64
    60
    61
    73
    71
    82
    84
    68
    85
    73
    60
    64
    59
    71
    65
    76
    83
    62
    46
    49
    51
    55
    69
    55
    70
    67
    57
    52
    53
    39
    51
    52
    47
    53
    60
    70
    83
    88
   104
   110
   112
   117
   124
   132
   125
   116
   105
    88
    80
    84
   104
   130
   143
   148
   151
   151
   149
   153
   157
   156
   154
   153
   153
   145
   146
   167
   143
   111
    90
    77
    52
    54
    67
    79
   100
   127
   145
   114
    68
    83
   111
   121
   109
   117
   112
   112
   121
   125
   111
   104
    91
    97
    99
   122
   152
   153
   148
   147
   138
   127
   118
   102
    87
    83
    80
    66
    59
    54
    75
    75
    71
    68
    66
    56
    54
    69
    88
    96
    88
    75
    78
    84
    71
    78
    69
    57
    55
    70
    88
    76
    56
    42
    41
    52
    60
    49
    63
    54
    50
    52
    51
    49
    52
    49
    57
    59
    68
    79
    83
    96
   105
   107
   120
   122
   126
   125
   121
   115
   105
    98
    84
   106
   138
   157
   165
   165
   162
   163
   164
   164
   166
   165
   167
   165
   165
   158
   161
   179
   151
   128
   101
    82
    59
    51
    70
    64
    86
   107
   136
   122
    73
    68
    87
    91
    94
    92
    91
   112
   128
   131
   117
   107
    91
    94
    91
   115
   142
   149
   147
   140
   133
   125
   120
   104
    89
    79
    82
    78
    58
    66
    76
    70
    63
    61
    61
    51
    56
    69
    79
    84
    86
    77
    59
    69
    66
    65
    75
    64
    57
    61
    77
    83
    70
    37
    46
    39
    49
    50
    64
    54
    48
    40
    45
    49
    54
    54
    57
    54
    59
    72
    89
    95
   103
   108
   110
   115
   124
   127
   129
   125
   110
   102
    95
   116
   146
   172
   179
   172
   167
   171
   171
   170
   176
   171
   165
   171
   174
   171
   176
   173
   147
   126
   104
    88
    68
    52
    62
    73
    84
   101
   118
   124
    83
    53
    61
    65
    82
   111
   102
   115
   140
   129
   119
   104
    90
    90
    95
   115
   147
   149
   146
   138
   127
   117
   112
   103
    90
    83
    83
    69
    47
    59
    63
    76
    73
    64
    50
    47
    62
    80
    73
    82
    79
    62
    58
    67
    62
    67
    74
    76
    61
    54
    60
    73
    65
    52
    44
    61
    61
    55
    61
    47
    42
    44
    47
    61
    58
    63
    59
    66
    73
    84
    89
    96
   104
   110
   113
   115
   121
   128
   126
   122
   119
   105
    97
   129
   144
   161
   166
   171
   167
   173
   168
   171
   170
   171
   172
   169
   166
   168
   174
   166
   146
   124
   101
    83
    64
    56
    68
    82
    94
    91
   103
   110
    78
    76
   105
   121
   119
   121
   124
   118
   141
   145
   119
   106
    94
    90
    93
   108
   137
   147
   143
   139
   133
   120
   111
   104
    95
    86
    84
    71
    50
    61
    66
    70
    68
    55
    62
    61
    68
    78
    74
    74
    72
    64
    61
    58
    63
    64
    67
    88
    71
    52
    55
    76
    84
    50
    51
    45
    56
    63
    57
    48
    50
    56
    60
    63
    54
    64
    63
    63
    67
    75
    93
   105
   105
   105
   111
   117
   120
   124
   127
   125
   115
   106
    97
   123
   137
   152
   159
   162
   160
   164
   162
   163
   169
   168
   163
   165
   164
   160
   157
   162
   141
   118
   100
    80
    64
    56
    63
    85
    86
    94
    95
   102
    69
    78
   107
   122
   105
    99
   102
   114
   139
   139
   121
   103
    89
    93
    98
   108
   133
   149
   148
   138
   130
   120
   106
   104
    95
    86
    80
    75
    41
    63
    71
    67
    56
    50
    58
    63
    69
    66
    78
    59
    70
    70
    60
    64
    68
    68
    65
    84
    66
    54
    49
    67
    90
    41
    44
    51
    59
    55
    49
    50
    48
    62
    78
    60
    63
    72
    65
    68
    74
    84
    92
   103
   108
   110
   113
   119
   118
   122
   122
   122
   115
   100
    94
   106
   127
   139
   152
   157
   156
   159
   152
   151
   160
   161
   161
   160
   161
   160
   157
   163
   143
   118
    92
    75
    57
    56
    72
    84
    96
    95
   100
    89
    67
    85
   108
   123
   110
   111
    97
   104
   141
   134
   116
   100
    97
    96
    98
   105
   122
   146
   145
   137
   128
   117
   114
   107
    89
    86
    83
    72
    50
    59
    73
    76
    57
    46
    53
    62
    68
    58
    64
    58
    70
    66
    55
    54
    56
    59
    55
    69
    64
    65
    63
    71
    85
    47
    36
    53
    58
    57
    47
    43
    42
    55
    58
    59
    74
    74
    63
    67
    73
    84
    95
   103
   108
   113
   117
   112
   115
   123
   123
   111
   104
    97
    88
    97
   110
   132
   136
   141
   143
   146
   154
   153
   155
   158
   160
   162
   158
   157
   160
   159
   151
   120
    98
    76
    56
    58
    76
    89
    92
    99
   108
    87
    67
    68
    95
   109
   105
   117
   105
   100
   129
   125
   108
   104
    99
    96
    91
   100
   115
   141
   139
   130
   125
   118
   111
   101
    89
    85
    84
    77
    42
    49
    63
    64
    50
    43
    54
    61
    69
    57
    73
    60
    70
    61
    55
    56
    45
    62
    61
    73
    67
    57
    66
    72
    60
    41
    36
    48
    57
    55
    52
    46
    44
    58
    50
    62
    90
    75
    67
    71
    78
    93
   106
   106
   114
   113
   118
   120
   112
   116
   118
   110
   101
    91
    79
    76
    90
   103
   111
   111
   112
   114
   123
   138
   144
   143
   144
   148
   150
   147
   152
   156
   141
   112
    88
    66
    46
    63
    81
    93
    99
   103
   108
    89
    65
    58
    85
    98
    84
    92
    89
    98
   133
   122
   107
    99
    95
    94
    99
   101
   113
   140
   135
   123
   121
   122
   108
   100
    85
    79
    74
    73
    39
    46
    52
    57
    49
    43
    45
    54
    64
    52
    58
    68
    71
    55
    57
    62
    59
    60
    64
    63
    65
    60
    54
    69
    57
    39
    37
    56
    54
    51
    46
    37
    48
    53
    61
    73
    81
    70
    70
    71
    78
    90
   105
   115
   121
   119
   119
   110
   114
   116
   114
   109
    94
    84
    78
    74
    67
    78
    88
    93
   101
    97
   104
   111
   131
   134
   133
   134
   137
   141
   146
   151
   137
   104
    91
    59
    52
    73
    87
    92
    99
   106
   110
    97
    70
    79
    96
   113
    96
    97
    85
   100
   120
   117
   106
   100
    96
    92
    92
    99
   108
   132
   130
   125
   126
   118
   106
    91
    83
    79
    83
    87
    61
    55
    58
    52
    46
    45
    47
    58
    61
    57
    59
    63
    75
    58
    48
    56
    65
    63
    66
    67
    57
    46
    45
    58
    48
    39
    39
    41
    40
    39
    41
    36
    41
    45
    55
    74
    79
    73
    70
    78
    82
    95
   106
   113
   114
   118
   119
   115
   109
   110
   109
   103
    90
    71
    62
    57
    62
    71
    84
    98
   106
   112
   115
   117
   129
   134
   133
   123
   118
   128
   138
   137
   122
   100
    87
    54
    53
    77
    94
   100
   104
   104
   116
   101
    68
    61
    92
   102
   105
   113
    89
   103
   116
   100
   102
    96
    98
   100
    95
    96
   105
   129
   138
   131
   128
   120
   109
    97
    87
    86
    87
    93
    83
    53
    52
    51
    49
    50
    47
    49
    62
    52
    56
    57
    68
    68
    48
    58
    61
    67
    51
    58
    60
    50
    49
    61
    53
    41
    38
    38
    38
    43
    32
    36
    46
    64
    76
    77
    83
    78
    79
    83
    89
   105
   112
   119
   121
   115
   115
   118
   114
   110
   104
    92
    81
    73
    63
    60
    56
    50
    68
    90
   100
   114
   117
   118
   127
   132
   136
   132
   143
   144
   142
   138
   127
   105
    81
    46
    59
    92
   100
   102
   106
   106
   106
    99
    76
    58
    65
    80
    68
    67
    85
   108
   107
   102
   107
   104
    99
    88
    97
    99
   107
   129
   138
   135
   132
   120
   105
    87
    83
    84
    94
    93
    73
    61
    48
    59
    66
    60
    49
    49
    53
    58
    55
    47
    64
    66
    52
    47
    50
    60
    48
    57
    61
    60
    55
    58
    54
    47
    27
    24
    28
    30
    41
    42
    60
    70
    74
    77
    80
    75
    78
    90
   100
   109
   118
   122
   123
   118
   114
   118
   117
   112
   101
    89
    73
    61
    65
    58
    51
    66
    80
   100
   104
   110
   116
   121
   126
   129
   129
   140
   144
   153
   153
   146
   132
   106
    78
    44
    78
    95
   100
   101
   103
   112
   111
   106
    80
    63
    72
    86
    87
    77
    83
   100
    98
   102
    99
   100
   101
   101
    99
   101
   104
   103
   113
   125
   124
   118
    97
    88
    87
    91
    96
    93
    64
    51
    55
    61
    56
    51
    44
    40
    52
    52
    54
    51
    57
    66
    56
    52
    57
    64
    48
    50
    57
    56
    55
    57
    65
    58
    34
    34
    35
    49
    36
    50
    58
    69
    79
    82
    80
    78
    88
    96
   103
   116
   123
   124
   120
   122
   120
   117
   107
   107
    99
    85
    72
    63
    54
    43
    42
    62
    74
    96
   108
   110
   114
   118
   122
   127
   126
   130
   150
   159
   159
   146
   130
   101
    85
    79
    92
    97
    99
   102
   106
   104
   105
   102
    87
    60
    62
    55
    53
    66
    93
    94
   100
    95
    83
    95
   100
    96
    97
   108
   114
   113
   116
   121
   124
   109
    93
    84
    84
    89
    91
    88
    68
    63
    52
    48
    54
    48
    50
    44
    46
    47
    48
    51
    49
    61
    59
    45
    56
    63
    54
    51
    59
    56
    54
    64
    65
    62
    39
    39
    53
    50
    39
    52
    59
    69
    76
    75
    75
    88
    93
    99
   105
   118
   119
   123
   122
   118
   115
   114
   115
   108
   100
    85
    64
    55
    55
    35
    29
    52
    70
    92
   104
   117
   121
   125
   128
   133
   134
   117
   126
   146
   150
   145
   127
   102
    88
    96
    98
   107
   106
   106
   104
   100
   103
   105
    95
    58
    45
    39
    37
    73
    91
    99
   105
   101
   105
   101
    98
   102
   104
   106
   120
   125
   124
   125
   119
   108
    94
    87
    89
    94
    89
    95
    49
    51
    47
    44
    44
    47
    50
    61
    51
    45
    48
    47
    53
    59
    57
    49
    53
    62
    53
    46
    62
    53
    52
    58
    54
    66
    42
    50
    57
    30
    36
    37
    63
    78
    76
    77
    86
    90
    97
   105
   112
   114
   127
   123
   123
   121
   121
   116
   111
   107
   102
    79
    55
    51
    40
    32
    37
    56
    69
    79
   102
   111
   120
   131
   133
   137
   143
   136
   100
   104
   121
   126
   118
   103
    94
    95
    97
   102
   109
   111
   109
   107
   103
    94
    87
    58
    23
    20
    57
    82
    98
   108
   107
   105
   106
   100
   101
    95
   104
   117
   124
   123
   127
   118
   109
    96
    90
    90
    95
    90
    91
    88
    51
    50
    40
    40
    33
    31
    40
    50
    53
    44
    48
    45
    50
    54
    46
    40
    52
    58
    58
    42
    53
    56
    56
    63
    62
    67
    44
    55
    45
    34
    28
    45
    68
    76
    86
    89
    88
    90
    97
   111
   118
   125
   119
   127
   125
   123
   118
   116
   113
   106
    95
    74
    57
    50
    41
    46
    35
    59
    74
    74
    86
   109
   116
   125
   136
   140
   143
   145
   126
    91
    88
    99
   101
    91
    89
    92
    93
    95
   104
   107
   108
   107
   103
    95
    92
    60
    16
    23
    57
    88
   104
   108
   112
   108
   107
   106
   107
   106
   111
   118
   121
   124
   117
   108
    95
    88
    85
    94
    89
    91
    98
    87
    48
    53
    53
    49
    33
    23
    35
    49
    45
    48
    44
    40
    51
    57
    53
    40
    48
    53
    56
    39
    49
    53
    53
    62
    61
    61
    46
    62
    57
    34
    44
    56
    63
    86
   101
    88
    86
    94
   107
   109
   113
   124
   124
   126
   121
   121
   121
   118
   111
   100
    94
    67
    43
    49
    51
    55
    53
    73
    77
    81
    73
   103
   121
   132
   139
   141
   144
   143
   139
   122
   106
    98
   102
   104
    98
    96
    90
    91
    99
   103
   109
   111
    97
   101
    97
    82
    48
    61
    94
    99
   105
   109
   110
   109
   109
   104
   105
   105
   113
   115
   111
   104
   102
    92
    88
    94
    97
    94
    95
    91
    86
    86
    66
    62
    55
    46
    43
    50
    50
    38
    48
    39
    40
    45
    46
    50
    48
    41
    46
    46
    58
    39
    45
    46
    45
    56
    58
    59
    42
    56
    51
    41
    50
    52
    62
    87
    85
    91
    98
   104
   110
   115
   121
   123
   129
   126
   125
   123
   119
   117
   115
   110
    94
    62
    55
    48
    43
    51
    52
    65
    81
    83
    78
    94
   124
   130
   143
   135
   147
   153
   148
   137
   120
   105
   102
   106
   112
   104
   101
    98
    95
    91
    98
    98
   100
   100
    97
    86
    78
    89
    94
   100
   105
   107
   103
   108
   107
   104
   106
   107
   110
   111
   108
    98
    94
    92
    96
    90
    92
    89
    88
    87
    90
    92
    60
    79
    63
    48
    47
    52
    52
    50
    43
    41
    38
    48
    49
    48
    51
    46
    43
    41
    52
    49
    41
    56
    51
    60
    60
    59
    51
    62
    38
    36
    45
    56
    72
    78
    91
   106
   110
   110
   114
   111
   120
   125
   126
   130
   127
   126
   127
   120
   116
   113
    92
    67
    48
    51
    26
    35
    45
    70
    82
    85
    74
    85
   120
   134
   140
   146
   149
   148
   145
   145
   131
   114
   101
    91
    98
   116
   112
   102
   103
   105
    98
    98
    97
    95
    98
    90
    83
    84
    84
    94
   101
   110
   108
   106
   103
   106
   100
   102
   104
   100
   102
    98
    88
    92
    85
    93
    97
    95
    87
    87
    90
    89
    65
    55
    72
    71
    58
    52
    47
    42
    50
    46
    42
    41
    45
    50
    43
    40
    56
    54
    54
    45
    44
    55
    54
    50
    43
    55
    52
    53
    33
    33
    47
    65
    76
    97
   112
   111
   112
   108
   111
   115
   118
   123
   125
   126
   128
   127
   122
   124
   115
   110
    94
    62
    52
    50
    32
    26
    34
    68
    84
    94
    83
    79
   107
   126
   141
   147
   150
   152
   154
   153
   140
   126
   116
   104
    90
    94
   100
   105
   104
   108
   115
   108
    94
    93
    91
    94
    95
    98
    97
    93
    98
    98
   103
   101
    99
    96
    99
   100
    95
    96
    95
    89
    84
    88
    93
    93
    90
    87
    89
    88
    87
    95
    70
    75
    65
    68
    58
    60
    46
    48
    44
    48
    39
    35
    38
    45
    40
    34
    49
    44
    51
    49
    46
    59
    51
    43
    53
    58
    53
    47
    31
    39
    52
    53
    71
    96
   103
    96
   101
   111
   118
   115
   114
   123
   125
   125
   128
   129
   129
   128
   116
   106
    84
    62
    51
    62
    33
    29
    29
    56
    82
    94
    86
    83
   106
   120
   136
   144
   149
   150
   157
   154
   148
   137
   124
   110
    99
    94
    94
   101
   104
   107
   112
   108
   106
    98
   102
    98
    99
   101
    97
    97
   101
   106
   103
   100
   101
   100
    99
    97
    97
    96
    93
    93
    94
    93
    86
    90
    88
    84
    89
    88
    93
    95
    77
    68
    59
    48
    40
    37
    46
    44
    41
    41
    34
    39
    45
    41
    47
    35
    37
    43
    41
    44
    31
    60
    53
    50
    52
    59
    55
    47
    34
    37
    39
    41
    66
    68
    85
    93
   104
   111
   115
   115
   123
   119
   124
   125
   128
   130
   132
   127
   121
   110
    87
    65
    55
    57
    37
    20
    33
    68
    92
    99
    96
    77
   102
   119
   140
   145
   153
   152
   149
   150
   145
   139
   127
   113
   112
   100
    94
    94
   100
   114
   112
   113
   106
   110
   108
   108
   107
   101
   100
   108
   108
   103
   110
   110
   103
   102
   102
    99
    97
    91
    88
    88
    91
    90
    92
    87
    90
    94
    90
    91
    96
    89
    69
    65
    64
    52
    42
    38
    48
    36
    37
    32
    34
    35
    34
    39
    34
    39
    37
    45
    46
    47
    37
    61
    46
    47
    45
    63
    58
    39
    36
    37
    46
    59
    58
    71
    70
    81
    99
   113
   117
   114
   113
   113
   123
   126
   129
   128
   127
   127
   121
   106
    85
    66
    57
    68
    41
    20
    25
    55
    83
   100
    97
    80
   102
   119
   137
   153
   156
   156
   153
   150
   148
   141
   132
   117
   106
    96
    88
    92
    92
   103
   117
   110
   111
   102
   107
   111
   112
   109
   109
   112
   109
   110
   107
   106
   105
   103
    95
    96
    94
    90
    91
    89
    92
    93
    86
    90
    89
    88
    86
    93
    91
    92
    86
    79
    70
    65
    52
    41
    45
    46
    37
    26
    25
    23
    39
    44
    42
    36
    38
    40
    49
    49
    35
    48
    51
    43
    45
    60
    56
    29
    24
    66
    82
    61
    53
    56
    67
    92
   103
   112
   111
   116
   117
   113
   116
   125
   130
   134
   129
   129
   119
   101
    81
    58
    59
    70
    54
    27
    40
    68
    87
   102
   100
    86
   106
   128
   139
   143
   154
   151
   147
   150
   146
   141
   131
   121
   111
    97
    94
    90
    97
   102
   107
   118
   116
   122
   119
   112
   116
   117
   111
   112
   110
   109
   109
   104
    98
    98
   101
    92
    84
    88
    99
    96
    93
    81
    87
    85
    86
    90
    90
    89
    92
    86
    91
    93
    90
    69
    63
    58
    51
    40
    32
    25
    20
    26
    37
    32
    37
    31
    40
    40
    46
    49
    38
    53
    48
    35
    45
    62
    49
    28
    51
    63
    52
    48
    45
    52
    74
    89
   103
   106
   112
   116
   114
   123
   123
   122
   128
   128
   127
   126
   118
   103
    84
    66
    64
    70
    66
    52
    65
    75
    99
   107
    97
    87
   107
   130
   139
   148
   149
   153
   154
   143
   144
   138
   134
   124
   107
    98
    87
    85
    85
    93
   107
   110
   120
   119
   119
   114
   108
   107
   105
   104
   103
   100
    98
    95
    99
    92
    86
    88
    93
    94
    92
    91
    93
    91
    90
    91
    93
    94
    96
    95
    92
    93
    69
    80
    88
    83
    65
    62
    53
    39
    23
    30
    26
    25
    31
    34
    34
    35
    31
    37
    39
    43
    43
    59
    56
    34
    37
    66
    49
    41
    47
    42
    34
    32
    45
    55
    66
    92
   105
   110
   112
   115
   122
   122
   127
   121
   125
   127
   126
   127
   118
   104
    85
    66
    62
    71
    63
    44
    52
    75
   100
   103
   104
    91
   114
   131
   139
   141
   146
   148
   152
   150
   144
   139
   129
   118
   110
    99
    91
    87
    89
    96
   101
   109
   113
   113
   110
   108
   100
   105
   102
    96
    98
    98
    96
    98
    96
    95
    87
    91
    89
    94
    90
    91
    92
   100
    97
   101
   102
   101
    91
    85
    75
    47
    69
    54
    55
    64
    65
    45
    37
    27
    30
    29
    35
    41
    51
    42
    36
    27
    37
    36
    34
    39
    50
    39
    45
    26
    35
    66
    49
    51
    46
    41
    35
    41
    44
    52
    74
    92
   103
   111
   114
   117
   114
   119
   123
   127
   123
   125
   129
   123
   117
   108
    88
    76
    73
    79
    78
    35
    39
    73
   104
   106
    97
    94
   115
   127
   136
   140
   146
   151
   150
   146
   142
   135
   124
   112
   108
    99
    96
    94
    93
    90
    96
   102
   108
   106
   106
   106
   109
   104
   103
   103
    95
    95
    93
    89
    94
    93
    90
    80
    80
    79
    77
    78
    66
    58
    46
    41
    37
    36
    28
    19
     7
    29
    71
    61
    48
    44
    58
    60
    51
    52
    54
    58
    64
    58
    52
    46
    44
    32
    25
    29
    35
    36
    36
    46
    52
    25
    36
    62
    49
    42
    36
    34
    28
    30
    44
    59
    70
    89
   102
   111
   116
   115
   114
   123
   120
   125
   123
   121
   119
   121
   107
    98
    90
    76
    69
    76
    75
    37
    36
    74
   100
   103
   107
   103
   118
   127
   136
   137
   147
   145
   144
   139
   137
   130
   125
   118
   109
   101
    93
    92
    89
    93
    98
    98
   102
   102
   106
   100
    97
    99
    97
    93
    92
    95
    97
    98
    78
    80
   101
   135
   123
   102
    86
    67
    53
    34
    22
    10
     9
    21
    26
    56
    88
   115
    70
    66
    63
    51
    58
    69
    81
    79
    77
    69
    62
    64
    54
    52
    37
    29
    26
    35
    41
    41
    40
    49
    44
    26
    26
    63
    45
    34
    36
    30
    41
    43
    52
    59
    66
    80
   104
   111
   112
   113
   118
   121
   125
   120
   121
   121
   119
   115
   108
    98
    94
    80
    74
    86
    84
    56
    29
    58
    93
   104
   108
   107
   119
   131
   139
   141
   143
   141
   142
   140
   133
   123
   121
   114
   106
   101
    96
    92
    89
    88
    96
    98
    98
   101
    93
    97
    99
    95
    92
    92
    93
    97
    97
    96
   131
   107
    83
    99
   149
   161
   145
   126
   105
    96
    88
    92
   100
   101
   120
   131
   143
   149
    71
    76
    74
    71
    68
    67
    72
    74
    66
    61
    61
    63
    54
    48
    33
    32
    24
    23
    42
    43
    36
    43
    49
    36
    26
    58
    43
    34
    26
    33
    33
    40
    48
    59
    66
    73
    89
    99
   107
   110
   110
   116
   117
   121
   117
   116
   120
   118
   106
    97
    81
    83
    79
    79
    81
    71
    48
    55
    97
   112
   117
   109
   111
   125
   138
   137
   138
   138
   143
   138
   133
   125
   119
   108
   106
    96
    90
    91
    91
    91
    91
    96
   100
    99
    99
    91
    96
    95
    91
    94
    97
    93
    81
    59
   120
   140
    93
    75
    87
   131
   165
   173
   157
   146
   137
   136
   136
   135
   144
   152
   163
   169
    74
    69
    67
    71
    78
    82
    72
    75
    83
    77
    66
    51
    41
    32
    34
    36
    40
    30
    29
    45
    48
    34
    32
    39
    30
    40
    39
    38
    38
    35
    38
    46
    50
    58
    63
    67
    81
    93
    99
   106
   108
   108
   111
   111
   116
   112
   111
   113
   111
   101
    91
    80
    77
    87
    84
    83
    70
    60
    88
   107
   118
   116
   113
   120
   129
   131
   128
   130
   136
   133
   129
   124
   116
   111
    96
    96
    94
    93
    91
    92
    95
    96
    94
    94
    94
    95
    91
    97
   100
    99
    81
    59
    39
    45
    54
   126
   156
   125
    98
    68
    65
   102
   141
   159
   168
   171
   172
   175
   165
   158
   138
   114
    74
    66
    59
    61
    51
    67
    63
    55
    59
    57
    54
    41
    40
    27
    30
    32
    23
    30
    38
    34
    47
    42
    41
    36
    28
    31
    32
    35
    32
    33
    44
    46
    50
    58
    71
    68
    80
    89
    97
   101
   104
   106
   106
   109
   109
   107
   111
   112
   109
   101
    92
    80
    78
    88
    87
    91
    90
    74
    90
   111
   117
   115
   114
   125
   129
   129
   127
   125
   134
   131
   125
   120
   107
   108
   104
    95
    95
    91
    92
    94
    97
    96
    95
    96
    98
    97
    97
   103
    86
    64
    46
    50
    56
    51
    52
    58
   137
   155
   128
   117
    99
    72
    53
    52
    68
    84
    95
   101
    85
    63
    56
    52
    69
    72
    66
    66
    69
    54
    59
    52
    46
    36
    34
    42
    25
    34
    39
    34
    32
    30
    39
    39
    41
    39
    37
    35
    28
    20
    27
    26
    31
    33
    34
    41
    56
    57
    68
    74
    76
    87
    86
    89
    87
    89
    94
   102
   104
   105
   103
   109
   105
   107
    93
    86
    86
    83
    90
    96
   101
    97
    98
   110
   115
   116
   114
   113
   120
   121
   114
   120
   119
   113
   112
   112
   107
    99
    98
    97
    92
    92
    88
    93
    90
    96
    93
    96
    98
    97
    89
    60
    53
    43
    53
    52
    53
    54
    51
    50
    47
   117
   169
   149
   136
   131
   128
   101
    79
    62
    47
    32
    56
    84
   110
   129
    55
    60
    67
    75
    75
    71
    67
    72
    74
    62
    50
    36
    37
    36
    36
    36
    38
    44
    42
    42
    36
    33
    36
    39
    37
    29
    25
    26
    24
    32
    35
    38
    45
    55
    59
    57
    65
    69
    73
    71
    72
    85
    93
    93
   100
   104
   108
   101
   102
   103
   104
    96
    87
    87
    94
   101
   103
   102
   110
   112
   111
   111
   108
   108
   108
   109
   113
   112
   118
   112
   112
   108
   102
   102
    95
    93
    94
    92
    94
    94
    96
   101
   105
    96
    86
    56
    45
    45
    45
    51
    51
    52
    50
    52
    50
    48
    46
    45
    97
   164
   167
   150
   138
   132
   128
   119
   115
   127
   141
   148
   152
   152
    66
    47
    47
    52
    68
    65
    66
    75
    70
    78
    69
    56
    52
    44
    41
    43
    39
    46
    51
    42
    32
    35
    38
    41
    45
    34
    24
    29
    34
    30
    33
    36
    45
    51
    60
    55
    55
    58
    56
    58
    64
    70
    84
    96
   104
   105
   100
   107
   101
    99
    97
   100
    97
    99
    99
   104
   106
   110
   107
   110
   117
   114
   113
   111
   109
   112
   109
   110
   113
   113
   108
   103
   105
   104
   101
   105
    96
   106
   104
   102
   105
    82
    66
    55
    43
    51
    51
    55
    54
    54
    48
    47
    53
    50
    54
    51
    49
    47
    37
    57
   119
   161
   164
   165
   154
   155
   155
   156
   165
   160
   162
   164
    83
    75
    62
    56
    42
    62
    62
    67
    78
    67
    67
    71
    57
    37
    36
    42
    32
    29
    32
    37
    35
    23
    27
    33
    36
    39
    34
    25
    28
    29
    26
    34
    35
    42
    52
    57
    54
    42
    42
    55
    56
    58
    58
    69
    94
   102
   104
    97
   104
   105
   104
   103
   104
   106
   105
   103
   105
   105
   115
   110
   110
   116
   112
   111
   108
   107
   109
   111
   108
   105
   100
   102
   105
   109
   112
    99
    98
    81
    73
    62
    46
    48
    45
    46
    54
    50
    52
    54
    56
    54
    57
    58
    56
    57
    51
    51
    54
    53
    53
    44
    36
    59
   105
   134
   154
   160
   169
   167
   154
   155
   151
   149
    82
    90
    79
    77
    70
    61
    66
    53
    56
    74
    58
    59
    64
    56
    36
    28
    25
    27
    21
    24
    30
    32
    31
    26
    31
    37
    33
    30
    28
    27
    28
    30
    35
    40
    40
    42
    42
    47
    49
    40
    40
    41
    52
    51
    56
    78
   102
   112
   102
   106
   106
   103
   103
   103
   109
   107
   107
   108
   105
   102
   108
   106
   110
   107
   101
    98
   100
   100
    97
    97
    99
   102
    97
    77
    67
    59
    53
    47
    43
    46
    48
    54
    52
    59
    52
    52
    50
    51
    51
    54
    48
    50
    49
    45
    51
    48
    53
    51
    50
    49
    50
    45
    30
    40
    42
    59
    58
    99
   139
   138
   132
   127
    81
    86
    96
    72
    73
    81
    72
    69
    60
    59
    60
    46
    48
    46
    40
    39
    32
    35
    41
    30
    29
    29
    22
    27
    19
    27
    32
    32
    29
    30
    28
    32
    32
    28
    35
    38
    39
    41
    43
    41
    38
    36
    34
    33
    41
    48
    57
    70
    94
    98
   103
   108
   107
   108
   107
   109
   107
   105
   104
   107
   102
   102
    91
    96
    97
    98
   102
   100
    99
   105
   110
    95
    66
    54
    55
    52
    51
    52
    53
    54
    53
    52
    55
    52
    51
    50
    51
    51
    53
    47
    54
    51
    53
    56
    56
    56
    51
    55
    54
    51
    47
    46
    50
    45
    43
    40
    41
    61
   128
   132
   131
   131
   100
    78
    85
    88
    57
    50
    66
    81
    91
    76
    71
    69
    67
    70
    62
    56
    63
    53
    49
    41
    37
    32
    37
    24
    26
    22
    29
    26
    30
    29
    28
    33
    25
    34
    37
    39
    38
    43
    39
    37
    29
    28
    31
    31
    22
    17
    31
    38
    46
    63
    72
    80
    84
    92
    97
    95
    98
   100
    92
    86
    85
    91
   108
   101
   109
   113
   113
   111
   113
   109
    98
    84
    61
    58
    52
    57
    55
    59
    56
    57
    55
    54
    57
    57
    58
    51
    55
    56
    49
    56
    54
    52
    56
    52
    52
    50
    54
    49
    53
    53
    51
    53
    53
    53
    56
    48
    50
    55
   112
   141
   134
   134
   101
   104
    81
    77
    85
    63
    61
    55
    60
    81
    86
    77
    70
    71
    73
    77
    66
    70
    62
    61
    47
    34
    32
    38
    35
    27
    30
    31
    22
    29
    32
    31
    42
    46
    46
    46
    49
    41
    34
    35
    37
    35
    33
    34
    33
    36
    28
    26
    26
    26
    34
    37
    39
    43
    49
    53
    63
    64
    73
    73
    79
    86
   100
   110
   115
   122
   126
   120
   109
    94
    82
    54
    58
    55
    59
    51
    56
    57
    51
    54
    51
    50
    52
    48
    51
    54
    48
    55
    57
    51
    49
    53
    52
    53
    50
    53
    48
    57
    57
    54
    57
    51
    48
    51
    49
    54
    51
    51
    83
   131
   134
   130
    95
   100
   104
    90
    87
    92
    84
    81
    76
    63
    53
    73
    76
    66
    55
    48
    53
    56
    53
    45
    33
    28
    28
    31
    34
    36
    35
    33
    33
    32
    34
    44
    47
    46
    49
    54
    45
    41
    38
    38
    34
    34
    34
    36
    41
    35
    37
    36
    36
    30
    32
    38
    46
    53
    57
    61
    66
    77
    78
    86
   107
   110
   103
   109
   116
   112
   114
   105
    87
    66
    54
    61
    62
    62
    59
    58
    51
    59
    51
    56
    55
    58
    53
    52
    50
    47
    57
    52
    51
    50
    53
    49
    54
    53
    57
    51
    49
    50
    49
    52
    52
    46
    49
    54
    55
    50
    52
    59
   103
   126
   137
   138
   103
   100
   100
   108
    91
    82
    87
    86
   100
    98
    75
    36
    42
    47
    50
    40
    38
    27
    26
    27
    30
    32
    31
    35
    35
    36
    36
    36
    38
    39
    36
    41
    51
    51
    55
    50
    44
    40
    37
    34
    36
    35
    31
    25
    29
    29
    31
    30
    36
    41
    52
    76
    90
   102
   101
    91
    89
    89
   101
   107
   102
    96
   104
   103
   100
    96
    77
    74
    67
    66
    68
    64
    56
    60
    55
    55
    50
    51
    57
    53
    57
    52
    57
    54
    56
    59
    53
    50
    53
    52
    52
    52
    50
    53
    49
    56
    53
    52
    51
    49
    44
    54
    51
    49
    51
    51
    47
    52
    98
   125
   133
   143
    98
   101
    99
    98
   101
    91
    83
    74
    76
    92
   105
    95
    59
    50
    51
    65
    64
    56
    48
    44
    39
    36
    42
    39
    37
    40
    39
    38
    37
    36
    49
    55
    52
    59
    55
    49
    48
    38
    39
    33
    38
    31
    33
    35
    31
    32
    32
    43
    44
    50
    62
    71
    72
    84
    89
    91
    90
    89
    92
    99
   102
    99
    92
    84
    77
    64
    65
    66
    62
    65
    68
    57
    64
    61
    60
    56
    57
    59
    55
    49
    48
    57
    53
    58
    48
    50
    50
    56
    54
    50
    52
    54
    51
    52
    47
    51
    54
    54
    55
    55
    55
    50
    53
    54
    52
    53
    52
    54
    74
   109
   117
   139
   103
   103
    98
   103
    98
   100
    97
    97
    84
    68
    75
    86
    95
    77
    72
    56
    63
    66
    56
    54
    49
    50
    42
    44
    45
    39
    40
    45
    46
    51
    58
    58
    66
    66
    60
    54
    44
    45
    44
    44
    35
    38
    44
    50
    64
    74
    94
   101
    93
    92
    98
    99
    94
    78
    84
    81
    90
    98
    97
    85
    80
    76
    75
    74
    74
    79
    78
    72
    72
    69
    60
    67
    57
    52
    59
    55
    52
    52
    50
    59
    58
    53
    51
    50
    55
    57
    58
    52
    54
    53
    52
    53
    53
    51
    54
    53
    46
    48
    46
    46
    50
    51
    52
    49
    46
    46
    50
    52
    72
   120
   121
   135
    98
    98
   104
   104
   104
   100
    98
   103
   104
    91
    81
    73
    67
    85
    79
    82
    77
    79
    72
    65
    51
    47
    46
    39
    48
    51
    50
    50
    59
    59
    61
    67
    57
    53
    44
    41
    39
    35
    31
    25
    32
    53
    80
    97
    99
   100
    95
    97
    96
   100
    96
    90
    93
    95
    93
    93
    90
    84
    86
    88
    84
    81
    83
    82
    82
    77
    75
    73
    73
    64
    69
    61
    62
    59
    55
    55
    56
    52
    60
    53
    52
    59
    55
    53
    53
    50
    49
    53
    55
    53
    51
    51
    50
    52
    53
    57
    57
    54
    55
    53
    49
    46
    46
    50
    52
    51
    50
    53
    72
   118
   111
   121
   102
   100
    96
   101
   100
    99
   100
   100
    99
   100
    94
    93
    89
    70
    67
    62
    69
    68
    82
    82
    79
    60
    62
    58
    52
    52
    65
    58
    61
    57
    58
    56
    53
    54
    51
    44
    39
    37
    45
    65
    79
    90
    94
    98
    97
    97
    98
    98
    95
    97
    94
   100
    92
    91
    93
    91
    93
    92
    89
    84
    88
    87
    87
    81
    77
    75
    74
    73
    68
    70
    63
    61
    59
    57
    62
    54
    57
    55
    55
    59
    54
    50
    54
    53
    54
    54
    58
    51
    51
    54
    55
    52
    55
    50
    54
    48
    55
    53
    50
    52
    54
    54
    55
    52
    53
    53
    53
    56
    58
   105
   107
    94
   100
    99
   101
   102
   101
    97
    99
   104
   106
   101
    99
    95
    94
    92
    81
    81
    84
    74
    59
    57
    55
    61
    45
    51
    54
    54
    45
    57
    55
    58
    56
    57
    53
    46
    50
    53
    59
    73
    85
   102
   100
    99
    99
    93
    98
    99
    96
    99
    95
    96
   100
    96
    99
    98
    96
    94
    93
    93
    91
    92
    86
    86
    80
    79
    78
    76
    77
    72
    69
    68
    70
    64
    64
    58
    57
    62
    54
    54
    54
    53
    51
    55
    55
    55
    56
    53
    55
    50
    51
    55
    55
    51
    47
    53
    52
    54
    49
    50
    51
    50
    51
    50
    47
    50
    51
    49
    52
    48
    51
   102
   117
    90
    98
    99
   102
   101
   101
   103
   100
   100
    98
   101
   100
    96
    93
    87
    92
    86
    74
    91
    88
    74
    65
    51
    59
    43
    41
    42
    44
    49
    60
    52
    51
    44
    52
    57
    67
    89
    92
    96
    98
    93
    96
    95
    96
   103
    96
    92
   100
   101
    95
    97
    98
    95
    94
    95
    95
    93
    95
    94
    88
    87
    88
    82
    81
    81
    84
    77
    73
    71
    70
    67
    66
    66
    62
    57
    55
    51
    51
    56
    53
    53
    61
    55
    59
    57
    53
    50
    45
    55
    54
    45
    49
    55
    58
    59
    52
    50
    53
    55
    57
    54
    52
    52
    57
    57
    53
    50
    42
    59
    60
    92
   117
    94
