   101
    92
    85
    83
    81
    66
    48
    63
    79
    75
    62
    75
    80
    86
    76
    58
    49
    55
    50
    54
    55
    44
    38
    33
    25
    22
    31
    35
    31
    38
    50
    56
    57
    57
    62
    54
    40
    51
    47
    40
    34
    34
    42
    63
    68
    75
    65
    80
   109
    88
    95
   129
   149
   160
   155
   145
   147
   127
   139
   144
   140
   138
    92
    67
    53
    30
    54
    64
    65
    68
    63
    64
    64
    62
    61
    66
    67
    66
    63
    65
    64
    62
    62
    66
    65
    62
    59
    61
    63
    66
    65
    65
    66
    64
    62
    63
    66
    62
    63
    67
    62
    64
    70
    64
    70
    66
    68
    67
    61
    78
   144
   171
    86
    73
    69
    82
    73
    54
    66
    89
    82
    64
    64
    82
    76
    70
    66
    63
    65
    70
    67
    59
    43
    35
    38
    36
    28
    27
    29
    27
    34
    32
    33
    43
    52
    49
    51
    46
    41
    29
    33
    34
    31
    23
    25
    29
    41
    46
    70
   112
   112
    94
    33
    36
    79
    96
   110
   115
   120
   126
   125
   124
   127
   132
   150
   144
   121
    89
    57
    44
    60
    67
    68
    64
    63
    67
    64
    62
    65
    63
    62
    63
    63
    66
    63
    63
    63
    67
    68
    64
    65
    64
    64
    62
    62
    64
    65
    63
    66
    66
    68
    64
    67
    66
    69
    72
    69
    66
    46
    40
    37
    85
   155
   167
    71
    69
    77
    64
    47
    60
    74
    73
    62
    62
    73
    80
    78
    71
    81
    78
    67
    61
    49
    51
    41
    34
    22
    29
    32
    30
    30
    20
    21
    25
    31
    35
    37
    37
    35
    27
    26
    23
    28
    27
    27
    34
    28
    24
    21
    29
    53
   121
   129
   136
   115
    17
    30
    81
   113
   130
   134
   145
   144
   153
   152
   134
   130
   142
   148
   144
   126
    84
    43
    50
    58
    62
    65
    61
    66
    65
    61
    63
    63
    60
    62
    65
    63
    66
    65
    59
    60
    64
    61
    62
    60
    65
    67
    65
    65
    68
    62
    66
    62
    63
    66
    73
    52
    42
    18
    14
    28
    58
   117
   161
   180
   186
    79
    71
    48
    37
    51
    58
    56
    55
    67
    78
    78
    66
    68
    73
    57
    62
    53
    46
    47
    46
    47
    38
    34
    27
    29
    31
    29
    36
    34
    33
    32
    29
    32
    34
    33
    31
    31
    30
    21
    27
    30
    30
    32
    33
    29
    30
    36
    66
    90
    89
   124
   109
    59
    93
   121
   117
   114
   109
   115
   120
   129
   148
   141
   133
   132
   134
   128
   124
   113
    68
    58
    62
    64
    66
    64
    63
    65
    65
    67
    68
    67
    64
    64
    67
    65
    65
    65
    64
    64
    65
    65
    60
    65
    64
    65
    62
    65
    65
    65
    61
    51
    23
    26
    45
   100
   151
   178
   194
   182
   168
   159
   160
    68
    54
    40
    46
    47
    63
    72
    83
    84
    89
    89
    82
    67
    63
    67
    62
    53
    50
    48
    39
    38
    40
    37
    34
    31
    29
    28
    36
    35
    29
    28
    29
    25
    21
    29
    36
    32
    32
    35
    33
    31
    29
    30
    31
    29
    28
    26
    25
    39
    72
    91
   115
   116
    87
    93
    87
    79
    81
    92
   101
   107
   121
   133
   135
   127
   123
   125
   121
   118
   107
    78
    59
    63
    65
    65
    65
    67
    63
    64
    65
    67
    67
    63
    59
    64
    65
    65
    63
    63
    63
    62
    62
    63
    64
    61
    61
    62
    62
    65
    49
    32
    67
   138
   187
   214
   217
   217
   210
   206
   201
   192
   180
    53
    45
    46
    50
    62
    68
    76
    87
    92
    87
    69
    56
    47
    47
    59
    61
    56
    50
    47
    51
    48
    38
    31
    32
    33
    32
    30
    27
    25
    28
    29
    32
    36
    36
    27
    32
    32
    32
    32
    33
    32
    31
    30
    27
    30
    32
    30
    31
    27
    43
    56
    85
    94
    83
    86
    64
    50
    66
    68
    89
    92
    90
    96
   120
   133
   133
   138
   145
   139
   129
   117
    77
    57
    66
    67
    64
    65
    66
    66
    66
    61
    63
    65
    66
    66
    64
    64
    66
    68
    66
    66
    67
    66
    66
    64
    67
    68
    64
    42
    41
   117
   193
   220
   216
   214
   211
   206
   209
   203
   207
   208
   211
    46
    46
    46
    59
    64
    70
    81
    85
    73
    49
    42
    52
    57
    58
    65
    74
    56
    51
    54
    50
    33
    29
    28
    28
    29
    25
    26
    30
    27
    31
    36
    34
    31
    31
    30
    24
    29
    30
    30
    29
    28
    32
    28
    32
    31
    34
    39
    32
    32
    31
    33
    48
    54
    55
    66
    77
    66
    47
    55
    78
   106
   110
   105
   108
   133
   154
   144
   139
   139
   132
   125
   113
    79
    63
    69
    67
    63
    69
    67
    61
    65
    69
    65
    65
    64
    63
    67
    64
    65
    63
    62
    64
    63
    61
    67
    65
    60
    47
    71
   155
   215
   213
   210
   209
   203
   199
   204
   203
   207
   204
   207
   206
    33
    31
    59
    56
    69
    68
    58
    62
    48
    46
    55
    58
    65
    67
    67
    58
    44
    45
    49
    33
    34
    32
    26
    30
    26
    26
    27
    28
    28
    27
    30
    29
    31
    32
    30
    29
    28
    30
    31
    26
    30
    30
    28
    27
    26
    32
    30
    33
    32
    33
    33
    26
    27
    37
    37
    51
    62
    57
    63
   102
   120
   126
   121
   114
   110
   121
   137
   132
   124
   122
   118
   112
    92
    66
    59
    64
    67
    62
    65
    67
    64
    65
    67
    65
    65
    65
    64
    65
    61
    63
    65
    65
    63
    67
    66
    64
    51
    68
   166
   210
   204
   187
   163
   144
   143
   146
   151
   157
   168
   172
   182
   192
    31
    41
    71
    83
    81
    77
    71
    46
    42
    41
    52
    58
    50
    47
    42
    31
    36
    40
    40
    42
    35
    37
    34
    25
    23
    25
    33
    29
    31
    28
    26
    26
    29
    31
    34
    31
    27
    26
    27
    28
    30
    24
    26
    30
    36
    32
    30
    25
    29
    31
    33
    37
    43
    54
    69
    69
    79
    84
    86
    98
   105
   109
   110
   111
   116
   102
   107
   130
   118
   118
   119
   114
    97
    72
    65
    68
    64
    66
    65
    66
    65
    61
    65
    68
    69
    66
    66
    66
    70
    68
    68
    65
    66
    66
    61
    57
    76
   160
   195
   183
   154
   132
   143
   162
   184
   197
   198
   198
   188
   183
   179
   177
    43
    71
    81
    82
    72
    64
    41
    43
    47
    69
    77
    58
    52
    46
    37
    38
    43
    42
    40
    33
    32
    32
    32
    30
    35
    33
    30
    26
    26
    33
    31
    33
    33
    33
    30
    33
    32
    29
    27
    27
    27
    28
    31
    32
    27
    30
    37
    49
    55
    59
    74
    82
    94
   101
   101
    95
    95
    89
    88
    77
    73
    71
    72
    74
    72
    89
    90
   101
   106
   113
   121
   118
   103
    77
    63
    65
    66
    64
    68
    68
    70
    67
    66
    62
    63
    65
    64
    64
    65
    63
    63
    64
    67
    62
    61
    70
   152
   173
   137
   115
   144
   191
   209
   214
   212
   208
   209
   208
   211
   211
   205
   200
    67
    72
    63
    53
    47
    32
    34
    53
    80
    74
    65
    60
    62
    51
    43
    45
    42
    33
    28
    32
    38
    34
    30
    32
    32
    36
    37
    35
    35
    31
    30
    28
    27
    26
    27
    28
    31
    24
    24
    21
    23
    32
    27
    31
    47
    67
    78
    85
    90
    95
    96
   107
   109
   109
   109
   105
    97
   103
    95
    90
    85
    81
    74
    69
    72
    67
    67
    67
    77
    79
    85
    91
    87
    77
    62
    57
    57
    57
    62
    62
    59
    68
    66
    67
    65
    67
    64
    67
    70
    68
    65
    67
    66
    65
    65
   126
   162
   133
   130
   167
   195
   204
   213
   217
   219
   225
   225
   229
   225
   224
   230
   225
    56
    49
    55
    48
    32
    44
    54
    77
    87
    75
    62
    67
    61
    52
    47
    41
    38
    43
    41
    36
    33
    36
    31
    32
    37
    37
    30
    28
    29
    28
    25
    29
    28
    30
    31
    30
    30
    41
    32
    28
    30
    32
    46
    65
    79
    92
    97
   103
   106
   105
   109
   112
   112
   114
   108
   110
   107
    98
   103
   107
   101
   102
    99
    97
    95
    92
    88
    77
    74
    73
    68
    71
    73
    72
    81
    78
    74
    79
    65
    68
    67
    59
    62
    61
    63
    68
    66
    64
    64
    66
    65
    62
    66
    62
    97
   162
   135
   121
   175
   192
   191
   183
   185
   182
   183
   186
   163
   156
   165
   168
   206
   226
    45
    43
    35
    36
    40
    53
    69
    77
    73
    70
    80
    60
    54
    58
    48
    45
    48
    48
    41
    32
    29
    30
    36
    36
    34
    32
    31
    27
    26
    29
    32
    31
    29
    33
    30
    29
    33
    32
    39
    36
    40
    49
    72
    94
   104
   102
   102
   104
   105
   106
   108
   110
   105
   107
   112
   112
   113
   121
   117
   120
   126
   118
   120
   114
   105
   110
   105
   104
   101
    95
    92
    84
    80
    86
    78
    77
    81
    74
    81
    75
    72
    71
    61
    63
    66
    60
    66
    70
    67
    66
    65
    69
    64
    72
   142
   136
   124
   173
   174
   163
   143
   119
    91
    78
    67
    31
     8
    23
    33
    41
    46
    64
    29
    41
    57
    58
    57
    54
    56
    63
    73
    76
    79
    65
    52
    39
    44
    53
    50
    42
    31
    32
    31
    31
    31
    37
    32
    29
    29
    29
    25
    26
    25
    28
    33
    26
    26
    28
    28
    32
    35
    34
    50
    66
    83
    97
   104
   115
   113
   110
   108
   107
   104
   104
   107
   109
   110
   119
   125
   126
   130
   132
   128
   129
   119
   119
   117
   110
   108
   109
   113
   108
   101
    96
    95
    89
    90
    83
    86
    90
    83
    81
    83
    78
    82
    74
    68
    69
    61
    64
    68
    63
    67
    68
    64
   102
   136
   108
   156
   167
   142
   107
    75
    62
    45
    21
    13
    39
    79
   108
   122
   114
   108
   102
    39
    53
    63
    53
    61
    64
    73
    86
    75
    74
    63
    49
    34
    48
    63
    49
    36
    34
    41
    44
    39
    39
    40
    31
    25
    24
    29
    27
    27
    25
    28
    27
    28
    27
    25
    24
    28
    21
    32
    50
    57
    61
    73
    86
    92
    96
   105
   115
   116
   113
   115
   114
   115
   116
   127
   133
   135
   137
   134
   136
   138
   132
   131
   123
   123
   119
   115
   116
   114
   109
   109
   107
   102
   102
    91
    95
    94
    90
    93
    91
    88
    93
    79
    75
    81
    70
    75
    64
    59
    64
    55
    63
    79
   129
   124
   143
   169
   143
   102
    66
    48
    53
    54
    58
   100
   122
   129
   126
   122
   125
   128
   128
    69
    62
    40
    38
    42
    63
    83
    90
    94
    85
    52
    42
    50
    67
    61
    44
    36
    38
    40
    30
    30
    38
    34
    31
    27
    35
    30
    32
    28
    33
    31
    30
    27
    26
    30
    28
    26
    33
    39
    55
    71
    76
    75
    76
    87
    99
   102
   100
   107
   109
   118
   127
   126
   125
   130
   134
   136
   146
   148
   144
   138
   138
   132
   127
   128
   126
   116
   111
   109
   118
   112
   112
   112
   109
   113
   111
   105
   105
    99
   102
    98
    92
    98
    95
    83
    90
    75
    79
    74
    65
    79
    74
    82
   107
    98
   122
   116
    99
    87
    90
   104
   104
   113
   123
   121
   116
   116
   117
   122
   125
   128
   125
    49
    29
    32
    52
    79
    93
   100
    98
    95
    72
    43
    55
    57
    51
    51
    56
    60
    58
    43
    33
    37
    39
    38
    34
    36
    38
    30
    30
    27
    24
    27
    28
    28
    30
    26
    26
    27
    29
    48
    59
    64
    77
    78
    87
    97
   107
   106
   104
   103
   104
   109
   112
   114
   119
   125
   142
   142
   140
   139
   146
   143
   134
   133
   129
   126
   129
   124
   116
   117
   116
   109
   108
   104
   107
   104
   107
   110
   110
   112
   112
   111
   105
   102
   100
    97
    92
    92
    84
    76
    81
    86
    97
    93
    80
    81
    75
    76
    81
    84
    92
    96
   100
   106
   112
   113
   115
   116
   117
   121
   122
   123
   125
    22
    23
    60
    83
    93
    96
    91
    98
    92
    59
    51
    63
    51
    45
    53
    57
    61
    48
    34
    41
    43
    42
    32
    28
    28
    30
    30
    29
    29
    31
    30
    30
    36
    33
    29
    32
    29
    46
    56
    64
    73
    74
    89
   106
   108
   112
   112
   110
   102
    89
    89
    98
   110
   117
   125
   149
   146
   147
   148
   150
   149
   142
   136
   134
   138
   132
   126
   122
   117
   110
   110
   111
   108
   104
   106
   108
   107
   113
   114
   117
   117
   115
   111
   110
   103
    99
    93
    99
    87
    76
    77
    79
    83
    93
    99
    90
    90
    94
    97
    97
   100
   100
   105
   112
   115
   109
   114
   117
   122
   120
   121
   123
    43
    52
    78
    89
    88
    92
    92
    92
    78
    65
    57
    49
    52
    58
    57
    62
    52
    46
    40
    44
    41
    33
    36
    33
    32
    31
    36
    39
    35
    30
    32
    34
    34
    33
    38
    38
    52
    54
    58
    73
    85
    99
   110
   117
   116
   118
   117
   105
    94
    85
    75
    94
   106
   110
   111
   139
   149
   156
   152
   153
   155
   151
   149
   148
   147
   141
   130
   133
   131
   121
   116
   114
   112
   108
   108
   104
   109
   114
   112
   112
   119
   121
   123
   120
   117
   107
   104
    94
    94
    89
    79
    78
    80
    75
    86
    96
    93
    92
    97
   102
    98
   100
   101
    98
   114
   120
   112
   112
   119
   123
   122
   122
    56
    69
    93
    77
    73
    92
    88
    86
    84
    64
    52
    52
    63
    57
    56
    63
    46
    42
    44
    42
    37
    39
    34
    40
    34
    37
    35
    34
    36
    33
    34
    32
    29
    34
    36
    45
    49
    66
    78
    92
    96
   115
   128
   128
   129
   132
   125
   100
    85
    91
    88
    91
   103
   106
   104
   136
   151
   161
   157
   154
   153
   150
   146
   141
   140
   138
   137
   136
   132
   128
   127
   123
   119
   113
   110
   100
    93
   110
   117
   117
   114
   119
   116
   117
   115
   115
   109
   104
   105
   100
    89
    84
    73
    75
    74
    76
    92
    95
    95
    96
    98
    99
   101
   103
   104
   119
   127
   121
   119
   115
   119
   124
    67
    80
    90
    74
    76
    91
    87
    88
    97
    74
    55
    59
    65
    53
    58
    53
    49
    38
    43
    45
    47
    39
    39
    35
    39
    39
    38
    31
    32
    29
    30
    32
    31
    35
    40
    56
    77
    82
    94
   103
   107
   121
   134
   138
   136
   141
   123
    99
    93
    98
    98
    96
   106
    98
    90
   132
   151
   163
   157
   160
   165
   156
   148
   140
   138
   143
   144
   138
   138
   137
   128
   124
   119
   120
   116
   111
   106
   112
   116
   124
   119
   117
   111
   115
   116
   113
   111
   111
   110
   109
   102
   100
    94
    82
    78
    72
    75
    89
    93
    89
    92
    99
   102
   101
   107
   111
   122
   127
   126
   124
   126
   122
    81
    80
    69
    68
    80
    85
    93
    96
    86
    82
    84
    71
    54
    63
    69
    55
    42
    42
    52
    54
    50
    50
    50
    44
    39
    39
    34
    36
    31
    35
    35
    36
    40
    46
    54
    68
    90
   102
   103
   108
   115
   126
   134
   136
   135
   130
   120
   103
    94
    95
    95
   103
    99
    90
    95
   129
   143
   156
   157
   165
   168
   165
   148
   150
   154
   152
   146
   146
   139
   135
   133
   126
   122
   119
   115
   114
   119
   119
   126
   125
   127
   122
   119
   114
   119
   113
   114
   111
   113
   113
   109
   104
   100
    92
    84
    81
    67
    70
    82
    91
    92
    92
    97
    98
   107
   110
   110
   122
   129
   124
   128
   128
    71
    70
    61
    54
    71
    93
    98
    95
    92
    86
    78
    75
    59
    54
    68
    57
    48
    41
    46
    58
    57
    59
    58
    48
    46
    36
    31
    31
    36
    35
    35
    35
    45
    47
    60
    81
   101
   114
   113
   115
   115
   132
   141
   143
   143
   137
   121
    99
    89
    94
    95
   103
    87
    64
    88
   122
   136
   156
   156
   163
   165
   167
   162
   149
   147
   150
   149
   141
   137
   139
   136
   132
   125
   117
   117
   116
   122
   129
   131
   136
   134
   132
   133
   125
   122
   118
   111
   105
   108
   112
   105
   106
   105
    99
    91
    85
    82
    63
    70
    83
    87
    87
    90
    96
   102
   106
   111
   116
   132
   131
   130
   131
    81
    84
    66
    65
    75
    92
    95
    96
    97
    92
    71
    58
    52
    66
    84
    66
    52
    47
    58
    62
    59
    62
    57
    42
    38
    36
    40
    33
    36
    40
    40
    40
    44
    55
    66
    98
   111
   112
   118
   122
   125
   135
   136
   139
   141
   129
   103
    93
    83
   105
   103
    92
    56
    52
    96
   120
   132
   154
   161
   162
   170
   172
   166
   164
   159
   153
   150
   151
   148
   137
   137
   131
   125
   115
   113
   115
   122
   132
   137
   141
   145
   142
   141
   136
   127
   121
   119
   116
   119
   113
   116
   115
   107
   109
   106
    99
    89
    89
    68
    69
    74
    84
    87
    89
    91
   101
   111
   111
   116
   128
   129
   131
    85
    73
    76
    93
    78
    84
    94
    92
   109
    95
    78
    66
    57
    71
    80
    75
    56
    58
    64
    76
    88
    73
    61
    45
    37
    36
    34
    33
    34
    38
    34
    45
    53
    64
    74
    91
   113
   121
   122
   129
   129
   141
   145
   142
   141
   130
   113
   108
    96
    96
   103
    85
    42
    67
   103
   122
   113
   143
   155
   170
   170
   173
   172
   162
   166
   163
   151
   153
   149
   145
   141
   133
   128
   124
   113
   115
   123
   128
   140
   145
   147
   148
   145
   141
   141
   131
   127
   122
   110
   109
   110
   118
   114
   111
   107
    96
    94
    84
    80
    72
    72
    73
    72
    78
    88
    97
   102
   109
   113
   122
   129
   131
    62
    59
    95
   101
    89
    91
    87
    91
   114
   103
    87
    81
    67
    72
    82
    75
    65
    66
    77
    97
    96
    75
    59
    47
    42
    45
    43
    37
    37
    39
    38
    40
    54
    74
    78
    89
   110
   129
   131
   125
   130
   142
   148
   147
   145
   124
   107
   108
   102
   103
   110
    76
    36
    64
   110
   130
   115
   129
   157
   169
   168
   170
   175
   165
   166
   162
   163
   158
   145
   143
   141
   134
   125
   119
   121
   117
   121
   132
   140
   147
   153
   156
   157
   148
   145
   140
   129
   128
   119
   118
   108
   110
   118
   112
   113
   108
   104
    96
    89
    82
    74
    70
    71
    73
    79
    84
    96
   102
   109
   117
   131
   132
    37
    61
   103
   100
    93
   101
    90
    91
   100
    93
    93
    81
    57
    68
    80
    78
    76
    65
    95
   105
    89
    82
    71
    54
    52
    53
    45
    35
    38
    39
    39
    55
    59
    80
    84
    85
   111
   125
   125
   128
   135
   149
   150
   152
   148
   127
   105
   102
    90
   109
   111
    73
    52
    75
   109
   136
   119
   116
   151
   172
   173
   175
   170
   176
   175
   165
   156
   155
   153
   144
   140
   134
   131
   118
   115
   122
   120
   127
   139
   139
   142
   152
   157
   157
   158
   156
   145
   141
   136
   129
   126
   117
   114
   117
   115
   112
   103
    97
    91
    88
    78
    76
    75
    73
    69
    77
    86
    93
   105
   111
   120
   130
    46
    59
   102
    98
    94
    90
    98
    88
    93
    92
    92
    79
    70
    78
    84
    84
    71
    72
    95
   100
    93
    88
    76
    58
    58
    56
    41
    36
    41
    42
    48
    55
    54
    76
    89
    83
   104
   124
   124
   131
   143
   154
   158
   153
   148
   125
   107
   102
    90
    98
   114
    66
    65
    95
   109
   131
   124
   110
   149
   172
   170
   169
   169
   176
   179
   177
   164
   157
   154
   150
   145
   135
   129
   125
   120
   120
   132
   134
   130
   133
   134
   134
   136
   148
   154
   151
   157
   146
   142
   140
   130
   126
   117
   115
   117
   112
   109
   102
    95
    88
    86
    72
    77
    73
    74
    70
    78
    86
   100
   107
   110
   124
    49
    67
    90
    96
    93
    83
    87
    87
    81
    94
    86
    84
    68
    65
    82
    78
    67
    79
   103
    95
   103
    91
    80
    55
    59
    59
    42
    42
    40
    45
    49
    63
    64
    62
    88
    81
    94
   123
   131
   135
   146
   153
   160
   158
   153
   134
   106
    97
    92
    97
   110
    56
    49
    76
   104
   125
   122
   114
   144
   170
   168
   163
   175
   181
   184
   185
   179
   168
   152
   148
   140
   130
   125
   125
   124
   127
   137
   136
   129
   131
   130
   126
   128
   130
   142
   143
   151
   149
   147
   144
   141
   132
   129
   128
   117
   114
   112
   102
    97
    90
    87
    80
    73
    80
    76
    70
    70
    78
    88
    98
   108
   114
    44
    63
    81
    85
    83
    89
    79
    71
    75
    92
    87
    84
    70
    78
    82
    78
    62
    74
    85
    96
    99
    98
    79
    60
    53
    63
    43
    35
    51
    57
    53
    64
    73
    64
    70
    77
    91
   121
   132
   137
   149
   160
   161
   159
   156
   149
   117
    82
    85
    92
   103
    43
    40
    72
    97
   121
   123
   109
   146
   168
   164
   163
   174
   183
   175
   172
   166
   161
   150
   145
   141
   128
   127
   132
   131
   131
   135
   135
   132
   128
   135
   133
   135
   132
   131
   138
   143
   147
   145
   141
   144
   147
   129
   126
   131
   121
   114
   110
    97
    95
    90
    86
    79
    71
    74
    72
    67
    65
    79
    89
    94
   105
    49
    66
    79
    83
    78
    75
    75
    67
    87
    81
    76
    81
    83
    84
    87
    74
    57
    69
    69
    87
    96
    99
    84
    77
    60
    63
    60
    49
    47
    51
    51
    64
    75
    73
    64
    69
    80
   113
   124
   132
   148
   163
   159
   156
   148
   136
   110
    91
    78
    88
    99
    29
    25
    62
    93
   124
   123
   111
   151
   167
   168
   166
   175
   172
   176
   172
   165
   158
   155
   143
   143
   139
   132
   134
   139
   144
   139
   137
   137
   135
   131
   133
   130
   136
   135
   133
   135
   136
   140
   144
   137
   140
   142
   133
   132
   133
   126
   120
   109
    99
    82
    81
    87
    74
    73
    75
    74
    68
    73
    81
    93
   101
    46
    68
    89
    86
    87
    77
    79
    73
    89
    80
    74
    82
    81
    77
    84
    66
    51
    58
    62
    89
    95
    92
    90
    83
    71
    64
    57
    53
    45
    45
    50
    67
    82
    77
    68
    61
    78
   119
   127
   135
   151
   163
   162
   154
   150
   131
   107
    84
    75
    87
    96
    43
    36
    77
   104
   125
   119
   111
   144
   163
   163
   170
   176
   178
   179
   179
   175
   164
   152
   142
   139
   140
   133
   132
   141
   141
   146
   139
   129
   128
   128
   127
   128
   130
   136
   133
   136
   134
   134
   139
   142
   137
   139
   136
   133
   130
   130
   126
   115
   109
    96
    84
    84
    84
    75
    78
    71
    70
    71
    77
    84
    92
    44
    63
    76
    71
    74
    79
    77
    69
    85
    77
    77
    74
    82
    71
    70
    62
    54
    50
    65
    84
    90
    97
    77
    79
    73
    73
    64
    57
    39
    41
    56
    68
    76
    73
    68
    60
    68
   110
   127
   136
   154
   166
   161
   161
   155
   139
   116
    71
    64
    85
    80
    29
    36
    85
   120
   143
   127
   110
   144
   163
   161
   171
   176
   179
   174
   170
   165
   159
   155
   141
   137
   135
   134
   136
   137
   131
   128
   136
   133
   126
   123
   125
   120
   120
   121
   130
   127
   136
   142
   142
   142
   142
   136
   136
   135
   129
   129
   129
   112
   107
    99
    93
    85
    92
    84
    78
    76
    73
    69
    67
    84
    87
    48
    58
    59
    65
    81
    81
    78
    69
    87
    83
    75
    77
    86
    75
    67
    61
    56
    53
    62
    77
    85
    83
    77
    76
    72
    68
    63
    61
    37
    43
    59
    76
    72
    69
    65
    56
    64
   111
   135
   137
   147
   166
   161
   163
   159
   142
   116
    80
    60
    77
    63
    34
    60
    75
   117
   135
   120
   119
   150
   160
   169
   174
   177
   180
   173
   166
   156
   151
   147
   137
   131
   129
   132
   135
   133
   131
   130
   127
   125
   120
   119
   125
   120
   111
   117
   129
   136
   139
   147
   148
   143
   139
   134
   129
   134
   135
   128
   128
   120
   114
   110
    91
    85
    81
    83
    77
    75
    76
    71
    70
    73
    82
    53
    53
    61
    64
    75
    83
    91
    81
    88
    90
    80
    90
   101
    82
    73
    62
    43
    40
    57
    68
    69
    72
    79
    82
    72
    66
    67
    61
    48
    48
    66
    71
    75
    68
    68
    55
    56
   102
   135
   140
   151
   167
   163
   163
   157
   146
   122
    83
    60
    68
    75
    94
   128
   110
   124
   129
   114
   123
   155
   162
   170
   176
   172
   177
   172
   164
   159
   151
   140
   128
   129
   132
   141
   139
   143
   139
   140
   136
   127
   125
   122
   122
   110
    98
   118
   135
   137
   132
   138
   141
   136
   140
   143
   135
   128
   131
   136
   129
   128
   131
   118
   104
    86
    82
    88
    84
    75
    73
    76
    76
    67
    74
    64
    57
    67
    69
    81
    87
    95
    88
    89
    85
    83
    93
   101
    85
    75
    70
    44
    50
    53
    57
    68
    72
    80
    76
    75
    70
    73
    68
    51
    51
    65
    80
    79
    73
    68
    59
    56
    85
   126
   144
   155
   167
   167
   161
   155
   141
   124
    84
    61
    60
    62
   111
   140
   110
   123
   121
   105
   133
   149
   160
   168
   172
   171
   177
   167
   160
   158
   142
   126
   123
   127
   141
   145
   147
   145
   144
   141
   140
   137
   120
   122
   116
    94
    53
    85
   134
   138
   136
   124
   129
   134
   131
   138
   141
   135
   135
   132
   133
   126
   119
   115
   107
    92
    74
    85
    88
    82
    81
    75
    75
    70
    70
    76
    74
    71
    61
    72
    88
    93
    82
    76
    87
    83
    97
    96
    81
    77
    71
    62
    55
    47
    69
    67
    68
    85
    80
    70
    62
    71
    78
    48
    44
    58
    78
    80
    68
    66
    63
    65
    87
   119
   145
   150
   167
   167
   164
   153
   144
   127
    90
    64
    57
    50
    61
    90
    96
   106
   105
   106
   132
   150
   166
   167
   165
   165
   161
   161
   158
   147
   130
   132
   137
   145
   142
   148
   149
   148
   146
   138
   133
   135
   131
   124
   117
    78
    12
    39
   111
   144
   142
   136
   127
   131
   132
   131
   135
   138
   142
   144
   142
   135
   137
   125
   117
   105
    90
    83
    83
    87
    82
    72
    66
    70
    69
    72
    73
    62
    52
    78
    79
    89
    86
    84
    83
    79
    97
    99
    87
    90
    89
    55
    45
    51
    68
    58
    66
    82
    84
    75
    63
    78
    77
    48
    40
    53
    67
    80
    76
    74
    67
    69
    89
   107
   136
   152
   169
   167
   162
   158
   150
   127
    91
    67
    60
    60
    43
    71
    85
    99
   100
   105
   129
   149
   164
   163
   160
   161
   156
   158
   153
   135
   125
   133
   143
   142
   144
   145
   150
   146
   137
   132
   131
   127
   119
   122
   115
    73
    43
    49
    91
   122
   139
   136
   128
   122
   126
   125
   127
   133
   142
   147
   142
   141
   142
   135
   122
   117
   103
    83
    87
    87
    84
    79
    75
    70
    76
    77
    71
    59
    52
    62
    73
    84
    73
    67
    71
    86
    91
    95
    79
    86
    81
    47
    38
    53
    56
    51
    71
    86
    72
    75
    67
    79
    78
    47
    43
    53
    76
    82
    78
    78
    67
    69
    97
   113
   144
   156
   166
   172
   164
   156
   146
   133
    93
    63
    64
    67
    49
    67
    88
   107
    99
   112
   131
   153
   160
   160
   154
   156
   157
   151
   129
   109
   101
    98
   108
   121
   136
   147
   145
   145
   146
   140
   130
   124
   121
   116
   101
    60
    36
    52
    92
   108
   124
   124
   131
   129
   123
   123
   119
   131
   132
   141
   144
   140
   137
   136
   131
   118
   105
    87
    85
    86
    88
    78
    74
    66
    63
    79
    74
    67
    53
    58
    61
    86
    83
    76
    84
    85
    77
    88
    75
    86
    78
    60
    45
    44
    52
    57
    69
    87
    73
    81
    84
    82
    76
    44
    36
    51
    69
    73
    79
    78
    75
    82
    92
   110
   149
   159
   163
   167
   169
   159
   148
   130
    97
    69
    61
    65
    44
    43
   102
   109
   112
   114
   134
   150
   159
   154
   147
   146
   147
   127
   110
   113
   118
   115
   100
    98
   117
   144
   144
   140
   143
   143
   135
   131
   130
   121
    99
    66
    64
    37
    82
   109
   111
   116
   121
   122
   120
   120
   117
   118
   126
   129
   143
   149
   142
   136
   134
   120
   110
    95
    85
    89
    87
    87
    78
    72
    69
    77
    74
    69
    51
    61
    60
    79
    79
    69
    76
    71
    75
    88
    73
    83
    78
    60
    46
    45
    53
    56
    69
    89
    77
    88
    86
    81
    76
    41
    35
    46
    61
    73
    81
    78
    77
    89
    97
   115
   150
   156
   160
   168
   166
   158
   149
   133
   110
    91
    68
    65
    66
    52
    95
   110
   111
   117
   139
   142
   141
   134
   137
   143
   136
   125
   128
   129
   130
   122
   105
    81
    73
   115
   141
   140
   139
   137
   135
   127
   130
   125
    93
    84
   114
   106
    79
   106
   114
   129
   127
   126
   129
   123
   121
   119
   121
   135
   143
   146
   145
   130
   125
   126
   109
    98
    87
    85
    86
    86
    81
    69
    66
    70
    75
    66
    52
    55
    62
    66
    79
    73
    73
    67
    73
    74
    63
    78
    81
    74
    55
    39
    44
    49
    68
    84
    72
    87
    81
    88
    80
    54
    38
    42
    50
    76
    83
    88
    82
    89
    88
   118
   144
   153
   165
   171
   170
   158
   149
   133
   118
    99
    69
    68
    70
    78
   108
   118
   114
   116
   129
   135
   133
   129
   131
   134
   121
   132
   142
   143
   138
   134
   114
    86
    54
    91
   119
   133
   136
   132
   133
   128
   130
   120
    82
    84
   124
   114
    98
   118
   121
   113
   122
   127
   123
   124
   120
   118
   123
   131
   140
   143
   138
   136
   135
   133
   124
   105
    90
    83
    90
    87
    84
    70
    64
    77
    83
    68
    51
    60
    60
    71
    72
    67
    65
    69
    69
    66
    73
    71
    74
    75
    54
    37
    50
    47
    66
    81
    78
    93
    88
    85
    77
    49
    34
    39
    51
    68
    81
    87
    82
    89
   104
   132
   147
   152
   153
   168
   165
   158
   150
   140
   120
   101
    90
    79
    71
    69
    82
    99
   101
   101
   122
   133
   132
   131
   138
   132
   135
   135
   146
   144
   138
   127
   117
    85
    43
    82
   107
   129
   134
   136
   139
   144
   135
   120
    75
    80
    97
    56
    81
   125
   133
   127
   125
   127
   127
   124
   125
   127
   126
   133
   140
   145
   143
   139
   134
   133
   122
   115
    98
    88
    86
    90
    84
    76
    66
    64
    71
    59
    47
    63
    76
    80
    66
    72
    67
    61
    65
    57
    67
    75
    77
    73
    37
    33
    50
    54
    67
    83
    71
    94
    85
    77
    74
    51
    38
    45
    49
    58
    81
    95
    95
   101
   112
   136
   151
   157
   160
   164
   164
   164
   151
   137
   120
   109
    91
    88
    76
    81
    75
    68
    87
   112
   122
   124
   129
   128
   136
   138
   145
   140
   143
   133
   134
   127
   120
    84
    36
    74
   106
   125
   135
   145
   151
   146
   142
   117
    77
   100
   123
   104
    89
   117
   125
   122
   123
   127
   127
   123
   119
   123
   126
   127
   141
   148
   150
   142
   131
   126
   121
   115
   107
    92
    87
    94
    89
    73
    66
    69
    62
    51
    57
    60
    75
    77
    68
    61
    62
    68
    73
    68
    67
    62
    75
    79
    54
    48
    48
    54
    62
    70
    78
    95
    74
    76
    71
    54
    38
    44
    46
    48
    71
    84
   103
   102
   123
   146
   153
   153
   158
   165
   165
   160
   151
   142
   127
   115
   106
    94
    76
    75
    73
    87
    99
   113
   120
   120
   130
   134
   131
   137
   127
   129
   130
   133
   136
   131
   112
    83
    39
    65
    98
   119
   139
   140
   148
   154
   152
   115
    94
   143
   154
   139
    72
   109
   131
   121
   125
   122
   118
   115
   122
   128
   126
   129
   136
   142
   142
   145
   140
   135
   129
   116
   106
    94
    89
    88
    89
    78
    65
    58
    56
    57
    68
    69
    74
    81
    64
    59
    70
    67
    69
    63
    62
    61
    73
    75
    62
    44
    46
    39
    60
    63
    72
    87
    66
    62
    66
    58
    54
    53
    50
    57
    73
    90
    98
   118
   140
   146
   151
   152
   156
   163
   163
   160
   158
   148
   137
   127
   114
    99
    87
    86
    95
    94
   102
   110
   113
   121
   126
   126
   131
   119
   119
   117
   124
   136
   138
   127
   116
    92
    40
    62
    96
   112
   133
   147
   150
   157
   143
   100
    76
   139
   158
   143
    93
   111
   151
   127
   120
   127
   124
   124
   124
   135
   135
   128
   131
   147
   149
   144
   144
   137
   136
   125
   109
   100
    97
    87
    89
    82
    72
    52
    53
    62
    64
    67
    70
    77
    60
    59
    64
    66
    72
    65
    62
    59
    69
    71
    75
    44
    42
    45
    52
    47
    65
    67
    57
    52
    63
    63
    63
    52
    52
    52
    73
   100
   109
   134
   146
   149
   150
   151
   157
   169
   170
   165
   161
   150
   135
   129
   114
   105
   103
   117
   120
   129
   127
   125
   130
   127
   130
   131
   136
   131
   130
   128
   132
   137
   134
   117
   105
    94
    50
    65
   109
   114
   130
   144
   149
   152
   145
   100
    61
    92
   118
    94
    91
   119
   152
   149
   135
   134
   132
   124
   126
   129
   132
   138
   146
   148
   153
   151
   147
   138
   135
   123
   118
    99
    90
    90
    91
    76
    67
    47
    56
    58
    60
    69
    66
    76
    58
    61
    64
    65
    69
    77
    74
    63
    71
    77
    85
    45
    44
    47
    51
    54
    75
    61
    52
    47
    55
    62
    65
    67
    66
    58
    80
   104
   127
   140
   145
   145
   149
   151
   155
   163
   168
   166
   158
   151
   142
   128
   118
   105
   109
   134
   143
   146
   148
   148
   141
   140
   144
   146
   144
   144
   135
   137
   132
   133
   141
   126
   111
    92
    54
    55
   107
   126
   132
   148
   162
   165
   151
   100
    95
   140
   153
   148
   108
   106
   132
   151
   141
   133
   127
   124
   124
   127
   131
   141
   152
   151
   153
   150
   144
   138
   135
   129
   116
   110
    99
    86
    87
    86
    69
    40
    48
    61
    53
    61
    58
    77
    72
    58
    57
    73
    71
    75
    75
    59
    62
    73
    80
    50
    44
    42
    54
    60
    60
    54
    43
    40
    45
    68
    77
    74
    65
    63
    89
   115
   134
   145
   145
   148
   150
   154
   153
   161
   165
   165
   163
   156
   144
   134
   122
   116
   137
   155
   164
   164
   158
   154
   156
   155
   154
   150
   147
   144
   147
   141
   128
   136
   154
   139
   112
    94
    61
    43
    92
   123
   128
   140
   162
   169
   152
    99
   100
   154
   172
   172
   112
   105
   135
   149
   144
   136
   122
   124
   120
   119
   129
   146
   155
   158
   156
   146
   139
   138
   130
   122
   116
   104
   100
    96
    91
    84
    68
    31
    47
    57
    53
    55
    51
    71
    66
    57
    54
    70
    69
    78
    81
    59
    57
    71
    92
    50
    40
    41
    46
    56
    56
    53
    46
    53
    65
    83
    72
    74
    67
    66
    99
   130
   140
   144
   148
   147
   147
   150
   157
   162
   163
   164
   161
   155
   145
   139
   126
   123
   144
   152
   167
   167
   165
   165
   161
   156
   156
   160
   157
   159
   157
   151
   144
   155
   165
   143
   126
   102
    79
    45
    80
   118
   131
   137
   153
   166
   153
    98
   102
   161
   175
   169
   124
   110
   126
   144
   144
   133
   128
   125
   121
   121
   129
   150
   148
   150
   152
   156
   150
   140
   131
   127
   113
   107
    96
    86
    87
    84
    72
    30
    37
    49
    48
    57
    61
    76
    73
    61
    43
    60
    66
    66
    76
    73
    68
    74
    90
    46
    32
    40
    52
    52
    42
    39
    45
    62
    75
    65
    73
    82
    62
    77
   120
   144
   143
   142
   146
   152
   151
   150
   153
   161
   161
   164
   164
   163
   151
   135
   126
   127
   153
   153
   159
   165
   165
   160
   165
   164
   165
   163
   161
   153
   163
   161
   154
   168
   170
   155
   138
   117
    97
    64
    69
   113
   121
   130
   134
   151
   148
    96
    92
   152
   173
   178
   136
   111
   120
   139
   149
   137
   121
   128
   126
   121
   132
   147
   152
   158
   163
   146
   144
   142
   130
   129
   119
   106
    97
    92
    87
    81
    67
    36
    38
    46
    41
    48
    57
    61
    50
    57
    49
    55
    67
    70
    78
    71
    63
    73
    92
    44
    37
    35
    44
    46
    44
    44
    37
    48
    67
    58
    86
    84
    72
    93
   121
   135
   140
   140
   147
   149
   151
   154
   153
   156
   160
   161
   159
   151
   148
   135
   130
   121
   135
   141
   147
   160
   161
   160
   161
   158
   159
   157
   159
   158
   158
   160
   160
   163
   166
   152
   129
   115
    93
    63
    66
   100
   113
   121
   131
   137
   143
    89
    56
    75
    65
    46
    79
   102
   119
   136
   138
   134
   124
   129
   124
   124
   131
   150
   158
   154
   156
   153
   147
   142
   134
   126
   121
   106
   100
    90
    86
    79
    69
    31
    33
    44
    40
    41
    60
    79
    55
    52
    55
    60
    55
    60
    65
    72
    67
    68
    76
    44
    28
    43
    40
    35
    38
    35
    38
    58
    55
    71
    99
    82
    73
    94
   120
   127
   138
   147
   148
   150
   151
   150
   156
   159
   158
   164
   164
   150
   134
   129
   117
   116
   131
   131
   151
   158
   157
   157
   152
   143
   150
   156
   153
   152
   152
   149
   153
   166
   172
   153
   127
   114
    91
    68
    86
   122
   128
   134
   128
   126
   143
    97
    93
   141
   151
   139
   123
   121
   130
   139
   135
   133
   126
   127
   125
   119
   125
   144
   154
   153
   156
   151
   143
   142
   135
   125
   116
   104
    96
    85
    83
    78
    68
    38
    35
    46
    47
    45
    45
    72
    55
    52
    60
    56
    59
    69
    65
    54
    56
    71
    64
    50
    35
    36
    34
    40
    36
    36
    52
    48
    44
    82
    93
    79
    77
   101
   122
   136
   143
   153
   157
   156
   153
   153
   154
   157
   158
   159
   152
   150
   135
   127
   117
   112
   117
   127
   134
   138
   139
   143
   151
   150
   150
   152
   155
   154
   153
   152
   150
   154
   155
   141
   127
   109
    88
    71
    98
   127
   133
   131
   130
   123
   128
    92
   123
   172
   180
   171
   133
   122
   138
   143
   142
   130
   123
   122
   120
   120
   125
   150
   160
   153
   149
   148
   143
   142
   134
   123
   114
   102
    95
    91
    87
    71
    74
    36
    31
    41
    48
    51
    45
    69
    62
    49
    52
    69
    52
    63
    67
    58
    55
    71
    65
    51
    39
    29
    33
    34
    41
    43
    47
    47
    63
    93
    92
    78
    91
   119
   134
   143
   149
   155
   155
   155
   155
   154
   155
   156
   155
   154
   148
   141
   128
   118
   112
   106
   105
   105
   112
   108
   114
   116
   128
   139
   146
   146
   146
   148
   147
   150
   150
   155
   159
   144
   121
   101
    73
    71
   115
   124
   132
   130
   136
   134
   125
    90
   135
   172
   176
   156
   108
   109
   141
   150
   138
   131
   123
   120
   119
   124
   126
   144
   147
   150
   151
   142
   141
   141
   135
   124
   117
   104
   100
    89
    85
    74
    79
    30
    26
    33
    39
    45
    47
    62
    64
    49
    49
    58
    40
    42
    53
    59
    56
    68
    73
    60
    44
    27
    29
    37
    42
    40
    41
    50
    71
    76
    85
    81
   100
   123
   138
   142
   148
   152
   155
   152
   148
   151
   154
   154
   154
   156
   147
   135
   115
   102
    94
    92
    99
   106
   108
   111
   111
   107
   106
   111
   124
   128
   132
   140
   143
   137
   143
   150
   163
   148
   125
    98
    57
    79
   116
   126
   133
   140
   138
   131
   111
    87
   132
   168
   174
   159
   118
   119
   142
   150
   141
   127
   125
   125
   124
   128
   132
   140
   144
   147
   148
   147
   137
   134
   132
   127
   118
   106
    93
    87
    78
    78
    80
    39
    42
    35
    35
    40
    46
    55
    55
    51
    50
    63
    48
    48
    53
    60
    62
    70
    77
    65
    38
    31
    29
    30
    26
    29
    46
    67
    67
    84
    81
    86
   106
   128
   138
   144
   151
   151
   149
   155
   149
   148
   150
   152
   151
   142
   131
   126
   117
   104
    88
    83
    92
    95
   102
   110
   118
   125
   125
   123
   123
   130
   131
   132
   133
   140
   140
   142
   144
   125
   109
    83
    51
    93
   115
   128
   131
   129
   138
   139
   104
    61
    61
   110
   131
   113
   117
   108
   142
   135
   133
   127
   129
   127
   121
   116
   118
   139
   146
   146
   143
   146
   139
   133
   133
   125
   110
    97
    91
    83
    79
    80
    85
    28
    44
    44
    32
    40
    44
    52
    54
    41
    46
    62
    53
    42
    59
    56
    57
    64
    77
    72
    38
    33
    40
    43
    34
    49
    55
    60
    76
    91
    80
    90
   116
   129
   139
   144
   147
   154
   153
   151
   155
   150
   156
   160
   154
   151
   134
   113
    99
    99
    88
    86
    85
    88
   106
   108
   113
   122
   131
   125
   126
   132
   137
   128
   120
   121
   135
   141
   135
   116
   102
    73
    58
   105
   124
   125
   131
   131
   134
   122
   104
    79
   114
   176
   165
   107
    79
   105
   135
   137
   125
   124
   129
   122
   122
   124
   117
   130
   144
   141
   139
   137
   136
   136
   129
   115
   112
   103
    95
    83
    77
    80
    89
    18
    29
    34
    33
    32
    37
    46
    52
    37
    40
    55
    53
    43
    48
    47
    56
    57
    71
    67
    43
    55
    55
    41
    41
    42
    45
    60
    89
    81
    79
   102
   120
   131
   135
   138
   147
   152
   158
   153
   152
   156
   156
   161
   152
   144
   128
   117
    94
    81
    77
    77
    85
    90
   120
   127
   129
   124
   125
   133
   129
   131
   132
   139
   140
   133
   128
   133
   128
   121
   105
    64
    69
   106
   119
   119
   120
   127
   139
   131
   110
    90
   145
   171
   173
   142
    90
   107
   138
   132
   122
   124
   121
   120
   123
   124
   124
   128
   139
   131
   129
   130
   129
   133
   123
   118
   108
   103
    86
    77
    84
    88
    96
    40
    36
    35
    35
    32
    42
    46
    36
    34
    35
    40
    50
    38
    49
    52
    51
    54
    59
    65
    39
    70
    53
    33
    28
    40
    58
    70
    72
    72
    96
   114
   125
   124
   130
   137
   148
   154
   153
   156
   156
   158
   158
   154
   146
   141
   132
   116
   103
    87
    75
    69
    43
    67
   110
   116
   125
   129
   128
   128
   130
   135
   131
   136
   138
   142
   138
   136
   131
   120
    95
    53
    84
   108
   112
   115
   124
   122
   124
   130
   105
    67
    85
   120
   128
    95
    82
   106
   121
   123
   122
   124
   120
   116
   121
   127
   125
   132
   140
   134
   133
   135
   136
   119
   116
   112
   101
    96
    81
    84
    88
    99
   100
    34
    31
    32
    32
    38
    35
    42
    42
    32
    32
    49
    48
    34
    41
    45
    54
    49
    61
    65
    40
    61
    39
    28
    28
    50
    62
    68
    78
    96
   106
   112
   115
   125
   138
   147
   153
   158
   153
   151
   152
   156
   155
   152
   152
   145
   131
   102
    76
    67
    72
    57
    84
    80
   110
   113
   123
   132
   136
   133
   135
   133
   133
   127
   136
   147
   149
   143
   135
   121
    89
    49
    93
   114
   116
   117
   122
   122
   119
   116
   107
    71
    87
   132
   133
   100
    97
   113
   112
   114
   120
   122
   122
   122
   119
   116
   116
   134
   143
   138
   132
   136
   129
   116
   116
   105
    95
    83
    76
    79
    88
    95
   108
    32
    32
    33
    29
    30
    38
    44
    42
    38
    40
    38
    41
    31
    41
    37
    42
    54
    60
    54
    48
    55
    39
    35
    46
    52
    56
    79
   101
    99
   105
   100
   112
   129
   141
   146
   147
   153
   154
   154
   153
   159
   156
   153
   150
   145
   119
    90
    66
    67
    61
    44
   101
    92
   102
   109
   114
   133
   141
   144
   148
   142
   150
   133
   120
   137
   145
   148
   135
   117
    89
    71
   100
   105
   111
   112
   113
   119
   123
   121
   105
    83
   116
   136
   129
   109
    97
   108
   109
   122
   126
   125
   116
   117
   115
   115
   124
   137
   142
   144
   138
   132
   134
   122
   111
   102
    94
    79
    79
    89
    98
   114
   114
    28
    29
    36
    32
    28
    28
    34
    37
    39
    38
    37
    46
    40
    42
    42
    47
    47
    51
    51
    52
    61
    42
    43
    50
    47
    63
    91
    95
    99
   100
   110
   125
   146
   149
   151
   152
   151
   155
   154
   161
   157
   148
   145
   141
   135
   117
    86
    63
    63
    64
    69
    87
    83
   102
   110
   110
   126
   144
   148
   151
   148
   147
   155
   127
   122
   130
   135
   131
   113
    91
    93
   109
   109
   110
   112
   111
   114
   117
   119
   114
    79
    97
   132
   104
    81
    95
   104
   113
   114
   116
   118
   115
   113
   115
   123
   123
   122
   126
   134
   136
   136
   122
   113
   103
    95
    86
    77
    89
   100
   112
   113
   118
    32
    34
    29
    36
    30
    28
    33
    36
    31
    39
    34
    35
    34
    46
    54
    44
    40
    43
    46
    53
    43
    31
    39
    45
    57
    72
    75
    94
   115
   113
   123
   136
   144
   143
   145
   149
   150
   151
   150
   153
   155
   152
   150
   145
   142
   111
    72
    62
    63
    62
    90
   124
    98
   110
   115
   106
   112
   137
   143
   154
   154
   147
   155
   146
   116
   118
   120
   113
   102
   103
   114
   113
   118
   118
   115
   117
   109
   108
   110
   111
    79
    62
    96
    90
    80
    94
   104
   106
    99
   105
   113
   110
   117
   123
   123
   124
   114
   108
   129
   135
   129
   119
   104
   105
    97
    79
    85
    94
   115
   119
   125
   122
    30
    23
    29
    30
    32
    29
    33
    33
    32
    33
    38
    42
    33
    39
    45
    41
    37
    47
    43
    56
    38
    36
    42
    55
    62
    63
    79
   105
   108
   118
   132
   136
   140
   140
   142
   145
   147
   151
   153
   153
   153
   154
   151
   150
   137
   107
    74
    66
    71
    50
    49
    75
    93
   109
   120
   114
   107
   140
   145
   158
   154
   152
   147
   147
   136
   119
   125
   129
   122
   121
   118
   114
   116
   118
   117
   114
   116
   111
   103
    96
    71
    32
    47
    60
    89
   111
   117
   114
   116
   114
   115
   123
   118
   122
   123
   127
   135
   141
   137
   133
   127
   117
   106
    97
    85
    83
    99
   111
   119
   121
   124
   121
    27
    33
    29
    25
    24
    30
    38
    34
    20
    29
    31
    31
    27
    39
    52
    33
    36
    45
    39
    44
    31
    32
    48
    51
    54
    78
    99
   107
   112
   126
   138
   145
   145
   144
   142
   148
   147
   152
   155
   154
   152
   143
   144
   140
   131
   102
    73
    59
    68
    47
    40
    66
    76
   121
   133
   113
   105
   139
   151
   157
   159
   152
   155
   154
   147
   136
   125
   132
   137
   131
   122
   120
   115
   111
   116
   117
   117
   117
   110
   103
    75
    14
    17
    73
   103
   114
   123
   121
   123
   128
   123
   121
   116
   119
   127
   137
   141
   140
   138
   129
   120
   115
   105
    89
    86
    96
   109
   119
   116
   118
   122
   126
    38
    33
    27
    24
    22
    30
    32
    36
    38
    32
    39
    46
    38
    37
    40
    35
    40
    41
    50
    48
    34
    35
    38
    36
    45
    60
    82
   100
   114
   122
   130
   135
   140
   142
   144
   144
   144
   143
   150
   150
   149
   149
   139
   136
   123
    95
    67
    62
    77
    60
    22
    39
    83
   123
   134
   112
    99
   136
   156
   164
   166
   158
   153
   151
   152
   140
   128
   119
   124
   132
   132
   125
   119
   114
   110
   112
   115
   110
   108
   109
    84
    25
    67
   103
   115
   120
   125
   129
   131
   130
   130
   127
   127
   127
   128
   132
   134
   132
   126
   118
   112
   100
    84
    79
    89
   105
   120
   119
   118
   120
   118
   126
    39
    33
    24
    18
    20
    21
    37
    33
    24
    34
    31
    37
    33
    30
    40
    40
    31
    39
    56
    45
    35
    27
    30
    32
    52
    69
    80
   101
   110
   116
   132
   136
   137
   135
   135
   139
   146
   145
   147
   150
   150
   150
   149
   138
   121
    86
    65
    73
    90
    85
    82
    37
    73
   112
   122
   118
   103
   131
   144
   160
   163
   163
   157
   151
   150
   141
   133
   123
   113
   113
   129
   129
   120
   110
   108
   110
   109
   107
   106
   109
    93
    81
   109
   128
   127
   133
   132
   134
   133
   128
   126
   126
   123
   123
   126
   126
   119
   115
   109
   108
    95
    84
    74
    83
   107
   116
   113
   114
   116
   118
   121
   123
    27
    21
    19
    24
    18
    24
    21
    23
    29
    34
    35
    40
    39
    35
    44
    31
    34
    41
    53
    33
    22
    43
    58
    68
    68
    69
    81
   100
   107
   118
   128
   133
   137
   138
   140
   131
   136
   143
   148
   146
   147
   146
   144
   141
   121
    91
    77
    76
    96
    63
    22
    35
    62
   114
   126
   125
   108
   125
   144
   157
   164
   162
   166
   163
   160
   148
   141
   131
   120
   115
   111
   120
   119
   120
   121
   118
   116
   109
   113
   114
   112
   110
   113
   121
   134
   140
   141
   134
   130
   123
   119
   116
   119
   125
   124
   121
   119
   108
   106
    96
    90
    85
    90
    96
   109
   112
   109
   112
   118
   118
   117
   120
    34
    35
    33
    24
    32
    33
    31
    28
    26
    27
    37
    36
    36
    38
    42
    32
    26
    45
    43
    25
    32
    57
    62
    50
    49
    54
    70
    86
   104
   123
   130
   136
   138
   144
   143
   143
   136
   143
   146
   148
   145
   143
   140
   133
   116
    91
    75
    78
    98
    75
    21
    39
    60
    93
   118
   123
   110
   122
   139
   153
   158
   162
   157
   159
   158
   153
   153
   138
   129
   114
   113
   106
   111
   115
   124
   130
   126
   119
   120
   126
   126
   117
   118
   117
   126
   134
   134
   128
   120
   114
   114
   122
   121
   122
   116
   115
   112
   109
    98
    92
    87
    91
    99
   101
   100
   104
   108
   114
   113
   113
   120
   117
    45
    45
    46
    43
    34
    30
    29
    28
    25
    23
    23
    27
    40
    40
    37
    24
    31
    41
    39
    26
    38
    43
    33
    32
    45
    58
    66
    90
   110
   126
   128
   133
   137
   139
   141
   139
   142
   138
   136
   139
   144
   140
   139
   127
   106
    84
    76
    84
    99
    83
    33
    49
    79
   103
   120
   126
   109
   123
   135
   150
   160
   167
   164
   158
   157
   153
   149
   140
   130
   126
   119
   114
   107
   111
   120
   129
   128
   120
   125
   128
   131
   128
   130
   127
   122
   127
   124
   119
   120
   119
   127
   132
   127
   121
   120
   116
   107
   103
    96
    81
    78
    89
    99
   108
   113
   107
   108
   109
   103
   117
   114
   113
    34
    44
    37
    41
    41
    42
    34
    34
    28
    27
    34
    33
    25
    39
    39
    26
    22
    46
    35
    39
    40
    32
    33
    40
    43
    57
    77
    92
   115
   129
   131
   132
   134
   137
   135
   140
   141
   140
   142
   141
   139
   140
   138
   123
   111
    84
    73
    86
   104
    92
    71
   116
   107
   120
   128
   126
   116
   127
   154
   159
   159
   166
   170
   162
   160
   156
   153
   142
   132
   128
   120
   118
   117
   114
   120
   129
   138
   135
   132
   129
   133
   131
   129
   125
   128
   127
   130
   134
   134
   135
   128
   127
   120
   116
   108
   101
   100
    98
    85
    89
    97
   103
    96
    99
   103
   104
   102
   103
   115
   115
   115
   118
    47
    46
    50
    39
    36
    35
    32
    28
    19
    20
    30
    44
    34
    37
    41
    27
    18
    39
    41
    35
    32
    33
    33
    41
    52
    55
    73
    94
   110
   123
   131
   139
   144
   140
   134
   136
   134
   135
   136
   135
   140
   139
   140
   130
   112
    89
    87
    93
   104
    91
    54
    73
    90
   119
   127
   121
   110
   131
   148
   156
   163
   163
   160
   156
   161
   158
   151
   144
   137
   127
   122
   121
   122
   117
   124
   134
   143
   144
   137
   130
   127
   127
   122
   128
   135
   141
   138
   140
   141
   128
   122
   111
   107
   104
   103
   107
   103
    94
    94
   102
   110
   105
   104
   100
   102
   109
   116
   116
   114
   114
   120
   117
    45
    39
    56
    62
    46
    40
    32
    33
    28
    28
    24
    31
    38
    36
    36
    38
    24
    40
    39
    26
    30
    31
    31
    34
    45
    65
    77
    94
   112
   123
   130
   136
   132
   135
   135
   131
   132
   131
   133
   136
   131
   139
   133
   125
   109
    94
    95
    99
   104
    94
    44
    52
    82
   121
   122
   123
   116
   138
   155
   156
   159
   157
   163
   160
   154
   150
   149
   147
   144
   128
   120
   115
   116
   125
   126
   135
   141
   135
   132
   136
   137
   139
   147
   147
   147
   138
   140
   135
   120
   112
   104
   105
   111
   107
   106
   104
    92
    72
    63
    73
    77
    87
    94
   112
   124
   126
   130
   135
   132
   124
   114
    93
    44
    39
    30
    26
    33
    32
    23
    22
    28
    25
    22
    27
    41
    41
    40
    34
    24
    33
    27
    28
    28
    30
    34
    37
    47
    55
    77
    95
   104
   116
   124
   124
   130
   129
   128
   130
   129
   130
   129
   130
   133
   126
   123
   117
   108
    87
    82
    98
   109
   102
    54
    39
    81
   116
   119
   115
   114
   136
   143
   148
   148
   156
   163
   162
   157
   156
   150
   147
   136
   125
   117
   115
   113
   117
   125
   131
   137
   146
   151
   152
   148
   147
   146
   134
   127
   127
   113
   105
   103
   105
   110
   113
   108
   110
    95
    75
    74
    89
   108
   104
   102
    99
    86
    54
    30
    22
    18
    19
    31
    21
     6
    18
    36
    42
    38
    34
    26
    26
    25
    24
    28
    26
    23
    30
    37
    44
    37
    32
    28
    33
    32
    30
    34
    34
    31
    38
    48
    67
    79
    95
    94
   103
   113
   115
   112
   124
   122
   125
   129
   127
   125
   123
   125
   125
   120
   110
   102
    85
    82
   102
   112
   103
    73
    41
    75
   111
   112
   118
   123
   136
   142
   148
   147
   153
   158
   156
   156
   154
   148
   138
   128
   125
   118
   114
   115
   115
   120
   132
   133
   136
   139
   135
   130
   123
   120
   116
   111
   104
   102
   103
   110
   110
   112
   114
   106
    96
    97
   113
   103
   109
   158
   177
   156
   145
   128
   106
    72
    54
    42
    34
    42
    54
    82
   124
    53
    52
    46
    41
    28
    19
    27
    33
    28
    27
    29
    28
    32
    36
    34
    33
    26
    23
    23
    30
    27
    26
    35
    43
    58
    67
    73
    89
    96
    96
   104
   107
   109
   110
   112
   113
   113
   117
   117
   123
   130
   123
   117
   108
    97
    88
    87
   100
   107
   104
    88
    51
    77
   112
   113
   122
   123
   140
   145
   152
   148
   154
   155
   154
   150
   145
   142
   135
   128
   127
   119
   117
   112
   116
   117
   125
   130
   128
   123
   121
   121
   114
   107
   105
   106
   105
   111
   117
   117
   117
   115
   105
    97
    88
    73
   126
   153
   128
   131
   170
   199
   188
   171
   163
   150
   141
   139
   139
   148
   161
   176
   187
    47
    49
    50
    52
    55
    48
    29
    27
    31
    29
    33
    35
    35
    34
    32
    37
    26
    24
    29
    26
    28
    31
    40
    42
    52
    65
    78
    75
    83
    93
    95
   101
   103
   108
   105
   102
   101
   103
   104
   108
   107
   118
   119
   101
    94
    89
    85
    93
   101
   104
   102
    82
    84
   120
   126
   130
   125
   127
   144
   149
   151
   149
   151
   149
   147
   142
   135
   134
   133
   127
   123
   112
   114
   113
   113
   117
   121
   121
   122
   118
   109
   108
   112
   112
   112
   116
   119
   117
   112
   106
    97
    95
    83
    66
    72
    81
   166
   159
   118
   105
   155
   192
   210
   203
   192
   188
   183
   185
   187
   186
   195
   199
    33
    37
    54
    52
    53
    52
    45
    36
    31
    32
    32
    30
    30
    27
    35
    31
    39
    30
    21
    26
    27
    31
    32
    37
    50
    61
    75
    80
    80
    78
    88
    94
    94
    91
    92
    94
   101
   102
   103
    99
   101
   106
   109
   106
    93
    81
    80
    93
    99
   102
   107
   105
    91
   116
   126
   127
   127
   126
   132
   143
   145
   143
   153
   153
   146
   141
   133
   134
   127
   125
   117
   116
   110
   114
   117
   119
   114
   114
   112
   109
   113
   116
   116
   118
   115
   114
   111
   106
   106
   101
    91
    76
    68
    76
    74
    70
   108
   176
   167
   144
   118
   120
   151
   183
   207
   215
   217
   210
   207
   206
   203
   202
    51
    45
    27
    46
    40
    41
    46
    40
    34
    27
    28
    32
    30
    23
    25
    39
    37
    31
    25
    22
    31
    25
    29
    41
    48
    43
    56
    79
    73
    67
    66
    73
    75
    75
    79
    89
    97
    99
   100
   104
   102
   102
    96
   102
   101
    86
    85
    87
    88
    99
   110
   112
    98
   114
   128
   126
   128
   127
   133
   136
   139
   138
   141
   147
   142
   138
   137
   131
   125
   118
   113
   110
   110
   111
   110
   111
   114
   114
   118
   120
   117
   121
   118
   115
   114
   108
   103
   106
    93
    77
    72
    73
    78
    76
    76
    75
    68
   121
   192
   174
   151
   137
   111
    91
    97
   116
   161
   187
   193
   187
   157
   117
    40
    49
    54
    33
    39
    39
    36
    36
    27
    26
    19
    21
    23
    24
    26
    24
    35
    42
    31
    28
    24
    31
    28
    31
    36
    44
    48
    60
    71
    65
    53
    42
    54
    62
    65
    68
    70
    94
   104
   103
   100
    98
   102
    96
    96
    93
    83
    81
    88
    97
   106
   111
   111
   124
   121
   128
   124
   129
   134
   139
   133
   136
   141
   141
   142
   137
   131
   128
   125
   119
   111
   108
   108
   104
   112
   115
   118
   122
   119
   118
   118
   108
   109
   104
   100
    99
    89
    76
    72
    70
    72
    79
    73
    77
    76
    78
    73
    51
   111
   182
   182
   169
   161
   156
   128
   104
    76
    69
    65
    79
    97
   117
    43
    31
    46
    54
    40
    40
    44
    47
    45
    42
    35
    34
    28
    26
    25
    25
    27
    32
    39
    29
    21
    24
    26
    25
    27
    34
    44
    51
    56
    58
    54
    54
    51
    48
    42
    46
    57
    63
    85
   103
    98
    96
    95
    97
    93
    90
    88
    89
    91
   100
   107
   112
   111
   121
   122
   123
   120
   122
   123
   123
   126
   125
   131
   129
   125
   130
   127
   119
   115
   111
   108
   105
   105
   107
   105
   113
   115
   113
   113
   116
   114
   108
   105
    99
    91
    83
    74
    74
    76
    79
    80
    76
    78
    76
    75
    73
    78
    74
    59
   100
   180
   193
   178
   176
   169
   163
   153
   137
   128
   143
   163
   175
    70
    54
    48
    48
    59
    55
    53
    51
    54
    49
    37
    36
    30
    28
    31
    27
    24
    19
    28
    33
    33
    31
    18
    24
    30
    30
    34
    40
    39
    37
    38
    46
    50
    43
    42
    32
    36
    39
    45
    71
    94
   104
   106
   102
   104
   101
    97
    96
    99
   109
   111
   111
   117
   120
   123
   124
   124
   121
   118
   116
   118
   116
   124
   120
   118
   118
   113
   115
   111
   107
   105
   108
   106
   107
   112
   111
   108
   109
   108
   100
    95
    93
    87
    83
    77
    73
    79
    74
    75
    77
    74
    75
    80
    74
    73
    77
    78
    78
    75
    57
    82
   151
   197
   194
   180
   180
   180
   174
   182
   187
   191
   191
   102
    78
    60
    61
    55
    55
    53
    55
    49
    48
    49
    42
    41
    37
    26
    28
    25
    25
    26
    28
    27
    26
    36
    30
    28
    32
    37
    36
    40
    42
    43
    44
    50
    44
    34
    36
    31
    34
    27
    24
    40
    62
    78
    92
    96
   100
   104
    99
    97
    97
    96
   102
   112
   117
   117
   123
   121
   124
   124
   119
   120
   124
   117
   120
   118
   112
   113
   108
   108
   108
   102
   102
   103
   105
   101
   103
   105
   101
    93
    89
    79
    78
    74
    70
    72
    73
    76
    82
    79
    79
    79
    81
    77
    81
    82
    80
    73
    76
    74
    74
    58
    46
    89
   151
   182
   191
   196
   201
   196
   192
   182
   176
   103
    95
    64
    57
    67
    53
    30
    34
    37
    37
    36
    40
    36
    27
    21
    22
    28
    27
    27
    26
    25
    24
    30
    28
    31
    37
    38
    41
    43
    47
    49
    50
    41
    30
    27
    26
    28
    27
    34
    24
    22
    26
    31
    47
    61
    78
    89
    98
   106
   107
   106
   102
   104
   106
   102
   106
   113
   113
   114
   111
   106
   107
   108
   105
    99
    98
    97
   104
   105
   104
   107
   102
   101
    98
    95
    95
    91
    81
    78
    73
    74
    73
    76
    77
    77
    80
    77
    78
    80
    79
    81
    80
    74
    76
    80
    77
    79
    77
    78
    75
    79
    72
    53
    48
    76
    96
   114
   126
   133
   140
   155
   147
   104
   102
    94
    63
    47
    67
    61
    38
    40
    42
    24
    16
    16
    24
    27
    24
    22
    30
    27
    34
    26
    23
    20
    31
    29
    33
    44
    43
    51
    55
    59
    51
    53
    46
    43
    33
    35
    36
    35
    34
    29
    25
    24
    27
    32
    40
    60
    71
    74
    89
    89
    92
    92
    82
    80
    71
    74
    82
    82
    85
    85
    82
    78
    79
    88
    91
    97
    93
    94
    98
    89
    87
    81
    69
    74
    66
    68
    74
    71
    76
    75
    80
    79
    80
    77
    78
    78
    79
    78
    79
    75
    75
    77
    77
    77
    75
    72
    73
    77
    84
    77
    74
    74
    73
    59
    48
    40
    41
    41
    54
   135
   153
   101
   102
   107
   105
    71
    55
    62
    64
    51
    47
    49
    47
    36
    33
    23
    28
    30
    26
    30
    30
    35
    34
    28
    23
    34
    37
    36
    46
    51
    50
    53
    52
    51
    48
    35
    40
    35
    33
    29
    36
    43
    39
    39
    32
    28
    22
    19
    20
    35
    45
    54
    58
    54
    78
   113
   133
   126
   111
   119
   118
   126
   142
   154
   145
   137
   132
   127
   119
   103
    65
    67
    65
    74
    84
    75
    81
    81
    80
    82
    82
    83
    79
    75
    74
    82
    80
    80
    80
    80
    80
    80
    76
    75
    79
    77
    78
    77
    78
    77
    74
    77
    77
    77
    73
    78
    78
    80
    84
    81
    74
   103
   158
    99
   103
   100
   105
   103
    81
    51
    51
    50
    49
    55
    52
    45
    35
    35
    33
    28
    31
    27
    22
    24
    26
    35
    31
    30
    37
    40
    43
    48
    52
    56
    59
    59
    46
    36
    37
    33
    32
    34
    26
    25
    24
    28
    25
    23
    31
    28
    34
    38
    52
    76
    99
   101
   118
   131
   139
   129
   123
   132
   128
   125
   134
   139
   144
   142
   122
   109
    86
    73
    82
    78
    81
    78
    74
    79
    77
    76
    80
    82
    83
    81
    82
    80
    80
    77
    76
    80
    77
    78
    80
    77
    79
    77
    78
    77
    78
    76
    76
    75
    80
    77
    78
    76
    75
    74
    79
    76
    76
    73
    73
    79
   145
   102
   102
   102
   101
   106
   109
    91
    67
    44
    53
    50
    53
    55
    51
    35
    37
    33
    32
    30
    36
    26
    31
    36
    42
    40
    39
    45
    56
    65
    69
    73
    69
    55
    45
    38
    36
    48
    41
    27
    26
    24
    33
    30
    32
    31
    25
    47
    89
   103
   104
   102
   114
   122
   118
   129
   134
   129
   129
   114
   115
   124
   116
   118
   111
    98
    99
    76
    71
    78
    81
    78
    78
    81
    80
    80
    85
    83
    77
    72
    78
    81
    77
    77
    81
    78
    82
    78
    78
    77
    76
    79
    76
    79
    79
    77
    74
    75
    79
    79
    73
    78
    78
    76
    77
    74
    72
    77
    73
    77
    79
    75
    96
   101
   100
   101
   100
   100
   104
   110
   102
    83
    54
    48
    53
    53
    65
    72
    57
    52
    46
    48
    49
    54
    44
    42
    47
    62
    68
    67
    67
    62
    61
    51
    44
    40
    31
    26
    31
    33
    53
    68
    87
   101
    87
    90
   101
    99
   106
   105
   105
   116
   106
   100
   106
    99
   108
   104
   106
   115
   107
   113
   105
    93
    92
    80
    79
    83
    66
    78
    84
    82
    80
    84
    80
    80
    77
    79
    77
    81
    81
    81
    80
    80
    80
    79
    75
    80
    80
    79
    79
    77
    78
    78
    81
    79
    76
    73
    76
    74
    76
    75
    75
    78
    75
    76
    75
    80
    76
    72
    79
    71
    76
    72
    81
   101
   102
   103
   106
   103
    99
   103
   106
   101
    89
    73
    59
    51
    46
    49
    56
    52
    56
    51
    44
    52
    51
    45
    49
    50
    54
    61
    60
    60
    53
    47
    36
    29
    40
    57
    69
    72
    88
   104
   109
   101
   105
   104
    99
   105
   101
    96
    91
    87
    91
    91
    87
    90
    84
    87
    87
    81
    86
    82
    76
    74
    71
    72
    77
    75
    82
    78
    80
    81
    82
    77
    76
    79
    80
    77
    79
    78
    81
    78
    81
    83
    79
    81
    79
    77
    76
    77
    78
    80
    79
    77
    77
    78
    76
    78
    77
    80
    78
    78
    81
    73
    76
    73
    75
    73
    75
    78
    74
    79
    72
    77
   105
   102
   103
   103
    97
    98
   101
   101
   103
   107
   106
   102
    93
    73
    64
    32
    25
    38
    34
    45
    59
    48
    56
    51
    47
    58
    46
    43
    49
    40
    47
    64
    68
    85
    87
    99
   110
   104
   105
   102
   101
   100
   101
    99
    93
    87
    93
    90
    89
    88
    84
    79
    75
    69
    79
    74
    68
    69
    66
    75
    82
    78
    80
    74
    77
    83
    81
    81
    83
    81
    77
    83
    84
    79
    84
    84
    74
    81
    81
    79
    79
    76
    73
    74
    79
    81
    79
    85
    82
    76
    74
    75
    79
    76
    77
    77
    76
    75
    78
    76
    76
    77
    77
    85
    75
    76
    76
    72
    74
    68
    79
    75
    87
