    54
    54
    42
    47
    76
    81
    84
    77
    71
    60
    42
    44
    56
    63
    55
    54
    53
    52
    39
    35
    37
    35
    31
    29
    27
    30
    23
    19
    21
    23
    25
    24
    30
    32
    35
    35
    31
    29
    30
    28
    29
    24
    29
    29
    30
    40
    43
    63
    73
   100
    99
    75
    62
    99
   118
   133
   124
   119
   128
   107
   102
    83
    52
    45
    40
    48
    63
    67
    65
    60
    62
    65
    66
    63
    68
    63
    58
    63
    64
    64
    65
    63
    61
    61
    63
    60
    64
    63
    64
    63
    58
    61
    62
    67
    64
    60
    63
    62
    68
    64
    66
    63
    64
    64
    63
    63
    62
    62
   141
   168
   161
   175
    49
    47
    43
    63
    82
    87
    79
    72
    54
    38
    46
    57
    63
    55
    44
    43
    35
    32
    27
    30
    38
    32
    32
    31
    27
    29
    28
    28
    27
    27
    27
    26
    29
    30
    26
    30
    31
    34
    32
    30
    29
    33
    30
    32
    29
    28
    32
    39
    70
   101
   111
    98
    60
    38
    69
    93
   107
   109
   103
   108
   109
   111
   115
   103
    88
    67
    51
    50
    59
    68
    67
    65
    64
    62
    65
    66
    63
    62
    63
    59
    64
    61
    65
    65
    62
    64
    62
    64
    62
    63
    62
    65
    66
    65
    64
    61
    63
    63
    61
    62
    62
    65
    63
    62
    64
    63
    67
    70
   141
   174
   166
   189
    56
    49
    67
    75
    70
    64
    56
    48
    35
    44
    72
    73
    70
    50
    52
    47
    40
    33
    37
    37
    33
    32
    33
    31
    32
    24
    25
    25
    26
    24
    27
    27
    29
    28
    32
    34
    36
    29
    29
    31
    31
    28
    30
    32
    30
    31
    24
    29
    38
    62
    68
    99
   102
    41
    39
    71
    96
   107
   112
   110
   111
   111
   109
   115
   119
   114
    94
    63
    56
    56
    61
    67
    66
    65
    65
    63
    65
    68
    63
    69
    67
    69
    64
    62
    67
    64
    62
    60
    62
    62
    64
    64
    62
    58
    64
    65
    62
    63
    63
    62
    61
    62
    68
    65
    64
    66
    68
    66
   123
   157
   172
   175
    45
    59
    58
    50
    48
    41
    41
    37
    53
    73
    76
    71
    51
    60
    54
    49
    42
    38
    40
    37
    35
    36
    33
    35
    31
    30
    29
    32
    31
    35
    32
    36
    28
    31
    34
    33
    35
    36
    31
    29
    29
    30
    26
    27
    30
    31
    34
    31
    33
    30
    44
    55
    73
    89
    72
    84
    91
    84
    84
    88
    96
   110
   115
   107
   109
   117
   115
   111
    81
    61
    63
    56
    62
    61
    62
    65
    64
    62
    66
    62
    61
    59
    64
    61
    62
    59
    60
    62
    61
    65
    64
    64
    64
    67
    63
    65
    65
    67
    67
    67
    63
    64
    60
    63
    63
    65
    61
    69
   126
   158
   186
   196
    48
    51
    45
    49
    52
    50
    47
    47
    60
    68
    72
    58
    64
    58
    47
    45
    36
    39
    37
    37
    34
    30
    30
    31
    28
    31
    35
    36
    34
    28
    30
    28
    30
    29
    30
    29
    31
    36
    35
    32
    28
    30
    30
    29
    29
    27
    32
    30
    26
    26
    29
    36
    45
    71
    73
    73
    75
    70
    63
    67
    85
    96
   107
   119
   109
   105
   107
   105
   105
    94
    73
    58
    60
    60
    61
    65
    65
    66
    64
    67
    62
    68
    63
    64
    62
    67
    68
    68
    69
    63
    63
    62
    61
    65
    64
    62
    60
    65
    64
    65
    64
    63
    70
    69
    63
    47
    37
    63
   141
   163
   175
   178
    47
    45
    48
    55
    64
    62
    50
    51
    62
    69
    56
    64
    67
    48
    40
    35
    37
    41
    42
    39
    36
    29
    31
    29
    34
    32
    31
    30
    28
    24
    27
    28
    24
    26
    30
    30
    27
    24
    34
    36
    31
    23
    22
    23
    27
    30
    28
    30
    32
    32
    26
    32
    31
    35
    38
    44
    51
    50
    49
    54
    68
    89
    92
   102
   110
   105
   108
   108
   110
   105
    94
    78
    62
    67
    67
    70
    65
    61
    63
    64
    71
    67
    65
    63
    67
    61
    63
    67
    62
    64
    64
    62
    70
    61
    66
    64
    65
    63
    62
    66
    65
    66
    43
    22
    19
    32
    79
   123
   170
   181
   181
   180
    40
    40
    58
    73
    61
    44
    42
    64
    82
    75
    77
    74
    51
    44
    40
    36
    46
    42
    33
    30
    31
    36
    32
    30
    30
    35
    27
    27
    26
    28
    25
    21
    27
    30
    28
    29
    29
    32
    26
    32
    41
    34
    32
    32
    29
    26
    32
    31
    33
    36
    43
    41
    45
    47
    50
    58
    55
    50
    47
    51
    60
    80
    92
    97
   107
   128
   135
   126
   124
   123
   115
   106
    88
    63
    62
    64
    66
    70
    68
    68
    58
    64
    67
    66
    66
    66
    67
    60
    66
    62
    67
    67
    65
    67
    64
    65
    65
    63
    62
    52
    30
    28
    54
    91
   134
   173
   182
   174
   162
   156
   172
   187
    55
    63
    60
    45
    36
    42
    63
    84
    89
    85
    85
    70
    45
    38
    42
    44
    44
    38
    40
    42
    36
    32
    29
    37
    35
    31
    26
    27
    30
    29
    28
    29
    29
    28
    29
    26
    29
    28
    32
    32
    39
    37
    32
    32
    42
    46
    46
    59
    65
    71
    77
    81
    85
    88
    93
    96
    93
    91
    85
    78
    77
    74
    85
    97
   101
   114
   127
   136
   129
   124
   119
   111
    99
    76
    62
    65
    64
    65
    66
    71
    67
    62
    64
    67
    64
    66
    65
    68
    67
    66
    66
    64
    63
    67
    64
    64
    65
    67
    43
    31
    86
   148
   198
   210
   217
   215
   207
   204
   194
   185
   167
   156
    76
    64
    38
    26
    52
    67
    86
    88
    84
    91
    76
    56
    41
    46
    42
    36
    39
    43
    50
    47
    33
    29
    36
    35
    35
    25
    26
    36
    35
    27
    28
    24
    29
    27
    27
    29
    29
    25
    19
    26
    25
    27
    35
    48
    48
    65
    77
    81
    89
    93
    96
    97
    97
    99
   102
   103
   104
   104
   102
    99
    95
    96
    85
    76
    73
    69
    73
    86
   116
   120
   120
   118
   116
    92
    67
    61
    68
    70
    64
    64
    64
    73
    64
    64
    66
    69
    67
    67
    63
    64
    66
    68
    68
    63
    65
    64
    62
    39
    66
   153
   203
   212
   214
   214
   209
   207
   205
   206
   210
   209
   207
   204
    74
    59
    39
    56
    82
    84
    77
    87
    92
    89
    64
    49
    41
    41
    44
    46
    49
    56
    53
    42
    36
    32
    33
    33
    28
    33
    33
    24
    24
    28
    30
    31
    24
    25
    31
    27
    28
    30
    27
    24
    33
    44
    49
    54
    60
    64
    71
    84
    90
    91
    94
    93
    97
   102
    98
    98
   106
   107
   110
   112
   116
   111
   110
   105
   101
    91
    82
    80
    79
    79
    89
   105
   106
   101
    81
    68
    63
    64
    65
    68
    67
    64
    67
    64
    68
    67
    68
    64
    65
    70
    66
    65
    63
    65
    66
    61
    48
    92
   176
   201
   214
   214
   210
   209
   207
   207
   207
   204
   204
   206
   208
   208
    58
    52
    55
    80
    87
    73
    74
    84
    77
    75
    70
    55
    46
    46
    55
    60
    54
    59
    51
    42
    36
    35
    36
    32
    36
    34
    30
    27
    29
    34
    30
    27
    31
    28
    29
    33
    32
    27
    28
    30
    35
    45
    50
    61
    60
    57
    63
    66
    78
    93
    96
   103
   102
    97
    97
   105
   107
   112
   114
   119
   119
   123
   122
   116
   115
   110
   104
   100
    94
    89
    84
    80
    80
    80
    73
    74
    66
    67
    67
    60
    63
    61
    59
    69
    65
    65
    64
    65
    67
    66
    69
    66
    67
    66
    62
    52
   113
   171
   194
   183
   151
   134
   124
   127
   148
   152
   162
   175
   177
   189
   197
   199
    49
    62
    81
    86
    84
    78
    86
    87
    77
    76
    74
    56
    50
    49
    55
    51
    52
    49
    40
    34
    34
    36
    33
    34
    29
    29
    28
    34
    36
    32
    33
    38
    32
    29
    31
    31
    35
    37
    32
    43
    44
    51
    64
    66
    68
    71
    70
    87
    87
    91
    94
    94
   102
   105
   103
   111
   118
   123
   127
   129
   128
   130
   128
   128
   120
   116
   114
   104
   102
   102
   103
    95
    86
    85
    83
    68
    73
    66
    66
    76
    63
    69
    73
    62
    66
    64
    66
    66
    67
    64
    63
    66
    69
    58
    58
   118
   168
   173
   132
    98
   100
   105
   136
   169
   176
   186
   185
   175
   175
   171
   181
   193
    59
    78
    78
    87
    80
    73
    80
    83
    88
    88
    72
    71
    61
    58
    46
    43
    49
    48
    39
    33
    35
    36
    38
    39
    38
    39
    35
    36
    30
    30
    29
    26
    33
    31
    30
    32
    35
    39
    41
    49
    57
    59
    60
    71
    76
    86
    97
    98
   104
    95
    83
    79
    78
    90
    98
   101
   119
   130
   130
   133
   134
   131
   130
   126
   126
   123
   118
   119
   114
   108
   104
   106
   105
    98
    92
    93
    80
    77
    77
    71
    78
    67
    63
    70
    67
    68
    69
    67
    68
    68
    71
    68
    63
    63
   112
   163
   151
   111
   103
   140
   177
   201
   213
   213
   214
   213
   212
   214
   208
   202
   191
   182
    75
    78
    88
    80
    63
    67
    85
    91
    91
    90
    76
    71
    55
    48
    41
    51
    49
    45
    42
    36
    36
    43
    46
    41
    44
    36
    36
    33
    32
    33
    26
    28
    30
    33
    37
    33
    37
    45
    53
    58
    65
    69
    76
    84
    99
   111
   109
   114
   112
    93
    80
    76
    68
    82
    96
   104
   116
   133
   140
   133
   137
   138
   135
   133
   130
   123
   120
   119
   117
   109
   106
   110
   103
   100
    98
    99
   102
    96
    89
    85
    77
    82
    76
    70
    68
    63
    61
    71
    63
    67
    69
    66
    65
    89
   156
   147
   106
   124
   172
   189
   189
   194
   195
   200
   221
   226
   233
   231
   223
   221
   212
   210
    71
    81
    88
    74
    66
    70
    81
    86
    79
    90
    89
    76
    57
    46
    46
    49
    56
    52
    37
    34
    38
    44
    45
    50
    48
    40
    35
    31
    31
    30
    37
    36
    36
    30
    34
    43
    46
    56
    66
    72
    80
    87
    87
    96
   105
   121
   131
   125
   108
    90
    79
    79
    79
    83
    89
    95
   109
   132
   140
   146
   144
   143
   146
   138
   131
   130
   133
   133
   123
   117
   112
   102
   104
    94
    97
    96
    95
    98
    99
    97
    99
    91
    86
    88
    78
    77
    77
    60
    70
    67
    66
    68
    69
   135
   138
   110
   154
   184
   182
   167
   167
   150
   148
   156
   151
   164
   166
   176
   209
   219
   222
   232
    77
    85
    71
    74
    78
    84
    81
    79
    77
    87
   100
    81
    66
    55
    49
    54
    52
    50
    44
    45
    47
    53
    57
    50
    45
    41
    36
    32
    36
    31
    33
    34
    35
    39
    43
    45
    53
    61
    82
    92
    92
    93
    97
   103
   119
   125
   127
   122
   108
    90
    85
    86
    89
    89
    94
    94
    99
   133
   145
   153
   149
   144
   144
   144
   140
   138
   134
   134
   125
   120
   118
   116
   108
   107
   105
    96
    95
   100
   101
   105
   104
   106
   102
    91
    93
    87
    76
    76
    65
    65
    62
    64
   106
   129
   104
   143
   176
   168
   144
   119
    80
    68
    38
    14
     4
     8
    25
    36
    40
    64
    99
   129
    67
    59
    69
    81
    98
    84
    92
    83
    86
    96
   100
    82
    77
    65
    52
    52
    62
    52
    48
    47
    51
    67
    61
    50
    47
    36
    33
    34
    33
    31
    31
    31
    31
    39
    44
    52
    65
    75
    91
    99
    99
   105
   104
   112
   123
   130
   133
   127
   115
    90
    86
    86
    87
    95
    97
    87
    96
   125
   140
   150
   148
   147
   151
   149
   144
   139
   132
   129
   131
   131
   131
   122
   115
   113
   108
   105
   100
    97
   102
   106
   104
   109
   108
   107
   102
    95
    88
    90
    83
    75
    74
    85
   120
   104
   133
   166
   150
   123
    82
    57
    40
    23
    26
    54
    85
   102
   109
   108
   110
    98
    88
    81
    53
    51
    54
    90
   102
    95
    93
    91
    90
   100
    97
    88
    81
    64
    53
    52
    54
    57
    48
    53
    79
    81
    71
    64
    50
    42
    38
    37
    38
    31
    37
    38
    36
    37
    49
    63
    70
    76
    92
   104
   109
   110
   112
   118
   121
   130
   130
   116
    90
    84
    84
    94
    93
    96
    82
    68
    92
   116
   132
   144
   145
   155
   160
   155
   142
   134
   140
   138
   136
   134
   127
   129
   123
   115
   113
   110
   106
    96
    89
    99
   105
   107
   113
   112
   113
   113
   108
    95
    93
    87
    73
    69
    82
    81
    91
    95
    88
    82
    84
    88
    96
    99
   105
   116
   120
   115
   118
   117
   121
   127
   126
   127
    51
    51
    66
    97
    96
    95
    93
    88
    90
    94
    89
    92
    82
    68
    50
    55
    63
    57
    56
    66
    88
    86
    81
    68
    56
    39
    39
    43
    34
    37
    34
    38
    39
    49
    53
    71
    73
    76
    92
   114
   120
   119
   117
   122
   130
   132
   130
   109
   101
    90
    85
    97
    95
    74
    48
    64
    95
   115
   131
   145
   147
   154
   154
   157
   149
   144
   142
   145
   141
   135
   134
   129
   124
   118
   113
   112
   110
   109
   102
   104
   109
   107
   105
   107
   108
   107
   106
   104
    98
    93
    88
    83
    72
    77
    78
    74
    78
    82
    89
    90
    97
   101
   111
   111
   109
   117
   114
   122
   124
   127
   130
   131
    49
    53
    75
    88
    91
    93
    95
    90
    88
    90
    91
    85
    79
    66
    55
    53
    62
    57
    57
    77
    90
    93
    81
    75
    61
    45
    43
    44
    39
    39
    37
    38
    42
    48
    53
    72
    87
    77
    89
   113
   120
   116
   117
   126
   134
   139
   136
   110
   102
    98
    94
    95
    94
    59
    41
    74
    95
   109
   124
   145
   148
   150
   161
   161
   157
   149
   147
   141
   140
   137
   134
   135
   132
   123
   121
   115
   114
   108
   114
   113
   112
   114
   113
   109
   108
   111
   111
   107
   104
    99
    96
    86
    78
    72
    73
    80
    87
    86
    89
    93
    96
    98
    98
   105
   107
   106
   117
   119
   120
   120
   122
   126
    44
    49
    72
    94
   100
    99
    98
    98
    85
    85
    93
    79
    64
    59
    56
    57
    75
    53
    57
    73
    91
    98
    89
    86
    67
    52
    47
    41
    37
    32
    34
    39
    49
    55
    51
    62
    80
    79
    92
   114
   120
   123
   125
   136
   145
   144
   135
   106
    91
    89
    91
   107
    90
    34
    45
    87
   106
   106
   110
   135
   148
   156
   159
   160
   156
   155
   156
   152
   145
   147
   145
   137
   134
   129
   120
   113
   110
   116
   118
   121
   121
   124
   121
   121
   112
   105
   111
   104
   105
   106
   107
   102
    94
    87
    83
    73
    76
    88
    90
    93
    92
    91
    93
    93
   105
   109
   107
   108
   118
   118
   117
   120
    56
    51
    69
    95
    94
    98
    90
    88
    83
    89
    90
    71
    67
    71
    71
    64
    74
    54
    57
    69
    84
   100
    94
    88
    70
    59
    48
    49
    43
    44
    45
    43
    46
    58
    56
    55
    70
    72
    86
   115
   123
   126
   134
   145
   150
   145
   133
   105
    93
    91
    92
   105
    79
    40
    63
    89
   112
   120
   106
   130
   149
   161
   160
   161
   163
   155
   157
   155
   150
   144
   140
   136
   136
   127
   121
   117
   112
   113
   119
   124
   129
   131
   129
   127
   128
   120
   113
   106
   103
    97
    99
   101
    98
    97
    87
    84
    77
    73
    84
    83
    84
    90
    91
    91
    97
   106
   116
   117
   114
   118
   119
   121
    62
    46
    73
    89
    86
    89
    97
    88
    83
    82
    89
    80
    74
    72
    76
    56
    67
    45
    59
    63
    83
    97
    93
    90
    75
    69
    62
    50
    47
    44
    42
    46
    50
    60
    63
    55
    64
    70
    87
   118
   122
   127
   140
   148
   152
   149
   142
   116
    91
    92
    86
   107
    74
    82
    99
    93
   112
   120
   106
   121
   148
   158
   163
   160
   163
   163
   160
   151
   151
   151
   142
   139
   134
   129
   122
   117
   116
   116
   122
   123
   131
   134
   138
   134
   133
   129
   119
   113
   108
   108
   110
   105
   103
    98
    91
    83
    79
    68
    65
    78
    81
    86
    90
    90
    95
    97
   107
   118
   113
   115
   122
   124
    42
    51
    67
    68
    77
    85
    88
    89
    83
    90
    94
    84
    75
    86
    78
    62
    56
    53
    56
    61
    87
    92
    92
    85
    76
    71
    64
    57
    52
    49
    41
    40
    51
    59
    64
    61
    58
    63
    81
   114
   122
   131
   142
   150
   153
   150
   143
   120
    90
    83
    83
    93
    59
    66
    96
    99
   112
   120
   108
   124
   151
   162
   159
   156
   163
   172
   167
   163
   148
   150
   150
   143
   139
   132
   122
   117
   118
   120
   119
   128
   133
   140
   143
   144
   137
   131
   131
   120
   116
   104
   100
   102
   106
   103
   104
   100
    88
    90
    75
    70
    77
    79
    84
    89
    92
    97
   100
   109
   121
   119
   126
   120
    48
    57
    63
    65
    74
    87
    91
    95
    79
    89
    93
    87
    83
    86
    82
    64
    58
    49
    54
    59
    81
    79
    93
    88
    77
    78
    64
    60
    53
    47
    43
    43
    55
    62
    61
    61
    56
    59
    81
   114
   119
   130
   144
   155
   153
   148
   137
   112
    90
    81
    82
    92
    47
    52
    70
    88
   100
   119
   107
   122
   151
   167
   166
   168
   175
   173
   176
   172
   163
   154
   148
   144
   138
   130
   125
   122
   116
   119
   123
   131
   131
   133
   135
   143
   146
   145
   138
   133
   123
   115
   107
   102
   101
   109
   104
   103
    94
    88
    82
    72
    68
    66
    74
    80
    84
    89
    99
   104
   119
   122
   121
   124
    63
    67
    56
    63
    73
    84
    95
    96
    85
    89
    90
    83
    94
    94
    86
    67
    63
    44
    48
    63
    74
    85
    83
    85
    85
    77
    62
    56
    57
    49
    42
    48
    58
    61
    60
    55
    55
    55
    81
   118
   129
   134
   147
   154
   153
   151
   140
   115
    84
    79
    80
    78
    27
    41
    53
    84
   100
   116
   109
   125
   151
   165
   170
   169
   173
   175
   168
   166
   160
   153
   144
   143
   131
   124
   128
   126
   126
   126
   131
   128
   126
   127
   129
   132
   140
   147
   150
   147
   142
   132
   122
   118
   107
   106
   110
   105
   102
    96
    92
    81
    69
    72
    66
    71
    80
    86
    95
    98
   106
   118
   121
   124
    79
    69
    64
    64
    70
    85
    94
    97
    94
    85
    90
    86
    93
    99
    88
    77
    68
    55
    55
    58
    65
    75
    74
    84
    81
    76
    66
    61
    62
    55
    41
    50
    63
    69
    60
    51
    53
    53
    75
   120
   128
   134
   146
   152
   153
   151
   140
   115
    82
    62
    78
    74
    35
    31
    52
    96
   106
   119
   107
   128
   159
   165
   167
   172
   173
   165
   168
   160
   155
   152
   145
   141
   138
   133
   128
   129
   128
   130
   130
   126
   120
   121
   122
   122
   121
   129
   136
   140
   141
   137
   132
   123
   114
   106
   103
   105
   101
    93
    84
    87
    79
    70
    64
    62
    72
    80
    83
    89
    93
   109
   121
   119
    82
    75
    68
    58
    63
    83
    90
    96
    90
    87
    88
    82
    95
    98
    88
    77
    78
    54
    51
    52
    66
    73
    73
    82
    85
    79
    63
    61
    66
    57
    46
    58
    66
    66
    56
    54
    54
    51
    75
   118
   132
   138
   150
   156
   161
   159
   150
   115
    85
    61
    69
    73
    57
    41
    74
   108
   125
   121
   102
   133
   153
   161
   167
   173
   176
   171
   170
   167
   163
   152
   148
   140
   143
   132
   132
   135
   139
   139
   134
   132
   128
   127
   126
   125
   126
   124
   130
   136
   140
   140
   138
   134
   126
   119
   112
   106
   103
   102
    93
    91
    83
    72
    71
    69
    60
    65
    74
    83
    94
   102
   118
   124
    82
    83
    70
    56
    60
    78
    86
    98
    90
    84
    88
    86
    92
    98
    89
    83
    83
    52
    44
    58
    70
    66
    73
    89
    88
    80
    69
    63
    71
    56
    45
    51
    68
    61
    58
    50
    50
    57
    76
   113
   134
   141
   150
   160
   158
   152
   143
   122
    90
    62
    64
    37
    28
    53
    73
   111
   120
   121
   109
   135
   156
   164
   175
   175
   177
   172
   168
   164
   157
   152
   146
   139
   137
   138
   136
   141
   144
   142
   141
   134
   132
   128
   128
   127
   126
   125
   129
   134
   138
   140
   136
   139
   140
   125
   118
   120
   106
   104
    97
    87
    90
    84
    76
    72
    70
    68
    71
    73
    89
    94
   104
   120
    88
    86
    70
    65
    57
    68
    76
    95
    91
    82
    79
    87
    90
    96
    81
    85
    75
    53
    49
    47
    59
    63
    79
    97
    88
    82
    69
    72
    72
    52
    41
    51
    63
    77
    69
    66
    62
    60
    72
   106
   138
   142
   153
   158
   159
   148
   143
   121
    89
    61
    63
    43
    55
    88
   100
   126
   129
   113
   114
   149
   161
   170
   175
   180
   177
   172
   167
   152
   150
   148
   141
   135
   135
   131
   134
   139
   138
   133
   137
   129
   120
   123
   120
   121
   125
   134
   129
   131
   131
   132
   136
   130
   137
   135
   125
   125
   119
   110
   100
    93
    85
    89
    76
    75
    78
    67
    65
    69
    74
    86
    93
   110
    85
    88
    72
    67
    56
    67
    73
    86
    86
    79
    81
    86
    88
    94
    75
    86
    73
    62
    47
    48
    59
    64
    80
    95
    80
    81
    75
    74
    74
    51
    39
    52
    67
    80
    74
    70
    61
    63
    83
   101
   132
   143
   155
   161
   155
   152
   148
   125
    88
    64
    60
    56
   103
   133
   124
   134
   125
   106
   120
   146
   157
   167
   173
   173
   177
   170
   164
   158
   151
   145
   133
   130
   130
   136
   138
   136
   133
   124
   123
   122
   119
   115
   118
   120
   123
   118
   128
   128
   131
   131
   135
   137
   133
   133
   130
   127
   126
   123
   111
   102
    87
    85
    84
    76
    72
    73
    65
    67
    73
    73
    84
    91
    86
    86
    82
    72
    59
    69
    72
    81
    81
    80
    73
    73
    90
    86
    75
    84
    82
    66
    50
    47
    54
    65
    80
    98
    83
    85
    78
    78
    74
    53
    42
    50
    74
    79
    71
    68
    62
    70
    90
   110
   143
   153
   160
   164
   162
   153
   150
   123
    93
    63
    59
    52
    91
   113
   107
   125
   115
   106
   125
   143
   154
   166
   170
   171
   171
   163
   154
   155
   144
   132
   126
   125
   130
   142
   142
   137
   137
   137
   134
   124
   118
   114
   118
   111
   109
   111
   123
   131
   134
   140
   138
   134
   136
   129
   129
   127
   122
   125
   119
   113
   101
    85
    85
    85
    76
    71
    64
    61
    69
    71
    80
    92
    76
    96
    85
    68
    62
    72
    82
    81
    83
    83
    64
    70
    85
    78
    85
    86
    83
    73
    52
    47
    57
    57
    78
    94
    87
    92
    85
    86
    76
    52
    44
    47
    62
    75
    76
    69
    74
    84
    94
   115
   147
   154
   154
   162
   163
   156
   145
   125
    90
    71
    65
    52
    59
    85
    96
   115
   103
   104
   124
   143
   159
   166
   162
   158
   156
   155
   157
   151
   136
   127
   133
   137
   139
   138
   145
   145
   145
   137
   134
   133
   120
   117
   113
   107
    98
   110
   125
   131
   133
   138
   143
   136
   136
   128
   125
   130
   123
   120
   120
   109
   101
    93
    81
    89
    78
    76
    73
    66
    70
    73
    77
    82
    78
    88
    73
    64
    66
    74
    86
    85
    73
    78
    65
    66
    77
    69
    82
    86
    84
    70
    45
    40
    57
    59
    80
    91
    80
    98
    93
    84
    80
    50
    35
    43
    54
    72
    76
    78
    76
    90
    91
   124
   150
   154
   160
   162
   158
   154
   147
   125
    98
    68
    61
    49
    50
    88
    99
   111
   102
   115
   124
   144
   161
   160
   157
   156
   153
   154
   149
   129
   123
   125
   128
   135
   136
   144
   147
   140
   140
   136
   131
   132
   125
   118
   112
    95
    67
    87
   129
   133
   127
   127
   132
   133
   133
   137
   126
   124
   132
   125
   119
   115
   113
   102
    85
    82
    87
    79
    74
    73
    67
    73
    74
    75
    68
    80
    70
    67
    78
    85
    89
    83
    73
    75
    68
    68
    71
    68
    75
    73
    81
    75
    43
    47
    59
    60
    80
    90
    88
   106
    86
    87
    75
    55
    36
    42
    56
    70
    82
    84
    83
    92
    98
   130
   148
   154
   159
   165
   164
   155
   145
   129
   109
    82
    67
    57
    36
    72
   109
   110
   109
   115
   123
   150
   154
   153
   145
   148
   149
   142
   126
   111
   104
   102
   108
   113
   125
   144
   144
   140
   136
   130
   130
   118
   119
   114
   114
    84
    24
    59
   115
   141
   132
   125
   121
   128
   125
   129
   132
   124
   122
   124
   121
   120
   116
   109
    93
    83
    87
    87
    76
    74
    65
    64
    74
    75
    63
    74
    65
    73
    85
    80
    89
    80
    70
    76
    73
    74
    81
    73
    73
    78
    87
    71
    49
    46
    59
    62
    80
    83
    90
   101
    81
    80
    78
    52
    37
    48
    55
    66
    86
    87
    91
    96
   115
   142
   152
   155
   157
   162
   161
   157
   148
   132
   111
    88
    69
    64
    45
    63
   110
   112
   115
   116
   131
   141
   143
   143
   142
   142
   140
   116
   107
   113
   116
   109
    97
    96
   113
   137
   142
   142
   143
   133
   125
   122
   112
   113
   105
    68
    24
    43
    92
   130
   135
   125
   117
   117
   120
   123
   132
   136
   136
   135
   129
   124
   117
   109
   100
    88
    78
    88
    80
    73
    77
    71
    69
    75
    50
    64
    74
    80
    84
    84
    91
    81
    63
    77
    78
    74
    75
    72
    72
    72
    87
    76
    56
    47
    54
    57
    74
    76
    90
    93
    77
    71
    79
    55
    51
    46
    53
    65
    82
    94
    99
   104
   127
   147
   154
   153
   155
   160
   160
   154
   149
   128
   115
    94
    81
    63
    59
    80
   108
   115
   109
   120
   131
   134
   134
   125
   131
   129
   120
   126
   132
   131
   130
   124
   102
    78
    77
   119
   140
   135
   138
   136
   129
   124
   122
   115
    96
    56
    30
    55
    90
   110
   125
   123
   124
   117
   118
   119
   123
   131
   139
   138
   132
   135
   131
   119
   110
    97
    85
    88
    89
    79
    77
    72
    67
    72
    52
    60
    66
    73
    76
    74
    77
    77
    62
    70
    67
    82
    76
    81
    71
    73
    80
    71
    67
    50
    55
    59
    67
    70
    96
    76
    66
    65
    71
    52
    52
    53
    51
    65
    78
    90
   100
   121
   141
   152
   152
   152
   157
   159
   159
   153
   147
   132
   110
    93
    84
    73
    68
    71
   104
   102
   101
   105
   122
   129
   124
   123
   129
   125
   125
   134
   139
   139
   134
   121
   112
    76
    49
    85
   114
   132
   135
   133
   127
   119
   121
   117
    91
    63
    43
    34
    89
   100
   106
   116
   121
   120
   112
   112
   114
   123
   131
   139
   137
   129
   132
   125
   110
   105
    88
    80
    87
    80
    72
    70
    71
    64
    44
    57
    65
    61
    65
    67
    83
    83
    71
    69
    68
    77
    76
    94
    74
    65
    76
    75
    70
    47
    45
    54
    68
    81
    83
    70
    62
    58
    63
    63
    58
    57
    59
    70
    90
   100
   117
   141
   151
   150
   154
   153
   158
   163
   161
   159
   147
   138
   126
   110
    97
    73
    65
    65
    66
    76
    93
   110
   120
   123
   128
   129
   130
   136
   134
   138
   138
   134
   131
   122
   109
    73
    48
    73
   102
   121
   131
   129
   133
   128
   126
   118
    84
    84
   110
    81
    88
   106
   113
   120
   118
   119
   118
   113
   111
   114
   116
   128
   137
   139
   130
   133
   124
   110
    93
    87
    90
    90
    78
    68
    67
    69
    38
    47
    62
    57
    68
    66
    86
    86
    73
    67
    66
    76
    77
    96
    77
    68
    73
    90
    76
    41
    47
    58
    62
    69
    70
    63
    51
    49
    55
    66
    60
    61
    62
    74
   104
   121
   139
   147
   149
   152
   154
   156
   164
   168
   167
   161
   152
   141
   128
   116
   105
    83
    70
    66
    64
    77
    91
   107
   113
   117
   120
   125
   125
   126
   125
   124
   130
   133
   131
   121
   106
    61
    42
    74
    94
   118
   132
   139
   139
   141
   131
   109
    71
    72
    91
    74
   101
   123
   115
   117
   121
   124
   121
   113
   114
   115
   124
   133
   141
   143
   129
   119
   121
   110
    97
    86
    85
    87
    83
    77
    68
    71
    39
    44
    56
    55
    59
    64
    80
    70
    69
    66
    64
    70
    76
    87
    81
    70
    65
    94
    74
    39
    44
    52
    60
    63
    58
    51
    54
    68
    80
    78
    75
    71
    65
    83
   110
   134
   143
   150
   148
   151
   152
   155
   160
   166
   163
   163
   154
   142
   134
   121
   103
    93
    92
    95
   104
    99
   102
   110
   113
   117
   118
   122
   122
   113
   110
   118
   126
   132
   124
   116
   106
    69
    41
    64
    97
   109
   128
   141
   144
   143
   139
   105
    73
    88
    79
    49
   103
   122
   119
   116
   117
   117
   119
   116
   118
   115
   119
   128
   141
   141
   133
   131
   128
   118
    99
    96
    86
    85
    85
    74
    66
    66
    37
    44
    52
    51
    49
    64
    77
    63
    69
    60
    57
    63
    76
    85
    78
    67
    69
    95
    66
    38
    39
    56
    59
    54
    50
    48
    55
    74
    84
    73
    72
    68
    67
    97
   127
   140
   146
   147
   149
   149
   152
   152
   157
   159
   163
   160
   155
   148
   133
   120
   112
    99
   116
   126
   125
   136
   131
   130
   127
   124
   130
   134
   134
   131
   127
   128
   131
   132
   129
   112
   103
    76
    40
    66
    96
   105
   126
   135
   148
   152
   137
    97
    91
   127
   131
    85
    99
   116
   119
   114
   122
   119
   116
   115
   120
   121
   122
   132
   139
   137
   134
   131
   131
   122
   113
    92
    85
    87
    89
    82
    71
    66
    44
    44
    50
    45
    51
    65
    80
    67
    58
    64
    69
    63
    72
    73
    75
    69
    75
    84
    63
    39
    43
    47
    50
    47
    45
    44
    48
    67
    73
    80
    86
    62
    77
   113
   135
   145
   146
   151
   150
   152
   149
   153
   161
   163
   165
   162
   153
   143
   136
   124
   113
   118
   140
   150
   151
   152
   148
   145
   141
   142
   141
   138
   142
   132
   135
   132
   123
   135
   136
   114
   101
    78
    44
    68
   104
   110
   126
   144
   143
   149
   128
    87
   108
   153
   150
    80
    84
   120
   118
   115
   117
   117
   118
   115
   115
   123
   121
   129
   144
   145
   138
   125
   124
   117
   111
   101
    90
    89
    89
    88
    71
    66
    40
    38
    48
    58
    52
    52
    79
    66
    61
    65
    72
    64
    73
    71
    71
    61
    76
    74
    58
    46
    42
    48
    43
    48
    38
    47
    65
    61
    69
    96
    86
    77
    93
   121
   137
   139
   142
   148
   156
   149
   153
   153
   157
   161
   159
   165
   163
   150
   139
   126
   120
   140
   148
   162
   166
   160
   153
   162
   156
   156
   152
   154
   150
   150
   147
   135
   136
   146
   147
   130
   101
    81
    46
    57
   105
   124
   123
   140
   156
   154
   126
    77
    73
   117
   120
    84
    99
   135
   134
   118
   120
   118
   121
   115
   128
   122
   120
   127
   139
   140
   142
   134
   129
   127
   116
   112
    92
    88
    91
    87
    70
    56
    36
    38
    49
    50
    52
    51
    75
    70
    55
    57
    71
    58
    63
    72
    72
    65
    75
    80
    56
    46
    41
    37
    38
    37
    41
    47
    60
    57
    88
    99
    83
    77
   101
   126
   138
   142
   145
   152
   152
   156
   153
   154
   155
   153
   160
   159
   157
   152
   139
   131
   125
   148
   157
   161
   165
   163
   159
   165
   161
   158
   159
   160
   156
   157
   157
   151
   149
   162
   152
   139
   121
    92
    53
    57
   105
   123
   128
   143
   159
   160
   127
    83
   102
   124
   113
    83
   110
   143
   151
   132
   130
   126
   119
   118
   126
   131
   124
   126
   142
   141
   142
   141
   136
   132
   121
   101
    95
    90
    87
    90
    77
    64
    37
    39
    43
    49
    49
    54
    66
    64
    52
    63
    72
    55
    60
    66
    67
    65
    83
    82
    61
    42
    31
    34
    42
    42
    43
    48
    52
    75
    94
    98
    84
    90
   114
   128
   136
   144
   151
   154
   155
   153
   154
   155
   159
   159
   161
   159
   152
   147
   137
   132
   123
   144
   149
   154
   163
   171
   168
   168
   163
   166
   164
   164
   160
   158
   163
   164
   165
   168
   153
   140
   122
   104
    74
    55
   105
   130
   138
   144
   154
   164
   122
    84
   129
   159
   161
   111
    97
   138
   155
   136
   132
   123
   122
   117
   121
   126
   126
   139
   139
   144
   147
   138
   134
   129
   125
   120
   100
    96
    89
    92
    74
    60
    41
    42
    39
    39
    46
    56
    62
    58
    54
    59
    69
    56
    56
    70
    68
    70
    83
    86
    66
    42
    32
    31
    41
    42
    42
    52
    68
    79
    92
    91
    86
   107
   129
   134
   139
   147
   157
   155
   156
   154
   152
   151
   150
   153
   155
   157
   150
   138
   133
   119
   121
   133
   140
   158
   166
   164
   160
   164
   159
   161
   162
   163
   161
   162
   158
   158
   169
   171
   159
   137
   123
   105
    78
    62
   110
   132
   135
   143
   146
   157
   117
    88
   134
   163
   164
   116
   102
   134
   156
   144
   139
   124
   121
   118
   117
   121
   140
   152
   155
   151
   146
   142
   132
   126
   123
   116
   106
    94
    92
    86
    82
    60
    37
    45
    41
    41
    46
    55
    59
    56
    44
    52
    68
    55
    52
    65
    64
    71
    78
    91
    75
    37
    34
    42
    43
    40
    47
    63
    78
    87
    98
    91
    95
   113
   131
   139
   146
   151
   156
   158
   159
   154
   154
   156
   155
   154
   157
   152
   146
   134
   127
   118
   117
   130
   143
   155
   156
   155
   159
   160
   156
   154
   162
   158
   155
   162
   158
   156
   164
   167
   151
   137
   121
   104
    74
    71
   108
   122
   124
   134
   140
   150
   109
    87
   138
   179
   181
   131
   116
   130
   141
   147
   136
   124
   122
   118
   115
   123
   145
   150
   155
   155
   149
   136
   134
   132
   120
   109
   103
    98
    88
    93
    81
    69
    38
    42
    39
    40
    39
    46
    54
    48
    43
    48
    64
    60
    48
    58
    57
    70
    79
    86
    76
    44
    53
    50
    40
    35
    50
    56
    73
    90
   100
    88
   100
   117
   131
   139
   143
   148
   153
   153
   150
   148
   150
   151
   152
   152
   152
   148
   140
   122
   120
   111
   109
   121
   128
   134
   133
   136
   139
   151
   150
   155
   154
   154
   157
   152
   155
   154
   157
   166
   148
   132
   113
    94
    77
    91
   121
   129
   129
   139
   129
   143
   113
    62
    85
    95
    93
   112
   104
   124
   147
   141
   133
   119
   123
   120
   117
   127
   145
   148
   145
   152
   154
   151
   140
   130
   124
   116
   105
    97
    89
    84
    76
    64
    36
    37
    33
    35
    43
    49
    47
    47
    41
    47
    58
    49
    49
    55
    56
    62
    60
    83
    71
    53
    75
    51
    43
    40
    50
    66
    78
    95
    89
    89
   110
   125
   133
   141
   147
   149
   155
   154
   156
   153
   151
   153
   157
   153
   147
   135
   130
   116
   100
   100
   101
   103
   112
   113
   114
   118
   118
   128
   138
   148
   146
   145
   151
   151
   150
   153
   155
   172
   160
   130
   109
    86
    74
   103
   122
   134
   136
   132
   125
   134
   107
    82
   111
    97
    70
    84
   106
   125
   143
   139
   130
   121
   123
   118
   121
   125
   147
   155
   156
   155
   143
   140
   138
   124
   127
   115
   107
    97
    87
    87
    81
    67
    37
    34
    37
    37
    43
    50
    48
    43
    42
    44
    54
    51
    39
    55
    53
    61
    60
    76
    64
    60
    69
    40
    38
    38
    61
    80
    83
    95
    88
   101
   121
   129
   134
   132
   142
   152
   156
   156
   154
   154
   154
   158
   158
   152
   147
   130
   119
   111
   109
    89
    88
   100
   110
   116
   121
   125
   123
   126
   126
   130
   136
   141
   143
   147
   145
   146
   149
   163
   155
   128
   103
    70
    82
   115
   125
   128
   126
   133
   130
   130
    95
   111
   162
   181
   169
   138
   125
   144
   149
   141
   136
   129
   125
   122
   122
   129
   151
   157
   156
   157
   151
   144
   142
   132
   124
   117
   103
    97
    91
    89
    79
    68
    36
    36
    34
    35
    37
    44
    46
    43
    43
    48
    41
    47
    40
    39
    44
    55
    62
    77
    59
    66
    59
    41
    35
    46
    70
    79
    91
    98
   103
   111
   121
   123
   128
   136
   147
   160
   161
   158
   157
   158
   157
   155
   159
   152
   147
   130
   105
    95
    88
    88
    91
    99
   106
   111
   119
   130
   133
   133
   131
   138
   138
   136
   137
   139
   145
   148
   154
   148
   131
   115
    90
    60
    96
   120
   130
   128
   134
   133
   134
   128
    90
   123
   165
   172
   149
   120
   118
   144
   148
   147
   131
   119
   120
   121
   116
   128
   153
   162
   158
   159
   149
   143
   142
   135
   124
   115
   105
    94
    86
    88
    76
    67
    33
    37
    34
    33
    35
    39
    42
    39
    45
    42
    47
    46
    46
    61
    46
    56
    60
    69
    52
    65
    55
    41
    47
    57
    57
    84
    98
    97
   106
   111
   113
   125
   143
   150
   154
   155
   156
   152
   154
   161
   163
   163
   156
   147
   136
   127
   118
    91
    83
    82
    85
    92
   107
   117
   120
   121
   131
   136
   132
   134
   141
   143
   139
   128
   129
   142
   147
   144
   121
   106
    76
    70
   114
   121
   128
   131
   134
   145
   144
   118
    89
   138
   173
   180
   138
   103
   114
   149
   156
   144
   130
   128
   121
   119
   121
   130
   153
   156
   156
   150
   145
   142
   138
   128
   119
   114
   100
    92
    81
    80
    76
    69
    36
    31
    40
    32
    33
    40
    37
    38
    38
    39
    41
    43
    45
    65
    55
    52
    51
    65
    60
    65
    42
    44
    49
    49
    61
    91
   100
   100
   101
   104
   118
   139
   152
   152
   153
   159
   159
   160
   160
   162
   162
   158
   158
   150
   143
   124
   101
    88
    82
    84
    83
    84
   115
   134
   133
   129
   132
   136
   137
   132
   140
   141
   141
   147
   139
   135
   138
   136
   127
   109
    67
    82
   116
   130
   132
   135
   136
   140
   137
   107
    68
    90
   136
   141
   135
   121
   122
   149
   152
   141
   130
   128
   130
   129
   129
   133
   150
   150
   154
   155
   146
   144
   146
   133
   120
   108
    98
    95
    87
    89
    68
    70
    33
    35
    28
    34
    36
    36
    42
    28
    39
    40
    39
    42
    44
    64
    50
    44
    45
    57
    63
    65
    38
    41
    49
    65
    73
    79
    97
   109
   112
   122
   134
   146
   153
   159
   154
   154
   160
   160
   161
   165
   162
   157
   153
   152
   135
   106
    86
    78
    77
    70
    60
    75
   110
   121
   127
   136
   133
   133
   137
   132
   141
   140
   144
   141
   146
   142
   144
   141
   123
    96
    62
   101
   121
   125
   123
   129
   132
   140
   132
   107
    77
   112
   140
   127
    99
   106
   112
   146
   140
   136
   129
   130
   120
   123
   126
   133
   147
   155
   152
   152
   148
   136
   130
   132
   124
   115
   105
    92
    86
    82
    76
    83
    27
    29
    27
    27
    31
    34
    34
    35
    34
    40
    40
    33
    41
    60
    46
    42
    48
    45
    62
    42
    30
    40
    54
    61
    75
    93
   111
   120
   129
   140
   146
   151
   150
   152
   157
   157
   157
   162
   161
   161
   158
   156
   150
   141
   130
   101
    73
    67
    70
    62
    81
    81
   107
   115
   119
   138
   135
   136
   138
   140
   141
   137
   137
   146
   151
   151
   148
   138
   123
    79
    60
   111
   118
   124
   124
   126
   129
   135
   138
   111
    99
   155
   178
   158
    94
    88
   120
   140
   137
   127
   130
   130
   121
   124
   119
   127
   144
   151
   151
   150
   148
   140
   140
   130
   121
   108
    97
    89
    86
    80
    77
    88
    32
    26
    24
    24
    35
    38
    38
    33
    36
    41
    45
    41
    39
    54
    47
    44
    44
    56
    56
    41
    36
    46
    50
    57
    73
   101
   116
   126
   135
   145
   149
   151
   150
   150
   154
   155
   161
   161
   163
   161
   161
   154
   151
   145
   126
    81
    64
    68
    65
    58
   104
    83
    98
   105
   117
   134
   145
   148
   147
   141
   143
   144
   132
   139
   147
   152
   150
   137
   119
    71
    74
   116
   120
   124
   125
   129
   126
   123
   127
   105
    80
   128
   152
   156
   108
    93
   122
   142
   130
   130
   130
   124
   121
   125
   128
   128
   147
   148
   140
   142
   139
   140
   142
   125
   117
   110
    97
    91
    86
    79
    86
    95
    26
    27
    14
    22
    38
    35
    28
    32
    34
    39
    50
    45
    37
    45
    40
    38
    51
    62
    54
    39
    34
    38
    37
    52
    76
    97
   110
   124
   138
   145
   149
   148
   148
   148
   149
   152
   158
   163
   163
   164
   160
   159
   155
   144
   115
    77
    69
    64
    56
    75
    98
    83
    95
   102
   105
   130
   145
   153
   157
   152
   150
   154
   138
   127
   135
   147
   149
   134
   115
    85
    94
   117
   121
   126
   122
   127
   131
   131
   122
   102
    72
    95
   116
    89
    87
   102
   122
   124
   128
   129
   130
   119
   127
   131
   131
   132
   144
   142
   138
   134
   139
   139
   131
   120
   108
   106
    96
    84
    76
    80
    90
   100
    28
    25
    23
    25
    32
    29
    35
    31
    38
    39
    42
    41
    42
    49
    42
    35
    48
    68
    47
    30
    42
    53
    55
    62
    77
    91
   115
   124
   131
   145
   149
   149
   148
   149
   150
   152
   156
   161
   160
   156
   155
   150
   147
   138
   115
    78
    67
    67
    67
   113
   121
   101
   110
   113
   107
   120
   140
   150
   157
   158
   155
   158
   158
   126
   125
   129
   133
   122
   103
   100
   115
   112
   112
   116
   118
   118
   122
   124
   125
   104
    91
   133
   139
   105
    92
   115
   115
   117
   127
   127
   127
   125
   125
   127
   125
   130
   148
   142
   138
   141
   142
   128
   123
   123
   112
   104
    89
    83
    83
    81
    95
   112
    23
    22
    29
    30
    31
    30
    28
    31
    32
    37
    41
    40
    40
    47
    33
    35
    53
    52
    26
    30
    65
    74
    66
    68
    88
    99
   111
   117
   130
   140
   143
   145
   144
   150
   151
   153
   151
   156
   156
   154
   153
   144
   141
   130
   104
    71
    61
    69
    54
    80
   122
   109
   114
   120
   114
   112
   138
   151
   160
   161
   155
   156
   156
   138
   118
   120
   118
   113
   112
   120
   125
   121
   120
   120
   118
   117
   121
   123
   123
   108
    84
   117
   121
   113
    98
   112
   115
   128
   132
   132
   123
   122
   126
   122
   124
   133
   145
   149
   143
   143
   133
   126
   116
   112
   105
    98
    84
    87
    82
    95
   111
   122
    39
    36
    35
    30
    35
    30
    33
    28
    30
    30
    29
    45
    40
    42
    29
    32
    53
    48
    33
    43
    62
    54
    57
    63
    76
    94
   111
   118
   127
   135
   143
   144
   144
   145
   143
   151
   155
   156
   157
   155
   155
   154
   143
   124
    90
    63
    64
    74
    39
    53
    65
    95
   113
   121
   113
   111
   142
   155
   160
   164
   158
   155
   152
   149
   137
   133
   139
   136
   128
   122
   119
   121
   128
   124
   120
   121
   116
   115
   114
   104
    77
   104
    93
    62
    95
   108
   120
   121
   119
   125
   123
   121
   121
   124
   130
   142
   153
   149
   144
   143
   140
   130
   122
   111
    95
    87
    82
    80
   100
   108
   115
   123
    48
    45
    40
    42
    38
    38
    26
    26
    30
    32
    33
    33
    45
    41
    26
    27
    57
    49
    40
    46
    41
    39
    42
    56
    72
    90
   100
   118
   132
   137
   139
   143
   149
   146
   138
   147
   153
   156
   154
   152
   156
   153
   144
   124
    93
    71
    78
    82
    33
    32
    64
    90
   118
   132
   114
   106
   140
   159
   165
   167
   160
   161
   160
   157
   147
   130
   133
   142
   138
   134
   127
   123
   119
   124
   123
   126
   124
   116
   111
    94
    65
    91
    85
    81
   104
   119
   120
   105
   108
   118
   118
   117
   125
   131
   130
   124
   118
   141
   143
   142
   132
   122
   106
   103
    95
    85
    84
    91
   110
   117
   121
   123
    47
    43
    41
    42
    36
    38
    32
    20
    27
    37
    42
    40
    50
    40
    22
    33
    52
    45
    45
    37
    34
    38
    49
    55
    66
    83
   103
   122
   135
   141
   146
   148
   147
   147
   142
   143
   148
   151
   150
   152
   147
   149
   139
   116
    91
    75
    83
    85
   105
    36
    47
    92
   115
   128
   123
   107
   140
   157
   168
   171
   166
   158
   154
   155
   150
   133
   123
   128
   140
   138
   137
   132
   126
   121
   124
   125
   122
   119
   107
    93
    50
    42
    70
   100
   115
   124
   120
   121
   121
   123
   121
   125
   130
   130
   130
   130
   127
   137
   140
   138
   124
   109
   106
   101
    89
    80
    84
   106
   112
   118
   123
   125
    48
    45
    42
    40
    34
    28
    23
    25
    27
    36
    42
    43
    39
    42
    28
    29
    48
    34
    35
    36
    36
    39
    48
    57
    71
    93
   113
   131
   133
   140
   142
   145
   145
   147
   145
   146
   144
   145
   149
   148
   148
   147
   133
   109
    90
    72
    85
    90
    57
    48
    40
    93
   127
   126
   124
   111
   138
   152
   161
   163
   166
   166
   162
   159
   148
   140
   129
   118
   119
   135
   133
   126
   124
   126
   129
   127
   122
   113
   112
    88
    24
    30
    83
   111
   124
   127
   126
   129
   131
   130
   131
   124
   128
   134
   136
   146
   149
   142
   138
   133
   122
   116
   107
    96
    83
    84
   100
   113
   124
   126
   123
   127
    57
    51
    41
    35
    30
    24
    30
    27
    24
    28
    35
    42
    47
    42
    29
    28
    39
    34
    32
    33
    34
    35
    44
    57
    71
    90
   108
   129
   139
   142
   143
   144
   146
   146
   149
   147
   147
   146
   148
   149
   147
   141
   126
   105
    86
    82
    95
    92
    33
    27
    46
    84
   108
   128
   124
   111
   135
   152
   160
   166
   167
   167
   168
   162
   155
   147
   136
   122
   109
   121
   129
   126
   120
   119
   123
   121
   117
   112
   110
    86
    38
    85
   110
   119
   125
   135
   135
   135
   139
   136
   128
   128
   129
   139
   146
   147
   143
   141
   132
   128
   120
   109
    95
    82
    79
    98
   117
   123
   127
   127
   126
   128
    34
    34
    31
    30
    29
    30
    35
    28
    23
    31
    39
    47
    45
    39
    37
    38
    37
    33
    37
    34
    37
    41
    42
    56
    74
    96
   117
   133
   136
   147
   152
   146
   143
   144
   146
   149
   147
   148
   148
   150
   153
   144
   129
   108
    89
    84
    97
    98
    44
    39
    69
    94
   111
   128
   129
   114
   137
   145
   156
   163
   168
   160
   164
   164
   159
   157
   143
   131
   117
   109
   113
   122
   125
   130
   129
   122
   120
   118
   111
    98
    85
   117
   130
   133
   134
   137
   143
   145
   136
   138
   136
   136
   136
   141
   143
   141
   146
   138
   125
   120
   112
   100
    88
    86
    99
   108
   121
   127
   125
   127
   121
   130
    36
    39
    34
    29
    29
    32
    30
    26
    26
    32
    35
    46
    38
    40
    30
    23
    30
    28
    36
    34
    31
    34
    48
    60
    74
    97
   117
   129
   136
   140
   140
   143
   141
   141
   143
   142
   144
   144
   143
   147
   143
   143
   132
   104
    93
    87
   100
    99
    60
    96
   110
   111
   128
   128
   125
   117
   147
   154
   163
   164
   172
   168
   163
   158
   160
   155
   144
   133
   127
   120
   108
   106
   115
   130
   137
   134
   122
   119
   126
   110
   104
   112
   127
   136
   148
   150
   144
   140
   140
   130
   127
   131
   134
   131
   131
   130
   123
   119
   111
   105
    91
    85
    82
    93
   114
   126
   122
   120
   125
   122
   127
   130
    42
    34
    33
    28
    33
    33
    30
    32
    31
    33
    37
    36
    39
    44
    33
    29
    33
    28
    31
    31
    35
    43
    57
    65
    87
   105
   112
   127
   135
   135
   139
   136
   137
   139
   136
   138
   136
   142
   146
   144
   139
   131
   122
   105
    99
    98
   103
    98
    62
    90
   103
   111
   130
   130
   125
   123
   148
   162
   160
   167
   171
   168
   165
   161
   160
   153
   141
   129
   128
   123
   119
   107
   109
   122
   133
   131
   130
   134
   134
   127
   115
   114
   124
   140
   146
   140
   136
   131
   124
   122
   125
   125
   130
   134
   130
   117
   112
   107
   104
    98
    91
    86
    97
   111
   119
   123
   118
   122
   123
   127
   131
   133
    54
    49
    43
    34
    27
    28
    36
    33
    37
    36
    28
    34
    40
    35
    30
    26
    23
    33
    34
    33
    39
    50
    57
    70
    92
   105
   110
   119
   125
   127
   128
   135
   136
   134
   138
   135
   138
   138
   136
   142
   141
   128
   119
   100
    95
   101
   111
   100
    55
    60
    83
   122
   126
   132
   123
   129
   155
   163
   164
   164
   167
   161
   162
   169
   158
   155
   153
   138
   131
   118
   120
   119
   113
   122
   137
   140
   136
   132
   133
   132
   131
   130
   130
   130
   135
   132
   129
   119
   122
   127
   132
   132
   129
   123
   126
   121
   111
   104
    96
    89
    86
    87
   103
   115
   124
   121
   122
   120
   120
   121
   128
   123
    48
    55
    50
    43
    35
    37
    27
    30
    37
    37
    32
    27
    33
    36
    47
    29
    21
    20
    24
    29
    39
    43
    57
    75
    88
   101
   106
   108
   118
   119
   122
   128
   126
   129
   125
   133
   132
   133
   138
   135
   129
   121
   111
   101
    93
   101
   113
   107
    60
    43
    89
   118
   127
   121
   122
   133
   151
   157
   160
   163
   162
   169
   159
   158
   159
   152
   145
   141
   127
   126
   124
   123
   124
   130
   133
   148
   146
   142
   135
   135
   134
   134
   131
   132
   135
   133
   133
   131
   134
   139
   134
   128
   126
   122
   113
   111
   104
    98
    93
    90
    92
   107
   119
   121
   113
   114
   118
   117
   120
   127
   125
   125
    58
    51
    48
    51
    44
    38
    35
    30
    29
    33
    29
    24
    30
    37
    42
    41
    31
    27
    30
    29
    36
    44
    55
    76
    85
    93
   103
   106
   112
   117
   120
   118
   116
   118
   120
   122
   122
   130
   131
   133
   131
   119
   109
    98
    91
   103
   113
   107
    69
    45
    84
   118
   120
   125
   121
   138
   150
   154
   153
   158
   166
   164
   165
   159
   156
   155
   145
   137
   123
   119
   119
   123
   123
   129
   134
   137
   137
   136
   134
   131
   129
   129
   133
   140
   138
   142
   147
   147
   137
   132
   130
   123
   121
   118
   112
   105
   102
    99
    91
    95
   105
   107
   111
   114
   112
   116
   119
   118
   122
   120
   119
   119
    45
    47
    42
    41
    46
    35
    29
    27
    30
    25
    29
    24
    27
    28
    36
    40
    32
    24
    30
    35
    37
    41
    56
    69
    91
    91
    93
    99
   100
   108
   113
   112
   109
   111
   111
   115
   115
   115
   122
   130
   125
   119
   105
    96
    91
   102
   110
   106
    84
    54
    88
   116
   116
   122
   127
   143
   145
   153
   149
   157
   165
   166
   164
   161
   158
   150
   142
   132
   125
   119
   118
   116
   126
   132
   138
   142
   138
   140
   144
   148
   144
   147
   145
   147
   150
   147
   144
   135
   130
   126
   120
   119
   113
   107
   109
   107
    95
    86
    89
   102
   113
   110
   107
   106
   111
   116
   111
   117
   117
   112
   116
   112
    39
    48
    45
    42
    40
    43
    42
    32
    31
    31
    26
    26
    23
    28
    27
    33
    36
    35
    26
    28
    33
    41
    50
    55
    75
    91
    90
    89
    92
    96
    98
    99
   102
   108
   112
   109
   113
   114
   110
   118
   124
   113
   104
    91
    97
   105
   104
   108
   103
    74
    98
   123
   126
   131
   132
   142
   153
   157
   156
   155
   156
   163
   159
   152
   150
   143
   134
   132
   126
   119
   116
   117
   118
   136
   139
   144
   150
   150
   148
   149
   152
   147
   147
   140
   132
   131
   126
   117
   117
   112
   109
   111
   109
   107
   104
    95
    87
    90
   103
   104
   100
   108
   113
   106
   106
   103
   105
   118
   116
   119
   117
   115
    52
    45
    53
    52
    51
    51
    47
    45
    43
    38
    32
    30
    29
    22
    17
    24
    30
    30
    30
    29
    32
    36
    40
    56
    73
    78
    80
    73
    74
    82
    85
    87
    90
   102
   108
   110
   110
   107
   110
   110
   113
   117
   104
    92
    90
   101
   104
   107
   112
    95
   103
   129
   134
   134
   132
   132
   147
   157
   154
   154
   158
   158
   156
   148
   143
   143
   139
   132
   127
   122
   121
   119
   121
   128
   135
   134
   138
   139
   135
   129
   129
   128
   122
   123
   115
   112
   112
   109
   109
   113
   121
   114
   112
   108
    97
    92
   102
   114
   109
   106
   102
    98
   103
   103
   106
   112
   116
   112
   112
   113
   116
   115
    58
    58
    51
    53
    57
    53
    54
    45
    46
    41
    37
    34
    27
    28
    22
    25
    32
    31
    31
    33
    27
    29
    39
    49
    62
    72
    70
    66
    60
    66
    76
    73
    78
    86
    98
   105
   110
   111
   113
   109
   107
   110
   112
    96
    93
    91
   100
   110
   120
   109
   102
   124
   129
   130
   129
   141
   140
   149
   150
   154
   159
   156
   153
   149
   143
   141
   136
   134
   125
   119
   116
   119
   118
   123
   128
   133
   129
   129
   127
   120
   115
   115
   112
   110
   112
   108
   110
   116
   120
   121
   114
   111
   101
    94
    91
    99
   107
   108
   110
   107
   106
   108
   104
   110
   115
   111
   109
   114
   118
   117
   109
   112
    43
    43
    54
    56
    50
    53
    48
    47
    42
    36
    36
    28
    31
    26
    29
    25
    28
    28
    27
    27
    30
    30
    38
    49
    48
    51
    55
    57
    60
    57
    62
    66
    69
    77
    88
   105
   111
   110
   106
   107
   106
   108
   107
    99
    93
    96
    99
   108
   116
   114
   111
   126
   130
   135
   138
   135
   145
   149
   149
   141
   149
   156
   150
   144
   143
   135
   134
   125
   125
   120
   113
   115
   118
   126
   125
   127
   128
   121
   120
   120
   119
   116
   115
   116
   116
   124
   122
   117
   115
   109
   107
    99
    83
    79
    86
    74
    76
    77
    87
    97
   108
   112
   120
   113
   123
   122
   116
   111
   112
   115
   116
   102
    54
    45
    32
    40
    46
    39
    44
    45
    41
    38
    24
    26
    26
    29
    33
    28
    28
    28
    23
    31
    29
    27
    32
    39
    47
    44
    44
    52
    54
    63
    47
    42
    45
    59
    68
    92
   100
   100
   105
   108
   106
   101
   101
    98
    97
    95
   100
   112
   116
   117
   123
   128
   127
   127
   132
   136
   146
   146
   143
   142
   147
   151
   151
   148
   141
   141
   129
   123
   117
   114
   116
   111
   114
   116
   120
   116
   118
   118
   117
   118
   121
   119
   120
   122
   122
   123
   119
   113
   116
   109
    99
    94
    97
    99
   106
   131
   123
   121
   107
    86
    57
    43
    46
    47
    37
    61
    82
    91
    77
    60
    40
    33
    66
    70
    43
    29
    35
    43
    34
    31
    29
    27
    25
    22
    27
    25
    27
    32
    34
    30
    27
    26
    32
    29
    34
    41
    43
    48
    50
    51
    56
    48
    43
    34
    37
    40
    53
    63
    96
   108
   103
   103
   102
   106
   103
   103
   109
   108
   115
   114
   118
   117
   126
   126
   130
   132
   130
   135
   134
   139
   139
   137
   143
   140
   140
   140
   130
   127
   130
   119
   117
   112
   110
   113
   116
   121
   125
   121
   122
   123
   125
   126
   120
   121
   120
   115
   115
   111
   112
   112
    94
    93
    83
    69
   114
   153
   141
   147
   184
   170
   149
   131
    93
    56
    32
    24
    14
     4
     9
    13
    13
    17
    54
   102
    55
    67
    67
    51
    40
    43
    44
    37
    34
    35
    35
    35
    30
    32
    29
    31
    31
    29
    29
    30
    26
    39
    42
    41
    45
    52
    53
    55
    49
    40
    35
    30
    31
    31
    29
    40
    60
    93
   105
   103
   106
   104
   108
   108
   104
   109
   110
   115
   116
   122
   123
   125
   129
   131
   131
   130
   126
   125
   126
   129
   128
   128
   124
   126
   125
   120
   119
   118
   110
   115
   112
   111
   115
   119
   121
   123
   125
   122
   121
   116
   118
   113
   111
   113
   106
   106
   104
    93
    90
    74
    66
    75
    77
   144
   149
   119
   153
   194
   188
   173
   159
   145
   115
    89
    61
    50
    49
    54
    86
   126
   173
   193
    44
    45
    65
    69
    56
    46
    49
    54
    45
    42
    35
    29
    34
    32
    31
    28
    30
    34
    32
    35
    31
    31
    39
    46
    50
    52
    53
    55
    56
    50
    41
    38
    30
    33
    34
    32
    35
    61
    81
   100
   107
   105
   104
   103
   101
   102
   102
   107
   109
   119
   126
   125
   127
   128
   128
   133
   130
   130
   131
   123
   128
   133
   129
   126
   122
   118
   114
   111
   113
   105
   108
   116
   114
   117
   121
   120
   122
   122
   116
   115
   110
   111
   112
   101
   107
   104
    88
    82
    73
    77
    77
    79
    79
   108
   172
   156
   128
   150
   198
   199
   183
   173
   162
   154
   146
   148
   161
   165
   181
   189
   194
   199
    64
    52
    36
    59
    59
    58
    50
    48
    51
    46
    40
    37
    34
    34
    30
    32
    32
    29
    29
    32
    35
    40
    45
    49
    52
    55
    55
    60
    52
    41
    42
    37
    33
    31
    32
    31
    30
    27
    39
    60
    85
    95
   101
   108
   107
   107
   110
   106
   111
   110
   116
   120
   125
   129
   132
   123
   124
   125
   123
   133
   125
   118
   124
   115
   116
   111
   115
   114
   107
   110
   111
   106
   109
   112
   111
   114
   109
   114
   111
    99
   107
   101
    99
   105
    84
    74
    76
    69
    77
    75
    77
    73
    74
    66
   148
   169
   139
   106
   126
   179
   202
   207
   201
   190
   191
   185
   186
   194
   195
   200
   203
   203
    89
    66
    57
    45
    58
    59
    61
    64
    60
    57
    49
    42
    31
    25
    30
    33
    31
    34
    39
    40
    43
    40
    41
    47
    57
    58
    58
    52
    53
    48
    38
    35
    35
    30
    31
    35
    29
    26
    26
    31
    40
    65
    84
    91
    98
   114
   111
   108
   105
   104
   105
   105
   109
   114
   118
   126
   123
   119
   119
   120
   121
   118
   106
   114
   113
   115
   111
   108
   105
   109
   107
   106
   110
   106
   106
   104
   104
    98
    99
   109
    96
    94
    81
    72
    74
    72
    75
    85
    78
    78
    81
    80
    79
    74
    71
   166
   179
   160
   135
   113
   129
   157
   189
   210
   215
   217
   213
   208
   206
   203
   186
   160
   105
    90
    69
    69
    58
    51
    53
    56
    54
    60
    63
    57
    55
    43
    39
    38
    42
    39
    39
    41
    46
    50
    53
    64
    63
    70
    69
    67
    55
    51
    35
    35
    38
    31
    31
    29
    35
    32
    29
    27
    28
    28
    49
    59
    73
    86
    94
   106
   103
   103
    93
    87
    88
    94
    95
    96
    99
   103
   107
   103
   106
   107
   110
   102
   101
    99
   100
   111
   109
   107
   109
   107
   112
   114
   110
   104
    95
    95
    91
    80
    79
    70
    73
    72
    76
    79
    82
    80
    80
    79
    76
    77
    80
    77
    71
    74
   179
   190
   163
   156
   126
   110
    88
    92
   119
   146
   161
   171
   151
   119
   102
   110
   105
   104
    92
    71
    64
    67
    58
    58
    62
    65
    56
    59
    61
    62
    56
    52
    54
    50
    47
    49
    52
    63
    66
    63
    71
    65
    62
    53
    44
    35
    38
    35
    33
    36
    32
    29
    28
    40
    40
    34
    29
    31
    28
    40
    46
    55
    66
    73
    82
    85
    95
    93
    89
    87
    82
    73
    78
    80
    79
    85
    81
    78
    82
    87
    92
    95
    96
    81
    92
    84
    82
    87
    82
    77
    80
    76
    79
    70
    68
    76
    74
    81
    81
    77
    82
    78
    78
    78
    76
    76
    79
    77
    77
    80
    80
    73
    76
   159
   196
   175
   169
   162
   154
   133
   108
    86
    80
    78
   105
   125
   145
   165
   104
   106
   106
    94
    77
    65
    66
    66
    68
    62
    57
    56
    50
    54
    61
    64
    57
    63
    61
    62
    63
    60
    65
    66
    58
    55
    46
    42
    36
    34
    34
    32
    42
    38
    35
    34
    31
    32
    37
    36
    36
    35
    31
    39
    45
    52
    56
    60
    68
    80
   116
   130
   126
   123
   128
   131
   125
   118
   110
   108
   108
   107
   114
   126
   124
   111
    85
    72
    68
    73
    73
    69
    70
    73
    72
    76
    73
    75
    78
    73
    78
    79
    78
    82
    79
    79
    79
    80
    75
    76
    77
    79
    76
    77
    77
    75
    60
    65
   139
   190
   190
   185
   178
   176
   169
   162
   153
   153
   175
   184
   188
   186
   100
   103
   101
   107
   105
    93
    68
    63
    62
    65
    59
    60
    59
    56
    61
    65
    67
    63
    66
    64
    69
    68
    64
    68
    67
    62
    57
    51
    47
    44
    40
    44
    43
    36
    32
    30
    32
    31
    25
    30
    34
    43
    45
    41
    54
    70
    78
    82
    90
   104
   116
   124
   124
   107
   113
   134
   132
   136
   136
   129
   128
   127
   129
   128
   123
   100
    75
    77
    81
    82
    80
    75
    72
    81
    81
    81
    77
    77
    81
    84
    78
    78
    80
    78
    81
    77
    74
    77
    80
    80
    77
    76
    78
    77
    79
    75
    78
    64
    57
   104
   177
   202
   195
   189
   189
   185
   186
   191
   197
   192
   195
   194
   104
   101
   103
   103
   104
   105
    98
    80
    65
    58
    49
    42
    48
    52
    61
    61
    63
    63
    55
    53
    49
    56
    58
    63
    66
    67
    60
    52
    47
    40
    36
    31
    35
    42
    36
    40
    34
    25
    29
    30
    28
    36
    55
    87
    94
   102
   106
   110
   111
   115
   125
   119
   111
   117
   107
   112
   125
   144
   148
   140
   132
   133
   124
   114
    98
    78
    79
    79
    77
    75
    74
    82
    83
    77
    78
    78
    82
    81
    77
    80
    83
    79
    81
    78
    78
    80
    81
    75
    81
    81
    77
    74
    80
    82
    76
    75
    74
    78
    75
    51
    60
   104
   159
   180
   191
   197
   194
   192
   179
   176
   164
   163
   105
   106
   102
    99
   105
   104
   104
   103
    93
    88
    70
    59
    48
    47
    56
    53
    43
    47
    49
    54
    51
    47
    53
    53
    57
    59
    57
    56
    53
    56
    66
    65
    71
    82
    91
    87
    85
    84
    92
    87
    86
    84
    92
   108
   108
   108
   121
   118
   119
   129
   131
   129
   126
   130
   137
   124
   127
   138
   141
   146
   137
   125
   115
    97
    84
    77
    82
    83
    83
    81
    79
    79
    81
    80
    81
    82
    79
    80
    79
    80
    80
    78
    77
    76
    79
    75
    83
    84
    80
    78
    77
    78
    80
    74
    75
    79
    79
    76
    74
    78
    60
    44
    48
    70
    88
    98
   103
   113
   147
   141
   147
   143
   101
   100
   105
   106
    98
   102
   104
   105
   108
   104
   104
   100
    96
    98
    82
    85
    74
    56
    52
    55
    63
    67
    61
    55
    55
    48
    57
    66
    78
    89
    93
   102
   104
   106
   107
   107
   104
   109
   105
   114
   113
   123
   128
   127
   120
   109
    99
   111
   112
   122
   134
   130
   135
   122
   113
   127
   120
   124
   125
   118
   124
   107
    81
    78
    75
    83
    79
    81
    77
    78
    82
    83
    82
    81
    80
    75
    75
    78
    80
    78
    79
    80
    82
    84
    82
    79
    82
    77
    82
    75
    78
    80
    75
    81
    76
    74
    79
    80
    82
    74
    77
    78
    66
    63
    52
    56
    52
    51
   122
   160
   154
   168
   103
   102
   100
   100
   107
   106
   103
   101
   102
   105
   101
   106
   106
   103
   111
   107
   111
   108
    93
    87
    91
    92
    93
    91
    88
    97
    97
   101
   100
   103
   107
   101
   103
   106
   104
   102
   104
   100
   104
    96
   100
    97
    89
    95
    97
   103
   110
   102
   111
   112
   108
   118
   115
   121
   127
   108
   108
   102
    90
    89
    71
    68
    77
    81
    80
    81
    81
    83
    80
    82
    80
    78
    79
    79
    82
    86
    85
    85
    81
    82
    77
    77
    78
    78
    77
    81
    76
    82
    74
    78
    79
    78
    77
    77
    76
    75
    74
    75
    77
    80
    79
    77
    77
    76
    77
    75
    80
    75
    83
   151
   161
   154
   102
   105
   102
   105
   101
   104
   102
   103
   100
   104
   105
   105
   104
   105
   102
   103
   106
   109
   111
   108
   106
   107
   108
   105
   103
   105
   104
   104
   105
   101
    99
   100
   100
   101
   101
   104
   101
   102
   103
   100
   100
    99
    99
    93
    96
    94
    90
    92
    91
    90
    95
    88
    91
    91
    85
    88
    80
    81
    78
    73
    78
    80
    78
    80
    80
    85
    83
    79
    82
    80
    80
    77
    80
    80
    79
    80
    79
    79
    78
    79
    82
    81
    76
    78
    77
    76
    79
    80
    79
    78
    78
    75
    77
    75
    78
    80
    78
    77
    75
    78
    78
    76
    77
    78
    75
    81
    75
    78
    77
   124
   168
   154
   104
   102
   104
   100
   100
   104
   100
   100
   106
   100
   103
   100
   101
   102
   104
   105
    99
   102
   104
   104
   103
   100
   102
   103
   101
   100
   101
   102
    98
   100
   101
    96
   101
    99
    99
   100
   102
   100
    98
    99
    96
   101
    99
    97
    97
    99
    99
    93
    94
    91
    87
    92
    85
    81
    79
    75
    79
    77
    74
    81
    75
    80
    83
    81
    84
    79
    78
    81
    79
    78
    83
    82
    80
    81
    82
    78
    76
    83
    83
    83
    78
    84
    78
    79
    83
    83
    78
    83
    76
    79
    79
    79
    78
    83
    76
    76
    74
    79
    81
    75
    77
    76
    78
    77
    80
    77
    76
    76
    69
    82
   161
   162
