   133
   129
   132
   129
   132
   129
   131
   127
   130
   130
   133
   129
   131
   129
   131
   126
   127
   124
   123
   124
   132
   130
   123
    95
    68
    45
    24
    34
    36
    31
    35
    34
    41
    42
    35
    30
    36
    38
    31
    29
    26
    26
    30
    26
    17
    19
    24
    26
    29
    28
    27
    27
    28
    28
    27
    25
    27
    30
    31
    31
    33
    35
    35
    33
    34
    34
    30
    28
    32
    33
    35
    44
    41
    39
    49
    52
    54
    50
    46
    32
    24
    22
    25
    24
    20
    23
    18
    16
    16
    20
    18
    18
    18
    22
    15
    17
    21
    21
    27
    32
    36
    40
    28
    20
    24
    26
    27
    32
    38
    30
    30
    23
   129
   132
   129
   130
   131
   130
   130
   132
   132
   130
   129
   131
   133
   130
   129
   128
   128
   126
   127
   124
   120
   107
    69
    53
    39
    25
    40
    35
    34
    39
    45
    35
    30
    27
    31
    35
    31
    31
    32
    26
    29
    26
    25
    27
    28
    22
    21
    26
    21
    26
    27
    25
    25
    29
    30
    27
    28
    32
    33
    31
    32
    32
    36
    30
    30
    27
    26
    35
    38
    47
    49
    43
    47
    53
    56
    54
    45
    40
    32
    36
    30
    30
    28
    26
    19
    21
    24
    18
    16
    13
    17
    18
    19
    18
    21
    21
    16
    19
    38
    36
    37
    27
    18
    25
    22
    24
    26
    26
    29
    31
    26
    30
   133
   131
   131
   131
   132
   131
   130
   129
   129
   131
   135
   130
   127
   128
   130
   124
   122
   131
   134
   120
    88
    47
    41
    37
    35
    42
    35
    37
    41
    38
    32
    28
    24
    31
    29
    32
    37
    32
    25
    29
    23
    26
    28
    27
    28
    23
    22
    22
    27
    20
    23
    22
    26
    22
    17
    20
    21
    24
    27
    33
    36
    41
    46
    47
    41
    39
    50
    47
    45
    40
    41
    42
    37
    35
    35
    37
    30
    34
    37
    34
    32
    29
    23
    25
    25
    19
    16
    22
    19
    22
    17
    20
    17
    17
    16
    16
    24
    34
    26
    29
    24
    19
    23
    23
    26
    23
    22
    24
    20
    20
    23
    21
   130
   130
   131
   130
   132
   132
   131
   132
   132
   132
   130
   131
   132
   127
   121
   123
   128
   104
    90
    75
    56
    40
    34
    37
    39
    40
    36
    35
    41
    45
    28
    25
    30
    37
    39
    36
    28
    29
    30
    29
    28
    25
    27
    24
    25
    25
    22
    24
    21
    28
    24
    26
    21
    23
    24
    30
    36
    41
    41
    42
    42
    43
    41
    44
    50
    57
    58
    58
    61
    59
    64
    67
    58
    30
    16
    14
    17
    22
    25
    25
    24
    22
    22
    17
    19
    19
    19
    16
    19
    16
    16
    18
    17
    17
    17
    20
    28
    29
    29
    20
    19
    18
    12
    16
    18
    20
    25
    28
    33
    37
    33
    30
   130
   133
   133
   130
   131
   130
   133
   133
   131
   130
   133
   126
   124
   125
   133
   123
    77
    46
    32
    32
    37
    46
    40
    37
    45
    33
    36
    39
    48
    42
    40
    42
    44
    46
    40
    38
    39
    39
    42
    36
    36
    36
    29
    26
    24
    27
    32
    22
    21
    19
    17
    22
    25
    30
    41
    42
    41
    41
    38
    34
    39
    39
    45
    49
    51
    46
    52
    53
    55
    66
    85
   102
   122
   140
   129
    59
    33
    23
     4
    12
    28
    27
    21
    22
    20
    17
    16
    18
    19
    19
    19
    16
    18
    18
    19
    28
    23
    23
    22
    20
    16
    20
    23
    23
    26
    35
    44
    46
    39
    28
    26
    34
   132
   131
   130
   132
   132
   127
   131
   132
   130
   127
   121
   123
   121
   124
   126
    79
    35
    38
    44
    43
    45
    44
    55
    55
    41
    41
    41
    55
    57
    54
    52
    52
    50
    44
    44
    47
    42
    36
    27
    27
    23
    20
    21
    22
    25
    19
    17
    24
    25
    29
    39
    38
    47
    48
    46
    46
    42
    38
    37
    44
    45
    51
    60
    57
    47
    49
    51
    57
    64
    65
    76
    88
    92
   101
   116
   115
    80
    89
    82
    41
    13
    13
    28
    22
    23
    23
    22
    20
    16
    15
    16
    19
    13
    21
    24
    22
    22
    21
    21
    22
    20
    17
    24
    29
    40
    43
    41
    40
    38
    38
    35
    25
   129
   128
   130
   128
   130
   129
   127
   129
   128
   131
   127
   125
   130
   124
    92
    39
    41
    37
    31
    40
    41
    42
    40
    47
    45
    50
    51
    51
    57
    54
    53
    49
    47
    54
    44
    38
    37
    37
    37
    39
    38
    36
    37
    31
    29
    38
    45
    48
    50
    53
    46
    49
    46
    45
    40
    36
    36
    44
    49
    48
    52
    52
    42
    39
    46
    54
    64
    65
    66
    76
    75
    78
    81
    94
   107
   122
   120
    95
    93
    92
    68
    24
    11
    24
    22
    21
    18
    17
    18
    17
    14
    17
    23
    25
    21
    20
    22
    21
    18
    15
    18
    24
    33
    43
    46
    42
    45
    47
    44
    39
    26
    25
   132
   132
   130
   129
   132
   132
   129
   128
   129
   129
   127
   113
   115
    91
    50
    41
    33
    34
    35
    39
    44
    45
    46
    46
    43
    37
    51
    51
    48
    47
    44
    43
    46
    40
    43
    45
    45
    41
    46
    45
    43
    35
    34
    34
    36
    41
    44
    45
    48
    40
    41
    39
    38
    40
    39
    47
    47
    37
    43
    50
    50
    49
    52
    57
    62
    60
    58
    62
    64
    66
    80
    84
    84
    95
   112
   128
   132
   126
   118
   119
   119
   103
    38
    13
    20
    20
    21
    20
    20
    20
    23
    24
    23
    22
    22
    17
    13
    14
    13
    19
    28
    32
    37
    40
    42
    43
    40
    36
    30
    27
    32
    35
   128
   129
   132
   128
   131
   126
   128
   124
   116
   111
   116
   104
   100
    57
    38
    36
    37
    43
    43
    48
    50
    50
    54
    52
    46
    47
    49
    47
    46
    48
    52
    52
    51
    52
    53
    54
    53
    51
    45
    37
    37
    34
    33
    34
    33
    37
    42
    41
    35
    38
    40
    36
    32
    33
    30
    30
    27
    31
    37
    33
    32
    30
    37
    37
    31
    36
    38
    37
    46
    60
    78
    94
   103
   104
    99
   115
   133
   123
   116
   115
   123
   123
   100
    33
    13
    21
    21
    26
    28
    25
    24
    20
    19
    16
    13
    14
    14
    18
    21
    28
    34
    39
    45
    40
    40
    34
    33
    36
    45
    49
    40
    31
   133
   132
   127
   126
   128
   130
   127
   126
   123
   112
    96
   106
    64
    29
    31
    33
    38
    40
    47
    47
    47
    42
    52
    46
    47
    46
    48
    56
    62
    62
    57
    64
    69
    69
    66
    59
    55
    46
    40
    35
    31
    32
    31
    35
    34
    35
    34
    34
    33
    34
    27
    29
    34
    35
    44
    49
    66
    74
    82
    89
    98
   108
   103
    98
    98
    91
    84
    70
    64
    59
    56
    63
    71
    88
    98
    95
   105
   115
   114
   114
   114
   110
    98
    68
    24
    20
    20
    18
    19
    22
    18
    19
    20
    21
    26
    24
    25
    25
    32
    37
    37
    35
    29
    29
    23
    26
    26
    33
    33
    32
    28
    19
   132
   135
   128
   128
   124
   132
   127
   125
   122
   109
   115
    93
    51
    37
    31
    32
    33
    43
    46
    37
    51
    47
    36
    47
    46
    48
    65
    63
    66
    64
    69
    63
    60
    58
    54
    52
    44
    43
    36
    41
    46
    40
    39
    35
    37
    30
    30
    34
    36
    37
    57
    67
    82
    97
   104
   122
   131
   139
   145
   144
   145
   141
   140
   140
   134
   132
   122
   116
   109
   102
    99
    85
    81
    76
    70
    76
    78
    80
    85
   102
   108
   106
    96
    68
    19
    13
    19
    22
    25
    21
    26
    23
    25
    23
    23
    23
    28
    34
    34
    30
    27
    21
    18
    17
    19
    25
    26
    29
    27
    22
    20
    21
   130
   127
   126
   127
   129
   124
   121
   121
   111
   119
   113
    65
    44
    45
    39
    45
    41
    36
    33
    40
    38
    40
    47
    50
    58
    68
    65
    62
    59
    66
    64
    70
    74
    74
    66
    55
    60
    58
    54
    52
    45
    46
    41
    44
    32
    44
    48
    50
    74
    98
   113
   127
   134
   142
   147
   150
   156
   156
   158
   159
   156
   158
   157
   156
   153
   144
   144
   138
   131
   127
   117
   119
   115
   114
   113
   109
   108
   103
   103
   103
   100
    99
    99
    83
    44
    23
     5
     1
     7
    16
    20
    21
    16
    21
    21
    25
    25
    22
    20
    17
    19
    20
    17
    23
    23
    22
    19
    15
    14
    20
    24
    18
   126
   127
   126
   124
   127
   124
   127
   114
   112
   125
    85
    45
    37
    48
    48
    37
    48
    49
    42
    41
    33
    38
    49
    63
    67
    64
    58
    64
    75
    75
    74
    76
    74
    74
    79
    72
    72
    69
    65
    62
    51
    39
    43
    49
    65
    65
    78
   103
   125
   138
   147
   146
   154
   157
   155
   160
   162
   163
   162
   167
   170
   166
   166
   167
   164
   155
   154
   149
   145
   137
   133
   126
   119
   119
   116
   117
   115
   115
   116
   118
   117
   117
   117
   119
   122
   109
    91
    58
    24
     4
     9
    16
    22
    20
    24
    22
    22
    18
    19
    17
    19
    22
    27
    24
    21
    15
    15
    16
    19
    17
    17
    21
   125
   131
   131
   129
   121
   113
   113
   107
   118
   108
    54
    47
    43
    37
    41
    46
    45
    43
    47
    44
    50
    52
    59
    65
    60
    58
    69
    76
    76
    78
    85
    79
    76
    82
    77
    82
    83
    88
    82
    69
    74
    78
    82
    93
    93
   106
   121
   135
   145
   152
   157
   158
   146
   143
   147
   151
   157
   164
   174
   178
   180
   181
   181
   181
   173
   166
   167
   163
   159
   153
   148
   144
   139
   137
   132
   130
   128
   126
   125
   123
   126
   126
   127
   128
   126
   122
   119
   124
   121
    92
    47
    11
     7
    20
    14
    20
    20
    21
    23
    25
    24
    22
    19
    21
    19
    22
    18
    17
    16
    24
    32
    34
   130
   130
   128
   127
   117
   119
   119
   113
   104
    78
    42
    43
    40
    45
    44
    51
    52
    43
    39
    49
    51
    58
    65
    75
    73
    73
    81
    82
    79
    84
    85
    95
   101
   103
   110
   103
    97
   104
   100
   102
   104
   112
   113
   114
   125
   128
   131
   141
   152
   146
   127
   111
   113
   124
   130
   145
   156
   175
   184
   185
   184
   184
   184
   184
   180
   179
   176
   174
   169
   165
   161
   155
   149
   144
   144
   138
   134
   135
   134
   133
   131
   131
   135
   135
   139
   133
   133
   128
   121
   122
   113
    97
    42
     9
    12
    12
    14
    14
    13
    14
     8
     6
     8
     6
     5
     6
     6
     5
     7
     8
    22
    43
   130
   130
   128
   128
   120
   115
   102
   103
    74
    34
    37
    45
    44
    43
    49
    47
    47
    46
    51
    44
    50
    59
    69
    68
    76
    82
    84
    88
    97
   102
   111
   114
   117
   127
   134
   136
   125
   117
   129
   122
   124
   124
   131
   135
   136
   139
   143
   141
   114
    88
    94
   106
   120
   131
   138
   150
   167
   178
   187
   188
   187
   184
   182
   183
   181
   177
   181
   181
   176
   167
   165
   162
   158
   154
   147
   146
   144
   143
   141
   139
   140
   139
   140
   140
   136
   142
   140
   138
   136
   127
   123
   117
   117
    89
    33
    14
    14
    19
    17
    20
    23
    26
    24
    26
    30
    28
    35
    42
    46
    58
    64
    70
   134
   132
   125
   129
   121
   114
    98
    71
    47
    37
    38
    35
    39
    39
    37
    45
    43
    37
    44
    55
    54
    66
    80
    82
    86
    94
   104
   116
   119
   126
   136
   142
   147
   139
   135
   137
   135
   128
   125
   134
   140
   142
   145
   144
   142
   144
   131
    85
    66
    85
   111
   133
   144
   142
   145
   157
   169
   184
   190
   192
   188
   187
   187
   185
   184
   184
   184
   185
   181
   180
   177
   172
   167
   163
   158
   154
   152
   145
   145
   148
   146
   145
   142
   140
   145
   145
   146
   145
   142
   140
   132
   126
   120
   113
   105
    84
    88
    87
    91
    94
    91
    91
    92
    93
    91
    91
    93
    95
   100
    98
    95
    95
   128
   126
   128
   129
   120
   103
    76
    40
    31
    35
    41
    40
    39
    42
    42
    46
    47
    45
    48
    53
    70
    75
    74
    81
    91
   104
   118
   124
   128
   134
   137
   147
   147
   146
   148
   145
   149
   148
   149
   147
   156
   152
   150
   148
   150
   132
    81
    63
    94
   134
   148
   151
   143
   142
   141
   146
   162
   177
   186
   189
   192
   190
   191
   192
   191
   189
   186
   185
   188
   186
   186
   181
   177
   175
   172
   165
   164
   157
   155
   150
   146
   147
   146
   144
   147
   149
   150
   147
   145
   146
   142
   138
   128
   121
   114
   100
    92
   102
    98
    99
   107
   107
   102
   104
   104
   100
   103
   101
    99
   104
   105
   105
   124
   127
   128
   123
   114
    86
    51
    37
    34
    37
    32
    33
    39
    37
    37
    37
    41
    45
    51
    58
    61
    70
    82
    94
   104
   115
   120
   121
   129
   130
   142
   145
   156
   160
   162
   165
   166
   161
   165
   158
   155
   163
   159
   160
   143
    85
    64
   110
   150
   156
   152
   145
   138
   132
   134
   138
   142
   161
   176
   185
   187
   188
   190
   189
   190
   190
   190
   189
   187
   189
   186
   185
   184
   181
   177
   171
   169
   168
   165
   159
   156
   150
   148
   145
   144
   149
   151
   152
   151
   151
   150
   142
   136
   127
   117
   113
   100
    90
    99
    99
    96
   100
   107
   107
   110
   111
   104
   109
   109
   103
   108
   110
   126
   129
   132
   125
   103
    68
    46
    41
    40
    39
    39
    40
    41
    48
    50
    47
    47
    52
    56
    55
    74
    79
    92
   110
   120
   123
   124
   132
   138
   146
   149
   155
   156
   161
   166
   169
   168
   167
   167
   168
   160
   161
   167
   147
   101
    64
    94
   154
   169
   167
   149
   145
   134
   123
   129
   140
   144
   153
   169
   172
   183
   184
   190
   194
   194
   191
   191
   192
   196
   192
   191
   189
   186
   185
   182
   179
   177
   173
   174
   169
   163
   161
   157
   150
   151
   149
   152
   149
   150
   149
   147
   147
   144
   140
   132
   118
   108
    97
    82
    92
    96
   103
   107
   108
   110
   111
   115
   111
   116
   114
   111
   113
   130
   133
   131
   121
    87
    53
    46
    43
    37
    34
    28
    31
    37
    42
    46
    47
    46
    48
    56
    64
    59
    79
   105
   118
   126
   122
   130
   131
   145
   150
   161
   164
   168
   171
   171
   171
   175
   173
   175
   176
   172
   172
   154
   108
    70
    76
   127
   172
   178
   166
   152
   137
   116
   121
   124
   117
   136
   158
   168
   177
   177
   182
   188
   194
   197
   196
   196
   198
   196
   196
   194
   194
   192
   188
   190
   184
   181
   180
   176
   172
   168
   163
   163
   161
   152
   151
   151
   150
   149
   149
   149
   148
   144
   141
   137
   132
   118
   105
    92
    82
    89
    91
    95
   102
   104
   108
   109
   114
   112
   117
   116
   113
   124
   131
   133
   111
    66
    44
    38
    39
    32
    29
    35
    35
    37
    39
    47
    46
    49
    51
    57
    68
    76
    89
   111
   120
   117
   129
   128
   140
   152
   158
   163
   164
   169
   175
   178
   178
   177
   176
   177
   180
   181
   171
   129
    81
    61
    80
   139
   177
   174
   161
   144
   121
   111
   108
    90
    68
   104
   141
   158
   168
   177
   187
   194
   200
   200
   199
   199
   198
   199
   199
   199
   198
   194
   195
   191
   187
   185
   185
   182
   176
   176
   170
   164
   165
   162
   157
   155
   151
   153
   152
   146
   146
   147
   146
   137
   137
   130
   117
   103
    83
    83
    90
    94
   102
   101
   105
   106
   110
   109
   109
   117
   118
   127
   132
   117
    69
    49
    42
    43
    44
    38
    31
    35
    41
    41
    42
    45
    51
    55
    61
    59
    60
    76
    88
   112
   111
   120
   128
   146
   157
   165
   172
   177
   179
   179
   178
   180
   182
   183
   179
   179
   182
   176
   155
   112
    85
    74
    87
   146
   172
   169
   155
   121
   101
    86
    68
    62
    70
    69
   110
   142
   169
   179
   189
   196
   199
   200
   203
   201
   202
   202
   201
   201
   200
   196
   194
   192
   189
   187
   186
   184
   183
   176
   178
   175
   174
   175
   172
   169
   158
   154
   155
   154
   151
   153
   149
   148
   136
   131
   127
   115
   101
    80
    76
    86
    87
    96
   100
   101
   107
   112
   110
   109
   118
   126
    98
    56
    44
    35
    40
    38
    37
    40
    37
    32
    31
    32
    40
    49
    48
    49
    53
    58
    69
    85
   109
   114
   114
   130
   139
   153
   169
   173
   177
   180
   180
   181
   181
   182
   187
   187
   184
   180
   181
   178
   163
   118
    80
    63
    89
   153
   178
   172
   148
   115
    99
    59
    41
    64
    98
    88
   117
   144
   158
   179
   190
   196
   200
   201
   200
   201
   202
   201
   202
   201
   200
   200
   196
   196
   190
   190
   189
   184
   182
   182
   177
   177
   173
   170
   173
   176
   173
   162
   154
   150
   151
   153
   158
   153
   154
   145
   135
   126
   110
    93
    84
    84
    91
    89
    92
    96
    99
   105
   110
   107
   107
    94
    67
    47
    39
    36
    32
    42
    43
    44
    44
    45
    42
    46
    51
    50
    46
    44
    49
    68
    71
    95
   105
   119
   127
   131
   143
   151
   166
   171
   176
   178
   179
   182
   188
   189
   187
   185
   184
   186
   182
   174
   158
   113
    74
    59
    87
   153
   183
   168
   132
   117
    81
    65
    98
   123
   118
   100
   114
   142
   153
   175
   188
   196
   199
   201
   202
   202
   202
   202
   200
   199
   200
   199
   198
   195
   191
   189
   189
   184
   180
   179
   178
   171
   173
   180
   179
   180
   174
   174
   166
   158
   157
   162
   163
   165
   158
   154
   145
   135
   123
   107
    88
    78
    83
    89
    89
    94
   100
    98
   105
   109
   105
    46
    41
    43
    45
    43
    32
    35
    43
    47
    45
    50
    57
    54
    49
    49
    38
    37
    57
    79
    88
    99
   109
   124
   130
   142
   158
   164
   168
   180
   182
   180
   182
   182
   187
   190
   190
   186
   189
   190
   186
   179
   157
   108
    74
    67
   101
   157
   181
   163
   135
   107
    79
    98
   150
   177
   163
   123
   112
   143
   153
   173
   191
   196
   201
   202
   202
   202
   203
   203
   203
   202
   202
   197
   197
   195
   194
   192
   189
   184
   182
   177
   176
   175
   175
   177
   179
   181
   178
   175
   169
   166
   167
   167
   163
   163
   168
   162
   154
   147
   133
   113
   101
    87
    84
    83
    93
    95
    90
    95
   100
   105
   107
    34
    27
    23
    26
    31
    28
    31
    38
    38
    42
    42
    43
    45
    43
    47
    49
    52
    67
    93
   107
   110
   123
   133
   145
   163
   173
   185
   181
   181
   184
   182
   185
   188
   191
   193
   191
   191
   190
   191
   186
   173
   156
   111
    72
    66
   110
   159
   183
   160
   141
    98
    84
   120
   151
   168
   186
   161
   125
   146
   148
   176
   188
   195
   200
   202
   204
   202
   204
   203
   201
   202
   200
   201
   199
   197
   193
   190
   188
   185
   180
   182
   181
   176
   171
   173
   176
   181
   182
   175
   176
   173
   172
   168
   170
   173
   170
   166
   159
   152
   144
   128
   108
    93
    82
    82
    84
    86
    96
    96
    96
   100
   104
    37
    35
    28
    28
    32
    32
    27
    34
    42
    46
    44
    41
    38
    38
    39
    38
    45
    62
    94
   109
   128
   143
   151
   165
   177
   183
   185
   187
   187
   183
   184
   186
   186
   190
   191
   193
   193
   192
   191
   189
   183
   171
   113
    76
    72
   111
   162
   181
   156
   141
    90
    68
    70
    70
    76
    95
   127
   123
   140
   147
   174
   186
   194
   200
   202
   203
   204
   202
   202
   202
   202
   201
   200
   197
   198
   192
   191
   188
   187
   184
   181
   181
   174
   174
   172
   168
   171
   170
   173
   171
   174
   176
   175
   173
   173
   175
   171
   164
   158
   149
   136
   123
   103
    88
    83
    83
    86
    91
    93
    97
   100
   103
    31
    27
    32
    31
    27
    31
    36
    31
    35
    42
    43
    40
    44
    40
    43
    48
    50
    73
   114
   127
   147
   151
   164
   175
   187
   191
   189
   188
   186
   190
   191
   190
   191
   190
   191
   192
   192
   194
   192
   190
   184
   170
   108
    74
    65
   106
   158
   182
   157
   142
    90
    54
    36
    63
    48
    61
   101
   131
   140
   143
   170
   187
   197
   201
   203
   203
   203
   203
   203
   201
   202
   202
   198
   198
   195
   193
   191
   188
   186
   185
   180
   177
   174
   165
   151
   139
   147
   163
   171
   179
   181
   177
   174
   174
   177
   177
   174
   172
   166
   158
   146
   131
   113
    99
    84
    84
    84
    87
    90
    93
    97
   101
    27
    25
    24
    24
    27
    28
    23
    37
    36
    38
    50
    55
    49
    52
    47
    52
    62
    84
   128
   152
   158
   164
   161
   171
   186
   192
   194
   195
   196
   194
   194
   194
   194
   195
   195
   194
   197
   195
   195
   192
   185
   169
   114
    70
    67
   100
   154
   183
   158
   144
    94
    63
    81
    39
    50
    70
   110
   137
   144
   145
   172
   189
   196
   201
   203
   202
   202
   202
   202
   203
   201
   201
   200
   195
   193
   190
   191
   190
   187
   184
   185
   184
   173
   159
   143
   138
   163
   175
   186
   184
   184
   183
   180
   175
   173
   177
   179
   173
   172
   165
   155
   142
   124
   103
    91
    87
    85
    86
    89
    90
    93
    96
    33
    30
    30
    28
    32
    34
    34
    25
    41
    48
    47
    49
    52
    43
    41
    36
    48
    90
   142
   166
   171
   171
   172
   177
   187
   193
   193
   194
   197
   198
   196
   194
   198
   197
   197
   198
   197
   199
   198
   194
   190
   180
   117
    71
    69
    91
   144
   180
   159
   136
    96
    61
   100
   127
    44
    68
   115
   139
   138
   148
   175
   189
   198
   201
   202
   202
   203
   202
   202
   203
   201
   199
   199
   199
   192
   190
   190
   188
   189
   190
   189
   182
   171
   158
   133
   138
   170
   185
   188
   187
   186
   183
   179
   175
   177
   180
   181
   179
   176
   173
   168
   158
   141
   118
    96
    87
    88
    85
    89
    94
    93
    96
    29
    27
    27
    32
    28
    34
    40
    44
    45
    51
    54
    54
    50
    43
    42
    41
    64
    93
   124
   150
   167
   171
   176
   185
   192
   191
   192
   196
   196
   200
   200
   200
   199
   198
   198
   196
   199
   200
   198
   198
   191
   180
   114
    77
    70
    93
   128
   167
   152
   131
    92
    46
    48
   115
    83
    69
   124
   147
   149
   150
   175
   191
   198
   202
   202
   202
   201
   204
   204
   201
   201
   201
   197
   195
   193
   188
   187
   189
   192
   192
   189
   183
   168
   152
   120
   127
   178
   188
   189
   190
   185
   180
   177
   178
   180
   182
   182
   185
   182
   176
   172
   164
   149
   131
   105
    92
    88
    88
    88
    90
    96
    96
    31
    31
    29
    25
    31
    29
    34
    44
    49
    47
    49
    46
    45
    36
    34
    47
    83
   119
   140
   159
   167
   174
   183
   192
   194
   197
   198
   200
   202
   200
   202
   201
   200
   199
   197
   200
   200
   202
   201
   199
   196
   181
   119
    78
    69
    87
   116
   162
   158
   131
   112
    85
    51
    24
    32
    49
   116
   149
   152
   158
   178
   194
   200
   201
   201
   201
   203
   202
   201
   201
   198
   197
   195
   194
   193
   192
   192
   193
   194
   191
   187
   178
   172
   160
   123
   121
   185
   191
   190
   184
   186
   184
   178
   182
   184
   183
   186
   188
   187
   186
   177
   172
   162
   144
   124
    96
    84
    87
    89
    88
    91
    97
    26
    30
    31
    35
    32
    32
    31
    38
    52
    49
    49
    50
    45
    42
    38
    48
    87
   130
   134
   138
   149
   176
   186
   190
   197
   198
   201
   201
   200
   203
   200
   200
   201
   202
   202
   200
   201
   202
   201
   202
   198
   183
   122
    78
    71
    91
   115
   151
   163
   129
   123
   105
   141
   117
   108
   134
   147
   156
   150
   165
   187
   196
   201
   202
   202
   200
   202
   204
   203
   201
   199
   198
   199
   194
   194
   194
   196
   197
   196
   193
   188
   183
   179
   165
   126
   108
   169
   192
   190
   188
   178
   179
   185
   186
   187
   186
   186
   188
   187
   183
   184
   178
   167
   155
   131
   107
    95
    84
    89
    93
    95
   100
    25
    22
    22
    28
    31
    33
    33
    32
    41
    48
    45
    44
    49
    40
    45
    54
    78
   113
   148
   148
   157
   166
   184
   190
   196
   202
   203
   203
   202
   201
   200
   200
   201
   202
   201
   202
   201
   204
   203
   201
   199
   187
   131
    80
    75
    91
   124
   147
   161
   128
   130
   114
   140
   207
   208
   192
   169
   161
   156
   175
   190
   197
   202
   199
   201
   202
   199
   200
   200
   199
   199
   197
   194
   195
   193
   193
   194
   196
   193
   192
   187
   188
   186
   164
   128
   101
   144
   189
   187
   188
   183
   176
   178
   183
   187
   192
   191
   191
   189
   191
   186
   182
   174
   164
   141
   118
    98
    86
    89
    90
    94
    95
    31
    28
    31
    26
    26
    26
    34
    39
    39
    38
    47
    50
    50
    48
    43
    56
    82
   119
   143
   140
   151
   168
   177
   187
   195
   200
   201
   204
   203
   203
   203
   202
   202
   201
   201
   202
   202
   202
   203
   202
   200
   189
   155
    98
    84
   101
   120
   150
   160
   150
   118
   141
   105
   152
   196
   181
   163
   156
   168
   187
   198
   202
   200
   199
   197
   198
   200
   198
   199
   198
   198
   198
   198
   196
   193
   193
   193
   196
   197
   198
   196
   191
   185
   165
   125
   108
   140
   180
   188
   188
   184
   172
   170
   178
   186
   189
   192
   193
   195
   195
   193
   188
   183
   170
   154
   127
   102
    90
    85
    90
    92
    95
    27
    27
    28
    30
    31
    34
    34
    36
    43
    44
    47
    46
    48
    48
    45
    52
    86
   135
   165
   152
   141
   153
   174
   181
   186
   192
   199
   200
   202
   203
   201
   202
   202
   201
   203
   201
   201
   202
   202
   202
   199
   191
   153
   116
    93
   108
   128
   148
   159
   158
   132
   128
   144
   104
   131
   165
   156
   162
   175
   192
   200
   201
   200
   200
   199
   199
   200
   202
   200
   199
   194
   191
   192
   197
   195
   194
   194
   196
   195
   194
   194
   192
   187
   159
   124
   113
   144
   178
   187
   187
   185
   178
   169
   175
   183
   188
   194
   197
   197
   198
   194
   190
   183
   173
   156
   131
   108
    92
    86
    83
    88
    92
    34
    30
    25
    27
    30
    30
    32
    36
    45
    53
    45
    40
    44
    45
    49
    64
    95
   129
   150
   152
   155
   150
   171
   186
   194
   199
   199
   202
   204
   202
   203
   201
   202
   201
   201
   202
   202
   202
   202
   201
   200
   194
   168
   124
   111
   113
   125
   144
   156
   163
   151
   123
   129
   133
   105
   155
   172
   169
   188
   198
   200
   198
   196
   196
   191
   193
   193
   187
   174
   165
   156
   156
   174
   187
   196
   196
   197
   196
   196
   195
   193
   191
   187
   158
   123
   106
   145
   168
   181
   185
   184
   181
   172
   174
   181
   189
   192
   197
   200
   198
   196
   192
   185
   177
   161
   138
   114
    90
    86
    90
    90
    89
    28
    33
    36
    33
    28
    30
    38
    32
    41
    51
    55
    50
    46
    45
    48
    72
   104
   134
   150
   142
   161
   175
   180
   193
   196
   200
   202
   202
   203
   203
   201
   203
   201
   202
   202
   203
   203
   203
   203
   202
   202
   192
   173
   138
   116
   118
   133
   143
   148
   158
   158
   148
   125
   141
   142
   168
   186
   187
   194
   198
   193
   191
   188
   186
   185
   181
   175
   165
   167
   167
   152
   138
   147
   180
   197
   198
   196
   197
   200
   197
   195
   194
   189
   159
   124
   110
   152
   172
   177
   181
   181
   181
   174
   170
   183
   192
   193
   197
   198
   199
   198
   192
   185
   179
   168
   143
   115
    93
    89
    86
    86
    86
    34
    30
    25
    31
    29
    35
    34
    41
    41
    42
    46
    49
    48
    42
    48
    73
   112
   141
   167
   165
   166
   175
   187
   193
   194
   200
   202
   201
   202
   204
   202
   201
   201
   202
   203
   201
   203
   202
   204
   203
   200
   197
   187
   155
   124
   116
   126
   143
   145
   150
   162
   164
   159
   162
   181
   190
   197
   196
   194
   187
   182
   182
   186
   189
   190
   179
   166
   173
   179
   168
   139
   128
   120
   141
   180
   195
   196
   198
   198
   196
   195
   196
   187
   155
   125
   105
   149
   173
   171
   182
   184
   184
   177
   169
   178
   193
   198
   197
   200
   199
   196
   196
   187
   178
   170
   155
   128
    98
    89
    84
    83
    83
    31
    31
    29
    33
    32
    28
    31
    33
    41
    41
    42
    51
    53
    48
    41
    69
   116
   151
   166
   167
   175
   180
   187
   187
   192
   195
   199
   202
   203
   203
   202
   203
   202
   202
   202
   203
   202
   203
   203
   200
   201
   198
   191
   187
   169
   142
   145
   146
   139
   134
   148
   157
   168
   180
   189
   188
   183
   180
   176
   176
   176
   182
   183
   181
   174
   169
   171
   179
   173
   150
   106
    94
   103
   107
   140
   181
   193
   195
   197
   198
   198
   196
   181
   146
   117
    89
   137
   178
   170
   176
   181
   184
   176
   166
   176
   190
   196
   201
   202
   200
   200
   195
   192
   184
   172
   152
   130
   102
    87
    79
    81
    81
    30
    26
    26
    30
    39
    44
    39
    34
    31
    44
    43
    41
    46
    52
    62
    72
   108
   144
   161
   168
   170
   174
   183
   192
   193
   197
   201
   202
   202
   203
   203
   203
   203
   204
   203
   204
   203
   204
   205
   205
   202
   201
   199
   194
   188
   182
   177
   170
   158
   137
   135
   146
   161
   167
   171
   170
   165
   164
   168
   172
   175
   178
   177
   169
   161
   157
   165
   177
   170
   141
    83
    72
   107
   115
   126
   168
   187
   193
   197
   196
   199
   198
   178
   144
   122
    93
   123
   183
   182
   172
   174
   180
   176
   168
   171
   186
   196
   200
   201
   200
   199
   196
   192
   187
   174
   156
   133
   103
    87
    82
    76
    76
    35
    34
    37
    35
    33
    32
    49
    51
    52
    49
    50
    51
    43
    42
    48
    67
    89
   118
   152
   163
   171
   175
   178
   188
   197
   198
   200
   202
   203
   202
   203
   203
   203
   203
   203
   203
   204
   204
   203
   203
   203
   202
   200
   199
   196
   192
   189
   183
   178
   170
   148
   142
   146
   157
   162
   168
   170
   178
   177
   179
   176
   173
   170
   167
   168
   169
   174
   183
   173
   150
    97
    51
    90
   120
   133
   159
   182
   191
   195
   198
   199
   198
   177
   143
   130
   106
   121
   178
   183
   171
   166
   173
   176
   167
   168
   183
   196
   202
   202
   203
   200
   196
   192
   185
   175
   157
   138
   109
    91
    80
    77
    78
    33
    32
    35
    47
    44
    38
    32
    48
    60
    61
    50
    49
    57
    58
    54
    65
    90
   124
   158
   163
   158
   177
   187
   188
   195
   197
   202
   202
   204
   203
   202
   204
   204
   203
   204
   203
   204
   204
   204
   202
   203
   203
   203
   202
   196
   197
   194
   191
   192
   187
   183
   167
   160
   160
   162
   169
   171
   172
   172
   173
   167
   170
   175
   179
   184
   188
   187
   190
   186
   161
   120
    71
    94
   124
   137
   164
   180
   191
   195
   201
   199
   198
   186
   155
   132
   112
   116
   176
   180
   171
   171
   169
   172
   166
   168
   177
   192
   201
   201
   200
   201
   197
   191
   186
   174
   160
   135
   106
    90
    80
    76
    79
    27
    29
    30
    30
    36
    34
    34
    32
    45
    55
    50
    50
    54
    50
    50
    81
    98
   133
   159
   161
   165
   177
   189
   195
   196
   198
   198
   202
   200
   202
   203
   203
   204
   203
   202
   204
   204
   204
   206
   204
   205
   204
   203
   199
   201
   195
   195
   197
   197
   200
   196
   192
   183
   180
   182
   180
   182
   179
   176
   178
   179
   183
   187
   194
   198
   197
   200
   199
   193
   180
   148
   116
   107
   121
   137
   159
   173
   182
   189
   193
   200
   199
   193
   163
   136
   115
   117
   166
   181
   166
   167
   170
   172
   165
   162
   171
   193
   201
   202
   201
   199
   198
   192
   182
   173
   157
   141
   110
    88
    79
    76
    74
    34
    25
    28
    35
    34
    37
    41
    44
    42
    39
    44
    44
    54
    61
    59
    74
    94
   121
   152
   165
   163
   178
   187
   192
   195
   197
   198
   201
   203
   202
   200
   201
   203
   203
   202
   203
   203
   207
   205
   206
   203
   203
   201
   201
   199
   200
   199
   200
   200
   199
   201
   197
   197
   198
   197
   197
   192
   193
   195
   190
   191
   194
   196
   201
   201
   202
   204
   203
   199
   188
   158
   127
   116
   119
   125
   147
   163
   179
   188
   196
   198
   200
   197
   173
   139
   119
   117
   161
   175
   169
   170
   170
   172
   166
   165
   174
   195
   203
   202
   201
   199
   197
   189
   185
   175
   158
   138
   111
    90
    82
    78
    80
    43
    50
    39
    28
    40
    49
    55
    52
    49
    52
    49
    39
    40
    45
    46
    71
    86
   131
   156
   163
   156
   160
   172
   184
   190
   194
   196
   199
   201
   202
   203
   201
   200
   203
   204
   204
   204
   204
   206
   203
   204
   204
   204
   203
   202
   202
   202
   201
   203
   203
   201
   203
   203
   202
   203
   202
   204
   204
   202
   203
   201
   204
   205
   203
   204
   204
   205
   204
   201
   192
   164
   127
   108
   104
   114
   135
   156
   176
   187
   192
   197
   196
   195
   177
   148
   122
   114
   158
   179
   166
   168
   168
   170
   164
   162
   174
   193
   201
   202
   202
   201
   195
   191
   185
   175
   163
   143
   116
    94
    80
    78
    77
    29
    34
    48
    41
    36
    35
    36
    37
    42
    44
    48
    53
    45
    41
    48
    68
    93
   131
   160
   172
   176
   177
   175
   180
   190
   193
   198
   198
   200
   202
   201
   200
   201
   199
   201
   202
   202
   204
   204
   205
   205
   203
   204
   203
   202
   203
   202
   203
   202
   202
   203
   201
   203
   202
   200
   201
   200
   201
   202
   204
   205
   202
   202
   203
   204
   206
   205
   205
   201
   192
   162
   127
   103
   103
   116
   137
   157
   172
   177
   183
   190
   198
   198
   170
   138
   120
   114
   158
   177
   164
   165
   166
   170
   165
   166
   177
   191
   200
   202
   203
   200
   197
   192
   182
   173
   157
   139
   114
    90
    72
    72
    73
    36
    34
    25
    32
    41
    54
    53
    52
    43
    37
    36
    35
    40
    50
    48
    58
    85
   115
   159
   173
   175
   178
   183
   187
   187
   193
   198
   202
   201
   202
   202
   201
   201
   204
   202
   202
   204
   203
   204
   205
   204
   206
   203
   203
   203
   201
   201
   200
   202
   200
   200
   204
   200
   201
   202
   202
   201
   202
   202
   203
   201
   202
   203
   202
   203
   201
   205
   206
   201
   191
   164
   127
   101
   111
   131
   150
   160
   171
   175
   179
   188
   195
   194
   166
   142
   122
   120
   159
   176
   168
   167
   169
   168
   162
   165
   180
   193
   199
   202
   203
   201
   198
   192
   187
   174
   157
   139
   111
    86
    76
    76
    72
    29
    36
    53
    39
    39
    47
    53
    55
    68
    65
    47
    41
    37
    39
    45
    59
    86
   119
   159
   165
   171
   181
   190
   192
   195
   190
   193
   198
   198
   200
   198
   200
   202
   202
   204
   204
   204
   205
   205
   204
   206
   203
   203
   204
   201
   200
   200
   201
   201
   200
   199
   199
   200
   200
   197
   200
   203
   201
   203
   200
   200
   199
   198
   199
   197
   200
   201
   202
   199
   189
   159
   115
    92
   119
   136
   153
   162
   170
   176
   184
   193
   195
   190
   161
   142
   118
   121
   168
   173
   162
   169
   170
   171
   162
   161
   181
   192
   202
   202
   200
   201
   192
   187
   181
   168
   152
   131
   108
    85
    76
    75
    77
    27
    30
    34
    45
    50
    59
    60
    64
    52
    53
    62
    60
    65
    54
    54
    65
    94
   125
   152
   175
   185
   190
   193
   195
   197
   202
   197
   197
   200
   200
   202
   201
   202
   202
   203
   203
   205
   205
   204
   206
   204
   204
   203
   198
   198
   194
   193
   196
   197
   199
   196
   190
   189
   185
   183
   181
   176
   173
   174
   174
   172
   179
   187
   194
   195
   196
   198
   199
   191
   171
   133
    87
    84
   124
   131
   141
   160
   171
   178
   180
   186
   192
   184
   154
   132
    97
   103
   160
   169
   160
   166
   174
   168
   160
   165
   179
   189
   198
   199
   199
   192
   190
   184
   179
   168
   150
   132
   101
    81
    73
    75
    74
    38
    32
    29
    31
    36
    41
    49
    54
    57
    53
    48
    59
    66
    71
    68
    76
    98
   133
   158
   161
   172
   183
   189
   194
   196
   199
   201
   201
   202
   204
   205
   203
   202
   203
   203
   203
   204
   204
   204
   203
   202
   202
   199
   201
   198
   195
   192
   191
   189
   186
   176
   167
   152
   148
   151
   153
   157
   160
   159
   157
   158
   160
   163
   169
   178
   184
   189
   190
   180
   150
   112
    65
    83
   121
   126
   145
   164
   175
   180
   185
   184
   185
   178
   152
   125
    87
    92
   146
   155
   160
   168
   168
   163
   156
   162
   181
   190
   195
   199
   198
   194
   189
   180
   174
   162
   143
   119
    93
    77
    73
    71
    72
    25
    31
    34
    31
    35
    39
    48
    54
    58
    54
    46
    50
    44
    49
    51
    72
   100
   139
   168
   182
   188
   188
   188
   190
   195
   195
   196
   200
   202
   204
   206
   204
   203
   203
   204
   204
   203
   203
   205
   202
   203
   200
   199
   198
   190
   190
   188
   186
   179
   169
   151
   137
   131
   135
   138
   143
   148
   153
   159
   162
   161
   163
   161
   155
   154
   158
   168
   177
   168
   139
   104
    75
   103
   108
   125
   171
   179
   177
   179
   182
   187
   190
   185
   160
   127
   102
   105
   137
   144
   158
   170
   170
   164
   157
   165
   176
   185
   193
   196
   196
   192
   184
   176
   167
   152
   132
   114
    86
    71
    68
    70
    69
    32
    32
    33
    32
    31
    30
    31
    48
    57
    54
    56
    46
    43
    43
    48
    73
   101
   134
   161
   173
   180
   189
   193
   195
   195
   199
   200
   202
   203
   203
   203
   203
   203
   201
   201
   202
   202
   203
   203
   203
   202
   198
   197
   194
   198
   193
   183
   173
   154
   140
   130
   135
   147
   154
   158
   163
   157
   153
   154
   159
   156
   161
   162
   161
   154
   142
   148
   165
   161
   142
   114
   101
   112
   109
   140
   172
   181
   183
   181
   183
   185
   186
   188
   173
   135
   111
   102
   137
   149
   165
   168
   170
   164
   158
   168
   181
   188
   192
   193
   192
   188
   185
   168
   159
   145
   129
   103
    76
    67
    69
    68
    70
    35
    28
    30
    27
    30
    37
    41
    39
    53
    60
    60
    66
    55
    45
    48
    69
   108
   152
   167
   177
   179
   183
   190
   193
   194
   199
   200
   201
   202
   202
   204
   202
   202
   202
   201
   200
   202
   201
   202
   203
   202
   201
   192
   189
   191
   180
   156
   146
   139
   126
   132
   146
   153
   160
   170
   181
   185
   179
   170
   163
   161
   158
   163
   164
   163
   159
   146
   146
   161
   157
   137
   123
   115
   125
   157
   177
   180
   180
   184
   183
   182
   184
   182
   168
   138
   113
    96
   132
   155
   164
   167
   166
   159
   161
   170
   178
   185
   189
   191
   187
   188
   183
   170
   155
   141
   118
    94
    76
    69
    66
    68
    69
    32
    28
    29
    33
    27
    33
    44
    51
    46
    50
    44
    43
    50
    54
    53
    69
   102
   140
   170
   181
   183
   186
   185
   188
   196
   200
   200
   202
   200
   198
   194
   201
   199
   200
   201
   203
   202
   200
   201
   203
   201
   200
   194
   178
   151
   129
   126
   130
   130
   132
   136
   136
   133
   141
   150
   168
   181
   178
   187
   189
   186
   180
   175
   173
   174
   172
   168
   155
   150
   154
   149
   145
   148
   167
   177
   179
   180
   184
   184
   185
   184
   183
   183
   173
   144
   121
   110
   130
   161
   166
   167
   163
   156
   167
   178
   181
   186
   188
   189
   186
   177
   168
   160
   148
   131
   110
    88
    68
    64
    69
    72
    76
    42
    35
    34
    36
    47
    29
    37
    57
    52
    46
    52
    52
    46
    45
    48
    60
    98
   135
   162
   182
   184
   186
   188
   188
   193
   197
   199
   199
   200
   200
   200
   201
   202
   202
   201
   200
   201
   201
   201
   203
   201
   197
   189
   154
   120
   123
   129
   135
   137
   146
   144
   126
   117
   131
   108
   129
   170
   175
   173
   191
   195
   190
   189
   186
   182
   181
   182
   181
   179
   176
   176
   177
   181
   182
   184
   183
   181
   180
   180
   179
   181
   181
   180
   174
   147
   112
   105
   129
   156
   164
   162
   159
   164
   172
   179
   184
   184
   184
   181
   177
   170
   166
   155
   142
   123
   103
    81
    62
    67
    72
    74
    81
    62
    29
    29
    37
    39
    57
    40
    45
    57
    48
    46
    52
    60
    48
    37
    54
    88
   129
   159
   162
   173
   187
   192
   195
   197
   200
   200
   201
   202
   202
   202
   201
   201
   200
   199
   200
   200
   201
   202
   202
   204
   197
   172
   128
   105
   104
   119
   135
   146
   150
   132
   115
   128
   118
   114
   140
   153
   172
   165
   170
   192
   197
   194
   192
   193
   190
   193
   193
   196
   197
   195
   195
   191
   190
   187
   182
   184
   180
   178
   180
   183
   181
   173
   167
   147
   107
    95
   146
   169
   167
   165
   166
   174
   177
   174
   178
   176
   177
   176
   171
   164
   158
   148
   130
   113
    84
    65
    65
    67
    72
    76
    80
    52
    36
    32
    33
    33
    33
    48
    41
    52
    50
    38
    38
    44
    47
    45
    50
    85
   122
   157
   181
   182
   189
   194
   195
   195
   198
   199
   202
   201
   200
   201
   201
   202
   200
   200
   201
   202
   202
   201
   202
   201
   197
   169
   118
    95
    96
   112
   136
   151
   147
   124
   117
   128
   124
   169
   185
   157
   163
   173
   166
   179
   194
   198
   199
   196
   197
   194
   197
   198
   198
   200
   196
   194
   193
   192
   186
   182
   180
   182
   181
   176
   172
   170
   163
   151
   109
   109
   164
   172
   171
   172
   174
   177
   178
   181
   182
   177
   176
   175
   167
   161
   154
   140
   122
    97
    82
    63
    69
    75
    77
    82
    87
    54
    36
    29
    31
    40
    35
    33
    43
    50
    51
    51
    46
    36
    35
    41
    66
    84
   124
   155
   173
   184
   185
   189
   195
   197
   197
   197
   199
   201
   201
   202
   200
   198
   198
   200
   200
   200
   201
   201
   202
   200
   190
   154
   107
    90
    90
   108
   136
   154
   144
   118
   128
   119
   157
   198
   198
   175
   166
   169
   172
   173
   189
   196
   196
   199
   194
   198
   196
   195
   198
   197
   198
   199
   197
   196
   192
   187
   184
   183
   185
   182
   176
   167
   157
   142
   107
   121
   173
   175
   176
   178
   178
   174
   176
   174
   170
   173
   170
   171
   166
   155
   140
   123
   105
    89
    70
    67
    74
    75
    81
    85
    90
    51
    33
    34
    26
    21
    30
    27
    39
    45
    49
    47
    54
    51
    46
    36
    57
    83
   125
   153
   167
   168
   179
   191
   195
   197
   201
   198
   198
   200
   200
   199
   198
   199
   198
   198
   200
   201
   200
   201
   199
   199
   190
   141
    98
    85
    81
   101
   137
   151
   133
   119
   120
    98
   107
    91
    91
   115
   147
   158
   177
   169
   181
   195
   201
   200
   198
   198
   198
   199
   200
   198
   197
   198
   196
   195
   194
   194
   191
   189
   182
   176
   177
   170
   155
   139
   117
   124
   167
   178
   182
   180
   175
   172
   170
   173
   173
   166
   167
   164
   154
   140
   131
   115
    99
    83
    67
    69
    70
    76
    77
    84
    88
    81
    33
    37
    42
    42
    40
    44
    38
    38
    39
    37
    43
    47
    50
    57
    50
    67
   113
   141
   141
   161
   178
   190
   198
   199
   198
   200
   201
   198
   199
   198
   197
   197
   197
   198
   199
   201
   201
   202
   201
   197
   186
   130
    90
    76
    73
    99
   135
   156
   135
   126
   101
    66
    52
    58
    48
    78
   138
   141
   168
   175
   178
   189
   197
   200
   200
   199
   200
   201
   199
   200
   200
   199
   199
   198
   195
   195
   192
   191
   189
   177
   172
   170
   164
   150
   134
   136
   162
   176
   181
   172
   169
   167
   167
   167
   165
   165
   161
   153
   142
   133
   119
   110
    95
    68
    66
    70
    74
    77
    84
    92
    96
   104
    47
    24
    34
    38
    43
    51
    59
    61
    53
    53
    45
    39
    37
    36
    51
    79
   121
   149
   154
   156
   167
   178
   186
   191
   196
   196
   196
   198
   199
   199
   199
   197
   197
   197
   198
   197
   199
   201
   201
   196
   182
   118
    83
    75
    73
    96
   144
   162
   139
   127
    93
    66
    76
    52
    52
    76
   132
   130
   158
   175
   173
   187
   198
   200
   201
   200
   201
   201
   201
   202
   201
   200
   199
   197
   197
   194
   193
   192
   187
   185
   178
   163
   149
   145
   141
   139
   155
   167
   169
   165
   165
   166
   166
   166
   163
   162
   155
   145
   137
   126
   117
   107
    86
    69
    69
    73
    73
    81
    86
    91
    99
   112
    64
    31
    31
    30
    31
    38
    45
    54
    68
    62
    54
    47
    42
    42
    46
    61
   103
   138
   162
   176
   179
   184
   188
   191
   192
   194
   194
   196
   197
   195
   196
   196
   192
   192
   196
   196
   198
   198
   198
   190
   174
   119
    87
    75
    73
   104
   158
   168
   137
   132
    93
    49
   114
   176
    57
    78
   137
   130
   144
   169
   172
   181
   193
   197
   199
   199
   201
   200
   201
   202
   202
   198
   197
   194
   191
   191
   192
   190
   184
   180
   179
   170
   153
   136
   130
   137
   148
   159
   164
   166
   167
   163
   166
   164
   161
   155
   147
   141
   133
   126
   116
    92
    70
    66
    67
    71
    82
    85
    91
    96
   106
   120
    73
    27
    27
    27
    25
    29
    41
    51
    54
    62
    69
    63
    48
    34
    39
    56
    93
   129
   142
   165
   179
   185
   188
   190
   192
   194
   196
   196
   195
   195
   194
   192
   192
   192
   195
   195
   195
   197
   197
   191
   174
   113
    75
    65
    74
   115
   165
   168
   140
   121
    85
    40
    55
    94
    70
    70
   120
   128
   146
   157
   169
   178
   195
   200
   201
   201
   201
   203
   204
   202
   200
   199
   197
   194
   195
   193
   193
   188
   182
   182
   183
   183
   176
   170
   164
   165
   177
   175
   174
   165
   165
   163
   164
   162
   158
   154
   145
   139
   131
   121
   106
    81
    70
    69
    73
    77
    82
    92
    90
    97
   107
   116
   110
    26
    24
    31
    31
    29
    28
    37
    52
    50
    54
    64
    59
    47
    46
    50
    75
   119
   132
   139
   167
   184
   183
   188
   189
   192
   192
   192
   190
   192
   191
   191
   190
   190
   193
   193
   195
   196
   192
   189
   181
   121
    75
    66
    70
   122
   168
   170
   146
   128
    90
    40
    34
    22
    36
    49
   104
   114
   140
   147
   174
   179
   192
   198
   202
   202
   202
   203
   201
   200
   200
   199
   197
   198
   194
   194
   194
   192
   186
   181
   181
   180
   183
   179
   177
   180
   179
   180
   173
   169
   166
   160
   159
   156
   149
   146
   140
   135
   127
   111
    92
    72
    69
    72
    73
    80
    87
    90
    97
    96
    99
   116
   123
    92
    30
    28
    34
    31
    34
    36
    38
    33
    34
    35
    48
    51
    47
    59
    75
   106
   113
   125
   130
   160
   178
   182
   185
   187
   187
   187
   189
   186
   190
   188
   187
   189
   191
   193
   194
   189
   194
   189
   178
   132
    79
    64
    75
   125
   171
   175
   150
   135
   102
    70
    69
    54
    71
   105
   119
   108
   133
   147
   169
   179
   189
   197
   200
   201
   202
   201
   201
   198
   197
   198
   197
   195
   192
   190
   190
   186
   184
   179
   177
   175
   172
   170
   172
   177
   179
   173
   169
   165
   159
   151
   147
   144
   141
   138
   135
   127
   114
   105
    81
    70
    72
    73
    79
    80
    84
    89
    89
    90
    81
   124
   122
   122
    46
    33
    35
    33
    26
    31
    32
    46
    52
    49
    41
    36
    26
    42
    60
    86
   108
   108
   119
   141
   164
   177
   180
   182
   184
   187
   190
   189
   187
   187
   188
   186
   187
   187
   188
   189
   189
   183
   174
   133
    75
    53
    68
   124
   168
   173
   154
   137
   109
    66
   105
   139
   160
   162
   131
   121
   142
   148
   169
   183
   191
   195
   201
   200
   200
   202
   200
   201
   199
   197
   198
   194
   192
   190
   188
   185
   181
   179
   173
   170
   174
   173
   171
   173
   171
   168
   165
   152
   147
   146
   143
   138
   135
   134
   130
   124
   114
    86
    74
    73
    74
    80
    75
    75
    72
    75
    66
    59
    47
   125
   127
   123
    81
    33
    37
    42
    42
    48
    45
    36
    44
    49
    58
    60
    59
    47
    44
    58
    75
    92
   105
   121
   136
   156
   174
   184
   182
   183
   182
   184
   183
   186
   184
   182
   184
   184
   187
   187
   187
   184
   174
   138
    87
    59
    63
   123
   171
   172
   161
   127
   122
    60
    64
   119
   146
   146
   109
   114
   139
   148
   169
   186
   192
   196
   197
   200
   201
   201
   201
   200
   198
   195
   193
   193
   191
   188
   188
   184
   183
   178
   177
   173
   171
   168
   164
   160
   161
   157
   151
   146
   142
   141
   142
   138
   135
   132
   127
   114
    93
    71
    53
    50
    49
    38
    38
    34
    27
    16
    15
    17
    28
   125
   121
   128
   117
    40
    22
    33
    37
    28
    40
    40
    30
    38
    42
    43
    41
    39
    44
    49
    62
    83
    95
   105
   116
   130
   158
   167
   177
   179
   179
   176
   177
   174
   178
   180
   178
   179
   180
   184
   182
   173
   166
   138
    94
    61
    66
   121
   168
   169
   159
   124
   130
    89
    57
    79
   106
   111
    98
   106
   132
   146
   168
   180
   188
   196
   199
   199
   199
   199
   198
   198
   195
   195
   192
   189
   187
   187
   184
   182
   179
   174
   171
   168
   167
   165
   160
   153
   150
   149
   145
   142
   139
   139
   135
   131
   132
   126
   118
   106
    80
    44
    29
    13
     4
     5
     5
     9
    10
    12
    11
    17
    24
   126
   126
   125
   126
   127
    38
    24
    25
    33
    23
    34
    40
    43
    46
    51
    44
    40
    47
    55
    66
    84
    84
    89
    98
   118
   135
   154
   160
   171
   173
   177
   175
   174
   174
   175
   176
   174
   175
   174
   178
   171
   160
   140
    86
    64
    65
   123
   166
   169
   158
   139
   104
   116
    61
    33
    54
    71
    71
   100
   123
   140
   156
   176
   186
   196
   195
   196
   196
   194
   198
   196
   194
   192
   192
   191
   187
   182
   179
   177
   169
   166
   165
   159
   155
   153
   151
   146
   141
   140
   139
   140
   138
   138
   137
   135
   129
   121
   111
    86
    48
    38
    47
    47
    41
    27
    21
    15
    17
    16
    22
    25
    22
   128
   126
   125
   121
   125
   113
    50
    36
    32
    34
    33
    32
    30
    38
    47
    45
    47
    49
    58
    61
    68
    77
    72
    81
   101
   120
   134
   148
   161
   165
   165
   169
   174
   173
   168
   170
   170
   176
   177
   177
   175
   166
   145
    97
    55
    59
   114
   155
   162
   157
   146
   124
   100
   102
    62
    38
    46
    73
   103
   129
   152
   162
   172
   182
   193
   195
   195
   197
   199
   198
   195
   193
   191
   188
   186
   181
   180
   178
   175
   166
   161
   154
   153
   145
   141
   141
   143
   144
   145
   142
   142
   140
   136
   136
   124
   118
   110
    96
    60
    46
    41
    44
    42
    41
    45
    45
    43
    39
    36
    33
    27
    26
   127
   126
   125
   129
   127
   125
    95
    38
    41
    41
    43
    42
    36
    46
    46
    50
    50
    50
    57
    61
    73
    70
    72
    66
    78
   106
   121
   133
   144
   159
   166
   166
   165
   169
   167
   166
   166
   168
   174
   170
   171
   163
   147
   108
    71
    67
   100
   154
   154
   154
   147
   140
   121
   107
   117
    97
    75
    94
   126
   144
   156
   167
   176
   180
   189
   192
   193
   193
   192
   192
   191
   191
   186
   183
   179
   178
   176
   171
   167
   163
   156
   151
   145
   143
   143
   141
   143
   145
   145
   144
   140
   136
   134
   124
   121
   110
    91
    42
    23
    29
    38
    41
    47
    46
    46
    42
    43
    47
    45
    32
    24
    20
   128
   129
   127
   122
   123
   119
   118
    56
    42
    49
    35
    36
    48
    68
    56
    48
    44
    48
    51
    62
    66
    70
    67
    64
    64
    84
   110
   124
   133
   142
   148
   155
   162
   161
   163
   164
   165
   166
   165
   169
   163
   163
   151
   116
    77
    58
    88
   136
   155
   152
   143
   139
   134
   125
   119
   124
   122
   112
   131
   149
   158
   164
   174
   178
   184
   189
   188
   189
   191
   190
   186
   183
   181
   178
   176
   173
   169
   163
   155
   154
   147
   147
   146
   143
   143
   143
   143
   140
   139
   136
   132
   130
   126
   118
   116
    88
    47
    19
    27
    34
    36
    41
    41
    41
    37
    39
    43
    45
    41
    35
    29
    26
   128
   127
   128
   126
   122
   126
   123
   115
    46
    25
    47
    60
    73
    61
    47
    47
    49
    48
    40
    49
    57
    65
    73
    70
    65
    66
    78
   103
   123
   139
   147
   151
   149
   153
   151
   157
   161
   160
   162
   160
   160
   156
   153
   140
   106
    50
    53
   105
   151
   150
   142
   136
   134
   133
   131
   128
   128
   123
   127
   150
   167
   174
   172
   176
   179
   180
   182
   180
   183
   184
   183
   179
   175
   169
   169
   166
   161
   155
   152
   148
   146
   143
   143
   143
   136
   138
   136
   136
   132
   126
   127
   122
   119
   116
    78
    27
     8
    16
    17
    22
    33
    32
    33
    34
    32
    34
    37
    47
    49
    43
    36
    24
   126
   128
   126
   123
   127
   126
   121
   120
   105
    41
    48
    43
    37
    50
    48
    39
    46
    48
    45
    44
    51
    56
    64
    70
    68
    62
    64
    74
    88
   109
   133
   148
   150
   146
   147
   146
   148
   149
   146
   147
   144
   144
   143
   144
   135
   105
    40
    34
   105
   151
   147
   140
   136
   131
   131
   131
   129
   136
   145
   153
   166
   175
   175
   176
   176
   174
   174
   175
   179
   177
   173
   172
   168
   164
   157
   153
   151
   147
   142
   141
   134
   133
   132
   128
   127
   125
   125
   124
   124
   128
   125
   121
   104
    59
    17
    11
    18
    17
    18
    20
    20
    21
    22
    25
    27
    36
    42
    46
    47
    42
    30
    24
   126
   128
   126
   127
   126
   119
   115
   115
   124
    81
    21
    25
    38
    41
    40
    42
    46
    50
    49
    46
    47
    50
    59
    63
    63
    62
    57
    65
    68
    78
    98
   116
   130
   139
   144
   143
   138
   137
   140
   137
   140
   136
   132
   131
   134
   132
   113
    44
    22
    70
   122
   142
   141
   138
   134
   132
   137
   147
   156
   165
   170
   177
   178
   175
   172
   174
   172
   169
   169
   167
   161
   161
   158
   153
   151
   148
   142
   138
   134
   133
   127
   125
   122
   124
   125
   120
   123
   126
   132
   126
   107
    70
    28
     9
    13
    19
    22
    22
    22
    23
    25
    21
    24
    26
    30
    35
    40
    36
    33
    33
    26
    24
   125
   124
   129
   126
   125
   123
   127
   121
   124
   123
    65
    23
    50
    50
    51
    46
    45
    56
    55
    47
    49
    56
    54
    60
    60
    58
    56
    54
    66
    66
    75
    87
   109
   119
   123
   132
   131
   124
   121
   122
   121
   120
   117
   118
   116
   124
   129
   124
    80
    37
    34
    57
    91
   111
   122
   126
   132
   143
   150
   162
   169
   175
   177
   178
   172
   169
   167
   165
   163
   157
   158
   152
   146
   142
   135
   132
   126
   122
   120
   117
   108
   103
   101
   103
   108
   120
   119
   102
    74
    45
    17
     8
     6
    14
    17
    18
    18
    22
    20
    20
    23
    31
    35
    38
    39
    43
    47
    43
    44
    33
    26
    20
   129
   129
   128
   124
   126
   124
   123
   121
   124
   123
   119
    88
    47
    54
    51
    40
    53
    53
    49
    43
    49
    52
    50
    57
    58
    57
    54
    52
    56
    65
    57
    62
    74
    90
   100
   102
   113
   115
   107
   106
   110
   109
   106
   103
   109
   103
   113
   125
   133
   132
   105
    78
    65
    83
    93
   111
   116
   127
   139
   152
   152
   162
   169
   169
   168
   162
   158
   154
   152
   151
   142
   143
   133
   129
   127
   118
   114
   105
    96
    91
    97
   103
   106
   108
    99
    61
    30
    14
     3
     8
    10
    18
    22
    21
    22
    21
    21
    19
    19
    22
    26
    23
    33
    36
    37
    40
    41
    46
    39
    30
    24
    22
   123
   126
   126
   127
   125
   116
   129
   127
   124
   122
   119
   114
    77
    53
    39
    38
    45
    44
    42
    47
    46
    48
    53
    49
    59
    65
    67
    58
    46
    43
    60
    58
    54
    54
    55
    70
    74
    84
    88
    79
    78
    76
    74
    69
    61
    69
    67
    77
    99
   114
   125
   131
   133
   126
   122
   124
   123
   124
   130
   133
   148
   151
   151
   155
   155
   151
   149
   147
   142
   137
   135
   125
   120
   111
   101
    94
    90
   101
   122
   136
   135
   147
   157
   141
   110
    29
     8
    12
    21
    21
    24
    19
    21
    18
    16
    18
    16
    19
    21
    23
    23
    31
    30
    35
    36
    47
    52
    42
    28
    24
    21
    19
   127
   125
   127
   126
   122
   126
   125
   117
   117
   115
   120
   115
   111
    47
    41
    34
    44
    44
    44
    50
    41
    50
    45
    49
    48
    62
    73
    68
    63
    52
    44
    49
    53
    50
    54
    49
    52
    48
    52
    52
    48
    49
    44
    37
    39
    41
    41
    40
    42
    55
    77
   100
   104
   111
   119
   120
   125
   130
   133
   133
   135
   135
   143
   142
   145
   141
   138
   134
   129
   125
   112
   103
    96
    88
    92
    97
   106
   126
   145
   148
   135
   140
   139
   129
    84
    23
    20
    25
    25
    22
    22
    22
    18
    22
    19
    21
    22
    22
    21
    21
    24
    25
    33
    37
    42
    41
    37
    35
    29
    25
    24
    35
   128
   128
   127
   123
   117
   118
   117
   118
   124
   123
   127
   115
   121
    88
    33
    42
    42
    40
    45
    40
    47
    36
    52
    51
    56
    41
    55
    69
    66
    57
    49
    46
    44
    46
    35
    37
    36
    39
    34
    37
    30
    28
    33
    39
    35
    32
    37
    31
    30
    22
    19
    20
    30
    36
    51
    54
    60
    73
    87
    96
    99
   107
   107
   116
   114
   111
   106
    99
    86
    70
    59
    58
    63
    81
    89
    93
   106
   126
   130
   121
   125
   133
   133
    83
    19
    15
    19
    19
    22
    21
    19
    20
    20
    19
    22
    23
    22
    22
    23
    26
    25
    30
    29
    32
    32
    36
    31
    25
    20
    21
    36
    36
   125
   126
   125
   123
   122
   117
   119
   122
   124
   122
   123
   120
   107
   113
    57
    20
    35
    41
    38
    46
    44
    39
    40
    52
    55
    53
    42
    47
    55
    55
    51
    50
    42
    36
    36
    31
    33
    34
    35
    29
    32
    31
    28
    28
    33
    34
    31
    32
    29
    34
    25
    18
    16
    17
    12
    20
    20
    19
    25
    32
    42
    48
    51
    59
    59
    58
    60
    54
    56
    58
    61
    72
    79
    85
    92
   100
   114
   121
   117
   111
   118
    98
    44
    11
     9
    16
    13
    15
    17
    17
    21
    20
    19
    18
    19
    20
    22
    20
    21
    27
    27
    24
    23
    24
    19
    17
    18
    23
    31
    39
    40
    34
   127
   127
   127
   127
   120
   123
   123
   125
   127
   123
   122
   128
   115
   114
   122
    55
    18
    12
    23
    28
    36
    32
    34
    44
    45
    55
    45
    50
    54
    48
    45
    47
    53
    49
    40
    34
    32
    31
    28
    32
    30
    28
    28
    23
    25
    26
    30
    31
    30
    28
    32
    30
    28
    25
    26
    22
    23
    26
    18
    18
    20
    24
    29
    29
    35
    26
    22
    30
    45
    55
    60
    71
    88
   108
   133
   138
   138
   109
    84
    80
    51
    22
    14
    20
    21
    15
    17
    19
    17
    17
    16
    16
    20
    19
    18
    16
    17
    20
    18
    16
    18
    19
    24
    23
    29
    38
    37
    40
    42
    36
    31
    24
   128
   128
   126
   128
   128
   126
   123
   117
   122
   124
   123
   125
   124
   113
   123
   118
    95
    72
    43
    32
    38
    36
    31
    34
    45
    44
    52
    43
    51
    50
    36
    32
    32
    44
    46
    36
    29
    28
    29
    25
    23
    26
    26
    26
    20
    18
    22
    23
    28
    25
    23
    27
    25
    27
    26
    25
    21
    21
    26
    26
    23
    24
    27
    27
    24
    29
    31
    33
    43
    66
   104
   114
   114
    93
    64
    75
    57
    33
    33
    23
    24
    27
    29
    28
    30
    30
    24
    22
    23
    22
    19
    24
    21
    19
    18
    22
    21
    21
    25
    27
    27
    26
    29
    31
    32
    36
    38
    35
    31
    28
    25
    23
   126
   126
   126
   127
   126
   128
   132
   125
   119
   123
   123
   119
   121
   119
   102
   112
   109
   124
   113
    88
    41
    19
    26
    42
    49
    32
    34
    46
    40
    41
    55
    46
    34
    30
    36
    43
    37
    33
    36
    36
    27
    24
    22
    21
    26
    27
    21
    21
    21
    25
    25
    25
    27
    25
    23
    27
    30
    28
    25
    20
    18
    17
    22
    21
    23
    25
    30
    37
    56
    70
    68
    61
    51
    36
    25
    19
    26
    41
    48
    41
    36
    32
    28
    30
    25
    22
    26
    23
    19
    20
    21
    20
    26
    22
    25
    26
    25
    29
    27
    30
    32
    34
    36
    35
    34
    28
    27
    28
    27
    28
    24
    20
   127
   123
   124
   123
   126
   126
   125
   124
   125
   127
   125
   125
   120
   121
   117
    96
   103
   106
   114
   103
    90
    59
    23
    18
    31
    33
    32
    35
    41
    31
    27
    46
    50
    28
    22
    22
    31
    29
    30
    28
    29
    23
    25
    23
    20
    21
    26
    24
    21
    18
    19
    20
    20
    25
    24
    21
    19
    23
    28
    29
    32
    27
    23
    23
    22
    18
    24
    23
    17
     9
     8
     6
    12
    32
    48
    55
    45
    41
    43
    45
    52
    49
    41
    23
    23
    27
    19
    23
    21
    21
    16
    18
    14
    21
    21
    21
    20
    26
    26
    28
    26
    25
    31
    34
    33
    34
    32
    30
    26
    26
    22
    23
   126
   128
   130
   129
   128
   125
   124
   125
   126
   126
   124
   127
   124
   125
   126
   110
   101
    86
    90
    89
    99
    94
    90
    64
    34
    25
    14
    16
    24
    35
    36
    27
    37
    37
    32
    27
    28
    24
    22
    25
    25
    27
    21
    27
    25
    19
    20
    23
    24
    22
    20
    20
    19
    17
    24
    25
    23
    22
    23
    22
    22
    25
    25
    24
    20
    20
    18
    18
    20
    21
    19
    21
    21
    16
    18
    22
    30
    38
    44
    41
    33
    32
    33
    40
    32
    28
    29
    23
    24
    21
    23
    20
    20
    20
    20
    18
    20
    22
    26
    28
    30
    26
    24
    24
    29
    27
    23
    20
    21
    20
    21
    19
   126
   126
   126
   126
   125
   124
   124
   125
   125
   123
   125
   125
   123
   125
   121
   113
   123
   121
   102
   101
   120
   119
   107
   110
   108
    79
    78
    47
    25
    23
    19
    22
    22
    27
    29
    25
    24
    24
    28
    26
    23
    25
    23
    20
    25
    22
    20
    19
    22
    25
    21
    20
    19
    18
    18
    25
    24
    22
    23
    24
    21
    25
    24
    27
    23
    23
    19
    20
    16
    18
    20
    17
    21
    21
    21
    19
    19
    17
    24
    35
    39
    38
    37
    28
    27
    29
    26
    27
    24
    21
    20
    24
    23
    22
    18
    19
    18
    19
    21
    22
    26
    29
    30
    39
    42
    44
    47
    37
    32
    26
    31
    33
   126
   125
   126
   125
   125
   128
   126
   124
   123
   127
   122
   123
   122
   122
   118
   117
   114
   126
   122
    95
   106
   128
   122
   113
   105
   105
    99
   106
    90
    80
    74
    67
    60
    58
    49
    30
    35
    23
    16
    18
    27
    22
    23
    21
    18
    26
    23
    27
    19
    17
    19
    20
    16
    22
    15
     8
    17
    15
    23
    29
    28
    25
    24
    28
    25
    25
    26
    26
    25
    25
    27
    26
    24
    24
    21
    26
    22
    25
    21
    22
    30
    30
    33
    38
    38
    35
    34
    29
    22
    25
    30
    21
    22
    28
    27
    23
    22
    22
    21
    25
    23
    27
    30
    28
    38
    32
    30
    28
    24
    22
    21
    15
   126
   128
   125
   126
   127
   123
   126
   125
   127
   125
   126
   124
   126
   122
   117
   120
   120
   119
   120
   120
   100
    95
   102
   119
   117
   109
   105
   104
   103
    92
   108
   110
   106
    91
    82
    71
    48
    56
    46
    26
    12
    18
    19
    18
    17
    13
    24
    21
    31
    37
    43
    41
    45
    38
    41
    60
    50
    45
    28
    22
    29
    31
    30
    27
    28
    23
    19
    19
    16
    19
    24
    26
    24
    23
    23
    19
    22
    24
    24
    23
    24
    28
    33
    31
    33
    31
    35
    35
    35
    26
    17
    22
    22
    18
    21
    26
    29
    29
    30
    27
    28
    28
    28
    33
    31
    37
    38
    44
    38
    33
    29
    29
   124
   126
   127
   127
   126
   127
   124
   126
   125
   125
   124
   124
   124
   123
   114
   120
   122
   118
   121
   117
   110
   114
   114
   101
   103
    94
    98
    95
   106
   114
    96
    97
   100
   105
    99
    91
    88
    58
    64
    80
    66
    48
    38
    35
    40
    33
    31
    44
    50
    70
    80
    84
    79
    77
    80
    87
    84
    89
    91
    76
    40
    24
    13
    23
    27
    30
    25
    20
    24
    19
    16
    17
    19
    22
    24
    26
    24
    20
    24
    26
    28
    25
    24
    26
    28
    23
    28
    37
    42
    42
    41
    32
    22
    23
    17
    21
    25
    26
    27
    33
    31
    28
    29
    28
    29
    35
    35
    41
    37
    32
    31
    26
