   133
   136
   136
   129
   132
   133
   131
   133
   132
   134
   139
    99
    47
    26
    41
    40
    37
    38
    38
    47
    51
    50
    57
    53
    51
    55
    40
    44
    51
    54
    59
    51
    63
    65
    64
    53
    53
    38
    35
    36
    32
    41
    38
    35
    37
    35
    30
    31
    25
    28
    29
    34
    35
    37
    36
    36
    37
    37
    36
    33
    34
    37
    39
    47
    56
    58
    63
    63
    64
    66
    66
    58
    43
    31
    22
     8
    14
    22
    30
    26
    25
    18
    18
    21
    23
    20
    20
    15
    12
    23
    24
    26
    26
    24
    20
    17
    19
    20
    26
    31
    36
    40
    39
    38
    32
    24
    19
    21
    15
    18
    25
    22
   135
   134
   135
   133
   132
   132
   126
   127
   129
   132
   105
    50
    27
    35
    31
    37
    40
    46
    49
    54
    52
    50
    50
    53
    50
    58
    46
    54
    54
    54
    53
    58
    57
    63
    67
    60
    50
    48
    39
    36
    37
    40
    38
    32
    33
    29
    28
    28
    27
    32
    30
    35
    37
    35
    36
    35
    36
    35
    31
    31
    35
    34
    35
    40
    54
    50
    39
    44
    46
    55
    73
    86
    87
    74
    65
    56
    35
     9
    12
    23
    19
    23
    23
    17
    18
    20
    19
    18
    22
    25
    25
    22
    21
    16
    13
    19
    23
    28
    34
    40
    43
    43
    41
    33
    23
    19
    22
    22
    23
    18
    21
    26
   137
   134
   134
   133
   130
   134
   127
   131
   132
   107
    56
    31
    31
    29
    32
    30
    41
    46
    48
    45
    50
    53
    57
    53
    48
    47
    52
    51
    52
    60
    56
    62
    68
    75
    65
    62
    58
    57
    60
    54
    47
    44
    45
    45
    36
    34
    32
    28
    31
    30
    31
    29
    32
    32
    31
    32
    29
    29
    29
    33
    31
    32
    42
    49
    42
    41
    49
    52
    56
    66
    66
    87
   108
   112
   107
    93
    90
    76
    32
     6
    16
    15
    18
    22
    19
    20
    24
    23
    23
    22
    27
    25
    20
    18
    19
    20
    25
    34
    41
    45
    42
    40
    27
    27
    27
    27
    28
    22
    23
    24
    23
    24
   137
   135
   135
   128
   126
   130
   132
   129
   121
    64
    27
    28
    34
    34
    29
    32
    37
    46
    55
    49
    41
    33
    37
    45
    46
    43
    54
    52
    59
    63
    70
    75
    78
    71
    72
    69
    66
    62
    66
    60
    54
    42
    39
    38
    39
    32
    32
    31
    32
    28
    28
    34
    32
    36
    34
    30
    26
    22
    22
    15
    17
    28
    27
    30
    29
    35
    30
    32
    37
    39
    50
    65
    93
   114
   122
   110
   105
   106
   105
    62
     9
    22
    17
    16
    20
    24
    27
    28
    24
    22
    21
    16
    15
    16
    23
    30
    33
    38
    40
    35
    32
    35
    36
    33
    28
    27
    24
    20
    20
    19
    17
    22
   128
   129
   132
   127
   130
   134
   134
   129
    71
    30
    26
    31
    32
    35
    40
    50
    55
    52
    49
    51
    54
    50
    39
    31
    43
    49
    50
    55
    64
    76
    77
    78
    74
    74
    70
    64
    62
    60
    54
    47
    43
    42
    33
    33
    33
    39
    35
    31
    27
    32
    28
    31
    30
    27
    25
    31
    39
    43
    52
    65
    69
    79
    93
    89
    95
    95
    89
    86
    77
    64
    47
    36
    44
    55
    85
   104
   107
   110
   119
   113
    58
    13
    27
    25
    23
    23
    21
    18
    18
    19
    15
    15
    20
    26
    35
    36
    36
    30
    26
    24
    30
    36
    33
    28
    25
    17
    19
    19
    17
    18
    18
    14
   132
   135
   132
   130
   128
   129
   125
    87
    31
    28
    29
    30
    32
    36
    43
    50
    53
    56
    55
    53
    52
    55
    57
    56
    50
    57
    56
    59
    74
    75
    67
    69
    82
    76
    73
    72
    74
    69
    62
    58
    48
    45
    41
    41
    42
    39
    35
    34
    34
    35
    33
    33
    37
    47
    60
    68
    92
    99
   110
   119
   129
   134
   139
   143
   142
   138
   138
   134
   131
   122
   115
   101
    79
    72
    61
    64
    72
    92
   115
   118
   104
    35
    12
    13
    16
    21
    23
    24
    23
    22
    23
    28
    34
    37
    30
    28
    22
    22
    20
    32
    38
    37
    30
    21
    20
    22
    19
    20
    15
    15
    17
    15
   135
   133
   132
   136
   133
   133
    99
    39
    32
    29
    36
    34
    31
    35
    42
    43
    49
    51
    49
    50
    54
    48
    48
    50
    60
    64
    63
    72
    72
    65
    68
    75
    81
    84
    82
    79
    77
    76
    69
    68
    67
    61
    63
    61
    51
    47
    46
    36
    34
    40
    49
    47
    56
    84
   100
   116
   115
   131
   137
   143
   144
   150
   148
   149
   148
   150
   147
   151
   144
   141
   135
   130
   126
   112
   105
    91
    82
    85
    85
    90
    92
    73
    26
     8
     5
     7
     9
    14
    22
    28
    31
    36
    31
    25
    19
    19
    19
    22
    31
    37
    43
    32
    25
    20
    16
    14
    18
    18
    18
    17
    16
    20
   135
   133
   134
   136
   135
   118
    57
    30
    27
    35
    36
    32
    33
    34
    36
    38
    41
    56
    53
    44
    49
    53
    48
    50
    62
    72
    69
    82
    80
    72
    81
    89
    85
    86
    86
    80
    77
    72
    67
    66
    71
    69
    70
    64
    62
    55
    52
    62
    60
    61
    70
    79
    98
   119
   128
   136
   145
   143
   151
   146
   144
   145
   151
   155
   158
   162
   164
   161
   163
   159
   154
   146
   143
   141
   128
   125
   115
   104
    99
    95
    96
   103
   110
   103
    86
    67
    46
    31
    10
     3
    20
    24
    24
    21
    20
    18
    24
    26
    25
    23
    20
    24
    25
    21
    16
    19
    18
    20
    15
    17
    24
    31
   132
   132
   135
   136
   134
    94
    34
    29
    35
    33
    33
    35
    29
    34
    37
    43
    50
    52
    51
    58
    52
    50
    55
    51
    52
    63
    63
    77
    73
    79
    93
    92
    93
    84
    79
    82
    84
    81
    85
    85
    94
    99
   100
    98
    93
    81
    81
    78
    90
    95
    99
   103
   112
   126
   135
   141
   152
   145
   127
   119
   125
   133
   141
   155
   169
   170
   173
   176
   178
   176
   164
   161
   159
   154
   147
   137
   132
   126
   119
   114
   111
   107
   110
   115
   117
   118
   115
   111
    91
    62
    22
     2
     5
    14
    24
    22
    23
    21
    19
    16
    15
    16
    15
    16
    15
    14
    17
    17
    17
    19
    28
    38
   136
   134
   134
   132
   132
    66
    35
    34
    36
    40
    36
    41
    43
    43
    49
    52
    44
    40
    46
    46
    50
    48
    45
    51
    59
    62
    70
    72
    76
    83
    88
    97
    90
    90
   102
   106
   107
   112
   122
   125
   127
   122
   120
   117
   119
   123
   112
    99
   107
   115
   120
   128
   126
   130
   135
   141
   118
   101
    93
   100
   117
   124
   140
   161
   178
   179
   181
   181
   181
   179
   178
   172
   171
   169
   161
   153
   149
   140
   135
   128
   123
   117
   116
   116
   117
   115
   119
   118
   123
   125
   124
    94
    48
    13
     5
    20
    20
    21
    22
    22
    20
    22
    22
    20
    24
    21
    18
    17
    21
    27
    31
    37
   136
   136
   136
   132
   121
    54
    39
    33
    31
    35
    39
    36
    43
    44
    44
    50
    49
    51
    47
    54
    50
    43
    49
    57
    58
    66
    77
    79
    83
    91
    88
    85
    91
   103
   107
   108
   114
   124
   135
   138
   138
   134
   129
   122
   125
   125
   125
   122
   115
   121
   129
   130
   130
   132
   125
   107
    71
    73
    93
   113
   119
   126
   139
   161
   179
   184
   185
   181
   181
   178
   177
   175
   173
   174
   172
   160
   152
   147
   140
   136
   133
   129
   122
   123
   117
   119
   118
   120
   120
   121
   121
   122
   117
    94
    49
     4
     7
    16
    18
    24
    24
    20
    19
    20
    13
    20
    22
    20
    24
    21
    39
    39
   129
   124
   120
   127
   100
    43
    36
    30
    26
    31
    28
    35
    34
    39
    42
    47
    39
    45
    48
    47
    56
    51
    56
    58
    68
    62
    70
    79
    87
    92
    99
   102
   112
   115
   114
   117
   117
   127
   135
   136
   138
   138
   138
   141
   134
   138
   135
   138
   136
   123
   128
   132
   131
   134
   106
    62
    67
    99
   117
   123
   123
   122
   136
   155
   179
   184
   185
   186
   183
   182
   184
   183
   177
   180
   177
   175
   171
   166
   156
   151
   142
   133
   136
   125
   124
   125
   122
   122
   121
   124
   123
   124
   120
   115
   112
    89
    23
     6
    14
    15
    16
    14
    17
    11
    17
    12
    12
    14
    26
    46
    45
    51
   128
   133
   126
   106
    65
    43
    37
    36
    28
    39
    38
    35
    38
    43
    48
    46
    45
    46
    45
    48
    51
    57
    57
    56
    56
    64
    76
    75
    80
    91
   102
   113
   117
   113
   125
   127
   130
   141
   149
   152
   153
   153
   155
   146
   145
   147
   150
   148
   145
   145
   137
   149
   151
   130
    66
    55
    97
   124
   131
   120
   113
   112
   121
   150
   177
   183
   185
   187
   185
   186
   188
   186
   184
   181
   183
   181
   181
   179
   173
   163
   157
   153
   144
   138
   128
   124
   121
   118
   120
   122
   125
   126
   127
   123
   119
   111
   102
    49
    10
     1
     1
     0
     3
     5
     1
     6
    10
    28
    46
    54
    54
    56
   122
   128
   133
    83
    34
    32
    32
    35
    36
    35
    39
    40
    41
    43
    43
    46
    48
    52
    58
    62
    56
    50
    53
    55
    60
    62
    69
    84
    88
    99
   118
   126
   118
   116
   108
   129
   146
   152
   151
   150
   154
   153
   153
   158
   164
   162
   157
   155
   152
   156
   151
   158
   149
    95
    64
    86
   139
   148
   136
   124
   115
   110
   115
   129
   160
   174
   183
   183
   184
   189
   189
   191
   189
   186
   183
   185
   184
   181
   179
   176
   170
   161
   156
   146
   146
   137
   128
   124
   118
   119
   126
   127
   125
   127
   124
   122
   110
   108
    90
    80
    75
    71
    72
    74
    78
    80
    82
    87
    87
    86
    83
    84
   130
   123
    97
    48
    36
    28
    32
    41
    32
    34
    40
    40
    37
    50
    40
    44
    39
    38
    41
    46
    52
    49
    54
    53
    63
    71
    63
    71
    86
   105
   120
   122
   120
   122
   130
   132
   148
   150
   152
   155
   157
   160
   162
   166
   166
   170
   168
   164
   158
   163
   161
   154
   120
    74
    66
   106
   158
   153
   138
   120
   107
   103
   116
   126
   148
   160
   169
   181
   179
   187
   190
   188
   188
   187
   189
   190
   189
   184
   182
   179
   172
   170
   166
   158
   150
   146
   139
   128
   126
   120
   118
   124
   127
   126
   130
   127
   117
   110
   105
    96
    97
   102
    98
    96
    98
    99
   102
    97
    97
    95
   102
   101
   136
   111
    59
    31
    33
    35
    34
    32
    38
    32
    33
    36
    34
    31
    35
    47
    40
    51
    57
    55
    55
    57
    56
    66
    65
    62
    68
    79
    83
   100
   114
   111
   107
   117
   130
   137
   139
   153
   162
   160
   163
   166
   170
   169
   172
   172
   173
   171
   165
   173
   168
   136
    91
    57
    67
   107
   161
   157
   135
   114
    94
    96
    95
   115
   143
   157
   166
   173
   179
   184
   191
   196
   195
   193
   193
   194
   193
   190
   188
   187
   182
   173
   171
   160
   155
   152
   143
   134
   125
   123
   118
   118
   120
   125
   126
   128
   124
   117
   110
   100
    89
    90
   104
   101
   103
   103
   100
   104
   106
   107
   105
   104
   116
    63
    30
    40
    40
    33
    32
    30
    33
    32
    36
    44
    46
    48
    47
    45
    55
    51
    50
    50
    49
    54
    60
    61
    74
    72
    66
    80
    91
   108
   117
   110
   119
   126
   130
   139
   150
   156
   162
   168
   171
   173
   176
   174
   173
   172
   173
   175
   174
   177
   168
   123
    81
    63
    66
   103
   157
   152
   132
    84
    80
    76
    61
    67
   109
   135
   159
   163
   180
   188
   196
   197
   196
   199
   197
   196
   196
   195
   194
   191
   186
   183
   178
   168
   165
   161
   152
   142
   137
   131
   133
   126
   124
   121
   122
   120
   121
   119
   118
   110
    99
    86
    96
   105
   103
   105
   109
   106
   108
   112
   114
   118
    82
    41
    30
    22
    27
    42
    39
    30
    32
    33
    34
    41
    45
    44
    36
    43
    54
    55
    46
    41
    53
    50
    53
    60
    63
    71
    68
    83
    89
   110
   124
   126
   134
   140
   151
   161
   151
   167
   169
   173
   174
   173
   173
   174
   178
   178
   178
   180
   177
   177
   166
   125
    89
    76
    69
   101
   151
   143
   108
    81
    69
    59
    61
    60
    83
   118
   139
   161
   176
   183
   196
   201
   201
   199
   202
   200
   197
   197
   195
   193
   189
   184
   179
   171
   168
   164
   153
   149
   146
   139
   140
   138
   132
   125
   119
   121
   115
   119
   116
   114
   113
    95
    81
    96
   102
   105
   105
   111
   109
   112
   114
   114
    49
    36
    51
    54
    48
    40
    38
    34
    36
    34
    35
    31
    37
    36
    42
    42
    48
    50
    47
    53
    43
    51
    49
    49
    60
    74
    79
    96
   104
   111
   121
   126
   137
   143
   145
   153
   158
   151
   159
   169
   173
   173
   174
   175
   178
   180
   181
   181
   178
   176
   167
   136
   101
    65
    53
    87
   153
   139
   100
    78
    54
    52
    74
   102
    83
   120
   138
   150
   166
   177
   193
   198
   199
   202
   200
   198
   199
   198
   196
   196
   192
   188
   185
   177
   171
   166
   158
   151
   146
   149
   147
   148
   148
   144
   128
   118
   118
   122
   119
   115
   109
   107
    98
    83
    99
   106
   104
   106
   114
   113
   115
   120
    39
    38
    40
    46
    48
    42
    35
    28
    32
    36
    35
    40
    41
    45
    51
    58
    57
    56
    51
    48
    47
    43
    49
    60
    72
    86
    93
    96
   102
   114
   122
   133
   139
   150
   159
   163
   165
   165
   166
   170
   182
   184
   182
   181
   183
   183
   185
   186
   183
   180
   170
   148
    96
    61
    59
    89
   150
   132
    92
    72
    59
    81
   110
   114
    98
   112
   137
   144
   163
   173
   193
   201
   201
   201
   202
   203
   201
   200
   198
   195
   194
   191
   186
   181
   169
   168
   159
   152
   153
   149
   148
   150
   153
   156
   147
   134
   119
   115
   123
   122
   117
   111
   107
    98
    81
    98
   107
   104
   108
   115
   114
   115
    32
    26
    29
    29
    26
    29
    29
    35
    33
    32
    40
    44
    47
    48
    47
    49
    49
    46
    49
    51
    54
    47
    47
    50
    67
    95
   119
   121
   115
   115
   126
   129
   142
   160
   173
   178
   183
   181
   179
   168
   177
   178
   183
   185
   187
   183
   183
   186
   190
   184
   170
   144
   100
    61
    58
    86
   145
   123
    88
    70
    76
   133
   151
   143
   112
   109
   139
   144
   156
   166
   187
   196
   201
   202
   201
   202
   202
   201
   197
   196
   194
   189
   187
   179
   174
   169
   163
   152
   149
   147
   145
   154
   159
   156
   156
   145
   129
   126
   125
   129
   128
   119
   112
   104
    98
    86
    98
   106
   104
   107
   116
   111
    36
    30
    27
    25
    29
    29
    29
    26
    29
    30
    31
    35
    41
    47
    46
    48
    50
    47
    52
    50
    46
    51
    45
    50
    69
    88
   118
   122
   114
   126
   134
   147
   160
   174
   180
   183
   185
   184
   178
   171
   176
   178
   184
   187
   186
   188
   188
   188
   186
   182
   170
   148
   104
    67
    58
    85
   138
   116
    81
    79
    99
   168
   201
   194
   145
   116
   141
   144
   152
   164
   186
   198
   200
   202
   202
   202
   203
   202
   200
   196
   194
   192
   185
   181
   173
   165
   162
   150
   146
   151
   151
   158
   163
   171
   159
   151
   141
   134
   134
   128
   130
   132
   123
   114
    99
    91
    91
    97
   105
   105
   108
   113
    30
    31
    30
    30
    27
    26
    28
    31
    34
    34
    39
    54
    58
    53
    45
    39
    40
    38
    37
    44
    43
    44
    51
    52
    60
    97
   133
   135
   135
   143
   150
   169
   181
   187
   191
   191
   188
   185
   182
   177
   180
   182
   183
   186
   189
   189
   188
   191
   191
   187
   181
   169
   114
    74
    65
    87
   138
   113
    75
    68
    79
   108
   134
   180
   174
   126
   138
   143
   149
   163
   181
   194
   202
   202
   203
   202
   202
   200
   200
   198
   196
   193
   191
   184
   173
   169
   155
   151
   151
   152
   143
   149
   154
   166
   166
   158
   153
   149
   145
   141
   141
   137
   132
   127
   116
   103
    91
    91
    95
   102
   102
   112
    29
    29
    26
    28
    28
    31
    29
    28
    26
    30
    37
    35
    40
    47
    50
    49
    50
    52
    55
    61
    56
    49
    52
    51
    71
   101
   141
   157
   152
   161
   159
   170
   180
   191
   191
   190
   190
   189
   187
   185
   184
   184
   184
   185
   188
   188
   192
   191
   191
   189
   184
   166
   120
    72
    65
    84
   132
   112
    77
    48
    39
    49
    61
    81
   141
   132
   132
   144
   148
   162
   184
   196
   202
   202
   202
   204
   201
   202
   199
   198
   197
   190
   185
   181
   174
   166
   157
   152
   149
   144
   146
   151
   147
   144
   148
   154
   158
   160
   157
   154
   152
   152
   140
   133
   126
   113
    97
    90
    93
   100
    99
    98
    29
    29
    29
    23
    24
    20
    24
    26
    23
    25
    25
    28
    38
    39
    54
    57
    50
    42
    49
    53
    52
    51
    52
    57
    84
   106
   143
   167
   168
   174
   174
   170
   174
   182
   185
   189
   191
   192
   191
   190
   188
   187
   190
   187
   189
   191
   190
   191
   190
   186
   182
   167
   123
    70
    54
    69
   122
   111
    80
    50
    52
    71
    51
    69
   107
   139
   139
   141
   147
   159
   182
   195
   201
   203
   202
   204
   203
   199
   199
   196
   194
   189
   183
   178
   169
   165
   156
   152
   149
   152
   150
   139
   123
   119
   143
   156
   162
   163
   161
   159
   160
   160
   156
   149
   135
   122
   109
    99
    94
    97
    98
   106
    31
    28
    29
    32
    29
    30
    30
    31
    33
    35
    40
    47
    52
    60
    53
    55
    59
    62
    57
    46
    44
    43
    46
    53
    70
   104
   145
   180
   174
   175
   173
   181
   183
   189
   195
   193
   191
   191
   191
   192
   190
   188
   190
   191
   191
   192
   195
   198
   193
   190
   187
   177
   140
    75
    57
    65
   115
   115
    90
    50
    39
    26
    59
    66
   100
   136
   130
   143
   150
   165
   183
   194
   202
   202
   203
   202
   200
   200
   200
   197
   194
   192
   184
   171
   166
   161
   155
   155
   163
   166
   149
   130
   111
   125
   155
   169
   174
   173
   169
   164
   160
   162
   168
   162
   154
   140
   126
   101
    91
    90
    93
    94
    32
    32
    31
    28
    30
    32
    33
    34
    41
    41
    37
    46
    50
    50
    56
    57
    64
    60
    54
    41
    33
    40
    50
    63
    92
   114
   142
   170
   176
   174
   169
   188
   193
   195
   196
   194
   194
   195
   192
   194
   196
   193
   193
   192
   192
   195
   195
   197
   198
   195
   189
   183
   148
    77
    62
    70
    97
   106
    83
    68
   130
   105
    41
    70
   118
   148
   135
   146
   153
   166
   188
   197
   201
   203
   201
   202
   201
   201
   198
   195
   193
   188
   183
   171
   164
   158
   158
   164
   173
   164
   150
   135
   105
   119
   163
   179
   180
   176
   173
   167
   163
   167
   166
   170
   163
   153
   144
   126
   107
    93
    97
    97
    31
    30
    30
    32
    30
    29
    36
    39
    45
    57
    62
    61
    62
    53
    49
    49
    47
    48
    51
    49
    47
    42
    46
    62
   106
   136
   149
   148
   164
   170
   169
   180
   193
   198
   197
   197
   197
   195
   197
   197
   196
   196
   195
   194
   194
   193
   197
   200
   200
   196
   191
   184
   149
    88
    62
    59
    91
   106
    77
    46
    47
   113
    68
    50
   112
   149
   149
   147
   152
   166
   188
   198
   201
   201
   202
   201
   199
   199
   196
   193
   191
   187
   181
   171
   162
   159
   165
   175
   176
   172
   152
   140
   106
   111
   157
   175
   179
   179
   171
   170
   165
   166
   171
   170
   171
   164
   159
   149
   129
   106
    88
    94
    23
    25
    30
    26
    29
    29
    35
    31
    36
    42
    55
    54
    57
    57
    52
    49
    46
    47
    49
    49
    45
    46
    52
    70
   110
   155
   170
   157
   138
   142
   165
   178
   191
   193
   199
   201
   199
   197
   199
   198
   195
   194
   194
   195
   194
   197
   197
   198
   199
   200
   194
   187
   149
    88
    60
    58
    81
   106
    88
    60
    22
    14
    35
    53
   117
   143
   149
   151
   155
   169
   192
   199
   202
   202
   202
   201
   201
   200
   195
   193
   188
   181
   173
   164
   161
   165
   176
   180
   174
   166
   161
   152
   120
   102
   169
   175
   174
   171
   174
   166
   166
   169
   169
   171
   171
   172
   167
   159
   145
   121
    99
    88
    32
    29
    28
    28
    25
    27
    27
    34
    29
    34
    34
    44
    44
    50
    55
    60
    56
    53
    51
    52
    50
    50
    53
    75
   101
   130
   162
   173
   180
   157
   155
   183
   197
   193
   195
   196
   199
   201
   200
   197
   197
   195
   196
   197
   198
   196
   199
   200
   201
   201
   197
   190
   165
   100
    63
    66
    88
   107
    90
    79
    65
    62
    91
   142
   156
   165
   153
   151
   158
   178
   194
   200
   201
   202
   201
   201
   199
   198
   194
   189
   183
   179
   172
   170
   168
   178
   184
   185
   178
   173
   161
   162
   136
    84
   149
   188
   179
   172
   161
   162
   164
   171
   179
   172
   177
   177
   174
   168
   157
   141
   120
    99
    28
    29
    30
    31
    30
    30
    32
    35
    31
    35
    33
    35
    39
    42
    51
    54
    61
    61
    59
    57
    53
    44
    50
    69
   111
   130
   141
   162
   163
   163
   171
   183
   197
   198
   193
   200
   200
   198
   198
   198
   197
   196
   195
   196
   198
   198
   198
   202
   201
   200
   199
   192
   173
   118
    67
    64
    90
   111
    95
   101
   100
   172
   186
   190
   161
   160
   154
   158
   168
   188
   199
   201
   200
   200
   201
   200
   196
   193
   190
   188
   183
   178
   172
   171
   175
   184
   188
   184
   183
   179
   176
   175
   153
    95
   113
   183
   176
   178
   168
   155
   164
   170
   176
   180
   178
   182
   180
   170
   163
   154
   130
   108
    29
    28
    27
    29
    30
    30
    30
    30
    39
    41
    46
    58
    52
    54
    49
    48
    43
    46
    52
    54
    52
    46
    49
    66
    98
   150
   166
   163
   153
   156
   165
   165
   173
   189
   193
   189
   194
   195
   197
   196
   197
   196
   196
   195
   196
   195
   197
   198
   201
   201
   199
   193
   180
   126
    83
    76
    96
   114
   114
    95
   109
   124
   184
   179
   151
   157
   157
   167
   178
   195
   202
   200
   197
   197
   197
   198
   197
   191
   186
   185
   183
   177
   177
   176
   181
   187
   184
   188
   187
   187
   184
   179
   162
   110
    99
   158
   181
   171
   169
   154
   145
   159
   170
   176
   183
   181
   183
   183
   171
   162
   149
   121
    26
    26
    28
    26
    29
    29
    26
    30
    34
    34
    41
    52
    60
    60
    63
    54
    49
    44
    52
    53
    53
    47
    50
    69
   109
   138
   171
   175
   168
   165
   161
   169
   169
   180
   195
   198
   195
   201
   200
   201
   199
   197
   197
   195
   197
   200
   200
   201
   200
   200
   200
   196
   183
   135
   102
    82
    99
   115
   126
   102
   119
   106
   124
   161
   149
   157
   163
   170
   190
   199
   201
   201
   201
   198
   200
   198
   195
   189
   185
   180
   175
   182
   176
   177
   178
   184
   184
   187
   188
   190
   187
   182
   166
   117
    96
   133
   175
   178
   172
   167
   147
   144
   161
   171
   184
   186
   186
   190
   184
   175
   160
   140
    28
    27
    26
    30
    26
    31
    29
    28
    29
    32
    33
    29
    43
    57
    60
    56
    49
    52
    63
    56
    53
    48
    56
    75
   112
   144
   169
   169
   157
   164
   176
   192
   197
   191
   198
   201
   201
   202
   202
   200
   201
   200
   198
   194
   196
   198
   200
   202
   201
   202
   200
   195
   184
   153
   107
    98
   102
   115
   128
   122
   101
   132
   100
   132
   161
   168
   165
   182
   197
   200
   199
   200
   200
   196
   193
   190
   184
   172
   158
   150
   154
   151
   168
   162
   165
   177
   184
   186
   186
   185
   186
   181
   175
   129
    97
   120
   160
   173
   173
   165
   157
   142
   151
   166
   180
   184
   190
   190
   186
   179
   163
   148
    30
    28
    29
    28
    29
    25
    26
    34
    24
    26
    32
    42
    44
    51
    56
    56
    54
    48
    49
    52
    43
    42
    62
    91
   105
   142
   162
   169
   165
   162
   180
   192
   200
   200
   194
   200
   203
   201
   202
   201
   198
   197
   198
   197
   197
   198
   198
   200
   202
   202
   201
   194
   183
   155
   117
    94
   104
   118
   121
   134
   120
   107
   131
   120
   170
   176
   179
   194
   200
   198
   194
   192
   191
   190
   185
   181
   166
   147
   150
   164
   170
   150
   139
   167
   169
   169
   173
   181
   186
   186
   186
   185
   181
   139
    96
   113
   151
   155
   172
   166
   162
   144
   141
   159
   175
   182
   190
   191
   188
   184
   173
   155
    30
    26
    26
    30
    36
    35
    32
    32
    37
    39
    42
    40
    48
    46
    50
    49
    58
    57
    51
    49
    48
    52
    61
    79
   124
   154
   168
   184
   184
   188
   194
   193
   196
   196
   200
   198
   201
   201
   202
   201
   199
   200
   197
   197
   199
   197
   200
   200
   202
   202
   200
   194
   186
   173
   141
   111
   100
   110
   117
   128
   133
   124
   139
   158
   180
   190
   193
   198
   195
   193
   189
   188
   189
   187
   189
   182
   173
   164
   173
   185
   181
   154
   112
   134
   152
   159
   167
   171
   183
   186
   186
   185
   180
   148
   102
   111
   163
   150
   158
   163
   160
   149
   135
   151
   177
   181
   186
   188
   192
   188
   171
   158
    26
    29
    29
    30
    23
    22
    31
    35
    40
    49
    57
    58
    54
    59
    57
    57
    48
    51
    51
    55
    53
    60
    59
    71
   117
   161
   169
   170
   163
   173
   188
   194
   199
   199
   196
   199
   201
   200
   201
   201
   200
   201
   199
   198
   198
   200
   201
   202
   202
   201
   201
   198
   191
   180
   171
   145
   126
   123
   116
   111
   129
   143
   151
   166
   177
   180
   188
   190
   186
   182
   184
   188
   189
   187
   183
   174
   169
   173
   189
   192
   188
   167
   118
    86
   119
   132
   147
   162
   171
   183
   187
   191
   186
   145
   105
    99
   156
   155
   145
   165
   159
   156
   135
   141
   168
   185
   192
   194
   191
   185
   179
   158
    28
    26
    29
    28
    40
    42
    30
    33
    30
    28
    48
    61
    64
    66
    68
    60
    46
    45
    51
    49
    58
    54
    57
    66
   104
   137
   158
   167
   171
   176
   184
   183
   185
   195
   202
   204
   201
   201
   201
   200
   199
   198
   199
   199
   199
   200
   201
   201
   200
   202
   200
   198
   193
   186
   178
   169
   158
   151
   130
   110
   112
   126
   138
   153
   160
   163
   167
   169
   172
   177
   179
   179
   184
   183
   178
   171
   161
   159
   168
   175
   183
   177
   142
    84
    93
   118
   130
   143
   165
   175
   187
   189
   185
   152
   101
    90
   155
   167
   148
   152
   149
   155
   135
   140
   162
   182
   194
   193
   194
   188
   180
   168
    33
    35
    30
    31
    32
    39
    38
    44
    64
    57
    40
    42
    51
    64
    61
    64
    55
    45
    46
    50
    54
    57
    57
    66
    90
   104
   139
   176
   165
   174
   180
   190
   189
   185
   194
   197
   203
   203
   202
   202
   201
   199
   200
   197
   200
   201
   201
   202
   202
   202
   202
   199
   195
   191
   185
   181
   176
   168
   160
   142
   114
   107
   121
   138
   155
   166
   170
   176
   175
   180
   181
   177
   179
   181
   179
   171
   174
   176
   169
   172
   180
   181
   159
   125
   102
   108
   120
   132
   143
   164
   181
   187
   186
   149
   102
    91
   130
   174
   159
   144
   141
   147
   139
   131
   152
   181
   191
   194
   191
   188
   181
   168
    26
    24
    25
    28
    28
    33
    34
    37
    45
    57
    65
    54
    54
    43
    54
    56
    55
    54
    54
    54
    51
    45
    62
    72
    94
   125
   140
   167
   167
   176
   185
   190
   198
   197
   198
   196
   197
   200
   201
   201
   202
   201
   199
   199
   200
   198
   201
   202
   202
   201
   199
   200
   197
   194
   192
   189
   187
   181
   176
   178
   165
   149
   137
   142
   163
   165
   173
   174
   178
   180
   178
   182
   175
   177
   178
   186
   188
   188
   192
   190
   186
   188
   180
   135
   108
   108
   114
   126
   138
   155
   176
   192
   186
   158
   110
    95
   116
   175
   166
   144
   138
   144
   137
   131
   146
   180
   193
   197
   194
   188
   176
   167
    22
    30
    40
    32
    30
    23
    32
    32
    35
    51
    60
    62
    62
    57
    39
    35
    38
    47
    52
    46
    51
    55
    57
    71
    93
   119
   159
   170
   167
   173
   184
   191
   192
   198
   201
   202
   202
   202
   201
   201
   198
   200
   200
   202
   201
   201
   201
   202
   203
   202
   202
   199
   199
   196
   191
   190
   185
   186
   189
   191
   196
   190
   187
   180
   179
   186
   183
   187
   182
   180
   184
   177
   184
   182
   184
   191
   193
   200
   198
   200
   198
   195
   190
   165
   121
   102
   116
   123
   128
   142
   168
   183
   182
   172
   125
   103
   104
   161
   171
   148
   142
   142
   136
   128
   142
   174
   190
   191
   191
   189
   180
   169
    37
    29
    31
    38
    39
    49
    31
    21
    34
    48
    57
    64
    58
    56
    53
    54
    39
    37
    42
    52
    48
    43
    51
    72
    93
   117
   147
   169
   166
   169
   174
   184
   188
   191
   194
   196
   198
   200
   202
   202
   199
   199
   199
   198
   199
   201
   202
   202
   202
   202
   202
   200
   197
   196
   192
   191
   191
   192
   192
   196
   199
   204
   201
   201
   200
   198
   201
   199
   198
   196
   195
   197
   193
   190
   194
   195
   201
   202
   203
   201
   200
   198
   192
   179
   144
   106
    99
   110
   118
   133
   157
   175
   184
   181
   139
   105
    96
   148
   170
   147
   142
   141
   136
   125
   131
   173
   191
   189
   190
   185
   177
   165
    31
    33
    25
    25
    33
    48
    69
    70
    49
    41
    59
    61
    61
    59
    55
    53
    52
    58
    55
    48
    39
    42
    53
    60
   101
   117
   143
   172
   164
   165
   170
   175
   183
   192
   196
   194
   197
   198
   201
   202
   201
   200
   200
   198
   200
   202
   201
   203
   203
   203
   203
   202
   199
   199
   199
   196
   195
   194
   195
   198
   199
   205
   204
   207
   209
   209
   208
   208
   208
   207
   204
   206
   204
   202
   200
   204
   203
   204
   203
   203
   203
   201
   198
   183
   150
   105
    92
    97
   116
   139
   159
   172
   181
   182
   154
   122
    93
   131
   162
   150
   141
   141
   139
   128
   135
   172
   194
   195
   191
   185
   174
   162
    28
    32
    34
    33
    28
    28
    35
    54
    69
    62
    68
    76
    59
    50
    49
    55
    58
    52
    52
    57
    54
    48
    49
    67
    81
   119
   160
   177
   168
   181
   183
   188
   191
   188
   193
   200
   201
   199
   198
   198
   200
   200
   198
   199
   198
   201
   201
   201
   202
   202
   202
   200
   199
   199
   199
   197
   199
   200
   200
   203
   206
   205
   206
   208
   207
   207
   206
   206
   206
   207
   207
   207
   208
   209
   209
   207
   205
   203
   206
   204
   204
   202
   197
   184
   153
   108
    88
    95
   119
   142
   160
   174
   183
   182
   154
   120
    96
   131
   167
   145
   141
   137
   136
   128
   135
   174
   191
   192
   191
   185
   174
   170
    24
    25
    37
    31
    28
    30
    29
    32
    29
    52
    60
    74
    81
    73
    67
    47
    43
    38
    37
    39
    38
    43
    47
    59
   100
   117
   158
   172
   180
   192
   191
   184
   189
   194
   193
   192
   196
   201
   202
   202
   199
   199
   198
   197
   197
   198
   200
   201
   202
   202
   203
   201
   200
   199
   197
   199
   194
   196
   199
   199
   203
   202
   206
   203
   204
   208
   204
   206
   204
   205
   207
   203
   207
   204
   206
   206
   205
   208
   202
   208
   206
   202
   198
   182
   152
   104
    90
   102
   118
   141
   153
   172
   185
   184
   143
   114
    94
   125
   157
   144
   140
   142
   133
   129
   143
   172
   186
   193
   191
   186
   175
   165
    21
    26
    27
    31
    28
    27
    34
    40
    56
    49
    49
    44
    51
    59
    66
    81
    71
    69
    51
    43
    39
    42
    51
    53
    74
   110
   160
   177
   171
   174
   183
   191
   201
   202
   200
   202
   198
   195
   197
   199
   197
   194
   197
   199
   199
   198
   200
   202
   204
   205
   201
   202
   199
   199
   198
   195
   194
   194
   194
   200
   199
   202
   203
   206
   205
   205
   206
   202
   208
   208
   207
   210
   204
   207
   206
   203
   203
   202
   205
   199
   204
   201
   192
   179
   148
   103
    91
   106
   135
   147
   158
   171
   179
   172
   134
   117
    99
   141
   158
   144
   141
   140
   134
   126
   146
   170
   187
   193
   193
   186
   177
   167
    28
    25
    29
    29
    34
    27
    27
    30
    45
    60
    71
    77
    65
    66
    59
    57
    62
    85
    88
    72
    62
    51
    68
    74
    93
   118
   149
   176
   182
   185
   192
   200
   202
   202
   205
   202
   202
   202
   201
   201
   197
   194
   196
   198
   198
   199
   202
   203
   203
   203
   202
   200
   199
   198
   194
   196
   192
   193
   198
   200
   204
   202
   203
   206
   207
   205
   203
   205
   203
   200
   203
   201
   198
   192
   192
   195
   196
   198
   199
   200
   201
   197
   189
   171
   134
    92
    94
   117
   136
   154
   167
   183
   186
   168
   126
   109
   101
   145
   152
   138
   144
   145
   135
   131
   150
   174
   190
   192
   191
   186
   169
   159
    25
    27
    22
    25
    26
    37
    35
    31
    27
    28
    40
    56
    60
    52
    63
    71
    60
    57
    68
    66
    66
    60
    63
    86
   110
   130
   151
   168
   171
   181
   191
   194
   200
   201
   203
   203
   202
   200
   202
   200
   202
   201
   200
   199
   198
   200
   201
   202
   201
   201
   202
   200
   197
   194
   193
   188
   184
   183
   187
   192
   191
   194
   189
   185
   182
   185
   186
   181
   180
   179
   172
   173
   171
   170
   179
   179
   187
   193
   192
   194
   194
   195
   183
   146
   106
    84
   102
   129
   154
   161
   167
   175
   181
   160
   118
    94
   110
   147
   145
   141
   144
   147
   134
   130
   153
   170
   187
   189
   189
   180
   170
   159
    25
    27
    31
    27
    26
    30
    34
    42
    36
    34
    34
    48
    61
    66
    64
    59
    57
    55
    49
    48
    49
    52
    63
    88
   125
   141
   156
   171
   179
   182
   189
   193
   198
   199
   202
   201
   203
   201
   201
   203
   201
   201
   199
   198
   199
   200
   201
   201
   201
   201
   200
   199
   195
   190
   186
   187
   181
   179
   182
   179
   175
   167
   152
   147
   149
   154
   162
   163
   165
   166
   163
   165
   164
   161
   162
   169
   173
   180
   185
   183
   182
   184
   168
   123
    87
    89
   120
   147
   159
   170
   173
   176
   176
   155
   108
    83
   110
   149
   134
   141
   145
   144
   131
   136
   161
   174
   181
   186
   186
   177
   165
   156
    28
    26
    28
    26
    24
    27
    31
    32
    34
    43
    55
    47
    50
    63
    62
    66
    59
    51
    48
    44
    43
    51
    57
    83
   117
   143
   157
   178
   191
   199
   202
   202
   203
   201
   202
   201
   201
   204
   202
   204
   204
   202
   200
   200
   200
   200
   201
   202
   202
   202
   201
   197
   193
   188
   189
   178
   179
   172
   164
   158
   144
   130
   130
   137
   146
   149
   150
   157
   158
   162
   168
   166
   168
   167
   165
   161
   156
   149
   155
   167
   177
   174
   149
   103
    80
   119
   154
   160
   168
   172
   175
   178
   180
   164
   114
    86
   118
   134
   127
   142
   149
   145
   130
   141
   162
   171
   182
   183
   179
   173
   160
   149
    34
    36
    34
    31
    27
    23
    24
    30
    35
    36
    44
    53
    51
    48
    54
    61
    62
    64
    53
    46
    44
    51
    72
   108
   135
   149
   160
   175
   184
   189
   197
   202
   205
   204
   204
   203
   202
   204
   205
   204
   201
   200
   199
   198
   198
   195
   197
   200
   203
   202
   200
   198
   191
   183
   185
   185
   173
   163
   150
   128
   119
   128
   145
   153
   159
   159
   159
   163
   164
   164
   161
   162
   167
   169
   167
   161
   157
   154
   162
   166
   167
   164
   134
    86
    95
   135
   164
   174
   170
   173
   176
   178
   182
   167
   115
    90
   124
   130
   134
   149
   150
   138
   135
   151
   168
   173
   179
   182
   180
   169
   154
   139
    27
    26
    25
    28
    33
    34
    29
    29
    30
    39
    48
    59
    62
    59
    53
    50
    54
    51
    60
    54
    49
    46
    75
    91
   130
   161
   178
   182
   185
   189
   193
   199
   201
   201
   204
   202
   203
   202
   202
   202
   202
   198
   196
   197
   195
   196
   199
   200
   200
   203
   204
   199
   192
   182
   176
   174
   157
   134
   126
   114
   125
   140
   152
   172
   177
   177
   170
   172
   173
   168
   168
   167
   168
   170
   167
   159
   152
   150
   165
   181
   178
   161
   127
    88
   118
   150
   164
   171
   173
   175
   173
   178
   176
   161
   117
    90
   115
   131
   141
   149
   148
   141
   145
   159
   169
   174
   177
   177
   175
   169
   150
   132
    33
    26
    23
    28
    25
    39
    47
    48
    31
    28
    51
    59
    63
    61
    57
    50
    57
    51
    41
    44
    44
    52
    62
    95
   127
   149
   175
   188
   188
   192
   194
   193
   196
   201
   204
   203
   204
   204
   200
   200
   192
   192
   195
   197
   198
   199
   199
   199
   200
   200
   199
   197
   193
   176
   161
   138
   112
   113
   112
   114
   124
   129
   156
   168
   178
   175
   180
   188
   188
   183
   180
   178
   175
   172
   172
   168
   156
   143
   137
   148
   166
   156
   134
   146
   162
   168
   171
   173
   174
   176
   172
   176
   177
   156
   118
    93
   121
   141
   147
   152
   146
   137
   151
   160
   171
   172
   175
   172
   168
   155
   138
   120
    34
    31
    29
    28
    29
    28
    39
    60
    70
    50
    29
    52
    56
    46
    47
    55
    56
    68
    65
    48
    42
    45
    63
    83
   139
   164
   166
   189
   199
   196
   201
   202
   199
   200
   202
   202
   201
   200
   201
   201
   198
   196
   198
   197
   197
   198
   200
   201
   202
   202
   201
   195
   190
   172
   131
   103
   109
   115
   118
   123
   113
   125
   133
   153
   164
   164
   157
   183
   194
   196
   192
   190
   182
   182
   180
   175
   170
   156
   143
   137
   140
   148
   163
   180
   182
   178
   173
   176
   173
   175
   173
   171
   174
   154
   114
   105
   133
   152
   151
   150
   141
   145
   162
   165
   171
   172
   172
   163
   158
   146
   131
   110
    26
    28
    29
    31
    32
    31
    27
    28
    45
    75
    64
    38
    48
    56
    45
    47
    48
    49
    54
    52
    40
    41
    53
    83
   118
   149
   168
   178
   181
   192
   195
   200
   201
   202
   204
   203
   203
   203
   201
   199
   199
   200
   198
   196
   194
   195
   197
   202
   201
   200
   201
   195
   183
   146
   109
   102
   107
   114
   125
   114
   107
   125
   110
   135
   148
   171
   157
   161
   185
   197
   199
   194
   194
   192
   187
   185
   183
   177
   174
   170
   168
   167
   175
   176
   174
   173
   172
   170
   174
   173
   173
   170
   168
   139
    96
   105
   151
   157
   152
   145
   148
   160
   165
   170
   168
   170
   167
   160
   149
   138
   116
    88
    31
    32
    30
    27
    26
    29
    29
    28
    29
    38
    61
    63
    56
    64
    72
    55
    43
    40
    44
    37
    39
    46
    57
    78
   138
   161
   176
   186
   183
   190
   195
   199
   201
   203
   202
   201
   203
   202
   201
   200
   201
   199
   197
   198
   196
   194
   200
   200
   200
   200
   202
   196
   181
   132
    90
    83
    97
   118
   117
   104
   114
   111
   111
   137
   133
   160
   167
   155
   168
   190
   201
   200
   197
   196
   196
   192
   190
   189
   185
   183
   177
   175
   171
   172
   168
   173
   173
   173
   170
   171
   169
   162
   160
   130
    87
   133
   163
   155
   152
   152
   161
   162
   166
   164
   164
   163
   159
   146
   141
   128
   102
    79
    30
    37
    34
    30
    28
    25
    31
    39
    38
    35
    35
    49
    56
    63
    60
    66
    58
    48
    36
    39
    42
    47
    62
    91
   116
   152
   172
   183
   194
   195
   199
   201
   203
   204
   203
   201
   200
   201
   201
   201
   201
   199
   198
   193
   198
   197
   196
   201
   202
   202
   199
   197
   177
   121
    82
    79
    96
   115
   117
    98
   113
   121
   169
   175
   139
   151
   160
   163
   159
   183
   195
   201
   200
   200
   197
   197
   196
   192
   192
   191
   186
   179
   176
   171
   166
   166
   175
   180
   175
   169
   163
   153
   149
   120
   114
   159
   158
   160
   161
   169
   167
   166
   167
   167
   164
   163
   153
   149
   130
   103
    81
    79
    27
    26
    32
    37
    31
    32
    30
    30
    28
    23
    34
    47
    53
    44
    45
    57
    62
    59
    50
    39
    38
    50
    65
    91
   133
   161
   170
   188
   193
   197
   200
   201
   201
   202
   204
   201
   202
   203
   203
   201
   198
   196
   195
   194
   195
   197
   199
   198
   199
   200
   200
   191
   166
   100
    77
    69
    91
   118
   102
   111
   109
   160
   205
   210
   158
   158
   161
   169
   160
   173
   192
   199
   200
   200
   197
   197
   194
   195
   192
   191
   186
   185
   179
   173
   167
   168
   170
   174
   179
   171
   159
   149
   138
   102
   130
   162
   163
   170
   171
   168
   164
   163
   165
   162
   163
   157
   150
   131
   111
    90
    80
    78
    22
    32
    30
    24
    25
    31
    34
    39
    52
    50
    43
    42
    41
    43
    40
    40
    42
    52
    49
    53
    47
    49
    68
    95
   136
   147
   167
   177
   180
   182
   188
   196
   200
   203
   201
   203
   202
   202
   201
   200
   198
   193
   194
   193
   194
   198
   197
   199
   202
   199
   198
   191
   148
    86
    66
    65
    91
   113
    95
    90
    91
   117
   123
   162
   168
   145
   155
   174
   164
   168
   183
   200
   202
   200
   200
   200
   199
   195
   197
   195
   191
   186
   182
   175
   170
   167
   168
   167
   164
   166
   162
   143
   129
    98
   120
   156
   175
   174
   167
   161
   161
   163
   160
   158
   154
   146
   132
   106
    89
    76
    80
    86
    22
    17
    24
    29
    24
    18
    24
    31
    42
    60
    68
    66
    62
    53
    52
    54
    46
    43
    41
    33
    40
    48
    57
    91
   125
   158
   154
   156
   165
   178
   189
   196
   198
   199
   201
   201
   201
   198
   199
   200
   197
   195
   192
   193
   194
   197
   198
   199
   199
   200
   195
   184
   140
    81
    66
    60
    90
   112
    86
    70
    44
    55
    50
    63
   120
   144
   138
   168
   167
   165
   176
   196
   199
   201
   201
   201
   199
   201
   199
   197
   194
   187
   184
   179
   176
   170
   165
   163
   162
   154
   155
   149
   132
   113
   130
   159
   175
   166
   159
   156
   158
   159
   157
   151
   147
   129
   108
    95
    84
    80
    82
    82
    29
    28
    25
    24
    28
    31
    25
    28
    31
    29
    34
    49
    61
    67
    70
    70
    53
    39
    41
    47
    47
    55
    73
   100
   138
   165
   168
   180
   177
   187
   192
   194
   198
   200
   200
   201
   199
   198
   198
   195
   196
   197
   194
   192
   196
   194
   196
   200
   201
   200
   194
   178
   125
    83
    64
    52
    93
   114
    88
    61
    23
    42
    47
    62
    75
   136
   129
   154
   169
   164
   170
   191
   201
   202
   201
   201
   202
   201
   201
   198
   198
   193
   188
   178
   175
   175
   172
   166
   159
   154
   141
   127
   128
   120
   130
   155
   162
   158
   157
   154
   153
   151
   146
   145
   126
   108
    99
    84
    78
    79
    83
    84
    26
    31
    32
    25
    26
    24
    31
    31
    33
    37
    35
    42
    44
    54
    60
    64
    66
    53
    39
    35
    44
    43
    60
    91
   126
   158
   170
   181
   194
   193
   194
   196
   196
   198
   198
   198
   198
   198
   198
   200
   193
   190
   191
   191
   191
   196
   194
   200
   201
   197
   189
   167
   114
    73
    64
    62
   103
   117
    87
    70
    63
   102
    47
    64
    83
   145
   127
   153
   160
   161
   167
   186
   198
   201
   201
   200
   199
   201
   200
   199
   197
   194
   189
   182
   172
   169
   167
   160
   152
   152
   145
   124
   113
   114
   127
   140
   148
   148
   149
   154
   152
   148
   141
   128
   114
   104
    96
    83
    79
    77
    82
    89
    27
    25
    33
    37
    26
    35
    32
    39
    33
    32
    41
    48
    54
    45
    54
    58
    60
    68
    54
    46
    38
    43
    57
    83
   126
   149
   154
   157
   183
   191
   193
   197
   196
   195
   196
   195
   199
   197
   194
   195
   192
   190
   186
   186
   191
   191
   196
   194
   195
   196
   187
   161
   105
    73
    65
    70
   119
   120
    88
    58
    59
   174
    74
    58
    92
   139
   128
   146
   153
   159
   159
   181
   199
   200
   202
   201
   201
   200
   201
   199
   195
   191
   184
   181
   177
   173
   170
   158
   152
   155
   153
   148
   140
   138
   146
   149
   151
   148
   146
   147
   147
   139
   130
   119
   109
   101
    82
    76
    74
    79
    86
    93
    47
    26
    22
    35
    44
    33
    28
    24
    37
    43
    34
    34
    47
    64
    47
    56
    65
    67
    65
    49
    43
    41
    56
    76
   125
   152
   146
   149
   156
   183
   193
   194
   196
   195
   197
   195
   195
   192
   193
   191
   192
   190
   189
   187
   190
   194
   193
   196
   196
   192
   190
   162
   102
    66
    62
    70
   128
   119
    88
    59
    37
    39
    48
    53
    68
   126
   125
   145
   146
   157
   164
   185
   198
   202
   203
   201
   202
   201
   198
   197
   195
   193
   190
   185
   182
   177
   172
   164
   158
   153
   156
   158
   160
   166
   170
   166
   156
   147
   145
   140
   137
   130
   118
   113
   105
    90
    78
    76
    81
    88
    97
    97
    41
    24
    27
    21
    27
    40
    34
    42
    31
    39
    48
    47
    51
    53
    55
    46
    38
    44
    57
    56
    47
    53
    56
    79
   105
   145
   133
   130
   142
   155
   181
   187
   192
   194
   194
   192
   194
   191
   190
   188
   189
   188
   186
   188
   191
   193
   196
   192
   194
   193
   185
   164
    99
    67
    64
    84
   138
   127
   100
    62
    26
    21
    38
    46
    88
   111
   110
   133
   141
   159
   166
   183
   198
   202
   202
   202
   200
   198
   197
   195
   195
   194
   189
   183
   180
   179
   172
   166
   157
   152
   154
   155
   162
   168
   168
   164
   151
   146
   138
   130
   126
   117
   113
   111
    95
    78
    74
    74
    83
    92
    95
   102
    62
    33
    26
    40
    34
    33
    41
    25
    41
    49
    37
    43
    50
    58
    67
    67
    57
    34
    20
    19
    30
    42
    72
   107
   119
   136
   131
   122
   129
   139
   162
   175
   186
   186
   186
   190
   189
   190
   192
   187
   187
   186
   185
   185
   187
   188
   189
   190
   191
   188
   178
   148
   107
    64
    62
    81
   145
   131
   100
    68
    48
    39
    58
   106
   150
   126
   118
   142
   143
   160
   164
   183
   194
   200
   200
   201
   201
   198
   195
   193
   193
   190
   188
   186
   178
   173
   170
   164
   159
   153
   150
   153
   156
   162
   160
   154
   144
   132
   124
   122
   115
   115
   112
    95
    81
    73
    75
    82
    87
    90
    97
   102
    87
    32
    35
    30
    55
    62
    53
    59
    43
    40
    52
    53
    55
    47
    42
    52
    61
    69
    73
    68
    58
    40
    41
    56
    92
   114
   112
   118
   119
   125
   149
   163
   175
   184
   190
   187
   188
   188
   186
   187
   184
   184
   184
   182
   184
   185
   184
   189
   188
   186
   181
   146
   103
    62
    55
    90
   150
   133
   106
    66
    57
   117
   141
   160
   154
   119
   134
   145
   147
   163
   170
   185
   192
   199
   200
   201
   201
   200
   197
   194
   190
   188
   183
   179
   176
   172
   168
   164
   159
   153
   156
   152
   154
   154
   155
   145
   133
   125
   121
   116
   113
   112
   106
    87
    77
    70
    73
    75
    75
    79
    80
    70
   111
    38
    27
    33
    22
    40
    53
    53
    51
    49
    32
    36
    50
    64
    63
    48
    50
    48
    44
    53
    62
    55
    54
    60
    82
    88
    91
    98
   107
   109
   125
   141
   160
   178
   187
   189
   189
   187
   185
   183
   182
   185
   181
   178
   179
   181
   189
   188
   184
   180
   172
   145
    92
    59
    58
   100
   152
   135
   107
    92
    57
    81
   135
   144
   123
    97
   118
   135
   140
   166
   169
   186
   196
   196
   199
   198
   198
   199
   198
   194
   190
   184
   181
   177
   174
   172
   168
   161
   154
   153
   154
   153
   150
   142
   137
   132
   125
   116
   118
   115
   112
   110
    88
    73
    62
    62
    56
    58
    62
    58
    38
    20
   129
    51
    29
    30
    36
    28
    31
    44
    44
    43
    43
    36
    37
    51
    69
    62
    51
    53
    53
    57
    45
    39
    44
    48
    59
    71
    82
    98
   104
   103
   113
   132
   147
   153
   167
   181
   180
   183
   181
   179
   176
   176
   177
   176
   176
   173
   179
   184
   183
   173
   166
   133
    93
    63
    63
   114
   160
   145
    99
   107
    60
    57
    88
   109
   107
    90
   118
   135
   145
   163
   170
   190
   196
   194
   195
   194
   195
   196
   191
   190
   188
   185
   180
   176
   171
   167
   161
   158
   153
   148
   146
   146
   140
   134
   131
   127
   119
   119
   117
   113
   111
    97
    69
    50
    46
    39
    39
    38
    38
    32
    14
    21
   132
   105
    19
    26
    29
    44
    39
    31
    30
    30
    32
    32
    33
    42
    49
    54
    63
    57
    57
    56
    56
    52
    49
    54
    64
    77
    95
   103
   102
    95
    97
   116
   139
   152
   154
   159
   171
   172
   174
   174
   176
   171
   172
   173
   174
   174
   175
   178
   179
   173
   158
   130
    80
    56
    67
   122
   155
   145
   114
    89
    86
    40
    43
    75
    71
    93
   117
   131
   139
   158
   168
   186
   193
   194
   196
   196
   195
   194
   193
   188
   183
   183
   178
   171
   165
   163
   157
   149
   143
   139
   136
   132
   128
   123
   121
   123
   126
   120
   116
   113
   100
    63
    26
    14
    15
    14
    13
    14
    16
    15
    23
    25
   120
   126
    57
    25
    28
    27
    43
    54
    55
    50
    46
    46
    43
    38
    45
    50
    55
    49
    50
    46
    46
    56
    56
    59
    62
    73
    90
    89
    91
    89
    97
   103
   123
   139
   154
   158
   161
   163
   165
   170
   172
   170
   169
   169
   172
   172
   174
   176
   176
   171
   158
   130
    82
    61
    75
   127
   150
   143
   123
    80
    93
    72
    44
    51
    72
   102
   124
   145
   156
   169
   174
   187
   194
   194
   191
   194
   196
   194
   187
   186
   183
   178
   175
   169
   165
   160
   146
   139
   130
   126
   124
   129
   130
   134
   132
   128
   126
   116
   116
   105
    71
    36
    34
    21
    13
    17
    22
    21
    21
    22
    19
    21
   128
   123
    88
    26
    24
    28
    24
    33
    55
    72
    47
    40
    51
    48
    48
    58
    72
    71
    55
    59
    66
    66
    61
    60
    63
    81
    92
    89
    85
    84
    89
    95
   120
   132
   136
   155
   162
   165
   165
   164
   167
   167
   167
   167
   168
   168
   170
   173
   169
   169
   155
   122
    85
    63
    77
   130
   151
   147
   132
   105
    79
   109
    89
    66
   103
   129
   146
   157
   166
   172
   176
   188
   192
   193
   193
   193
   191
   187
   187
   180
   177
   171
   167
   162
   159
   150
   143
   136
   132
   129
   130
   131
   134
   132
   132
   127
   118
   119
   105
    75
    48
    48
    36
    25
    19
    27
    29
    23
    17
    18
    18
    16
   132
   130
   117
    34
    33
    28
    28
    16
    25
    38
    62
    61
    46
    57
    53
    53
    46
    49
    61
    62
    63
    62
    64
    75
    78
    85
    87
    84
    79
    79
    80
    92
    99
   115
   133
   142
   148
   157
   160
   160
   159
   158
   159
   164
   163
   165
   168
   169
   163
   167
   155
   121
    82
    60
    81
   122
   149
   141
   131
   121
   104
    98
   116
   117
   119
   144
   152
   160
   170
   176
   180
   182
   186
   184
   185
   188
   188
   182
   180
   175
   169
   167
   165
   155
   147
   143
   137
   133
   132
   127
   129
   133
   129
   127
   122
   122
   114
    95
    70
    46
    49
    37
    29
    23
    35
    29
    25
    21
    23
    20
    17
    20
   131
   132
   130
    68
    27
    30
    31
    30
    15
    26
    39
    62
    64
    58
    64
    50
    56
    64
    61
    57
    53
    53
    60
    64
    70
    71
    66
    83
    77
    83
    82
    79
    89
    98
   109
   133
   145
   155
   161
   160
   159
   154
   157
   163
   164
   162
   158
   162
   161
   159
   157
   143
    94
    49
    56
   107
   150
   141
   129
   124
   119
   112
   113
   116
   125
   148
   167
   174
   174
   178
   177
   178
   183
   184
   181
   182
   184
   179
   173
   170
   161
   159
   156
   149
   139
   134
   132
   133
   130
   128
   126
   123
   127
   118
   117
   115
    95
    68
    54
    47
    35
    25
    22
    25
    29
    27
    25
    20
    18
    19
    23
    19
   130
   131
   134
   122
    36
    33
    34
    43
    41
    22
    23
    25
    44
    58
    57
    78
    83
    63
    51
    47
    51
    60
    57
    59
    58
    68
    75
    70
    71
    73
    77
    81
    81
    89
    94
   101
   123
   138
   148
   153
   157
   160
   154
   149
   148
   151
   152
   150
   149
   150
   147
   147
   133
    80
    36
    65
   139
   146
   131
   124
   121
   118
   117
   125
   138
   152
   166
   172
   177
   177
   179
   178
   172
   172
   178
   178
   175
   171
   167
   160
   156
   148
   141
   137
   136
   129
   123
   117
   116
   118
   115
   114
   109
   115
   111
    89
    62
    53
    38
    35
    37
    38
    39
    46
    39
    31
    26
    30
    24
    24
    19
    19
   132
   132
   132
   135
    98
    20
    29
    33
    37
    48
    39
    31
    27
    39
    56
    55
    51
    61
    48
    41
    52
    60
    51
    58
    65
    69
    80
    79
    72
    69
    69
    69
    68
    72
    80
    93
   108
   124
   127
   129
   134
   140
   149
   144
   144
   141
   141
   138
   139
   138
   135
   142
   141
   129
    53
    29
    91
   130
   140
   129
   118
   119
   124
   135
   156
   163
   172
   177
   174
   174
   173
   174
   174
   168
   169
   170
   165
   158
   157
   152
   146
   141
   136
   128
   125
   116
   113
   112
   114
   111
   112
   117
   115
   102
    61
    37
    30
    32
    32
    28
    33
    38
    45
    45
    41
    34
    31
    23
    22
    19
    17
    18
   133
   128
   120
   127
   135
    77
    32
    36
    30
    30
    35
    40
    44
    47
    40
    39
    34
    40
    45
    53
    63
    61
    48
    51
    59
    68
    70
    65
    72
    75
    72
    68
    75
    69
    66
    79
    92
   109
   121
   122
   128
   127
   129
   134
   135
   131
   131
   133
   123
   123
   129
   123
   121
   125
   112
    44
    27
    75
   107
   122
   121
   122
   131
   144
   160
   169
   175
   178
   177
   174
   175
   169
   170
   168
   162
   160
   155
   153
   146
   137
   133
   124
   119
   109
   107
   111
   110
   116
   118
   118
   113
    92
    64
    25
    10
    13
    16
    18
    23
    28
    31
    36
    40
    39
    36
    37
    26
    21
    25
    24
    20
    20
   130
   131
   131
   123
   127
   128
    53
    41
    41
    34
    37
    28
    30
    37
    42
    36
    45
    47
    50
    60
    62
    71
    55
    51
    60
    63
    62
    73
    71
    77
    75
    68
    68
    67
    63
    61
    70
    88
   101
   111
   114
   119
   113
   118
   120
   123
   118
   116
   120
   118
   115
   122
   121
   122
   123
   118
    78
    46
    57
    89
   110
   120
   132
   143
   159
   166
   171
   174
   170
   171
   167
   167
   159
   160
   156
   150
   149
   139
   132
   124
   113
   110
   107
   119
   119
   118
   119
   112
    96
    68
    45
    18
     6
    11
    19
    21
    23
    27
    28
    29
    31
    33
    35
    43
    42
    38
    34
    27
    21
    18
    20
    17
   134
   129
   126
   127
   124
   125
   102
    33
    55
    47
    40
    33
    34
    26
    35
    44
    51
    54
    67
    51
    55
    71
    55
    57
    59
    62
    56
    71
    75
    80
    85
    86
    76
    70
    62
    59
    55
    58
    77
    83
    90
    94
   100
    99
    99
   100
   103
   104
    96
   100
   103
   103
   117
   122
   123
   128
   131
   119
   100
   105
   112
   120
   128
   140
   151
   156
   164
   165
   164
   162
   162
   154
   155
   149
   146
   138
   131
   125
   108
    99
    94
    95
   104
    88
    81
    69
    53
    38
    14
     7
     5
    10
    20
    23
    26
    27
    23
    24
    26
    30
    29
    36
    44
    50
    50
    43
    32
    26
    21
    21
    17
    26
   127
   131
   127
   129
   127
   126
   132
    68
    33
    42
    39
    44
    47
    55
    46
    53
    50
    58
    52
    46
    50
    68
    62
    56
    63
    65
    59
    60
    69
    71
    80
    84
    76
    59
    63
    54
    53
    48
    49
    57
    64
    70
    75
    68
    67
    66
    67
    66
    66
    59
    65
    76
    91
   110
   119
   122
   125
   128
   132
   129
   128
   132
   131
   136
   143
   149
   157
   151
   155
   154
   148
   146
   139
   138
   122
   106
    94
    87
    96
   104
   113
    98
    33
     4
     3
     2
     8
     9
    19
    21
    24
    24
    22
    22
    22
    21
    29
    27
    27
    30
    37
    39
    33
    37
    36
    31
    27
    22
    22
    20
    21
    30
   132
   130
   128
   128
   128
   130
   126
   128
    27
    24
    28
    39
    46
    51
    62
    63
    60
    57
    48
    46
    52
    60
    58
    54
    54
    60
    62
    64
    67
    63
    67
    75
    73
    71
    54
    52
    45
    42
    46
    40
    49
    47
    46
    46
    42
    42
    37
    36
    36
    38
    42
    44
    50
    66
    90
   109
   117
   122
   125
   128
   130
   130
   134
   136
   136
   135
   136
   145
   141
   139
   141
   132
   119
    99
    85
    99
   109
   114
   125
   136
   123
    73
    11
    15
    19
    22
    15
    17
    15
    20
    22
    22
    24
    26
    27
    29
    23
    27
    30
    27
    28
    35
    44
    42
    38
    34
    25
    22
    17
    19
    29
    30
   133
   133
   126
   130
   133
   124
   124
   131
   110
    34
    45
    39
    37
    30
    32
    49
    66
    48
    48
    56
    63
    62
    65
    57
    56
    50
    48
    61
    68
    72
    68
    59
    67
    68
    65
    51
    45
    40
    32
    39
    31
    38
    38
    30
    27
    27
    30
    31
    29
    32
    32
    36
    34
    32
    34
    39
    57
    71
    80
    86
    99
   110
   113
   117
   121
   129
   127
   122
   115
   110
    96
    84
    66
    83
   109
   129
   125
   118
   125
   130
    94
    29
    21
    19
    16
    20
    25
    23
    30
    23
    18
    21
    23
    20
    21
    20
    28
    30
    33
    40
    43
    47
    43
    42
    41
    31
    26
    22
    24
    25
    26
    27
   131
   130
   128
   128
   127
   126
   128
   127
   125
    94
    19
    35
    26
    38
    48
    60
    53
    45
    44
    43
    53
    61
    60
    55
    47
    53
    46
    33
    49
    72
    66
    73
    66
    58
    57
    47
    41
    41
    40
    31
    31
    27
    26
    32
    29
    28
    28
    29
    29
    31
    28
    29
    29
    26
    15
    11
    13
    13
    14
    25
    25
    31
    47
    62
    59
    63
    74
    69
    57
    49
    41
    39
    67
   103
   122
   121
   120
   132
   143
   105
    38
    25
    28
    29
    29
    22
    18
    25
    17
    22
    24
    25
    26
    28
    28
    30
    31
    33
    34
    40
    35
    33
    38
    43
    33
    28
    24
    22
    24
    32
    30
    25
   132
   131
   124
   129
   130
   124
   119
   121
   130
   133
    81
    21
    30
    28
    46
    58
    38
    48
    43
    44
    39
    42
    54
    53
    43
    52
    57
    55
    45
    52
    67
    58
    57
    72
    66
    52
    45
    36
    35
    36
    31
    31
    25
    21
    25
    28
    22
    24
    22
    26
    27
    24
    28
    30
    33
    27
    16
    23
    24
    17
    20
    18
    18
    23
    31
    31
    26
    37
    44
    39
    39
    62
    83
    88
    94
   104
   105
    76
    34
    19
    22
    28
    32
    25
    19
    28
    29
    23
    24
    21
    21
    18
    19
    24
    28
    26
    30
    35
    36
    31
    40
    46
    48
    32
    27
    24
    23
    31
    41
    42
    31
    25
   134
   131
   129
   122
   124
   121
   122
   124
   128
   129
   136
    98
    40
    19
    32
    36
    26
    26
    29
    29
    35
    37
    47
    51
    48
    45
    53
    46
    54
    49
    57
    75
    56
    46
    56
    67
    53
    42
    37
    36
    32
    30
    25
    20
    21
    21
    26
    24
    21
    20
    22
    27
    25
    26
    26
    27
    27
    20
    21
    22
    23
    27
    25
    25
    30
    29
    35
    38
    60
    80
    99
   110
   103
    80
    70
    58
    33
    16
    10
    13
    18
    21
    25
    26
    25
    22
    22
    27
    25
    22
    24
    26
    26
    23
    25
    33
    32
    34
    39
    41
    45
    45
    41
    35
    26
    32
    41
    47
    41
    29
    23
    19
   131
   134
   130
   129
   131
   133
   128
   129
   129
   129
   125
   133
   122
   100
    46
    27
    29
    35
    41
    39
    43
    42
    42
    42
    39
    46
    46
    40
    33
    44
    43
    54
    73
    54
    32
    38
    39
    37
    34
    29
    31
    32
    34
    23
    24
    22
    19
    19
    25
    25
    19
    21
    25
    24
    26
    25
    25
    27
    26
    23
    20
    20
    23
    20
    25
    32
    43
    56
    61
    67
    86
    78
    63
    43
    30
    18
    21
    12
    15
    22
    26
    21
    18
    20
    22
    21
    21
    23
    25
    23
    25
    27
    25
    27
    28
    30
    35
    37
    35
    42
    43
    37
    27
    24
    34
    37
    44
    36
    28
    24
    21
    20
   128
   129
   129
   131
   131
   131
   129
   129
   126
   126
   122
   128
   132
   125
   129
    87
    26
    16
    24
    41
    36
    37
    37
    46
    38
    38
    33
    41
    37
    29
    38
    40
    50
    58
    42
    28
    33
    31
    33
    25
    26
    26
    33
    27
    24
    27
    29
    28
    21
    20
    20
    23
    21
    23
    24
    26
    24
    24
    20
    26
    28
    22
    22
    21
    23
    24
    37
    36
    25
    19
    18
    24
    37
    53
    55
    56
    46
    44
    35
    25
    25
    28
    25
    21
    22
    24
    21
    20
    21
    24
    25
    24
    27
    25
    27
    25
    27
    28
    32
    31
    29
    28
    32
    39
    31
    33
    30
    27
    25
    24
    19
    17
   132
   132
   131
   130
   132
   132
   131
   129
   125
   125
   127
   128
   124
   120
   115
   128
   107
    51
    14
     9
    29
    42
    40
    42
    40
    35
    32
    35
    30
    22
    27
    30
    42
    52
    43
    32
    28
    29
    27
    31
    20
    23
    20
    27
    29
    24
    23
    21
    25
    23
    20
    19
    21
    21
    22
    20
    19
    22
    24
    19
    22
    25
    24
    26
    26
    29
    24
    22
    19
    21
    25
    31
    31
    48
    56
    60
    53
    45
    48
    48
    36
    32
    33
    30
    28
    23
    24
    24
    22
    18
    24
    25
    23
    20
    22
    26
    30
    34
    35
    34
    35
    40
    37
    35
    33
    29
    26
    22
    22
    17
    20
    17
   131
   131
   129
   132
   130
   127
   133
   130
   130
   130
   128
   126
   125
   126
   127
   120
   123
   123
    94
    51
    29
    17
    23
    30
    36
    32
    29
    32
    35
    29
    24
    26
    21
    33
    41
    37
    29
    25
    26
    26
    32
    25
    25
    23
    25
    23
    24
    26
    23
    22
    26
    22
    19
    19
    22
    23
    22
    22
    25
    27
    22
    20
    20
    18
    22
    22
    25
    21
    27
    26
    24
    24
    27
    31
    42
    46
    53
    50
    42
    38
    33
    32
    25
    28
    32
    34
    29
    27
    33
    34
    30
    33
    35
    34
    35
    30
    34
    32
    37
    37
    31
    32
    30
    27
    21
    18
    16
    17
    15
    21
    15
    16
   129
   130
   130
   130
   135
   132
   128
   133
   130
   125
   129
   123
   126
   126
   127
   132
   124
   128
   125
   112
   101
    89
    55
    24
    11
    18
    26
    32
    34
    32
    31
    29
    26
    24
    34
    40
    35
    33
    29
    23
    29
    32
    28
    24
    26
    24
    26
    24
    22
    24
    21
    25
    27
    24
    21
    25
    25
    25
    26
    24
    25
    27
    17
    16
    14
    13
    17
    20
    20
    25
    26
    32
    33
    26
    20
    31
    43
    54
    58
    51
    37
    29
    26
    27
    21
    28
    34
    36
    35
    38
    41
    40
    44
    36
    39
    39
    39
    30
    25
    23
    25
    23
    20
    22
    19
    22
    22
    20
    23
    16
    17
    16
   131
   130
   130
   130
   128
   127
   130
   128
   128
   127
   127
   128
   124
   127
   128
   125
   128
   125
   133
   122
   103
   107
   110
   105
    89
    55
    31
    13
    19
    23
    24
    28
    29
    36
    34
    37
    32
    27
    28
    28
    23
    21
    31
    30
    29
    28
    29
    29
    27
    29
    32
    28
    28
    26
    25
    29
    27
    25
    28
    24
    22
    23
    21
    18
    17
    15
    17
    18
    18
    18
    18
    19
    22
    25
    29
    26
    15
    23
    38
    43
    46
    33
    34
    26
    27
    20
    21
    20
    27
    24
    26
    26
    25
    27
    28
    31
    29
    32
    31
    28
    22
    24
    24
    24
    22
    20
    18
    21
    16
    17
    18
    19
   134
   132
   129
   131
   128
   132
   130
   131
   128
   123
   126
   132
   126
   124
   127
   124
   126
   128
   126
   119
   113
   110
   106
   101
   104
   116
   107
    87
    54
    27
    16
    18
    23
    17
    29
    39
    47
    37
    33
    33
    26
    24
    26
    35
    27
    26
    25
    23
    19
    25
    28
    36
    32
    35
    34
    29
    32
    21
    14
    16
    21
    25
    20
    18
    19
    20
    15
    15
    15
    23
    22
    22
    15
    23
    23
    29
    30
    22
    20
    35
    33
    35
    29
    30
    27
    31
    29
    26
    24
    23
    25
    34
    36
    33
    24
    18
    20
    23
    23
    19
    22
    17
    16
    16
    20
    21
    20
    17
    17
    19
    19
    17
