   133
   133
   130
   134
   133
   133
   135
   130
   133
   135
   133
   133
   135
   134
   134
   132
   130
   133
   138
   131
    94
    49
    33
    26
    50
    59
    56
    47
    41
    41
    46
    43
    37
    42
    55
    46
    48
    41
    41
    48
    57
    61
    46
    43
    45
    41
    38
    34
    47
    40
    30
    20
    17
    26
    26
    28
    31
    38
    28
    29
    36
    37
    44
    43
    46
    34
    34
    26
    23
    22
    27
    26
    26
    30
    34
    34
    30
    30
    40
    47
    40
    37
    27
    21
    19
    16
    14
    19
    19
    20
    16
    16
    19
    20
    18
    32
    38
    44
    43
    27
    19
    20
    21
    23
    18
    18
    15
    20
    31
    26
    25
    23
   135
   133
   134
   134
   135
   134
   132
   134
   132
   132
   133
   134
   134
   136
   131
   132
   134
   138
   132
    83
    41
    24
    24
    31
    38
    48
    55
    55
    49
    45
    50
    49
    47
    58
    59
    59
    59
    55
    44
    35
    33
    37
    44
    49
    40
    32
    31
    34
    30
    36
    31
    36
    27
    25
    23
    23
    25
    22
    27
    26
    27
    31
    31
    32
    33
    36
    28
    26
    30
    36
    28
    24
    21
    24
    37
    40
    42
    47
    39
    29
    22
    16
    16
    18
    16
    20
    18
    14
    18
    17
    16
    16
    16
    19
    32
    34
    36
    34
    27
    17
    22
    24
    25
    16
    17
    24
    26
    23
    23
    20
    21
    25
   135
   134
   132
   135
   136
   135
   134
   134
   137
   137
   130
   129
   131
   134
   134
   134
   137
   123
    59
    30
    23
    27
    37
    38
    45
    52
    50
    43
    40
    42
    45
    49
    55
    49
    55
    60
    57
    51
    41
    39
    34
    40
    50
    40
    38
    41
    37
    32
    33
    26
    31
    30
    34
    29
    26
    23
    23
    27
    24
    22
    25
    27
    32
    29
    34
    37
    39
    53
    61
    63
    63
    64
    78
    54
    35
    35
    39
    36
    32
    27
    24
    24
    24
    22
    21
    15
    14
    19
    16
    16
    20
    20
    16
    24
    32
    37
    30
    27
    16
    20
    18
    21
    22
    35
    34
    30
    32
    33
    34
    32
    28
    27
   136
   135
   134
   132
   136
   134
   133
   136
   133
   132
   131
   132
   133
   135
   131
   135
   124
    74
    32
    31
    36
    29
    36
    39
    46
    51
    51
    53
    52
    46
    36
    45
    58
    50
    52
    61
    57
    59
    53
    46
    50
    54
    47
    46
    42
    40
    33
    25
    26
    28
    30
    29
    24
    25
    24
    21
    24
    21
    23
    23
    27
    33
    33
    42
    38
    34
    42
    47
    46
    44
    50
    54
    64
    65
    69
    53
    38
    17
    19
    30
    28
    22
    20
    18
    16
    19
    17
    14
    21
    19
    18
    16
    21
    31
    28
    27
    28
    20
    17
    23
    27
    32
    40
    32
    29
    38
    32
    28
    27
    27
    26
    24
   133
   132
   133
   132
   131
   132
   133
   134
   134
   133
   132
   133
   130
   130
   134
   123
    77
    30
    32
    32
    35
    39
    32
    34
    38
    41
    49
    49
    50
    56
    54
    49
    45
    55
    61
    57
    64
    63
    62
    63
    64
    57
    52
    48
    42
    32
    33
    36
    31
    32
    28
    27
    25
    28
    23
    24
    22
    27
    28
    31
    35
    36
    42
    36
    38
    40
    44
    44
    43
    52
    53
    59
    56
    74
    85
    78
    65
    58
    33
     9
    14
    22
    20
    24
    23
    20
    19
    19
    19
    15
    17
    29
    29
    27
    28
    22
    14
    17
    22
    26
    36
    36
    38
    41
    43
    30
    24
    21
    19
    16
    19
    22
   135
   137
   134
   133
   135
   135
   135
   133
   134
   135
   132
   134
   124
   128
   124
    82
    36
    24
    28
    33
    32
    39
    43
    39
    46
    45
    48
    53
    51
    46
    54
    47
    42
    47
    48
    56
    57
    61
    73
    61
    56
    53
    39
    40
    33
    33
    35
    34
    33
    27
    31
    30
    28
    27
    30
    31
    33
    35
    34
    37
    35
    39
    33
    34
    37
    40
    39
    45
    53
    47
    49
    50
    57
    58
    63
    73
    79
    77
    79
    66
    41
    13
    24
    18
    15
    19
    21
    20
    17
    21
    30
    25
    25
    27
    20
    18
    18
    21
    31
    39
    40
    47
    43
    42
    36
    27
    26
    23
    24
    22
    21
    24
   132
   133
   131
   135
   133
   133
   135
   136
   133
   132
   129
   130
   129
   134
    86
    36
    30
    38
    28
    26
    31
    35
    39
    44
    40
    51
    54
    54
    54
    48
    52
    49
    49
    52
    58
    59
    62
    67
    66
    67
    61
    49
    48
    47
    45
    45
    41
    36
    34
    39
    31
    26
    28
    30
    33
    37
    38
    38
    34
    35
    36
    32
    36
    35
    35
    37
    44
    50
    47
    49
    53
    54
    57
    60
    80
    95
   100
   102
    96
    98
   106
    64
    14
    21
    26
    22
    23
    21
    26
    26
    22
    24
    19
    16
    14
    17
    23
    28
    33
    40
    44
    44
    44
    38
    32
    28
    30
    29
    22
    24
    21
    23
   133
   133
   133
   134
   134
   136
   135
   133
   136
   136
   130
   130
   134
   100
    40
    25
    27
    29
    36
    32
    30
    30
    40
    46
    49
    46
    43
    45
    51
    47
    43
    49
    59
    61
    70
    72
    74
    75
    80
    76
    70
    67
    68
    60
    55
    51
    47
    40
    36
    26
    27
    28
    28
    31
    29
    34
    32
    31
    32
    33
    31
    26
    27
    28
    30
    40
    41
    40
    44
    50
    51
    53
    65
    74
    75
    89
   109
   116
   101
    93
   101
    99
    53
     9
    15
    21
    25
    25
    25
    25
    23
    22
    20
    17
    20
    27
    33
    37
    40
    38
    38
    36
    32
    32
    37
    34
    26
    23
    21
    20
    19
    16
   134
   135
   136
   134
   131
   129
   129
   131
   132
   128
   130
   135
   111
    55
    24
    31
    28
    33
    35
    38
    34
    38
    43
    50
    56
    49
    38
    33
    35
    45
    47
    51
    62
    67
    74
    83
    84
    83
    76
    76
    75
    74
    73
    66
    60
    50
    42
    41
    35
    33
    28
    31
    28
    28
    29
    31
    34
    37
    35
    35
    33
    33
    37
    34
    41
    45
    49
    51
    52
    46
    43
    38
    39
    45
    55
    58
    81
   105
   109
   107
   108
   112
    96
    34
    18
    17
    18
    21
    18
    17
    20
    17
    17
    23
    31
    36
    37
    37
    31
    26
    23
    30
    38
    41
    34
    23
    20
    17
    19
    19
    16
    18
   136
   136
   133
   132
   134
   135
   133
   136
   133
   133
   131
   118
    61
    26
    30
    26
    31
    29
    31
    34
    46
    52
    58
    57
    54
    55
    56
    56
    42
    46
    56
    61
    62
    73
    87
    76
    72
    76
    80
    74
    67
    58
    55
    51
    50
    43
    44
    44
    40
    35
    40
    36
    32
    33
    32
    31
    37
    38
    41
    51
    66
    78
    85
    94
   105
   113
   111
   115
   116
   112
   108
    99
    87
    65
    55
    52
    50
    57
    72
    91
   120
   124
   114
    81
    17
    25
    25
    20
    30
    25
    26
    28
    31
    36
    38
    31
    26
    19
    20
    20
    28
    37
    41
    34
    23
    20
    16
    18
    19
    16
    17
    13
   133
   134
   133
   135
   134
   134
   135
   131
   131
   129
   131
    91
    39
    27
    27
    32
    30
    37
    35
    34
    38
    45
    52
    61
    58
    49
    51
    50
    54
    52
    61
    68
    65
    79
    77
    69
    80
    79
    80
    71
    67
    66
    65
    63
    54
    56
    48
    49
    51
    50
    36
    35
    38
    33
    37
    41
    43
    57
    73
    96
   100
   110
   120
   128
   134
   136
   143
   142
   142
   138
   137
   133
   124
   118
   106
    98
    85
    73
    63
    61
    73
    93
   104
    90
    17
     6
     9
    16
    18
    26
    29
    27
    29
    30
    24
    23
    23
    23
    21
    25
    31
    27
    19
    20
    21
    21
    19
    19
    17
    16
    16
    26
   132
   134
   132
   131
   129
   124
   129
   127
   121
   128
   108
    53
    21
    28
    32
    37
    37
    29
    32
    37
    41
    37
    48
    48
    40
    50
    48
    42
    53
    63
    64
    77
    87
    87
    70
    75
    80
    88
    85
    84
    83
    82
    78
    74
    71
    63
    60
    60
    61
    51
    53
    44
    35
    45
    53
    55
    69
    93
   106
   122
   135
   136
   142
   147
   149
   152
   152
   153
   151
   151
   151
   146
   143
   135
   134
   120
   114
   107
   105
    99
    89
    82
    80
    83
    82
    57
    40
    24
     6
     0
    10
    21
    25
    19
    17
    17
    16
    18
    28
    25
    22
    16
    21
    16
    19
    15
    16
    15
    17
    18
    30
    37
   135
   136
   134
   133
   132
   131
   131
   132
   129
   122
   112
    39
    32
    34
    39
    30
    29
    34
    28
    28
    36
    43
    49
    54
    48
    51
    56
    55
    53
    57
    74
    65
    82
    76
    75
    79
    91
    95
    93
    91
    92
    87
    81
    78
    72
    74
    75
    72
    57
    65
    61
    55
    59
    64
    75
    78
   105
   126
   136
   142
   140
   152
   156
   154
   155
   157
   157
   162
   165
   167
   162
   164
   160
   152
   145
   145
   131
   121
   116
   108
   107
   106
   104
   103
   110
   115
   113
   108
    87
    63
    25
     6
     6
    14
    23
    24
    26
    26
    20
    18
    20
    23
    20
    22
    15
    17
    19
    18
    19
    27
    29
    32
   133
   134
   134
   134
   135
   132
   130
   127
   131
   123
    87
    45
    34
    34
    31
    37
    35
    37
    37
    42
    46
    48
    51
    51
    55
    55
    52
    52
    59
    62
    68
    67
    75
    83
    83
    94
    97
    96
    98
    91
    82
    80
    80
    76
    88
    95
    95
    90
    93
    75
    79
    92
    91
   101
   101
   106
   122
   132
   140
   145
   152
   152
   140
   136
   141
   144
   160
   168
   171
   175
   175
   178
   174
   164
   160
   154
   154
   140
   134
   124
   117
   112
   109
   114
   110
   112
   116
   114
   119
   123
   119
    99
    63
    20
     3
    14
    19
    16
    19
    19
    17
    16
    16
    15
    17
    18
    18
    19
    20
    24
    29
    39
   132
   133
   135
   136
   136
   134
   133
   127
   121
   128
    66
    35
    34
    31
    32
    36
    39
    40
    44
    41
    45
    46
    46
    43
    47
    48
    44
    46
    48
    59
    69
    75
    80
    83
    94
    98
   102
    95
    81
    88
   100
    97
    95
   102
   107
   120
   127
   128
   116
   109
    99
    91
   110
   108
   114
   126
   123
   134
   144
   156
   150
   123
   106
   117
   125
   137
   155
   177
   178
   179
   182
   183
   181
   174
   171
   170
   162
   156
   151
   144
   133
   128
   122
   116
   113
   118
   117
   119
   120
   121
   122
   117
   114
   103
    56
     5
     9
    18
    19
    18
    21
    22
    18
    20
    16
    18
    17
    19
    19
    36
    52
    59
   135
   136
   133
   133
   132
   132
   124
   135
   125
    81
    42
    38
    33
    29
    27
    33
    33
    35
    37
    47
    53
    53
    53
    55
    54
    46
    44
    50
    60
    67
    75
    87
    85
    94
    99
   103
    94
    94
   106
   115
   110
   116
   129
   136
   137
   129
   121
   121
   132
   138
   129
   117
   115
   132
   136
   132
   137
   135
   137
   126
    91
    90
    99
   115
   123
   138
   157
   175
   185
   186
   185
   184
   184
   185
   179
   176
   179
   169
   157
   153
   146
   136
   131
   127
   125
   120
   119
   119
   121
   124
   125
   128
   121
   115
   120
   102
    50
     9
     2
     2
     1
     3
     7
     4
     2
     0
     3
    10
    40
    54
    58
    62
   134
   132
   130
   129
   131
   128
   123
   125
   113
    60
    35
    33
    30
    32
    31
    38
    35
    38
    38
    42
    45
    43
    39
    45
    45
    54
    51
    44
    55
    68
    67
    72
    85
    90
    99
    98
   101
   112
   118
   119
   127
   132
   147
   153
   154
   151
   149
   142
   135
   138
   133
   131
   122
   133
   134
   134
   136
   139
   125
    96
    71
    93
   113
   126
   128
   136
   158
   179
   186
   187
   188
   187
   185
   185
   181
   183
   181
   174
   167
   159
   156
   149
   141
   135
   135
   127
   128
   123
   122
   122
   126
   126
   126
   123
   117
   114
   110
    81
    52
    52
    48
    42
    45
    41
    42
    46
    52
    59
    63
    59
    58
    65
   126
   132
   133
   134
   136
   129
   135
   134
    85
    35
    30
    33
    36
    33
    35
    38
    41
    39
    35
    39
    44
    44
    53
    41
    47
    53
    60
    58
    53
    57
    65
    77
    79
    85
    91
   101
   110
   119
   119
   119
   121
   130
   135
   149
   153
   151
   151
   149
   144
   144
   149
   147
   146
   128
   140
   146
   144
   138
    94
    61
    81
   124
   126
   123
   118
   128
   145
   175
   186
   188
   189
   188
   187
   186
   188
   180
   181
   182
   180
   178
   175
   162
   157
   149
   138
   134
   124
   124
   126
   124
   122
   127
   127
   129
   125
   123
   114
   109
    97
    93
    94
    98
    96
    95
    96
    94
    94
    90
    89
    90
    91
    86
   127
   130
   133
   130
   137
   134
   129
    99
    45
    37
    32
    30
    32
    36
    28
    32
    37
    38
    43
    47
    50
    45
    48
    55
    60
    57
    56
    56
    60
    63
    62
    68
    84
    97
   102
   118
   126
   120
   122
   132
   134
   140
   147
   148
   148
   155
   159
   160
   160
   160
   159
   159
   154
   152
   144
   158
   159
   122
    66
    73
   120
   134
   130
   119
   116
   115
   137
   167
   184
   188
   190
   188
   190
   191
   190
   188
   187
   187
   185
   182
   181
   171
   165
   161
   155
   145
   138
   129
   124
   121
   121
   125
   130
   133
   131
   125
   120
   112
   104
    88
    88
    95
    95
    95
    94
   101
    95
    97
    99
    99
   102
   101
   129
   124
   131
   134
   133
   133
   114
    48
    33
    30
    34
    30
    30
    36
    35
    35
    37
    39
    34
    42
    41
    40
    39
    43
    50
    49
    49
    51
    54
    61
    72
    72
    79
    91
   104
   117
   120
   123
   120
   128
   145
   156
   159
   160
   164
   160
   162
   165
   168
   172
   166
   164
   163
   165
   159
   164
   149
    86
    64
   114
   151
   149
   131
   122
   110
   116
   120
   149
   166
   182
   186
   188
   192
   193
   191
   190
   190
   190
   190
   187
   186
   180
   177
   173
   164
   154
   150
   146
   133
   124
   121
   120
   126
   130
   130
   132
   132
   123
   113
   109
    95
    89
    95
    98
   101
    99
   106
   103
   103
   106
   104
   109
   132
   132
   128
   131
   135
   128
    66
    36
    40
    39
    36
    32
    30
    32
    30
    28
    34
    30
    35
    36
    38
    43
    43
    49
    54
    50
    56
    54
    62
    61
    65
    78
    79
    89
   105
   124
   125
   119
   123
   130
   144
   155
   156
   159
   158
   168
   170
   167
   168
   170
   171
   166
   162
   170
   171
   158
   114
    71
    74
   128
   163
   153
   130
   113
   101
   112
   127
   150
   165
   170
   182
   181
   188
   192
   192
   192
   191
   191
   191
   190
   187
   184
   179
   174
   171
   162
   155
   150
   140
   132
   127
   122
   121
   126
   126
   132
   131
   130
   118
   111
   104
    91
    90
    99
   102
   104
   104
   107
   103
   105
   108
   110
   126
   136
   137
   133
   130
    92
    49
    30
    27
    28
    31
    34
    31
    28
    36
    36
    39
    46
    45
    46
    51
    53
    54
    54
    52
    54
    51
    64
    68
    75
    68
    69
    88
    93
   106
   129
   119
   121
   134
   136
   143
   153
   162
   168
   170
   170
   171
   174
   173
   176
   174
   177
   170
   176
   172
   140
    87
    62
    78
   135
   164
   153
   130
    93
    92
    91
   102
   132
   153
   165
   168
   181
   185
   193
   195
   195
   194
   195
   196
   193
   191
   190
   186
   177
   177
   167
   159
   151
   144
   136
   130
   128
   122
   121
   124
   127
   128
   128
   126
   120
   113
   103
    87
    89
    97
   100
   102
   104
   109
   107
   114
   113
   132
   130
   127
   119
    75
    50
    33
    42
    47
    47
    42
    44
    40
    35
    32
    36
    38
    39
    46
    42
    39
    51
    50
    45
    45
    48
    55
    59
    64
    74
    83
    75
    82
    95
   109
   115
   111
   120
   133
   144
   155
   161
   171
   172
   172
   169
   172
   176
   177
   180
   179
   174
   176
   179
   166
   123
    78
    66
    68
   129
   157
   142
   106
    81
    81
    66
    59
   100
   132
   157
   168
   181
   189
   196
   201
   199
   200
   198
   194
   197
   195
   195
   191
   190
   182
   172
   166
   163
   154
   146
   138
   133
   132
   127
   125
   122
   123
   124
   122
   122
   118
   109
    95
    87
    93
   102
   104
   104
   107
   114
   110
   116
   133
   130
   123
    78
    49
    32
    35
    33
    40
    48
    48
    46
    40
    31
    34
    36
    34
    31
    38
    37
    42
    42
    51
    44
    47
    46
    45
    48
    53
    63
    74
    71
    84
    94
   110
   118
   126
   143
   137
   146
   157
   168
   172
   176
   177
   182
   182
   179
   181
   180
   181
   183
   181
   179
   166
   123
    93
    73
    72
   125
   154
   130
    92
    75
    60
    61
    66
    75
   113
   141
   160
   174
   181
   198
   201
   201
   201
   202
   200
   199
   200
   196
   193
   187
   184
   177
   172
   166
   158
   148
   145
   140
   144
   141
   134
   127
   125
   123
   123
   123
   120
   114
   111
    93
    82
    93
    98
   103
   102
   109
   110
   110
   137
   129
   106
    53
    33
    32
    32
    27
    25
    25
    29
    30
    34
    36
    36
    33
    36
    43
    44
    51
    57
    58
    53
    51
    49
    54
    47
    43
    51
    65
    81
    89
    95
   107
   115
   128
   142
   148
   156
   167
   167
   160
   171
   174
   179
   179
   179
   180
   180
   182
   181
   184
   179
   180
   170
   138
    93
    70
    64
   119
   155
   117
    85
    64
    56
    83
   110
    92
   117
   136
   153
   166
   178
   197
   202
   202
   202
   202
   201
   200
   198
   196
   194
   189
   185
   180
   173
   169
   158
   152
   147
   148
   148
   147
   151
   138
   126
   122
   123
   124
   121
   119
   112
   109
    97
    83
    91
   101
   106
   102
   113
   112
   131
    91
    55
    35
    37
    35
    34
    26
    25
    27
    24
    28
    26
    28
    33
    38
    46
    48
    48
    48
    50
    46
    48
    45
    47
    43
    44
    50
    52
    76
    99
   106
   110
   110
   117
   131
   138
   151
   166
   169
   169
   164
   158
   166
   177
   179
   180
   180
   184
   182
   187
   189
   188
   181
   174
   147
    93
    65
    61
   115
   151
   111
    82
    55
    76
   123
   131
   107
   111
   142
   145
   160
   170
   194
   200
   201
   202
   203
   202
   201
   199
   198
   195
   194
   189
   184
   176
   170
   161
   156
   152
   149
   148
   150
   155
   153
   140
   125
   122
   124
   129
   124
   117
   113
   105
    90
    88
    95
   103
   104
   103
   110
    99
    64
    38
    33
    34
    33
    31
    33
    31
    30
    30
    25
    29
    32
    26
    24
    30
    36
    40
    41
    50
    52
    52
    54
    42
    52
    55
    49
    57
    66
    86
   126
   132
   124
   129
   134
   140
   147
   160
   175
   180
   180
   181
   171
   174
   182
   184
   187
   189
   187
   188
   190
   190
   184
   174
   147
    88
    64
    63
   114
   141
    98
    77
    76
   121
   149
   152
   121
   107
   142
   149
   157
   165
   191
   201
   202
   202
   204
   203
   203
   199
   196
   195
   192
   190
   182
   176
   169
   161
   150
   150
   146
   149
   160
   163
   159
   154
   140
   126
   131
   134
   134
   129
   123
   111
   105
    85
    83
    94
    99
   103
   107
    86
    56
    39
    37
    32
    31
    27
    28
    28
    29
    29
    32
    31
    32
    39
    40
    45
    52
    63
    52
    41
    44
    47
    49
    49
    41
    40
    46
    49
    62
    87
   128
   132
   122
   127
   139
   151
   168
   180
   183
   187
   189
   188
   180
   177
   180
   186
   187
   189
   190
   189
   191
   191
   185
   169
   147
    95
    65
    65
   111
   136
    91
    79
    78
   144
   183
   173
   150
   114
   144
   150
   156
   163
   190
   199
   202
   202
   202
   203
   202
   202
   199
   196
   196
   188
   183
   175
   170
   161
   152
   146
   148
   153
   159
   167
   167
   156
   145
   137
   137
   133
   138
   137
   134
   121
   109
   101
    90
    92
    96
   100
   101
   104
    63
    42
    35
    35
    28
    29
    28
    26
    24
    24
    26
    25
    26
    22
    27
    38
    45
    45
    51
    47
    43
    39
    40
    44
    51
    46
    51
    52
    68
    98
   139
   143
   141
   149
   158
   177
   188
   192
   194
   191
   187
   185
   178
   182
   185
   184
   189
   190
   192
   192
   192
   191
   187
   183
   167
   100
    72
    66
   107
   132
    88
    84
   111
   183
   207
   200
   178
   128
   141
   148
   154
   163
   185
   197
   202
   203
   204
   203
   202
   201
   199
   197
   195
   189
   184
   176
   167
   156
   149
   147
   151
   147
   151
   162
   167
   161
   156
   155
   148
   149
   147
   145
   137
   133
   124
   107
    96
    88
    96
    96
    99
    68
    49
    44
    35
    34
    31
    29
    30
    31
    28
    27
    23
    26
    27
    29
    26
    29
    26
    31
    45
    57
    52
    50
    54
    56
    57
    51
    49
    58
    75
    98
   143
   166
   161
   165
   166
   172
   182
   194
   196
   195
   196
   191
   186
   186
   185
   190
   189
   190
   191
   194
   194
   192
   190
   185
   170
   106
    75
    71
   104
   128
    88
    75
   120
   160
   192
   219
   187
   135
   138
   147
   151
   162
   186
   198
   202
   204
   205
   205
   202
   202
   200
   200
   195
   190
   185
   176
   167
   156
   149
   145
   140
   145
   153
   144
   144
   149
   154
   159
   159
   155
   157
   154
   147
   139
   132
   119
   100
    93
    88
    94
    98
    53
    40
    39
    40
    36
    33
    35
    26
    27
    29
    30
    31
    31
    32
    33
    38
    41
    51
    56
    52
    50
    46
    49
    47
    50
    49
    47
    48
    53
    74
   108
   151
   178
   177
   181
   181
   178
   183
   192
   193
   194
   196
   195
   195
   191
   191
   189
   191
   192
   192
   193
   193
   192
   186
   183
   169
   113
    65
    58
    91
   118
    87
    61
    62
    80
    71
   123
   190
   152
   139
   147
   155
   165
   185
   196
   202
   203
   202
   203
   202
   200
   199
   195
   194
   187
   180
   169
   166
   153
   148
   144
   151
   145
   129
   115
   136
   151
   161
   165
   163
   164
   161
   165
   162
   153
   143
   125
   114
    99
    94
    90
    96
    71
    47
    45
    33
    35
    31
    28
    32
    35
    31
    32
    36
    37
    37
    44
    40
    45
    52
    54
    56
    60
    65
    66
    69
    50
    37
    46
    43
    51
    77
   103
   132
   177
   177
   183
   179
   184
   188
   190
   192
   193
   195
   195
   193
   192
   191
   192
   191
   192
   194
   196
   197
   193
   191
   186
   174
   118
    67
    54
    81
   119
    93
    59
    32
    46
    64
    71
   116
   145
   137
   145
   151
   161
   184
   196
   202
   204
   203
   203
   200
   201
   198
   195
   193
   185
   175
   168
   160
   150
   151
   156
   162
   138
   122
   113
   147
   167
   170
   171
   168
   166
   167
   166
   168
   160
   155
   144
   127
   105
    94
    94
    90
    88
    54
    39
    32
    25
    25
    27
    30
    25
    27
    27
    28
    33
    41
    55
    61
    61
    56
    53
    45
    53
    50
    51
    46
    47
    41
    38
    44
    67
    93
   130
   158
   165
   177
   178
   175
   192
   194
   198
   199
   194
   195
   194
   194
   196
   195
   195
   194
   193
   194
   196
   198
   198
   195
   190
   184
   126
    72
    67
    74
   104
    90
    75
    90
    85
    47
    77
   107
   145
   138
   146
   156
   172
   190
   199
   202
   204
   203
   201
   201
   201
   199
   195
   191
   187
   173
   163
   158
   154
   159
   172
   161
   145
   121
   105
   150
   174
   183
   178
   173
   170
   162
   167
   170
   172
   165
   158
   142
   127
   104
    91
    91
    76
    56
    48
    36
    31
    28
    25
    25
    28
    26
    28
    34
    33
    34
    42
    55
    60
    62
    58
    55
    48
    51
    49
    56
    48
    38
    39
    43
    67
   110
   143
   163
   165
   174
   180
   176
   189
   197
   199
   197
   198
   198
   196
   197
   197
   196
   195
   194
   195
   194
   198
   200
   199
   197
   192
   186
   131
    76
    59
    70
    94
    75
    65
    78
   160
    65
    63
   109
   151
   146
   153
   155
   169
   193
   202
   203
   204
   203
   202
   203
   201
   197
   193
   190
   183
   172
   163
   154
   157
   172
   172
   165
   147
   131
   101
   150
   177
   182
   180
   172
   171
   168
   169
   172
   175
   176
   166
   160
   146
   123
   100
    91
    91
    57
    39
    35
    33
    29
    28
    26
    25
    28
    26
    20
    28
    31
    30
    37
    40
    43
    48
    48
    50
    45
    42
    42
    46
    53
    50
    54
    71
   106
   149
   169
   161
   147
   149
   165
   184
   197
   200
   202
   202
   201
   200
   199
   197
   196
   193
   195
   195
   198
   198
   201
   202
   200
   196
   187
   133
    79
    62
    64
    93
    80
    55
    42
    32
    51
    63
   102
   148
   151
   149
   157
   175
   194
   200
   201
   202
   202
   201
   198
   198
   194
   190
   185
   173
   167
   161
   160
   175
   176
   172
   168
   159
   146
    95
   155
   182
   178
   175
   174
   170
   165
   171
   173
   175
   177
   174
   169
   163
   139
   119
    93
    90
    53
    42
    33
    28
    31
    32
    30
    29
    29
    28
    30
    33
    33
    33
    34
    37
    41
    46
    51
    56
    56
    57
    56
    57
    51
    51
    53
    64
    85
   123
   159
   172
   176
   162
   172
   185
   194
   196
   200
   201
   200
   201
   199
   198
   198
   198
   198
   200
   199
   199
   200
   202
   200
   195
   187
   145
    81
    56
    69
    91
    89
    73
    22
    24
    36
    49
   118
   155
   154
   152
   159
   180
   198
   202
   202
   203
   201
   201
   202
   200
   194
   188
   180
   175
   169
   165
   174
   182
   183
   176
   168
   164
   158
   105
   120
   183
   180
   175
   166
   168
   168
   174
   175
   173
   176
   178
   175
   166
   152
   137
   111
    76
    51
    37
    36
    33
    30
    27
    28
    31
    29
    30
    32
    27
    36
    36
    41
    50
    52
    50
    51
    52
    52
    52
    54
    57
    50
    46
    46
    69
   103
   137
   157
   161
   163
   161
   163
   187
   196
   194
   197
   199
   203
   201
   201
   200
   197
   197
   196
   196
   198
   200
   201
   202
   203
   199
   193
   158
    94
    62
    76
    99
    91
    77
    47
    50
    71
   121
   142
   157
   151
   158
   171
   190
   199
   202
   202
   202
   201
   199
   196
   193
   190
   183
   180
   173
   168
   173
   182
   189
   185
   181
   179
   174
   173
   126
    96
   168
   184
   182
   171
   157
   166
   172
   179
   179
   182
   183
   177
   172
   161
   147
   126
    77
    56
    49
    38
    30
    31
    26
    29
    27
    28
    29
    29
    29
    31
    36
    40
    48
    53
    57
    59
    53
    47
    42
    47
    54
    57
    52
    44
    61
    98
   151
   176
   173
   165
   160
   164
   174
   193
   197
   192
   197
   199
   199
   199
   198
   197
   197
   196
   199
   197
   199
   199
   202
   201
   198
   191
   166
   106
    70
    82
   105
   106
    82
    89
   119
   167
   176
   151
   156
   155
   165
   181
   197
   201
   200
   198
   200
   200
   197
   196
   190
   187
   184
   178
   174
   174
   177
   185
   186
   186
   188
   186
   184
   176
   139
    95
   142
   187
   177
   176
   161
   151
   164
   175
   182
   182
   183
   185
   179
   169
   157
   138
   100
    63
    38
    38
    36
    29
    30
    25
    24
    24
    27
    26
    33
    31
    29
    34
    33
    38
    43
    49
    61
    48
    52
    55
    54
    45
    46
    49
    74
   114
   141
   169
   173
   177
   176
   170
   166
   169
   192
   195
   193
   196
   199
   201
   199
   200
   198
   196
   197
   200
   200
   200
   201
   201
   199
   194
   168
   120
    88
    89
   106
   118
    94
   108
   101
   131
   160
   147
   153
   160
   175
   191
   200
   202
   202
   200
   200
   199
   197
   192
   187
   183
   182
   183
   184
   184
   182
   185
   186
   188
   192
   190
   185
   177
   146
    99
   120
   174
   177
   172
   169
   149
   148
   164
   176
   185
   186
   186
   189
   180
   172
   153
   107
    70
    46
    35
    34
    33
    34
    29
    29
    30
    29
    32
    25
    27
    31
    29
    36
    45
    58
    62
    56
    50
    45
    56
    58
    51
    46
    49
    80
   106
   141
   170
   164
   154
   153
   172
   193
   189
   188
   199
   202
   202
   202
   201
   202
   199
   200
   197
   199
   198
   201
   203
   200
   202
   199
   195
   180
   130
    98
    94
   106
   119
   119
    95
   123
    89
   129
   155
   164
   169
   185
   200
   202
   200
   201
   200
   199
   196
   194
   189
   176
   165
   161
   164
   178
   176
   181
   185
   189
   190
   190
   188
   190
   182
   157
   107
   107
   154
   183
   178
   170
   157
   144
   154
   168
   182
   187
   193
   191
   185
   176
   160
    86
    55
    32
    31
    31
    27
    27
    29
    27
    26
    28
    35
    37
    39
    40
    45
    44
    49
    49
    49
    52
    58
    52
    48
    51
    44
    40
    54
    88
   114
   142
   158
   169
   163
   163
   177
   191
   201
   196
   200
   203
   202
   203
   201
   198
   199
   198
   196
   195
   199
   200
   201
   201
   202
   202
   195
   174
   144
   109
    98
   115
   115
   125
   110
   109
   134
   118
   166
   177
   180
   195
   199
   201
   195
   197
   196
   193
   188
   181
   167
   150
   142
   152
   145
   153
   169
   167
   177
   186
   190
   188
   186
   186
   183
   166
   106
   102
   149
   155
   173
   169
   165
   146
   145
   162
   179
   185
   191
   193
   188
   179
   166
   104
    62
    46
    39
    36
    33
    27
    27
    26
    33
    34
    26
    31
    38
    47
    55
    60
    57
    58
    57
    53
    52
    45
    49
    50
    48
    52
    54
    71
   114
   158
   181
   183
   183
   185
   194
   196
   196
   198
   199
   201
   204
   203
   203
   199
   199
   199
   200
   198
   199
   200
   200
   204
   202
   198
   194
   182
   156
   113
   105
   109
   118
   121
   132
   123
   136
   167
   180
   188
   191
   197
   198
   192
   193
   189
   190
   191
   188
   178
   160
   159
   178
   184
   167
   128
   148
   165
   170
   178
   183
   191
   191
   187
   185
   172
   116
    99
   151
   154
   164
   167
   161
   150
   138
   160
   179
   186
   190
   191
   191
   184
   168
   116
    68
    37
    40
    36
    28
    31
    28
    32
    31
    40
    44
    33
    32
    32
    45
    60
    64
    64
    67
    52
    52
    53
    48
    51
    54
    60
    58
    70
   113
   158
   176
   172
   166
   176
   190
   196
   199
   198
   198
   201
   202
   200
   200
   200
   201
   200
   198
   199
   200
   202
   202
   201
   200
   200
   196
   184
   175
   157
   119
   122
   119
   111
   128
   136
   146
   166
   175
   184
   190
   191
   188
   188
   189
   192
   191
   190
   188
   178
   177
   182
   189
   187
   170
   117
   110
   136
   151
   164
   177
   188
   190
   189
   188
   174
   124
   100
   146
   156
   149
   168
   161
   155
   137
   149
   177
   186
   189
   191
   191
   185
   172
   111
    82
    51
    26
    33
    32
    30
    29
    24
    28
    30
    40
    41
    50
    62
    49
    37
    58
    62
    59
    66
    52
    47
    50
    54
    56
    56
    56
    76
    93
   126
   155
   170
   174
   176
   187
   186
   190
   201
   203
   202
   203
   202
   200
   201
   200
   199
   198
   200
   200
   201
   201
   201
   201
   200
   196
   192
   181
   172
   162
   149
   140
   118
   109
   126
   138
   148
   156
   160
   165
   175
   177
   182
   185
   186
   188
   185
   180
   174
   168
   182
   191
   189
   177
   127
    79
   106
   127
   146
   163
   177
   188
   191
   191
   178
   118
    93
   133
   169
   148
   154
   159
   157
   138
   141
   167
   185
   195
   192
   190
   185
   177
   110
    66
    41
    30
    30
    29
    23
    29
    32
    27
    24
    34
    38
    38
    56
    66
    61
    44
    50
    56
    56
    59
    55
    51
    53
    55
    57
    58
    60
    92
    99
   130
   175
   168
   175
   184
   189
   185
   190
   199
   205
   203
   201
   202
   200
   200
   199
   199
   199
   200
   201
   202
   203
   201
   201
   197
   195
   189
   182
   174
   170
   157
   142
   113
   109
   121
   146
   161
   169
   174
   175
   177
   180
   180
   182
   187
   184
   177
   171
   166
   165
   175
   186
   184
   146
    96
    95
   110
   128
   142
   164
   183
   189
   191
   176
   120
    94
   115
   178
   160
   148
   147
   151
   137
   136
   161
   188
   193
   195
   193
   186
   179
   107
    60
    38
    30
    29
    33
    35
    23
    35
    40
    36
    26
    27
    32
    45
    57
    61
    62
    54
    39
    45
    51
    56
    59
    56
    56
    47
    54
    73
    90
   137
   153
   171
   166
   173
   185
   194
   197
   199
   197
   197
   203
   205
   202
   203
   201
   200
   199
   200
   201
   201
   201
   202
   202
   201
   200
   196
   193
   189
   187
   183
   178
   176
   171
   149
   138
   146
   162
   171
   173
   182
   183
   185
   186
   183
   182
   182
   180
   178
   178
   174
   173
   178
   185
   166
   120
   103
   109
   119
   132
   151
   171
   187
   191
   176
   118
   100
   100
   172
   168
   144
   137
   148
   138
   133
   154
   185
   195
   195
   192
   184
   175
   106
    44
    33
    31
    29
    24
    30
    36
    29
    31
    40
    57
    35
    21
    46
    59
    61
    56
    54
    52
    38
    34
    41
    52
    55
    46
    50
    54
    73
    99
   117
   160
   175
   171
   180
   191
   190
   195
   200
   202
   202
   202
   201
   201
   201
   203
   202
   201
   199
   200
   204
   203
   202
   202
   201
   200
   198
   196
   193
   191
   187
   188
   189
   193
   188
   183
   169
   178
   176
   182
   182
   181
   185
   180
   184
   180
   184
   186
   188
   193
   189
   191
   187
   189
   179
   137
   105
   107
   117
   128
   139
   161
   183
   190
   179
   135
   105
   102
   164
   177
   147
   136
   144
   139
   131
   151
   182
   193
   195
   191
   185
   174
    97
    50
    34
    33
    23
    25
    26
    31
    27
    25
    31
    48
    75
    76
    48
    52
    65
    66
    59
    55
    58
    51
    46
    45
    43
    43
    39
    46
    63
    93
   118
   149
   169
   165
   164
   173
   184
   189
   194
   198
   198
   201
   204
   202
   199
   198
   198
   201
   201
   201
   201
   202
   204
   203
   204
   199
   197
   195
   191
   189
   187
   191
   191
   198
   202
   196
   200
   191
   196
   192
   193
   189
   185
   189
   183
   188
   185
   190
   196
   195
   201
   198
   198
   193
   190
   164
   121
   102
   113
   119
   126
   145
   172
   183
   183
   151
   110
    94
   138
   172
   146
   139
   138
   133
   127
   140
   180
   191
   188
   191
   187
   172
   102
    46
    36
    26
    29
    25
    26
    25
    34
    31
    29
    28
    35
    63
    73
    65
    70
    59
    51
    53
    55
    62
    55
    60
    62
    49
    41
    49
    54
    88
   123
   149
   168
   155
   162
   168
   175
   188
   200
   195
   198
   197
   200
   202
   201
   198
   198
   197
   198
   201
   202
   203
   204
   202
   201
   201
   198
   199
   194
   194
   194
   196
   197
   198
   204
   206
   205
   205
   205
   205
   202
   200
   200
   200
   196
   194
   192
   195
   198
   203
   201
   202
   201
   200
   191
   177
   135
   102
    99
   102
   116
   140
   165
   177
   184
   161
   119
    96
   129
   164
   150
   140
   140
   136
   124
   138
   182
   192
   194
   188
   181
   169
   128
    48
    28
    29
    27
    30
    26
    28
    26
    32
    27
    35
    39
    33
    36
    55
    65
    85
    81
    62
    47
    49
    48
    40
    43
    53
    55
    53
    72
    90
   119
   165
   181
   182
   189
   189
   194
   191
   191
   199
   200
   201
   199
   200
   201
   200
   198
   199
   200
   201
   202
   201
   204
   203
   202
   200
   201
   200
   199
   198
   200
   198
   200
   204
   205
   207
   207
   208
   206
   206
   209
   208
   209
   206
   208
   204
   203
   202
   203
   202
   204
   202
   202
   201
   197
   183
   150
   105
    88
    99
   117
   143
   161
   176
   185
   171
   133
   101
   117
   159
   146
   142
   138
   136
   125
   140
   181
   193
   190
   189
   181
   169
   134
   120
    70
    32
    25
    27
    27
    21
    27
    31
    35
    28
    35
    46
    61
    49
    49
    46
    61
    74
    74
    60
    47
    36
    36
    32
    37
    45
    55
    86
   117
   164
   174
   181
   188
   192
   191
   198
   195
   195
   197
   201
   201
   201
   200
   200
   198
   199
   197
   199
   201
   201
   202
   202
   202
   200
   200
   199
   199
   196
   196
   199
   202
   202
   204
   206
   205
   208
   206
   206
   206
   206
   207
   206
   207
   206
   208
   207
   206
   206
   205
   207
   204
   202
   197
   187
   147
   103
    89
   102
   122
   144
   161
   178
   189
   164
   126
    99
   120
   163
   144
   139
   137
   135
   130
   146
   179
   188
   193
   189
   181
   167
   132
   125
   109
    40
    29
    22
    25
    31
    23
    24
    29
    36
    28
    27
    45
    65
    77
    72
    53
    44
    50
    60
    84
    78
    61
    52
    45
    61
    61
    80
   107
   161
   176
   169
   175
   182
   192
   198
   198
   200
   199
   197
   201
   201
   201
   196
   197
   197
   200
   198
   200
   201
   204
   201
   202
   202
   200
   198
   196
   193
   192
   193
   196
   201
   202
   204
   206
   204
   207
   203
   206
   205
   203
   208
   205
   207
   206
   207
   206
   204
   207
   203
   207
   202
   197
   182
   151
   103
    91
   107
   126
   143
   157
   177
   185
   155
   117
    96
   123
   152
   141
   135
   142
   130
   124
   151
   179
   189
   192
   188
   183
   169
   126
   121
   104
    60
    35
    31
    29
    29
    33
    25
    25
    29
    38
    41
    29
    33
    56
    64
    60
    70
    70
    57
    51
    76
    74
    65
    55
    54
    81
   107
   125
   158
   178
   184
   190
   198
   201
   201
   205
   201
   200
   197
   199
   199
   198
   197
   198
   201
   197
   200
   201
   202
   203
   203
   200
   200
   197
   197
   194
   193
   190
   194
   199
   201
   200
   206
   206
   207
   205
   205
   206
   209
   211
   207
   207
   206
   206
   204
   204
   203
   201
   201
   202
   201
   196
   182
   147
    99
    91
   103
   131
   152
   169
   180
   177
   140
   116
    98
   139
   154
   140
   139
   141
   129
   129
   153
   180
   189
   191
   189
   180
   166
   131
   126
   122
    72
    34
    29
    30
    25
    26
    29
    29
    28
    31
    42
    46
    43
    43
    66
    69
    60
    65
    66
    59
    53
    49
    47
    55
    65
    85
   117
   136
   160
   166
   170
   181
   193
   198
   201
   203
   204
   203
   204
   203
   201
   201
   199
   196
   195
   198
   198
   203
   202
   201
   201
   201
   201
   195
   192
   189
   186
   182
   186
   190
   196
   200
   194
   193
   194
   196
   195
   195
   195
   192
   194
   192
   191
   191
   189
   196
   196
   200
   199
   201
   198
   189
   172
   137
    91
    97
   123
   142
   156
   170
   183
   174
   134
   104
    95
   140
   146
   134
   144
   147
   135
   130
   161
   179
   187
   189
   188
   174
   162
   129
   129
   122
    70
    42
    30
    35
    32
    28
    30
    24
    24
    29
    31
    35
    44
    52
    49
    66
    71
    62
    60
    59
    50
    46
    46
    49
    62
    82
   120
   148
   163
   177
   184
   191
   191
   195
   199
   200
   202
   202
   202
   201
   202
   201
   201
   200
   200
   199
   200
   200
   201
   200
   200
   199
   195
   194
   187
   185
   183
   179
   179
   180
   174
   162
   150
   145
   153
   160
   167
   168
   170
   166
   162
   167
   165
   167
   173
   182
   190
   191
   192
   194
   193
   182
   156
   108
    80
   107
   136
   154
   166
   169
   174
   171
   120
    94
    99
   147
   137
   138
   140
   143
   130
   138
   161
   174
   185
   187
   184
   170
   162
   130
   130
   123
    68
    35
    39
    29
    28
    29
    29
    37
    32
    21
    27
    39
    40
    54
    51
    49
    56
    61
    67
    68
    59
    49
    41
    44
    60
    94
   121
   145
   158
   176
   186
   195
   202
   201
   202
   202
   201
   201
   201
   202
   202
   204
   202
   200
   198
   198
   200
   200
   200
   203
   201
   197
   194
   189
   187
   179
   176
   172
   166
   158
   139
   130
   128
   132
   142
   145
   149
   157
   157
   163
   165
   159
   159
   160
   162
   167
   174
   180
   183
   182
   184
   167
   122
    84
   102
   135
   153
   161
   172
   175
   176
   166
   126
    89
   105
   137
   127
   137
   146
   141
   129
   143
   166
   175
   181
   183
   175
   165
   150
   133
   134
   123
    74
    37
    30
    31
    28
    26
    24
    27
    37
    41
    29
    33
    52
    56
    64
    57
    52
    54
    64
    57
    57
    54
    46
    46
    62
   102
   138
   157
   163
   181
   184
   189
   198
   203
   204
   204
   203
   202
   204
   205
   203
   201
   201
   200
   199
   196
   198
   199
   203
   202
   201
   201
   196
   187
   183
   185
   176
   164
   145
   127
   117
   130
   145
   161
   163
   155
   156
   158
   159
   160
   161
   162
   167
   164
   159
   151
   150
   155
   159
   172
   175
   149
   104
    92
   132
   159
   164
   166
   171
   172
   179
   176
   125
    94
   112
   129
   130
   146
   145
   135
   134
   151
   166
   174
   182
   180
   174
   161
   146
   132
   130
   126
    72
    29
    30
    33
    31
    26
    28
    28
    31
    54
    63
    42
    37
    57
    58
    62
    59
    49
    55
    58
    48
    45
    43
    50
    65
   100
   126
   156
   179
   180
   187
   192
   195
   198
   203
   200
   204
   204
   202
   202
   201
   201
   199
   199
   196
   198
   196
   198
   200
   199
   202
   200
   196
   184
   175
   174
   165
   132
   124
   111
   125
   140
   154
   178
   180
   180
   175
   171
   168
   164
   163
   162
   164
   163
   158
   153
   149
   161
   170
   164
   161
   127
    87
   113
   140
   164
   169
   172
   169
   174
   175
   169
   123
    94
   111
   127
   138
   146
   148
   135
   142
   161
   170
   175
   178
   179
   173
   157
   133
   126
   127
   125
   102
    22
    22
    28
    24
    27
    27
    34
    33
    31
    49
    77
    61
    42
    53
    48
    43
    51
    54
    69
    67
    46
    44
    45
    56
    96
   138
   158
   174
   191
   192
   193
   196
   196
   194
   203
   202
   202
   202
   202
   200
   195
   191
   191
   196
   195
   198
   200
   198
   200
   198
   197
   194
   184
   167
   146
   114
   109
   109
   116
   125
   125
   146
   156
   176
   165
   175
   188
   188
   180
   177
   176
   169
   170
   165
   155
   141
   139
   161
   173
   156
   115
   119
   145
   163
   168
   170
   173
   172
   172
   176
   162
   125
    95
   109
   136
   144
   149
   140
   137
   151
   161
   167
   174
   173
   172
   157
   144
   129
   131
   133
   123
   118
    40
    27
    23
    37
    29
    27
    26
    39
    29
    23
    38
    60
    55
    46
    55
    49
    33
    44
    52
    62
    54
    42
    38
    54
    86
   121
   158
   164
   182
   188
   196
   200
   203
   201
   201
   201
   201
   201
   200
   200
   198
   194
   198
   195
   194
   197
   198
   199
   200
   200
   200
   192
   181
   151
   109
   105
   110
   121
   127
   111
   125
   126
   137
   160
   158
   154
   186
   195
   194
   190
   184
   180
   179
   171
   165
   152
   140
   138
   148
   153
   151
   169
   175
   168
   171
   172
   171
   169
   168
   173
   162
   114
   101
   125
   148
   151
   148
   135
   148
   161
   168
   170
   171
   169
   161
   148
   134
   105
   129
   129
   126
   110
    61
    21
    31
    33
    34
    28
    29
    22
    38
    44
    37
    42
    52
    60
    66
    73
    72
    48
    38
    32
    38
    37
    41
    56
    86
   135
   151
   179
   181
   183
   191
   199
   199
   201
   202
   203
   202
   202
   201
   199
   200
   198
   196
   196
   193
   195
   198
   199
   199
   199
   199
   190
   162
   114
    97
    98
   113
   126
   121
   115
   125
   122
   167
   153
   166
   151
   161
   188
   196
   195
   193
   192
   187
   184
   181
   175
   170
   166
   165
   164
   176
   176
   175
   173
   167
   169
   170
   172
   172
   167
   147
   101
   112
   149
   154
   148
   143
   151
   161
   167
   168
   168
   168
   163
   150
   139
   116
    94
   131
   131
   127
   117
    85
    24
    21
    34
    34
    34
    29
    24
    27
    34
    37
    51
    63
    56
    55
    60
    64
    57
    44
    36
    35
    45
    53
    60
    84
   124
   165
   180
   190
   192
   192
   196
   200
   200
   202
   201
   202
   200
   201
   199
   196
   196
   194
   194
   193
   195
   197
   199
   200
   201
   200
   191
   153
   104
    81
    90
   111
   120
   104
   121
   118
   127
   137
   142
   162
   162
   150
   175
   195
   198
   198
   196
   194
   191
   190
   187
   186
   182
   172
   172
   172
   167
   168
   168
   169
   169
   172
   170
   163
   160
   139
    89
   131
   160
   153
   148
   153
   160
   162
   166
   163
   163
   160
   153
   141
   127
    95
    76
   131
   129
   124
   117
   118
    49
    26
    20
    30
    28
    29
    37
    36
    33
    29
    26
    36
    54
    55
    47
    54
    65
    70
    52
    38
    36
    40
    68
    97
   138
   156
   164
   175
   188
   197
   199
   199
   202
   202
   202
   199
   199
   200
   199
   200
   198
   195
   193
   195
   198
   199
   197
   201
   200
   196
   190
   143
    90
    72
    84
   113
   116
   106
   112
   124
   171
   167
   143
   151
   165
   154
   164
   186
   199
   199
   200
   197
   195
   194
   191
   189
   187
   186
   179
   174
   170
   161
   166
   169
   175
   166
   161
   153
   145
   122
   114
   158
   155
   158
   165
   166
   167
   164
   164
   162
   162
   153
   144
   130
    98
    82
    85
   134
   133
   127
   113
   118
    64
    29
    28
    23
    26
    32
    27
    33
    49
    58
    52
    48
    39
    30
    39
    54
    44
    52
    56
    58
    48
    48
    63
    99
   134
   160
   180
   187
   186
   191
   196
   201
   200
   203
   201
   199
   199
   200
   201
   198
   194
   192
   193
   195
   196
   199
   198
   199
   198
   195
   183
   121
    75
    68
    81
   115
   106
   114
   102
   166
   193
   188
   154
   153
   166
   162
   160
   176
   196
   198
   200
   198
   197
   196
   193
   191
   192
   186
   183
   177
   169
   167
   165
   169
   168
   171
   160
   149
   135
   104
   127
   156
   162
   171
   169
   166
   162
   161
   159
   157
   159
   148
   134
   102
    83
    82
    78
   132
   129
   132
   121
   106
    79
    25
    29
    31
    24
    26
    32
    28
    33
    45
    61
    68
    64
    60
    49
    39
    47
    40
    33
    30
    40
    50
    60
   101
   129
   148
   156
   167
   180
   185
   194
   198
   200
   198
   201
   200
   201
   198
   196
   197
   193
   192
   190
   193
   196
   196
   198
   197
   195
   192
   176
    96
    68
    57
    75
   110
    95
    96
   140
   201
   213
   204
   148
   142
   169
   162
   160
   169
   190
   200
   198
   199
   199
   197
   195
   196
   192
   189
   183
   178
   170
   168
   162
   163
   162
   157
   157
   143
   129
   108
   129
   162
   176
   170
   161
   155
   159
   158
   153
   150
   142
   123
    99
    84
    76
    77
    85
   128
   123
   126
   127
   118
    89
    31
    28
    37
    31
    23
    28
    36
    29
    35
    35
    40
    57
    69
    71
    66
    50
    38
    37
    42
    38
    52
    73
   105
   143
   159
   161
   155
   162
   177
   185
   192
   195
   201
   200
   201
   199
   201
   199
   194
   194
   191
   192
   193
   194
   197
   198
   200
   197
   190
   163
    97
    68
    57
    79
   108
    89
    79
   128
   147
   168
   213
   170
   138
   157
   170
   158
   163
   186
   198
   201
   199
   200
   199
   200
   199
   195
   193
   187
   183
   173
   171
   164
   160
   159
   152
   147
   142
   131
   111
   135
   162
   168
   162
   153
   153
   149
   150
   146
   139
   119
    97
    87
    79
    77
    79
    80
   136
   131
   127
   124
   120
   104
    43
    25
    29
    42
    40
    33
    29
    39
    35
    41
    46
    56
    50
    61
    65
    70
    64
    45
    33
    43
    48
    54
    93
   128
   159
   164
   192
   190
   191
   194
   195
   198
   196
   195
   196
   195
   198
   196
   197
   194
   191
   189
   192
   193
   197
   200
   201
   196
   185
   147
    87
    68
    59
    81
   112
    89
    66
    18
    39
    64
   108
   152
   126
   150
   161
   163
   162
   179
   196
   199
   201
   199
   200
   199
   198
   198
   195
   192
   184
   177
   172
   168
   165
   153
   146
   132
   114
   116
   119
   135
   152
   153
   150
   150
   149
   152
   141
   134
   120
   104
    93
    82
    76
    77
    85
    93
   128
   132
   135
   125
   128
   116
    48
    27
    22
    21
    42
    33
    33
    30
    46
    44
    37
    39
    60
    55
    57
    60
    68
    60
    42
    44
    40
    59
    88
   127
   146
   147
   171
   192
   192
   193
   194
   193
   195
   195
   194
   195
   192
   192
   190
   189
   187
   186
   189
   194
   195
   196
   197
   192
   177
   136
    78
    61
    64
    94
   110
    85
    63
   100
    78
    59
    65
   125
   128
   150
   152
   153
   155
   176
   196
   198
   199
   198
   198
   200
   198
   198
   193
   190
   180
   175
   171
   167
   159
   148
   147
   142
   127
   112
   117
   131
   143
   147
   144
   148
   149
   146
   136
   123
   111
   101
    86
    76
    81
    85
    91
    95
   132
   129
   131
   130
   131
   131
    72
    30
    31
    40
    30
    37
    32
    41
    39
    43
    52
    57
    54
    54
    53
    50
    63
    64
    60
    47
    43
    44
    80
   124
   146
   144
   148
   165
   188
   193
   193
   196
   194
   194
   195
   195
   191
   191
   188
   184
   182
   183
   189
   190
   192
   193
   193
   188
   175
   125
    73
    65
    62
   107
   110
    80
    50
    85
   141
    50
    55
   111
   123
   143
   148
   151
   153
   171
   194
   199
   201
   199
   200
   201
   201
   196
   192
   187
   184
   177
   172
   168
   160
   150
   145
   148
   146
   147
   150
   158
   158
   152
   147
   142
   142
   132
   123
   113
   107
    94
    77
    72
    76
    84
    85
    90
   133
   129
   134
   136
   132
   129
   112
    30
    34
    39
    58
    48
    55
    38
    52
    55
    42
    46
    56
    59
    60
    38
    28
    33
    42
    46
    54
    67
    96
   117
   139
   123
   125
   144
   170
   185
   191
   191
   192
   193
   191
   189
   188
   189
   187
   188
   186
   183
   189
   192
   193
   193
   192
   187
   177
   122
    66
    59
    70
   121
   115
    85
    46
    39
    33
    50
    61
   107
   117
   140
   141
   152
   155
   175
   196
   201
   201
   203
   200
   199
   194
   195
   194
   191
   185
   181
   179
   172
   163
   154
   147
   151
   152
   157
   168
   166
   163
   150
   143
   136
   127
   119
   114
   109
    98
    77
    65
    70
    69
    66
    63
    58
   136
   132
   127
   132
   133
   129
   131
    39
    30
    33
    41
    58
    59
    57
    46
    46
    60
    56
    53
    51
    61
    64
    63
    52
    32
    26
    31
    53
    90
   108
   128
   116
   118
   121
   143
   168
   180
   188
   188
   187
   187
   189
   189
   184
   186
   185
   182
   184
   187
   190
   188
   188
   191
   184
   169
   123
    68
    60
    72
   134
   119
    85
    52
    24
    37
    39
    41
   104
   101
   125
   140
   148
   155
   177
   192
   199
   201
   200
   199
   198
   193
   190
   191
   188
   187
   181
   176
   170
   163
   156
   152
   148
   151
   157
   167
   166
   153
   145
   132
   120
   117
   111
   112
   104
    86
    54
    48
    50
    48
    45
    31
    17
   130
   134
   132
   129
   130
   127
   133
    80
    23
    32
    30
    27
    42
    42
    49
    48
    40
    48
    56
    63
    47
    51
    52
    57
    68
    60
    48
    47
    60
    89
   106
   108
   114
   119
   138
   152
   167
   176
   183
   183
   186
   184
   184
   183
   181
   181
   180
   180
   179
   182
   184
   187
   186
   180
   159
   114
    63
    51
    75
   139
   126
    82
    49
    27
    17
    41
    91
   121
   109
   138
   139
   152
   159
   180
   190
   196
   198
   200
   198
   195
   193
   191
   188
   186
   181
   176
   173
   166
   161
   158
   149
   151
   152
   155
   159
   152
   147
   130
   120
   118
   112
   110
   109
    80
    36
    25
    22
    19
    21
    20
    21
    26
   130
   133
   133
   129
   128
   126
   124
   123
    39
    22
    37
    42
    34
    35
    35
    29
    34
    42
    45
    61
    70
    50
    47
    49
    53
    55
    44
    48
    66
    75
    77
    83
    99
   105
   114
   134
   148
   165
   178
   183
   183
   185
   179
   180
   177
   180
   175
   175
   178
   179
   183
   183
   182
   175
   160
   108
    63
    51
    81
   141
   126
    88
    46
    55
    85
   113
   139
   113
   110
   136
   138
   149
   161
   181
   192
   196
   200
   199
   199
   198
   194
   191
   186
   183
   180
   171
   170
   166
   162
   151
   150
   150
   148
   149
   143
   141
   127
   116
   115
   112
   109
   107
    90
    35
    10
    16
    13
    15
    14
    19
    22
    21
   133
   132
   132
   134
   132
   132
   127
   121
    63
    25
    24
    32
    50
    51
    39
    46
    38
    34
    39
    49
    58
    61
    58
    58
    59
    47
    37
    40
    45
    59
    72
    90
    95
    97
   100
   115
   139
   153
   166
   175
   180
   181
   178
   176
   173
   174
   176
   172
   171
   175
   183
   182
   175
   167
   146
   105
    64
    59
    98
   152
   133
    92
    80
    47
    71
   108
   118
    92
   106
   129
   135
   154
   162
   186
   195
   195
   194
   196
   194
   194
   193
   189
   186
   183
   176
   174
   168
   163
   155
   152
   149
   145
   145
   137
   131
   123
   120
   118
   113
   108
   114
    99
    45
    19
    18
    15
    20
    22
    23
    18
    18
    19
   135
   130
   133
   134
   133
   131
   128
   133
    92
    31
    36
    28
    34
    55
    71
    52
    51
    48
    40
    49
    54
    57
    53
    46
    52
    54
    55
    50
    53
    62
    77
    91
    94
    90
    89
   108
   128
   138
   150
   156
   168
   166
   168
   172
   170
   170
   165
   170
   169
   169
   170
   175
   173
   160
   141
    90
    60
    55
   109
   151
   136
    91
    88
    55
    42
    54
    68
    77
   105
   122
   131
   148
   164
   182
   190
   192
   195
   195
   192
   193
   189
   186
   184
   177
   175
   164
   161
   158
   147
   144
   138
   135
   133
   125
   120
   120
   119
   116
   113
   114
   100
    53
    23
    24
    19
    24
    28
    23
    21
    21
    18
    17
   131
   131
   130
   128
   131
   132
   134
   132
   126
    51
    33
    32
    25
    17
    45
    66
    44
    39
    58
    51
    53
    71
    62
    56
    50
    54
    59
    61
    58
    66
    80
    87
    90
    85
    82
    86
   107
   124
   135
   144
   156
   159
   160
   164
   168
   163
   163
   164
   165
   166
   174
   171
   170
   156
   137
    91
    55
    63
   113
   147
   138
   111
    69
    92
    56
    36
    54
    85
   114
   133
   149
   163
   168
   186
   190
   190
   189
   192
   193
   191
   186
   181
   179
   176
   169
   165
   159
   148
   138
   127
   122
   120
   120
   123
   126
   125
   121
   120
   113
    92
    43
    26
    35
    29
    29
    35
    27
    23
    18
    16
    15
    20
   133
   133
   131
   130
   130
   131
   129
   131
   135
   102
    25
    37
    38
    30
    19
    44
    66
    59
    50
    54
    49
    41
    50
    59
    63
    71
    70
    68
    67
    69
    79
    86
    72
    84
    78
    87
   105
   120
   135
   142
   150
   159
   159
   158
   161
   166
   163
   162
   165
   166
   168
   166
   166
   156
   130
    96
    56
    69
   117
   148
   140
   124
    93
    81
   105
    84
    80
   122
   136
   147
   160
   167
   172
   185
   190
   191
   191
   192
   189
   188
   185
   179
   175
   169
   164
   160
   153
   145
   134
   126
   124
   121
   128
   129
   130
   127
   123
   114
    97
    54
    36
    31
    32
    26
    32
    29
    23
    19
    24
    22
    22
    17
   131
   133
   133
   130
   133
   132
   132
   128
   128
   133
    64
    30
    39
    50
    40
    26
    36
    63
    63
    56
    54
    63
    69
    64
    60
    51
    57
    57
    64
    69
    73
    77
    79
    73
    82
    87
    92
   106
   119
   134
   144
   146
   154
   155
   154
   149
   156
   157
   157
   157
   164
   162
   159
   153
   131
    82
    60
    72
   118
   143
   137
   126
   119
   101
   104
   116
   114
   132
   150
   158
   169
   174
   176
   179
   184
   182
   184
   183
   184
   179
   176
   170
   166
   162
   155
   147
   141
   131
   127
   124
   123
   129
   125
   124
   118
   122
   113
    88
    38
    36
    39
    40
    32
    38
    42
    31
    32
    30
    20
    21
    21
    21
   130
   127
   130
   131
   131
   131
   132
   130
   125
   128
   126
    48
    37
    31
    42
    43
    34
    29
    43
    54
    66
    82
    71
    58
    51
    53
    62
    53
    57
    59
    69
    67
    76
    73
    75
    74
    71
    88
    97
   119
   137
   148
   148
   148
   146
   149
   146
   153
   154
   153
   155
   156
   151
   153
   140
   101
    48
    54
    96
   143
   137
   122
   118
   118
   110
   114
   115
   134
   159
   170
   170
   171
   172
   173
   175
   179
   177
   179
   177
   171
   170
   161
   158
   155
   147
   138
   130
   125
   122
   121
   120
   115
   116
   115
   118
   106
    65
    28
    26
    29
    37
    41
    38
    42
    43
    35
    32
    23
    24
    22
    20
    15
   131
   133
   133
   131
   132
   132
   131
   129
   123
   122
   129
   107
    49
    54
    32
    34
    37
    36
    45
    50
    56
    46
    47
    40
    35
    55
    56
    42
    51
    56
    70
    76
    71
    71
    77
    77
    79
    68
    79
    86
   106
   127
   144
   147
   146
   147
   145
   138
   141
   142
   136
   135
   140
   137
   139
   134
    91
    26
    60
   128
   138
   126
   120
   113
   112
   117
   131
   150
   161
   164
   170
   172
   172
   171
   167
   165
   171
   173
   171
   167
   160
   152
   147
   141
   137
   131
   120
   114
   110
   112
   111
   115
   115
   104
    70
    21
    11
    21
    25
    25
    23
    25
    37
    40
    39
    35
    30
    25
    21
    22
    20
    20
   129
   133
   133
   131
   132
   131
   131
   132
   128
   132
   123
   128
    67
    47
    55
    43
    35
    35
    45
    53
    35
    36
    48
    48
    53
    59
    59
    50
    55
    64
    62
    62
    68
    69
    65
    69
    67
    70
    66
    81
    94
   111
   115
   119
   130
   135
   137
   135
   131
   133
   136
   131
   124
   127
   127
   124
   125
    68
    19
    76
   127
   131
   124
   117
   118
   129
   148
   161
   167
   176
   173
   174
   174
   166
   170
   163
   165
   161
   154
   153
   146
   146
   136
   130
   122
   117
   119
   117
   121
   119
   113
    95
    62
    31
     9
    19
    24
    22
    24
    27
    33
    30
    34
    34
    31
    34
    31
    27
    20
    21
    19
    19
   135
   130
   129
   133
   131
   131
   132
   129
   126
   128
   127
   127
   121
    34
    42
    44
    46
    48
    38
    35
    45
    52
    50
    56
    63
    64
    61
    52
    60
    58
    70
    64
    66
    73
    78
    67
    66
    59
    63
    58
    71
    82
   101
   108
   108
   119
   116
   121
   119
   119
   117
   116
   118
   113
   118
   118
   115
   110
    61
    22
    38
    80
   102
   110
   119
   133
   145
   158
   164
   170
   167
   168
   163
   164
   158
   161
   156
   153
   150
   141
   137
   120
   125
   125
   120
   113
    98
    91
    75
    56
    27
    10
     8
     8
    22
    19
    21
    22
    25
    25
    26
    32
    36
    44
    51
    47
    38
    24
    23
    17
    22
    24
   133
   130
   132
   128
   132
   132
   131
   127
   128
   129
   128
   127
   129
    99
    23
    30
    35
    42
    55
    55
    50
    53
    57
    65
    50
    60
    70
    51
    59
    57
    58
    59
    67
    76
    89
    75
    64
    64
    60
    58
    56
    65
    73
    84
    91
    93
   100
   101
    98
   102
   100
    97
    97
   101
   102
   114
   120
   120
   123
   106
    77
    74
    92
   108
   114
   129
   143
   151
   157
   162
   164
   158
   158
   153
   151
   148
   147
   140
   133
   120
   106
   106
    91
    57
    38
    27
    18
     8
     7
     4
    13
    21
    26
    27
    21
    23
    23
    26
    27
    29
    29
    34
    33
    34
    37
    35
    29
    26
    20
    20
    18
    28
   132
   131
   129
   130
   131
   131
   133
   132
   131
   130
   127
   126
   128
   136
    68
    38
    35
    42
    48
    49
    61
    52
    60
    52
    45
    54
    69
    54
    54
    60
    58
    58
    61
    65
    71
    79
    68
    55
    52
    48
    49
    48
    53
    56
    62
    68
    64
    65
    63
    57
    59
    57
    51
    52
    60
    77
    98
   112
   121
   128
   131
   130
   127
   126
   128
   132
   136
   144
   151
   154
   155
   156
   149
   149
   142
   137
   124
   111
   107
   108
   119
   107
    41
    10
    10
    13
    17
    23
    28
    23
    18
    18
    18
    21
    24
    28
    27
    27
    27
    26
    31
    35
    39
    42
    37
    35
    26
    25
    18
    21
    29
    30
   129
   130
   133
   133
   131
   132
   131
   127
   126
   128
   126
   126
   129
   129
   130
    51
    44
    43
    47
    52
    54
    62
    61
    56
    54
    65
    64
    60
    55
    57
    48
    53
    58
    69
    65
    64
    76
    67
    55
    50
    44
    41
    40
    42
    43
    40
    39
    36
    36
    32
    31
    32
    34
    33
    32
    32
    45
    55
    71
    88
   100
   107
   117
   126
   130
   130
   138
   136
   137
   143
   140
   138
   136
   120
   102
    98
   104
   109
   119
   125
   105
    53
    31
    29
    25
    26
    23
    20
    17
    21
    24
    25
    23
    25
    23
    23
    28
    30
    35
    33
    38
    43
    42
    44
    48
    32
    27
    19
    24
    27
    28
    24
   130
   129
   132
   129
   128
   128
   134
   129
   128
   130
   129
   126
   126
   123
   119
   106
    34
    25
    28
    35
    55
    65
    51
    48
    52
    64
    68
    64
    50
    50
    50
    40
    58
    61
    66
    66
    62
    64
    53
    49
    41
    34
    32
    31
    34
    34
    29
    26
    25
    28
    29
    28
    22
    28
    27
    29
    19
    16
    13
    13
    25
    25
    32
    44
    60
    75
    81
    92
   101
    97
    85
    72
    60
    68
    87
    88
    90
    90
    74
    40
    18
    15
    25
    29
    29
    27
    31
    26
    29
    21
    19
    19
    21
    22
    24
    26
    27
    30
    32
    34
    33
    30
    37
    38
    36
    28
    20
    24
    28
    31
    28
    25
   132
   128
   130
   132
   133
   131
   131
   129
   123
   128
   130
   121
   115
   122
   126
   131
   118
    54
    26
    28
    41
    31
    30
    33
    41
    38
    54
    59
    54
    53
    51
    48
    42
    57
    59
    52
    65
    66
    58
    45
    43
    36
    34
    31
    26
    26
    27
    27
    28
    25
    24
    27
    31
    27
    29
    25
    28
    22
    20
    17
    14
    15
    14
    15
    18
    23
    29
    26
    34
    46
    56
    62
    66
    74
    64
    45
    34
    18
     4
     8
    15
    18
    20
    25
    28
    24
    21
    27
    23
    24
    27
    30
    26
    25
    27
    27
    26
    26
    28
    34
    34
    44
    47
    41
    30
    21
    29
    36
    41
    38
    28
    25
   129
   132
   132
   130
   132
   129
   133
   129
   128
   125
   129
   129
   126
   133
   132
   123
   133
   126
   107
    65
    50
    17
    35
    36
    32
    36
    40
    50
    44
    42
    52
    49
    44
    48
    61
    68
    42
    48
    61
    51
    40
    37
    36
    34
    32
    27
    28
    28
    27
    25
    23
    26
    25
    29
    28
    29
    26
    28
    24
    24
    22
    23
    20
    19
    20
    21
    24
    30
    32
    30
    35
    38
    52
    44
    34
    39
    37
    35
    28
    22
    18
    25
    23
    22
    21
    22
    24
    24
    28
    26
    22
    27
    22
    24
    27
    30
    32
    35
    37
    37
    47
    49
    44
    36
    26
    34
    38
    40
    37
    25
    22
    24
   131
   132
   130
   129
   128
   130
   128
   129
   131
   129
   129
   130
   127
   126
   130
   128
   124
   119
   119
   136
   105
    68
    22
    31
    42
    43
    40
    44
    37
    36
    43
    38
    36
    41
    44
    65
    69
    36
    26
    49
    48
    36
    30
    33
    33
    32
    25
    20
    20
    24
    25
    19
    23
    22
    23
    25
    28
    24
    26
    27
    24
    22
    23
    21
    22
    22
    25
    25
    26
    26
    21
    22
    19
    26
    40
    49
    62
    57
    51
    46
    36
    28
    30
    24
    26
    21
    21
    18
    21
    24
    27
    24
    29
    29
    28
    29
    29
    32
    33
    38
    32
    31
    26
    27
    32
    34
    39
    36
    25
    21
    19
    15
   133
   131
   129
   129
   133
   129
   131
   130
   131
   130
   130
   131
   133
   127
   121
   124
   126
   125
   114
   113
   129
   119
    74
    23
    16
    34
    41
    50
    38
    38
    35
    39
    33
    28
    30
    38
    50
    58
    32
    24
    29
    34
    27
    26
    28
    26
    25
    28
    22
    24
    22
    23
    20
    19
    23
    20
    25
    24
    25
    23
    22
    21
    21
    25
    22
    21
    22
    25
    27
    26
    27
    24
    21
    22
    27
    38
    45
    45
    49
    48
    48
    46
    33
    32
    31
    27
    25
    24
    22
    22
    18
    26
    19
    25
    26
    28
    28
    26
    30
    29
    30
    32
    30
    34
    33
    35
    34
    27
    21
    19
    18
    18
   131
   129
   131
   133
   129
   133
   128
   132
   131
   133
   131
   131
   130
   131
   125
   127
   125
   124
   127
   124
   112
   124
   131
   107
    61
    39
    25
    24
    35
    36
    41
    38
    33
    25
    34
    32
    39
    41
    40
    31
    26
    24
    30
    28
    25
    27
    24
    22
    26
    23
    24
    23
    21
    23
    18
    22
    24
    25
    22
    19
    24
    26
    25
    25
    26
    20
    19
    22
    20
    23
    24
    27
    28
    28
    25
    22
    28
    50
    55
    58
    45
    34
    33
    27
    26
    35
    35
    33
    32
    34
    34
    29
    34
    29
    31
    31
    31
    36
    35
    38
    36
    38
    40
    32
    29
    23
    22
    19
    21
    22
    18
    17
   132
   130
   129
   129
   131
   131
   126
   131
   128
   130
   133
   129
   131
   130
   128
   126
   127
   126
   124
   128
   128
   114
   117
   116
    99
    75
    64
    45
    35
    19
    15
    26
    31
    32
    24
    28
    37
    32
    41
    33
    30
    25
    28
    30
    31
    25
    33
    30
    22
    23
    24
    24
    27
    27
    27
    18
    17
    20
    25
    28
    28
    27
    25
    20
    21
    20
    20
    22
    21
    21
    15
    17
    15
    23
    30
    28
    25
    19
    37
    47
    52
    44
    30
    27
    28
    24
    27
    34
    32
    31
    37
    37
    41
    31
    33
    33
    37
    33
    34
    32
    29
    28
    26
    24
    22
    19
    17
    21
    16
    16
    16
    15
