   135
   135
   137
   137
   137
   136
   133
   134
   137
   135
   135
   134
   136
   134
   133
   134
   131
   135
   128
    92
    61
    42
    30
    32
    35
    35
    35
    37
    43
    37
    40
    58
    51
    51
    49
    48
    49
    41
    41
    45
    43
    45
    48
    49
    45
    40
    33
    31
    32
    34
    45
    49
    46
    51
    45
    52
    53
    53
    53
    52
    51
    33
    35
    28
    31
    26
    28
    31
    30
    28
    33
    38
    33
    29
    29
    34
    40
    38
    31
    25
    25
    16
    17
    20
    18
    21
    19
    21
    19
    21
    21
    19
    26
    40
    43
    47
    32
    22
    19
    13
    20
    21
    17
    20
    22
    26
    20
    19
    24
    26
    31
    29
   133
   139
   134
   134
   133
   135
   134
   136
   137
   135
   133
   135
   133
   132
   136
   136
   132
   104
    76
    42
    29
    23
    27
    33
    33
    31
    37
    36
    39
    41
    54
    49
    53
    54
    52
    54
    59
    58
    43
    42
    52
    44
    39
    43
    44
    41
    36
    30
    22
    27
    29
    28
    31
    37
    35
    27
    36
    37
    42
    45
    40
    42
    34
    34
    29
    30
    31
    33
    29
    34
    37
    34
    37
    39
    44
    39
    31
    25
    22
    23
    20
    22
    20
    17
    20
    19
    16
    18
    19
    18
    21
    28
    39
    36
    31
    25
    17
    18
    20
    24
    19
    21
    28
    26
    29
    35
    35
    30
    26
    23
    20
    21
   136
   132
   137
   137
   137
   135
   136
   136
   134
   135
   129
   130
   135
   140
   132
   113
    69
    52
    40
    51
    57
    60
    52
    45
    47
    52
    53
    49
    43
    60
    57
    57
    65
    52
    45
    38
    34
    43
    49
    51
    38
    35
    35
    32
    31
    38
    35
    35
    36
    29
    25
    26
    22
    25
    26
    30
    24
    28
    26
    29
    36
    32
    35
    31
    32
    33
    33
    26
    28
    29
    28
    36
    42
    42
    40
    27
    26
    23
    21
    21
    21
    18
    17
    17
    14
    16
    17
    17
    17
    15
    20
    34
    32
    32
    29
    21
    21
    24
    25
    26
    32
    34
    34
    38
    34
    30
    26
    26
    25
    29
    30
    27
   136
   136
   136
   135
   136
   136
   136
   136
   137
   133
   136
   134
   136
   124
    80
    46
    31
    29
    38
    42
    49
    48
    48
    44
    36
    48
    55
    52
    49
    55
    57
    58
    50
    49
    47
    41
    40
    46
    49
    47
    44
    42
    39
    34
    32
    29
    31
    36
    28
    30
    26
    26
    25
    23
    26
    22
    26
    30
    33
    34
    38
    35
    34
    40
    44
    47
    46
    59
    66
    50
    45
    38
    24
    27
    26
    28
    29
    26
    24
    18
    20
    19
    21
    21
    19
    19
    16
    15
    14
    20
    29
    29
    27
    24
    21
    19
    20
    24
    33
    36
    36
    37
    34
    30
    25
    29
    25
    21
    25
    27
    25
    26
   136
   135
   135
   132
   134
   136
   136
   134
   134
   133
   136
   137
   110
    53
    21
    21
    31
    37
    34
    39
    50
    53
    49
    52
    51
    42
    41
    52
    61
    46
    54
    61
    61
    67
    59
    57
    52
    57
    51
    44
    42
    36
    35
    32
    26
    31
    32
    28
    32
    29
    30
    26
    27
    24
    27
    29
    33
    31
    37
    38
    35
    36
    38
    47
    48
    52
    57
    58
    60
    67
    77
    68
    41
    33
    26
    12
    14
    17
    29
    33
    24
    23
    22
    19
    22
    24
    16
    18
    28
    30
    24
    24
    21
    15
    17
    23
    27
    36
    36
    39
    44
    35
    32
    25
    22
    26
    29
    24
    20
    23
    28
    27
   132
   134
   138
   137
   131
   132
   135
   135
   132
   134
   135
   106
    53
    24
    30
    31
    32
    39
    40
    44
    43
    46
    54
    50
    52
    52
    45
    52
    48
    53
    59
    60
    66
    68
    70
    63
    61
    53
    46
    41
    32
    35
    38
    36
    35
    33
    32
    32
    30
    27
    28
    29
    29
    32
    35
    37
    32
    37
    35
    38
    37
    36
    36
    40
    43
    49
    49
    47
    48
    53
    64
    76
    78
    76
    72
    76
    56
    19
     8
     8
    19
    20
    23
    23
    21
    18
    26
    27
    24
    23
    24
    19
    19
    18
    25
    28
    36
    38
    41
    42
    34
    32
    28
    29
    28
    22
    20
    22
    22
    20
    22
    22
   137
   136
   136
   136
   131
   133
   136
   135
   135
   132
   113
    53
    32
    41
    42
    39
    42
    44
    48
    49
    51
    54
    56
    53
    50
    52
    57
    52
    49
    55
    54
    58
    64
    63
    66
    68
    59
    54
    43
    37
    43
    37
    34
    35
    36
    32
    29
    28
    27
    27
    28
    32
    34
    37
    35
    35
    36
    28
    30
    31
    33
    32
    37
    41
    50
    48
    43
    51
    51
    60
    67
    90
   112
   115
   105
    92
    96
    86
    56
    12
    11
    16
    15
    19
    23
    25
    25
    30
    27
    28
    16
    17
    21
    28
    33
    32
    39
    40
    37
    36
    37
    35
    34
    26
    24
    26
    18
    20
    21
    20
    18
    16
   134
   135
   138
   133
   131
   132
   127
   126
   129
   110
    56
    33
    34
    28
    31
    34
    37
    41
    48
    49
    49
    52
    55
    55
    51
    47
    49
    50
    40
    55
    63
    63
    63
    69
    76
    72
    70
    62
    63
    67
    53
    52
    50
    39
    38
    39
    38
    31
    26
    31
    32
    31
    31
    31
    34
    35
    32
    29
    25
    23
    19
    20
    28
    33
    29
    29
    34
    31
    35
    38
    38
    47
    65
    91
   108
   114
   111
   118
   120
    93
    20
    17
    24
    20
    23
    23
    25
    19
    19
    17
    18
    21
    26
    33
    37
    39
    32
    28
    25
    31
    36
    32
    26
    24
    18
    16
    19
    17
    15
    19
    16
    18
   132
   131
   132
   136
   132
   126
   125
   141
   113
    56
    30
    25
    34
    36
    30
    29
    33
    34
    43
    50
    53
    51
    40
    39
    46
    53
    48
    52
    60
    61
    66
    70
    77
    81
    78
    75
    72
    70
    65
    62
    61
    57
    48
    45
    41
    37
    38
    40
    36
    29
    29
    32
    32
    30
    37
    31
    29
    35
    38
    47
    52
    58
    71
    81
    84
    90
    92
    90
    88
    78
    70
    58
    43
    45
    57
    76
    90
   106
   126
   130
    97
    24
    15
    22
    25
    27
    22
    20
    18
    21
    26
    38
    40
    35
    31
    21
    18
    26
    40
    41
    30
    24
    20
    19
    18
    18
    17
    17
    16
    14
    22
    31
   137
   139
   136
   135
   133
   135
   137
   120
    58
    28
    30
    34
    33
    31
    36
    39
    37
    43
    46
    53
    57
    56
    44
    42
    34
    40
    44
    48
    60
    66
    80
    78
    80
    77
    73
    77
    69
    61
    61
    59
    54
    51
    47
    37
    32
    33
    34
    36
    35
    35
    32
    30
    34
    38
    36
    44
    63
    77
    92
   103
   112
   123
   132
   138
   141
   141
   142
   143
   140
   137
   130
   122
   116
   104
    89
    79
    67
    72
    85
    95
    97
    69
    15
     7
     1
     2
    11
    19
    26
    32
    41
    33
    28
    17
    13
    18
    30
    32
    35
    36
    33
    25
    18
    15
    18
    19
    15
    17
    18
    22
    36
    49
   131
   130
   132
   128
   132
   130
   120
    74
    26
    28
    25
    30
    34
    35
    37
    42
    52
    54
    55
    58
    63
    61
    58
    57
    52
    45
    56
    62
    66
    71
    77
    74
    70
    78
    84
    75
    73
    75
    72
    66
    62
    58
    53
    51
    52
    44
    40
    39
    40
    36
    33
    37
    43
    41
    64
    84
   105
   109
   117
   132
   138
   142
   145
   149
   151
   153
   155
   150
   153
   153
   150
   148
   137
   135
   128
   119
   110
   100
    91
    86
    91
    94
    86
    85
    73
    63
    47
    27
    10
    12
    12
     9
    14
    21
    22
    25
    26
    23
    20
    18
    18
    17
    16
    14
    17
    17
    20
    14
    20
    32
    40
    49
   139
   136
   134
   135
   135
   124
    73
    32
    32
    28
    31
    32
    33
    33
    37
    39
    38
    45
    53
    63
    49
    48
    53
    47
    53
    66
    63
    68
    78
    79
    75
    72
    77
    86
    87
    90
    87
    88
    82
    79
    73
    72
    68
    67
    62
    63
    57
    52
    46
    49
    53
    61
    67
    78
   100
   120
   130
   144
   145
   144
   151
   147
   149
   151
   157
   160
   166
   172
   169
   168
   170
   164
   160
   150
   151
   144
   134
   129
   120
   112
   108
   105
   110
   110
   117
   121
   120
   119
   109
    91
    56
    35
    13
     6
    19
    20
    23
    21
    18
    20
    20
    20
    22
    22
    18
    18
    17
    20
    27
    32
    41
    44
   133
   134
   134
   137
   138
    94
    37
    27
    24
    34
    34
    34
    38
    35
    34
    33
    37
    42
    51
    52
    49
    51
    57
    55
    54
    60
    66
    71
    72
    84
    77
    79
    88
    92
    91
    91
    90
    85
    79
    72
    68
    67
    76
    76
    83
    77
    71
    69
    71
    69
    77
    86
    91
   103
   118
   131
   139
   144
   151
   151
   129
   122
   131
   135
   150
   169
   178
   178
   181
   182
   182
   181
   173
   169
   165
   162
   156
   149
   144
   135
   126
   123
   117
   112
   111
   109
   114
   117
   121
   123
   124
   115
    96
    57
    17
     7
    12
    16
    21
    18
    21
    19
    19
    15
    17
    20
    18
    23
    28
    33
    42
    51
   133
   133
   136
   137
   122
    54
    27
    29
    33
    36
    36
    30
    30
    32
    32
    32
    47
    49
    51
    60
    59
    58
    53
    55
    56
    55
    60
    65
    65
    76
    82
    89
    95
    98
   100
    92
    79
    87
    87
    90
    93
    97
   108
   116
   114
   114
   112
   106
   108
   101
    96
   105
   115
   122
   125
   129
   142
   146
   133
   104
    95
    99
   113
   124
   142
   168
   182
   184
   184
   185
   184
   183
   181
   177
   173
   176
   167
   158
   154
   148
   142
   134
   131
   123
   119
   121
   118
   116
   118
   119
   122
   121
   121
   123
   112
    75
    28
     3
     8
    13
    11
     8
     8
     5
     8
     6
     1
     9
    18
    30
    41
    51
   134
   133
   132
   132
    97
    31
    33
    32
    35
    36
    35
    38
    39
    45
    39
    40
    48
    48
    50
    49
    47
    49
    47
    46
    49
    51
    57
    76
    78
    74
    86
    93
    97
   100
    91
    90
   101
   107
   108
   114
   126
   128
   130
   129
   125
   125
   123
   125
   121
   121
   125
   114
   125
   130
   131
   134
   134
   119
    84
    76
    94
   108
   114
   119
   138
   161
   181
   187
   187
   185
   186
   184
   186
   184
   178
   176
   178
   174
   166
   164
   155
   149
   145
   133
   132
   123
   117
   119
   118
   115
   117
   122
   124
   122
   118
   117
   105
    79
    42
    35
    36
    35
    37
    34
    47
    50
    59
    62
    72
    76
    74
    75
   129
   129
   136
   121
    71
    31
    36
    37
    33
    34
    35
    38
    38
    41
    46
    48
    49
    53
    52
    55
    51
    48
    46
    48
    56
    57
    60
    69
    78
    83
    84
    97
    97
    93
    95
   105
   111
   109
   112
   123
   133
   139
   143
   142
   144
   138
   139
   133
   134
   130
   135
   132
   120
   130
   135
   140
   125
    86
    61
    87
   111
   117
   114
   115
   129
   156
   178
   190
   190
   191
   191
   190
   189
   188
   183
   181
   183
   178
   178
   178
   174
   164
   160
   154
   145
   139
   131
   122
   120
   116
   116
   119
   120
   123
   121
   121
   117
   111
   106
    98
    99
   103
   100
   101
    99
   100
   102
    99
   101
   102
   103
   101
   127
   120
   122
   111
    49
    41
    35
    31
    29
    31
    28
    31
    35
    32
    34
    45
    46
    46
    48
    54
    52
    51
    55
    57
    55
    62
    69
    71
    73
    73
    85
    97
   102
   105
   115
   117
   115
   122
   129
   132
   141
   145
   149
   148
   149
   149
   146
   143
   148
   150
   150
   144
   143
   135
   152
   149
   105
    63
    82
   114
   132
   121
   111
   107
   113
   134
   166
   182
   188
   191
   190
   193
   192
   192
   192
   188
   185
   184
   184
   183
   181
   179
   171
   166
   158
   149
   144
   139
   131
   120
   118
   114
   119
   121
   123
   122
   122
   119
   109
   101
    95
    98
   105
   105
   108
   108
   105
   105
   107
   109
   109
   109
   113
   126
   116
    98
    47
    34
    35
    37
    26
    35
    38
    45
    41
    35
    36
    43
    48
    49
    52
    49
    55
    56
    56
    57
    58
    55
    58
    59
    72
    83
    86
    94
    97
   113
   120
   110
   118
   123
   132
   145
   150
   153
   156
   157
   157
   158
   158
   158
   155
   153
   153
   151
   156
   150
   160
   141
    73
    65
   107
   146
   139
   121
   112
   105
   110
   122
   148
   166
   173
   186
   186
   188
   193
   191
   190
   189
   186
   187
   189
   186
   183
   181
   177
   173
   168
   162
   153
   145
   138
   129
   120
   115
   112
   116
   119
   124
   124
   125
   118
   107
    98
    90
    97
   104
   106
   109
   113
   113
   108
   111
   113
   112
   126
   106
    97
    40
    37
    36
    33
    32
    40
    33
    38
    30
    41
    44
    42
    43
    49
    49
    52
    52
    62
    63
    58
    54
    55
    59
    63
    66
    67
    73
    95
    96
   116
   122
   123
   126
   121
   126
   136
   148
   150
   155
   156
   159
   159
   163
   161
   165
   166
   166
   167
   164
   166
   162
   141
   109
    63
    76
   123
   159
   146
   126
   107
    92
   108
   119
   138
   158
   166
   167
   178
   179
   187
   191
   193
   191
   192
   192
   192
   194
   189
   190
   187
   177
   172
   170
   157
   153
   147
   138
   129
   123
   119
   115
   115
   115
   121
   117
   117
   117
   112
   105
    91
    94
   105
   107
   108
   111
   117
   115
   115
   121
   125
   128
    69
    44
    31
    31
    28
    35
    32
    36
    33
    38
    40
    43
    40
    44
    48
    44
    47
    43
    47
    49
    51
    51
    52
    55
    60
    68
    71
    75
    81
    92
   115
   121
   121
   114
   122
   133
   142
   142
   153
   160
   163
   169
   172
   166
   169
   171
   173
   174
   173
   169
   176
   167
   126
    83
    59
    72
   118
   156
   148
   121
    88
    88
    84
    82
   119
   137
   155
   166
   172
   183
   192
   195
   198
   198
   198
   194
   195
   193
   193
   191
   189
   188
   182
   177
   167
   162
   155
   144
   137
   130
   131
   124
   123
   119
   116
   117
   116
   115
   113
   112
   102
    88
    95
   107
   109
   107
   109
   121
   118
   120
   118
    88
    43
    32
    36
    34
    35
    27
    32
    33
    30
    34
    36
    38
    32
    33
    40
    42
    56
    57
    61
    61
    55
    57
    65
    69
    76
    73
    77
    76
    87
    93
   113
   118
   108
   112
   123
   129
   138
   147
   157
   164
   169
   165
   166
   171
   173
   174
   174
   173
   174
   175
   171
   160
   117
    76
    63
    69
   107
   148
   137
   100
    74
    68
    59
    58
    63
   106
   128
   152
   159
   176
   186
   197
   200
   200
   200
   201
   199
   198
   199
   197
   193
   186
   183
   178
   169
   164
   162
   151
   144
   141
   136
   139
   135
   133
   120
   118
   117
   122
   115
   110
   109
   103
    89
    88
   104
   110
   110
   108
   115
   116
   108
    51
    31
    28
    34
    39
    39
    38
    32
    31
    31
    33
    38
    43
    48
    51
    53
    53
    52
    55
    54
    51
    47
    53
    61
    66
    71
    76
    84
    73
    81
    93
   110
   116
   120
   131
   137
   148
   154
   157
   159
   169
   170
   174
   177
   173
   177
   179
   177
   179
   180
   177
   176
   166
   124
    96
    74
    63
    94
   143
   126
    86
    70
    55
    58
    80
    83
    85
   120
   135
   156
   170
   183
   196
   201
   201
   201
   201
   199
   201
   195
   196
   196
   194
   187
   184
   177
   169
   160
   150
   145
   144
   142
   139
   143
   149
   140
   124
   115
   113
   120
   123
   113
   107
   103
    92
    87
   104
   109
   109
   109
   121
    54
    38
    33
    31
    26
    25
    28
    35
    38
    31
    32
    36
    39
    47
    45
    45
    44
    39
    47
    55
    53
    44
    51
    49
    54
    53
    60
    75
    86
    78
    91
   105
   113
   122
   127
   140
   139
   154
   165
   171
   165
   158
   167
   174
   175
   173
   173
   176
   179
   181
   185
   180
   176
   169
   142
   102
    64
    57
    84
   141
   125
    86
    63
    55
    86
   103
   121
    95
   112
   138
   140
   159
   177
   192
   199
   200
   202
   201
   202
   200
   199
   195
   194
   193
   191
   187
   177
   168
   166
   155
   147
   145
   143
   141
   149
   152
   151
   144
   125
   119
   121
   125
   126
   120
   113
   104
    94
    90
   100
   108
   109
   109
    45
    33
    34
    45
    55
    52
    53
    47
    37
    36
    35
    37
    37
    37
    38
    46
    46
    53
    55
    56
    54
    52
    45
    42
    42
    53
    63
    73
    89
    90
    97
   105
   117
   124
   137
   143
   154
   159
   160
   163
   163
   168
   166
   173
   181
   182
   182
   181
   183
   185
   190
   186
   181
   173
   149
   102
    64
    56
    79
   138
   113
    76
    68
    82
   137
   151
   144
   115
   104
   135
   143
   155
   171
   187
   196
   201
   202
   201
   202
   201
   200
   199
   196
   195
   191
   184
   177
   169
   162
   155
   145
   144
   142
   145
   155
   155
   154
   144
   138
   128
   129
   130
   130
   132
   123
   117
   103
    92
    95
   100
   106
   107
    40
    37
    33
    37
    39
    41
    40
    37
    37
    35
    37
    34
    43
    48
    50
    50
    54
    56
    54
    50
    49
    43
    41
    45
    50
    56
    59
    85
   104
   114
   115
   117
   122
   125
   133
   139
   152
   165
   175
   180
   180
   174
   173
   173
   180
   183
   185
   186
   185
   187
   188
   190
   185
   173
   151
   111
    66
    61
    78
   126
   106
    73
    72
   102
   157
   191
   191
   155
   112
   133
   141
   149
   168
   183
   196
   200
   202
   202
   202
   203
   202
   199
   197
   193
   192
   186
   180
   171
   165
   153
   145
   142
   145
   141
   144
   156
   163
   155
   147
   141
   140
   138
   141
   139
   135
   129
   120
   107
    95
    96
   102
   106
    31
    30
    30
    28
    28
    29
    28
    30
    28
    33
    35
    36
    41
    40
    43
    49
    53
    48
    46
    49
    47
    55
    52
    49
    48
    47
    62
    80
   102
   123
   124
   117
   124
   132
   144
   154
   174
   182
   186
   186
   186
   182
   176
   174
   180
   186
   189
   187
   190
   190
   192
   190
   185
   179
   164
   119
    75
    59
    76
   116
   100
    70
    59
    63
    84
   111
   155
   178
   139
   127
   139
   143
   164
   180
   193
   201
   202
   204
   201
   201
   199
   199
   198
   196
   190
   185
   181
   171
   161
   152
   146
   145
   141
   140
   141
   134
   143
   144
   146
   151
   147
   149
   150
   154
   148
   139
   135
   118
   101
    95
    96
    99
    32
    33
    30
    30
    27
    26
    29
    29
    30
    31
    36
    34
    38
    48
    52
    49
    53
    53
    58
    48
    41
    45
    44
    42
    43
    48
    56
    72
   109
   137
   133
   129
   138
   144
   162
   175
   187
   190
   190
   192
   187
   182
   179
   179
   181
   183
   186
   188
   189
   190
   192
   191
   190
   184
   175
   135
    85
    62
    73
   112
    96
    71
    41
    43
    52
    61
    80
   141
   148
   120
   140
   145
   165
   178
   192
   201
   204
   203
   205
   203
   201
   198
   195
   196
   190
   182
   176
   169
   162
   152
   151
   144
   145
   145
   131
   113
   117
   135
   151
   155
   159
   154
   154
   158
   160
   155
   146
   136
   124
   100
    96
    97
    34
    29
    27
    26
    27
    31
    31
    31
    33
    32
    34
    40
    47
    50
    56
    54
    48
    49
    43
    41
    44
    48
    52
    49
    48
    49
    62
    78
   104
   141
   161
   153
   163
   164
   170
   174
   187
   193
   195
   192
   190
   189
   188
   186
   185
   187
   186
   188
   189
   193
   192
   191
   188
   182
   174
   139
    85
    57
    58
   103
    98
    71
    36
    42
    42
    57
    62
    92
   149
   124
   140
   140
   161
   179
   190
   199
   202
   202
   200
   200
   199
   198
   196
   192
   189
   182
   169
   162
   157
   151
   147
   157
   161
   137
   116
   107
   134
   157
   166
   164
   161
   161
   156
   153
   162
   162
   156
   150
   140
   125
   101
    96
    31
    30
    30
    28
    29
    29
    28
    30
    28
    27
    25
    29
    29
    32
    37
    46
    52
    61
    54
    47
    47
    59
    62
    53
    48
    54
    63
    87
   113
   151
   172
   168
   171
   182
   175
   175
   185
   190
   189
   192
   193
   192
   192
   191
   191
   190
   189
   191
   191
   193
   197
   195
   193
   188
   181
   157
    91
    58
    57
    92
   101
    86
    57
    82
    34
    57
    66
    87
   146
   124
   137
   142
   163
   181
   191
   199
   202
   202
   201
   202
   200
   200
   196
   191
   185
   184
   172
   162
   153
   152
   159
   170
   163
   146
   126
    97
   129
   163
   170
   172
   168
   165
   160
   158
   162
   166
   169
   159
   151
   142
   128
   103
    27
    27
    25
    27
    29
    28
    28
    26
    26
    29
    30
    35
    45
    44
    50
    53
    52
    50
    54
    65
    65
    50
    43
    43
    46
    51
    59
    77
   107
   143
   180
   172
   175
   182
   171
   183
   188
   194
   195
   193
   190
   192
   191
   190
   189
   189
   192
   189
   193
   194
   196
   196
   195
   191
   183
   172
   102
    65
    60
    77
    90
    77
    62
   129
   115
    52
    52
    89
   153
   135
   143
   146
   165
   183
   195
   202
   201
   202
   201
   199
   202
   197
   193
   191
   187
   180
   168
   160
   155
   162
   170
   173
   166
   146
   129
    92
   130
   163
   177
   175
   170
   167
   159
   161
   164
   166
   170
   171
   165
   160
   145
   127
    33
    31
    32
    26
    27
    32
    30
    31
    34
    36
    39
    44
    48
    53
    54
    51
    55
    56
    60
    61
    63
    55
    40
    33
    40
    49
    62
    97
   116
   141
   166
   176
   179
   176
   175
   190
   194
   199
   196
   194
   196
   194
   193
   195
   196
   194
   193
   191
   193
   196
   197
   199
   197
   193
   186
   176
   106
    68
    55
    67
    87
    72
    47
    29
    54
    51
    55
   122
   153
   142
   149
   150
   164
   183
   192
   199
   200
   202
   201
   201
   199
   196
   192
   189
   181
   174
   163
   157
   159
   171
   179
   171
   164
   155
   147
   108
   107
   166
   176
   171
   167
   164
   159
   161
   168
   168
   170
   172
   172
   170
   156
   144
    35
    35
    34
    33
    33
    34
    34
    35
    40
    46
    55
    59
    56
    53
    55
    54
    56
    54
    57
    52
    49
    49
    42
    34
    38
    49
    71
   112
   144
   157
   151
   156
   163
   177
   168
   182
   195
   199
   201
   200
   196
   196
   197
   195
   195
   194
   192
   194
   196
   197
   200
   199
   202
   196
   192
   178
   120
    71
    56
    64
    84
    81
    70
    46
    40
    68
   137
   172
   160
   150
   143
   153
   167
   187
   198
   200
   202
   201
   199
   198
   198
   196
   188
   181
   178
   170
   166
   165
   174
   182
   183
   178
   173
   164
   163
   139
    80
   146
   183
   176
   169
   151
   157
   162
   169
   172
   172
   176
   179
   170
   164
   155
    26
    26
    23
    31
    29
    28
    27
    29
    34
    40
    43
    53
    60
    63
    59
    54
    53
    54
    51
    50
    48
    52
    51
    45
    46
    54
    73
   110
   144
   175
   168
   152
   148
   159
   169
   189
   196
   193
   200
   200
   200
   200
   199
   198
   195
   195
   197
   196
   197
   198
   200
   201
   201
   199
   195
   182
   137
    80
    56
    70
    92
    88
    88
   100
   154
   175
   196
   176
   163
   153
   151
   161
   178
   192
   199
   200
   199
   200
   201
   197
   193
   191
   188
   183
   176
   169
   168
   171
   185
   185
   185
   181
   182
   181
   178
   158
    97
   104
   176
   177
   175
   167
   148
   154
   162
   174
   179
   181
   180
   184
   178
   168
    25
    28
    27
    24
    27
    25
    29
    31
    29
    30
    30
    39
    45
    47
    55
    56
    51
    56
    59
    57
    54
    50
    50
    51
    52
    56
    73
   100
   123
   149
   168
   168
   180
   171
   162
   185
   196
   198
   195
   197
   197
   200
   198
   196
   195
   194
   193
   193
   195
   196
   199
   201
   201
   200
   195
   186
   153
    93
    59
    73
    92
    94
    95
    97
   157
   198
   198
   166
   159
   150
   156
   170
   187
   197
   200
   197
   197
   198
   197
   196
   192
   186
   180
   179
   178
   176
   177
   181
   184
   186
   186
   189
   188
   185
   180
   167
   112
    95
   143
   181
   170
   167
   157
   138
   151
   161
   170
   183
   183
   185
   185
   179
    30
    27
    28
    31
    29
    29
    28
    28
    32
    32
    34
    36
    43
    37
    42
    47
    52
    54
    53
    61
    68
    69
    58
    45
    44
    51
    66
   107
   137
   157
   166
   155
   162
   167
   168
   180
   189
   197
   196
   194
   199
   195
   197
   198
   197
   196
   195
   196
   197
   196
   199
   200
   201
   201
   198
   191
   163
   108
    74
    83
   101
   110
    91
   117
    99
   140
   164
   139
   155
   152
   163
   181
   195
   200
   200
   201
   197
   199
   198
   194
   190
   180
   173
   172
   172
   181
   177
   178
   179
   182
   187
   185
   186
   186
   182
   175
   125
    90
   120
   157
   176
   168
   161
   147
   135
   147
   164
   177
   183
   188
   187
   182
    31
    31
    26
    25
    27
    30
    29
    34
    33
    35
    38
    45
    55
    58
    59
    53
    59
    53
    47
    42
    40
    52
    53
    51
    46
    47
    62
    93
   142
   176
   178
   160
   168
   164
   162
   168
   169
   186
   194
   193
   192
   199
   199
   200
   199
   196
   195
   195
   196
   199
   199
   200
   200
   199
   198
   193
   173
   123
    92
    84
   100
   113
   109
    99
   130
    99
   148
   145
   157
   157
   174
   191
   200
   199
   200
   200
   198
   196
   191
   187
   178
   164
   148
   145
   148
   154
   166
   163
   171
   175
   182
   186
   185
   185
   184
   183
   143
    93
   112
   149
   157
   171
   162
   156
   135
   138
   159
   174
   182
   190
   191
   190
    27
    27
    27
    31
    31
    30
    30
    27
    31
    30
    33
    38
    38
    49
    58
    65
    56
    59
    56
    54
    59
    60
    57
    52
    49
    51
    64
   109
   135
   160
   171
   170
   165
   165
   166
   184
   188
   183
   197
   202
   202
   201
   202
   198
   200
   197
   196
   194
   194
   198
   199
   201
   201
   201
   199
   193
   174
   141
   102
    94
    98
   110
   120
   110
   108
   128
   120
   156
   175
   169
   185
   195
   200
   198
   195
   193
   192
   187
   187
   180
   157
   147
   158
   175
   171
   146
   137
   167
   162
   169
   169
   177
   184
   183
   185
   184
   155
    97
    97
   155
   152
   158
   158
   153
   142
   128
   150
   174
   181
   185
   190
   188
    29
    27
    31
    25
    24
    26
    32
    30
    26
    30
    31
    33
    34
    36
    37
    46
    61
    59
    54
    54
    53
    62
    57
    51
    47
    52
    73
   101
   129
   159
   167
   157
   155
   162
   176
   195
   200
   196
   195
   200
   202
   201
   201
   199
   199
   198
   196
   196
   196
   199
   199
   202
   202
   201
   199
   193
   179
   156
   116
    96
   104
   112
   117
   127
   119
   130
   150
   168
   182
   186
   193
   199
   194
   191
   190
   189
   190
   190
   185
   179
   172
   171
   182
   190
   184
   158
   112
   125
   147
   154
   161
   169
   174
   177
   183
   185
   163
   106
    91
   150
   156
   142
   158
   152
   148
   128
   138
   165
   181
   188
   190
   187
    27
    28
    26
    30
    32
    28
    29
    34
    30
    30
    29
    33
    34
    38
    42
    43
    51
    56
    52
    56
    56
    49
    50
    44
    39
    47
    77
   110
   137
   160
   178
   188
   181
   183
   183
   196
   200
   201
   199
   199
   203
   201
   202
   202
   198
   197
   198
   196
   197
   197
   199
   200
   200
   200
   199
   194
   182
   170
   152
   118
   112
   112
   108
   116
   131
   140
   159
   170
   173
   181
   188
   187
   185
   184
   185
   189
   188
   186
   183
   177
   170
   176
   190
   190
   188
   177
   124
    85
   115
   132
   143
   155
   167
   177
   185
   186
   167
   105
    75
   130
   170
   154
   147
   144
   146
   132
   130
   159
   182
   193
   192
   192
    35
    33
    33
    31
    27
    33
    31
    30
    34
    38
    47
    46
    50
    55
    52
    58
    52
    51
    50
    50
    55
    62
    54
    51
    56
    59
    64
    98
   143
   179
   180
   173
   174
   181
   188
   196
   200
   199
   200
   200
   200
   201
   200
   200
   199
   199
   196
   199
   197
   199
   201
   200
   201
   200
   199
   194
   189
   179
   166
   151
   137
   132
   114
   104
   117
   130
   142
   154
   156
   164
   170
   174
   176
   179
   181
   181
   186
   184
   178
   175
   166
   163
   163
   173
   181
   181
   160
   110
    97
   112
   125
   136
   153
   165
   178
   188
   170
   111
    80
   107
   168
   163
   144
   135
   138
   132
   126
   151
   178
   190
   195
   190
    29
    26
    20
    24
    25
    26
    28
    30
    27
    32
    31
    47
    59
    63
    68
    61
    65
    60
    54
    43
    44
    50
    60
    58
    59
    63
    66
    91
   133
   172
   168
   163
   173
   169
   180
   186
   187
   195
   201
   202
   202
   202
   200
   198
   196
   198
   197
   197
   198
   199
   201
   202
   201
   200
   199
   198
   191
   186
   181
   170
   167
   155
   146
   125
   108
   112
   125
   144
   160
   170
   174
   179
   179
   183
   184
   181
   179
   180
   179
   175
   179
   180
   177
   178
   178
   185
   175
   144
   105
   106
   117
   128
   139
   152
   170
   182
   172
   124
    93
    92
   157
   176
   144
   132
   130
   130
   121
   140
   175
   189
   192
   190
    33
    29
    30
    26
    28
    31
    32
    42
    42
    35
    42
    43
    38
    43
    49
    57
    57
    64
    62
    54
    46
    46
    48
    54
    58
    61
    64
    81
   102
   123
   158
   176
   174
   172
   182
   189
   187
   187
   194
   198
   203
   202
   201
   201
   199
   199
   199
   197
   198
   200
   201
   201
   200
   200
   201
   199
   193
   191
   188
   184
   178
   171
   169
   168
   153
   143
   144
   153
   167
   171
   177
   179
   182
   179
   179
   181
   179
   179
   182
   187
   192
   193
   196
   195
   194
   191
   189
   174
   124
   106
   113
   120
   125
   136
   156
   173
   179
   149
   103
    94
   136
   176
   150
   137
   129
   130
   120
   132
   171
   187
   189
   188
    34
    28
    25
    30
    29
    30
    31
    34
    39
    44
    54
    68
    69
    55
    43
    52
    51
    55
    58
    60
    59
    54
    55
    53
    46
    55
    60
    81
   104
   127
   150
   177
   170
   171
   187
   193
   200
   198
   198
   199
   199
   201
   200
   200
   200
   200
   198
   198
   199
   199
   199
   201
   202
   200
   199
   198
   195
   193
   189
   188
   185
   184
   187
   188
   195
   192
   184
   186
   183
   188
   189
   188
   187
   184
   186
   184
   185
   186
   188
   190
   194
   198
   200
   201
   199
   198
   192
   184
   153
   109
   102
   109
   111
   122
   143
   165
   183
   161
   115
    90
   119
   171
   148
   137
   130
   128
   117
   129
   169
   190
   190
   189
    28
    27
    30
    29
    30
    24
    28
    27
    31
    34
    40
    50
    61
    70
    62
    55
    51
    40
    43
    49
    55
    65
    55
    53
    55
    52
    64
    83
   106
   137
   167
   175
   170
   169
   188
   188
   189
   195
   199
   200
   203
   202
   201
   199
   198
   197
   196
   197
   196
   199
   199
   202
   201
   202
   201
   201
   195
   192
   189
   188
   186
   190
   190
   196
   198
   201
   204
   202
   203
   202
   203
   205
   201
   201
   200
   202
   201
   198
   195
   196
   200
   203
   203
   202
   201
   201
   197
   188
   165
   123
    91
    96
   103
   117
   138
   162
   182
   173
   132
    96
   103
   157
   145
   136
   130
   126
   119
   127
   168
   189
   188
   188
    31
    32
    26
    22
    30
    50
    37
    34
    27
    28
    31
    42
    59
    59
    54
    52
    48
    44
    38
    42
    41
    44
    53
    51
    47
    48
    57
    76
    95
   124
   158
   173
   173
   159
   174
   187
   188
   191
   195
   196
   197
   200
   202
   202
   200
   199
   199
   197
   200
   201
   201
   202
   203
   203
   201
   200
   196
   196
   198
   193
   193
   191
   194
   198
   201
   204
   206
   207
   208
   208
   207
   208
   208
   209
   207
   206
   208
   206
   205
   204
   204
   202
   202
   205
   204
   202
   198
   194
   168
   122
    89
    89
   106
   124
   143
   164
   185
   172
   131
    99
   105
   164
   146
   134
   127
   129
   120
   134
   169
   184
   187
   188
    26
    25
    31
    31
    25
    23
    33
    46
    66
    64
    49
    44
    50
    65
    61
    62
    64
    68
    64
    61
    59
    63
    51
    40
    34
    41
    51
    77
   109
   128
   154
   170
   164
   160
   172
   177
   183
   191
   195
   195
   198
   197
   196
   197
   199
   196
   196
   199
   196
   201
   202
   200
   201
   201
   201
   199
   199
   197
   196
   198
   195
   198
   198
   198
   203
   206
   206
   208
   207
   207
   207
   206
   207
   206
   207
   207
   205
   209
   208
   206
   208
   206
   208
   204
   205
   204
   200
   191
   169
   127
    91
    98
   105
   121
   143
   168
   187
   169
   122
    98
   112
   158
   142
   131
   128
   128
   117
   133
   163
   184
   188
   187
    25
    26
    24
    34
    32
    30
    28
    31
    38
    56
    76
    75
    62
    64
    65
    51
    51
    55
    60
    58
    56
    53
    56
    53
    49
    42
    50
    74
    94
   129
   169
   181
   181
   180
   188
   195
   197
   191
   190
   194
   198
   201
   200
   199
   197
   200
   195
   194
   194
   196
   200
   198
   201
   202
   201
   200
   197
   197
   194
   195
   193
   192
   195
   200
   202
   202
   204
   206
   205
   209
   206
   204
   206
   206
   207
   207
   208
   207
   205
   207
   204
   204
   204
   202
   203
   200
   196
   190
   163
   121
    90
    94
   113
   133
   153
   170
   177
   154
   117
    96
   124
   161
   137
   132
   133
   128
   115
   140
   166
   183
   186
   187
    25
    25
    29
    24
    37
    32
    31
    31
    35
    29
    41
    51
    61
    68
    80
    86
    73
    60
    49
    44
    47
    40
    33
    29
    45
    44
    47
    76
   105
   122
   166
   179
   182
   185
   190
   188
   193
   198
   198
   199
   196
   196
   198
   200
   200
   195
   198
   198
   198
   200
   200
   200
   200
   201
   201
   201
   199
   197
   197
   196
   192
   192
   193
   199
   202
   202
   205
   206
   208
   205
   206
   205
   206
   208
   208
   206
   203
   199
   198
   194
   197
   197
   197
   201
   199
   200
   195
   182
   151
   109
    88
   104
   126
   146
   162
   178
   178
   143
   104
    91
   126
   153
   135
   133
   138
   130
   121
   142
   165
   181
   186
   186
    29
    25
    21
    27
    34
    32
    31
    24
    32
    39
    44
    53
    53
    49
    45
    50
    63
    63
    70
    72
    68
    64
    55
    44
    41
    49
    55
    64
    86
   115
   168
   188
   178
   177
   187
   195
   202
   205
   202
   202
   202
   199
   198
   198
   197
   192
   193
   194
   197
   198
   198
   201
   202
   201
   200
   199
   196
   196
   191
   189
   188
   185
   193
   195
   199
   200
   199
   199
   196
   193
   195
   190
   192
   188
   182
   182
   180
   179
   177
   179
   186
   191
   195
   191
   192
   194
   187
   169
   125
    88
    89
   119
   144
   155
   163
   174
   175
   141
    95
    81
   135
   142
   129
   136
   139
   127
   124
   151
   163
   178
   183
   183
    28
    33
    29
    23
    24
    34
    34
    35
    26
    28
    33
    45
    67
    69
    72
    64
    58
    62
    63
    60
    69
    85
    83
    69
    58
    55
    69
    88
   101
   128
   159
   180
   179
   189
   194
   201
   202
   202
   206
   203
   201
   200
   202
   200
   198
   199
   196
   195
   196
   196
   199
   200
   200
   200
   200
   198
   193
   190
   188
   186
   180
   177
   178
   179
   184
   179
   168
   159
   160
   161
   162
   163
   162
   163
   163
   159
   159
   157
   160
   163
   169
   175
   180
   185
   183
   180
   179
   150
    96
    85
   112
   143
   154
   166
   172
   170
   171
   136
    88
    88
   132
   130
   129
   140
   138
   125
   127
   153
   165
   173
   177
   174
    25
    22
    25
    26
    21
    24
    27
    36
    42
    38
    34
    27
    31
    47
    66
    69
    64
    71
    77
    70
    63
    56
    56
    54
    54
    66
    70
    97
   122
   139
   161
   171
   173
   180
   189
   196
   198
   202
   203
   203
   204
   201
   201
   203
   201
   200
   198
   198
   197
   201
   200
   201
   201
   199
   200
   198
   192
   188
   184
   180
   176
   171
   170
   168
   151
   140
   132
   135
   141
   146
   149
   152
   156
   158
   162
   162
   163
   164
   161
   163
   154
   151
   151
   155
   165
   175
   161
   123
    86
   109
   142
   158
   164
   167
   170
   174
   176
   145
    91
    99
   132
   127
   138
   141
   139
   126
   140
   159
   167
   172
   177
   173
    26
    25
    26
    29
    34
    23
    28
    28
    29
    39
    46
    45
    43
    40
    44
    66
    72
    66
    62
    60
    49
    48
    43
    44
    44
    50
    66
    98
   129
   155
   161
   180
   190
   197
   199
   198
   201
   202
   202
   202
   201
   202
   201
   201
   203
   202
   200
   198
   199
   197
   199
   199
   201
   201
   198
   195
   190
   184
   183
   178
   168
   164
   147
   134
   117
   123
   135
   148
   158
   153
   156
   160
   161
   159
   156
   157
   161
   165
   162
   156
   153
   149
   161
   170
   168
   162
   144
   102
    97
   131
   158
   164
   167
   171
   170
   172
   173
   144
    96
    94
   122
   130
   143
   146
   138
   130
   147
   167
   172
   173
   171
   173
    31
    31
    30
    28
    29
    35
    26
    26
    31
    31
    36
    38
    43
    57
    59
    49
    60
    67
    65
    65
    63
    52
    49
    46
    45
    56
    71
   100
   131
   151
   165
   174
   184
   193
   198
   204
   203
   204
   203
   204
   203
   205
   204
   202
   202
   200
   198
   196
   196
   196
   199
   198
   199
   201
   201
   198
   192
   179
   175
   178
   167
   139
   125
   107
   115
   132
   152
   171
   172
   173
   172
   172
   169
   167
   166
   166
   165
   163
   165
   161
   148
   143
   146
   168
   176
   166
   131
   106
   138
   152
   165
   170
   172
   170
   169
   172
   169
   137
    93
    97
   131
   140
   146
   139
   130
   143
   156
   162
   166
   168
   165
   160
    30
    26
    31
    32
    31
    34
    34
    31
    24
    25
    29
    34
    44
    50
    59
    58
    53
    53
    58
    65
    61
    65
    52
    46
    44
    48
    76
   109
   142
   168
   170
   183
   185
   188
   196
   200
   205
   206
   204
   204
   204
   204
   203
   202
   199
   197
   195
   196
   198
   196
   197
   198
   200
   200
   201
   198
   191
   179
   165
   154
   129
   112
   105
   105
   124
   128
   159
   172
   180
   170
   179
   186
   186
   180
   177
   173
   172
   170
   169
   168
   155
   141
   134
   133
   144
   151
   147
   164
   172
   170
   174
   171
   170
   168
   166
   165
   169
   132
    93
   112
   143
   150
   146
   136
   139
   152
   162
   166
   165
   167
   160
   148
    36
    34
    28
    29
    26
    25
    30
    34
    42
    33
    28
    37
    48
    57
    60
    62
    58
    59
    51
    45
    51
    44
    50
    49
    45
    51
    66
   103
   135
   160
   184
   189
   193
   193
   195
   198
   195
   199
   203
   202
   205
   201
   200
   199
   197
   190
   191
   194
   194
   194
   199
   199
   199
   197
   198
   196
   190
   177
   151
   112
   103
   104
   107
   114
   104
   123
   122
   140
   167
   156
   152
   179
   194
   194
   191
   191
   183
   183
   178
   171
   169
   163
   157
   154
   151
   157
   167
   178
   178
   176
   171
   172
   171
   172
   166
   164
   160
   116
    88
   139
   157
   149
   144
   146
   157
   162
   162
   161
   162
   160
   151
   142
    33
    35
    31
    25
    25
    30
    27
    30
    39
    62
    62
    41
    26
    49
    56
    53
    55
    52
    54
    53
    66
    62
    45
    44
    41
    46
    66
    99
   142
   161
   174
   188
   198
   199
   199
   200
   200
   199
   203
   203
   200
   202
   201
   198
   198
   194
   194
   192
   192
   195
   196
   197
   199
   200
   200
   197
   185
   163
   122
    95
    98
   105
   114
   104
   106
   121
   117
   150
   150
   164
   149
   155
   183
   193
   196
   194
   193
   193
   189
   187
   182
   179
   177
   173
   170
   167
   171
   171
   171
   171
   171
   168
   169
   168
   163
   155
   150
   106
   108
   158
   155
   149
   149
   161
   158
   160
   162
   161
   158
   154
   142
   129
    26
    26
    29
    30
    28
    25
    28
    31
    33
    36
    56
    68
    76
    45
    47
    53
    51
    39
    37
    52
    54
    64
    55
    44
    42
    45
    62
    88
   121
   162
   167
   178
   189
   194
   199
   202
   203
   205
   203
   203
   206
   204
   201
   200
   197
   197
   195
   194
   194
   192
   194
   197
   199
   200
   200
   198
   188
   151
   100
    81
    86
   105
   110
    99
   116
   108
   136
   138
   137
   157
   159
   146
   160
   185
   196
   198
   199
   197
   193
   191
   189
   188
   187
   185
   180
   176
   170
   169
   164
   167
   168
   174
   169
   165
   154
   144
   133
   106
   140
   159
   161
   163
   166
   163
   162
   159
   158
   156
   156
   141
   130
   106
    26
    27
    28
    27
    26
    29
    31
    37
    37
    30
    30
    40
    52
    69
    51
    44
    55
    63
    61
    47
    44
    44
    37
    39
    37
    40
    61
    99
   135
   154
   183
   191
   188
   192
   198
   199
   200
   202
   203
   202
   205
   202
   201
   200
   198
   198
   196
   193
   195
   195
   197
   198
   200
   202
   200
   197
   185
   145
    94
    72
    83
   105
   102
    98
   115
   145
   183
   166
   143
   149
   160
   161
   153
   170
   193
   198
   199
   200
   195
   195
   195
   191
   189
   188
   182
   182
   175
   169
   167
   166
   169
   168
   171
   166
   150
   133
   112
    97
   145
   162
   167
   164
   159
   156
   159
   156
   153
   150
   144
   135
   104
    83
    18
    25
    27
    31
    30
    29
    27
    28
    35
    39
    37
    36
    42
    45
    59
    60
    68
    63
    66
    62
    49
    31
    35
    38
    42
    49
    71
    95
   127
   160
   174
   183
   191
   194
   198
   201
   202
   202
   202
   202
   199
   199
   198
   198
   198
   197
   192
   188
   192
   194
   196
   198
   196
   196
   199
   194
   174
   126
    78
    64
    71
   104
    92
    93
    88
   123
   159
   184
   156
   151
   157
   163
   152
   161
   183
   199
   202
   198
   198
   198
   195
   194
   193
   191
   188
   181
   178
   171
   168
   167
   163
   163
   156
   158
   149
   130
   111
   101
   139
   171
   174
   164
   157
   156
   156
   154
   151
   143
   128
    98
    84
    84
    23
    25
    29
    31
    32
    30
    31
    29
    29
    29
    34
    31
    35
    45
    52
    60
    51
    55
    61
    63
    60
    55
    42
    35
    39
    51
    71
   107
   143
   162
   169
   184
   189
   197
   197
   201
   201
   202
   202
   201
   199
   200
   202
   200
   197
   195
   191
   192
   192
   196
   197
   198
   200
   200
   198
   193
   170
   102
    66
    56
    71
    95
    77
    69
    40
    42
    54
    92
   134
   137
   148
   166
   161
   160
   173
   195
   200
   199
   197
   198
   196
   199
   196
   194
   191
   186
   181
   177
   170
   167
   163
   158
   152
   146
   139
   132
   113
   112
   140
   161
   157
   150
   149
   150
   149
   144
   139
   120
   105
    90
    82
    77
    26
    20
    29
    27
    30
    32
    27
    31
    31
    36
    41
    47
    41
    38
    39
    38
    41
    41
    44
    45
    51
    55
    51
    45
    44
    53
    74
   102
   147
   159
   167
   178
   184
   187
   191
   197
   200
   203
   203
   203
   202
   201
   199
   198
   198
   193
   192
   192
   192
   193
   196
   197
   200
   201
   197
   190
   159
    98
    63
    56
    68
   100
    76
    54
    32
    51
    57
    49
    89
   138
   133
   156
   158
   155
   164
   191
   198
   202
   200
   199
   200
   198
   198
   196
   194
   191
   188
   176
   169
   167
   165
   158
   149
   141
   125
   107
   110
   115
   132
   147
   144
   145
   146
   147
   144
   136
   123
   107
    95
    84
    77
    81
    29
    26
    21
    19
    24
    29
    29
    22
    25
    28
    31
    49
    64
    68
    65
    58
    50
    52
    54
    49
    37
    40
    34
    37
    46
    50
    66
   102
   129
   171
   152
   157
   166
   177
   186
   192
   197
   196
   198
   197
   198
   197
   197
   198
   197
   195
   191
   191
   193
   193
   194
   197
   199
   198
   193
   185
   144
    94
    67
    58
    72
   102
    76
    61
    57
    51
    52
    65
    96
   143
   130
   146
   162
   156
   158
   190
   197
   198
   197
   197
   199
   200
   198
   197
   192
   189
   181
   179
   169
   167
   162
   153
   147
   150
   137
   123
   113
   124
   133
   141
   140
   141
   140
   141
   133
   122
   109
    99
    88
    74
    77
    81
    45
    26
    32
    24
    19
    22
    28
    30
    29
    24
    29
    27
    33
    44
    59
    65
    68
    70
    66
    60
    46
    40
    41
    38
    39
    56
    82
   112
   145
   172
   182
   176
   182
   187
   193
   197
   197
   200
   201
   199
   196
   196
   195
   195
   192
   189
   189
   185
   188
   191
   192
   196
   200
   198
   190
   174
   133
    85
    61
    60
    80
   102
    80
    58
   109
   132
    49
    60
    93
   141
   126
   144
   147
   148
   150
   181
   196
   201
   200
   200
   198
   198
   198
   195
   191
   188
   183
   179
   172
   171
   165
   150
   144
   146
   147
   144
   151
   154
   158
   150
   140
   136
   134
   131
   122
   112
   105
    92
    79
    77
    83
    91
    82
    32
    23
    34
    35
    23
    22
    26
    34
    35
    29
    34
    34
    34
    38
    47
    52
    60
    66
    67
    67
    47
    34
    37
    43
    47
    61
    98
   128
   159
   163
   182
   187
   196
   198
   195
   196
   195
   198
   196
   197
   197
   194
   195
   193
   190
   187
   182
   188
   194
   193
   193
   194
   193
   190
   177
   116
    74
    64
    62
    94
   110
    82
    54
    36
    43
    57
    47
    75
   129
   128
   142
   144
   152
   155
   183
   196
   200
   202
   200
   200
   199
   196
   193
   192
   189
   183
   179
   176
   172
   168
   157
   151
   148
   150
   149
   155
   161
   158
   148
   138
   127
   121
   115
   109
   103
    96
    77
    74
    77
    84
    84
    58
    31
    25
    18
    35
    46
    32
    26
    29
    29
    38
    40
    38
    38
    46
    61
    58
    50
    56
    63
    61
    64
    48
    39
    44
    48
    67
   101
   135
   165
   150
   157
   175
   186
   192
   195
   197
   198
   197
   197
   197
   195
   193
   190
   189
   189
   185
   183
   185
   190
   193
   194
   194
   193
   186
   181
   125
    72
    59
    64
   105
   115
    90
    57
    30
    18
    32
    61
   116
   114
   112
   136
   139
   150
   158
   182
   197
   202
   200
   200
   200
   196
   194
   190
   191
   190
   186
   183
   174
   172
   164
   157
   151
   144
   149
   149
   155
   157
   153
   144
   132
   119
   110
   110
   104
    98
    85
    70
    70
    71
    70
    67
    83
    36
    29
    27
    18
    32
    44
    43
    29
    35
    34
    43
    51
    45
    42
    47
    62
    63
    52
    65
    66
    67
    56
    46
    45
    43
    56
    85
   118
   156
   147
   136
   149
   153
   183
   187
   190
   193
   194
   193
   192
   190
   187
   186
   187
   185
   184
   183
   186
   191
   190
   190
   191
   191
   183
   168
   119
    72
    59
    68
   113
   125
    96
    68
    50
    68
    95
   142
   158
   118
   123
   136
   141
   152
   158
   182
   189
   197
   197
   198
   196
   197
   193
   192
   188
   183
   181
   175
   172
   166
   163
   158
   151
   147
   149
   147
   147
   144
   139
   127
   112
   109
   110
   104
   105
    90
    62
    53
    50
    41
    36
    31
   110
    40
    34
    26
    25
    23
    24
    38
    36
    32
    41
    45
    48
    54
    48
    55
    61
    59
    58
    41
    35
    35
    39
    46
    49
    56
    75
   104
   123
   145
   134
   124
   134
   144
   154
   176
   187
   188
   190
   187
   189
   189
   188
   186
   183
   186
   183
   179
   185
   182
   188
   187
   186
   190
   180
   162
   114
    72
    52
    63
   123
   128
    91
    63
    59
   117
   150
   160
   148
   108
   131
   140
   143
   153
   163
   182
   193
   197
   197
   198
   199
   197
   194
   190
   184
   182
   177
   172
   169
   167
   163
   154
   151
   145
   147
   142
   140
   134
   127
   115
   109
   111
   106
   105
    92
    49
    29
    24
    17
    22
    23
    19
   125
    57
    28
    32
    28
    37
    48
    42
    49
    47
    34
    45
    64
    59
    52
    49
    51
    56
    61
    70
    64
    55
    44
    32
    31
    45
    63
    92
   111
   119
   119
   118
   121
   132
   143
   159
   173
   183
   185
   184
   187
   185
   186
   183
   182
   180
   180
   178
   179
   181
   183
   185
   185
   180
   174
   163
   109
    66
    49
    74
   130
   135
   100
    90
    50
    82
   134
   138
   121
    95
   123
   138
   141
   157
   166
   185
   192
   194
   195
   194
   193
   193
   192
   189
   187
   181
   178
   173
   168
   165
   156
   152
   145
   142
   137
   138
   128
   121
   116
   112
   111
   109
   107
    96
    37
    13
    12
    13
    17
    17
    17
    20
   128
    98
    26
    30
    33
    28
    39
    64
    55
    63
    61
    46
    36
    49
    62
    68
    66
    57
    46
    50
    54
    62
    66
    72
    62
    50
    52
    65
    90
   105
    94
   104
   114
   115
   129
   139
   154
   169
   183
   184
   184
   182
   179
   181
   176
   176
   176
   172
   173
   174
   178
   182
   181
   176
   167
   149
   103
    71
    55
    83
   143
   141
   100
    97
    55
    51
    85
   107
   100
    89
   116
   125
   139
   153
   166
   189
   191
   192
   195
   192
   193
   194
   189
   185
   182
   177
   171
   164
   162
   156
   147
   138
   132
   127
   126
   120
   120
   117
   118
   118
   112
   108
    95
    48
    14
    15
    14
    17
    18
    22
    21
    22
   128
   121
    42
    28
    28
    34
    29
    26
    50
    53
    45
    54
    57
    48
    35
    42
    54
    72
    67
    51
    45
    48
    54
    54
    48
    40
    49
    69
    76
    76
    86
   100
   100
   103
   113
   121
   144
   154
   163
   169
   180
   179
   177
   176
   173
   172
   168
   169
   173
   171
   173
   176
   179
   175
   159
   144
    94
    63
    58
    98
   144
   142
   103
    84
    79
    41
    51
    72
    68
    96
   116
   132
   144
   157
   170
   187
   192
   190
   189
   193
   195
   191
   186
   182
   178
   173
   167
   163
   159
   149
   141
   131
   121
   119
   118
   121
   124
   126
   120
   115
   116
   100
    43
    16
    12
    18
    26
    24
    23
    18
    18
    17
   127
   131
    88
    23
    30
    27
    31
    42
    34
    35
    41
    39
    35
    33
    39
    42
    44
    58
    65
    64
    62
    51
    62
    58
    45
    43
    47
    51
    60
    77
    93
    98
   101
    98
   100
   112
   128
   143
   153
   159
   161
   165
   168
   172
   171
   170
   168
   168
   167
   168
   169
   173
   175
   173
   161
   143
    98
    59
    57
   102
   143
   145
   118
    77
    84
    76
    43
    55
    85
   113
   134
   148
   164
   169
   173
   186
   190
   191
   190
   189
   189
   186
   182
   177
   173
   167
   165
   156
   147
   142
   134
   124
   121
   118
   122
   122
   121
   123
   118
   112
    90
    48
    14
    14
    23
    33
    30
    22
    20
    20
    18
    19
   129
   126
   133
    44
    24
    29
    28
    33
    51
    46
    42
    43
    40
    48
    36
    31
    45
    56
    52
    51
    59
    50
    45
    49
    57
    56
    59
    60
    66
    83
    92
    95
    95
    86
    95
   101
   116
   129
   148
   151
   161
   159
   160
   161
   165
   166
   164
   162
   164
   164
   171
   170
   167
   169
   156
   133
    92
    64
    67
   107
   144
   141
   128
   105
    70
    98
   101
    81
   113
   137
   147
   159
   168
   171
   177
   183
   185
   181
   185
   184
   184
   181
   175
   168
   165
   160
   152
   147
   140
   133
   124
   123
   121
   118
   122
   121
   116
   117
   110
    82
    46
    15
    12
    18
    28
    28
    26
    23
    23
    21
    23
    20
   129
   125
   123
    94
    28
    25
    26
    28
    24
    40
    56
    75
    72
    48
    48
    53
    47
    50
    60
    66
    64
    56
    53
    52
    58
    66
    65
    67
    69
    85
    92
    85
    86
    89
    87
    94
   109
   122
   130
   145
   154
   155
   157
   158
   158
   159
   157
   160
   162
   163
   162
   165
   163
   161
   157
   133
    86
    59
    64
   108
   140
   139
   123
   115
   100
    97
   112
   116
   124
   151
   164
   167
   174
   172
   173
   174
   177
   176
   177
   178
   177
   172
   170
   162
   153
   150
   147
   137
   132
   123
   121
   119
   114
   114
   112
   113
   112
    98
    69
    39
    30
    30
    34
    34
    42
    36
    29
    26
    27
    23
    18
    18
   132
   132
   122
   120
    42
    34
    31
    26
    26
    21
    27
    34
    57
    67
    50
    52
    60
    51
    49
    56
    56
    64
    60
    64
    72
    67
    74
    80
    80
    87
    85
    75
    79
    88
    85
    90
    98
   106
   123
   132
   149
   149
   160
   162
   157
   154
   151
   155
   159
   162
   158
   158
   158
   157
   155
   149
   102
    55
    43
    86
   134
   138
   124
   115
   113
   111
   108
   112
   131
   155
   167
   173
   173
   172
   174
   174
   172
   170
   174
   173
   169
   167
   162
   152
   147
   139
   133
   131
   121
   113
   111
   108
   111
   106
   113
   106
    81
    48
    21
    30
    30
    39
    38
    41
    42
    33
    29
    24
    18
    20
    23
    22
   128
   129
   132
   128
    97
    20
    38
    37
    39
    36
    23
    28
    29
    43
    71
    70
    61
    60
    53
    47
    53
    55
    61
    51
    43
    56
    68
    67
    65
    73
    72
    83
    70
    73
    82
    76
    82
    94
    96
   113
   130
   141
   148
   148
   153
   154
   152
   148
   151
   147
   147
   148
   145
   144
   144
   144
   138
   106
    36
    47
   106
   142
   131
   120
   112
   110
   115
   136
   149
   164
   172
   172
   172
   172
   169
   170
   167
   163
   164
   162
   156
   151
   144
   143
   135
   128
   119
   111
   108
   108
   109
   115
   113
   105
    75
    46
    20
    13
    22
    22
    29
    32
    35
    37
    38
    37
    32
    27
    26
    24
    17
    18
   131
   131
   127
   131
   135
    66
    29
    38
    35
    41
    42
    27
    27
    28
    34
    56
    59
    65
    70
    80
    78
    56
    47
    52
    50
    60
    60
    63
    62
    71
    75
    71
    73
    75
    75
    76
    71
    73
    89
    89
   107
   123
   129
   132
   134
   143
   146
   144
   138
   137
   138
   133
   132
   133
   133
   133
   132
   127
    88
    26
    50
   104
   122
   121
   115
   115
   129
   143
   159
   165
   174
   175
   172
   170
   169
   163
   164
   161
   158
   152
   149
   144
   134
   125
   118
   114
   110
   112
   109
   111
   112
    92
    60
    34
    18
    17
    22
    27
    23
    30
    29
    33
    31
    34
    39
    37
    36
    29
    24
    18
    22
    17
   133
   132
   133
   130
   131
   134
    51
    33
    36
    40
    43
    51
    45
    41
    31
    24
    38
    44
    54
    61
    60
    57
    45
    41
    57
    62
    56
    58
    67
    73
    79
    75
    69
    69
    74
    76
    74
    68
    66
    79
    93
   106
   117
   117
   118
   121
   121
   129
   133
   127
   127
   127
   123
   119
   119
   120
   121
   121
   116
    79
    39
    42
    71
    97
   111
   118
   129
   145
   156
   165
   169
   168
   166
   163
   159
   157
   152
   153
   145
   142
   136
   122
   114
   111
   115
   106
    99
    86
    67
    49
    27
    10
     7
    10
    18
    22
    22
    22
    26
    28
    31
    38
    46
    49
    49
    42
    34
    24
    20
    20
    18
    20
   132
   133
   129
   127
   127
   126
   116
    53
    45
    37
    38
    32
    36
    40
    42
    43
    45
    53
    48
    36
    38
    43
    44
    51
    51
    66
    54
    53
    61
    72
    76
    70
    82
    75
    78
    73
    68
    65
    64
    60
    74
    89
   102
   106
   110
   110
   113
   107
   112
   118
   109
   109
   107
   108
   108
   111
   118
   117
   119
   125
   116
    84
    81
    92
   112
   118
   127
   139
   150
   154
   159
   165
   160
   159
   149
   146
   149
   139
   127
   113
   105
    97
    94
    79
    50
    27
    14
    11
    12
    10
    17
    20
    24
    23
    23
    25
    27
    29
    28
    32
    35
    39
    41
    40
    36
    30
    26
    25
    24
    19
    19
    30
   132
   129
   132
   129
   126
   125
   125
    97
    46
    61
    49
    42
    43
    34
    35
    33
    38
    51
    40
    49
    59
    49
    62
    61
    54
    71
    66
    56
    62
    59
    68
    74
    76
    83
    88
    81
    70
    67
    60
    58
    52
    54
    67
    79
    89
    91
    90
    86
    86
    85
    86
    85
    78
    78
    80
    87
   107
   115
   119
   121
   128
   130
   128
   126
   125
   128
   133
   136
   142
   149
   153
   147
   150
   148
   147
   137
   119
   103
    97
    95
   108
   116
   102
    29
     6
    10
    19
    21
    22
    21
    18
    24
    24
    28
    28
    28
    29
    32
    35
    34
    35
    37
    43
    42
    39
    39
    34
    22
    18
    21
    28
    28
   133
   133
   129
   133
   128
   124
   127
   135
    56
    37
    58
    55
    47
    49
    46
    44
    41
    37
    50
    51
    52
    63
    64
    53
    49
    56
    68
    62
    65
    65
    62
    62
    73
    78
    85
    83
    75
    61
    56
    51
    51
    51
    51
    54
    56
    62
    59
    57
    55
    53
    49
    43
    45
    43
    46
    53
    65
    83
    99
   112
   115
   123
   124
   126
   127
   132
   131
   135
   134
   135
   137
   138
   133
   121
   104
    88
    88
    99
   103
   117
   127
   113
    58
    21
    24
    17
    23
    22
    23
    26
    26
    19
    24
    23
    26
    25
    34
    35
    36
    42
    46
    42
    41
    41
    35
    24
    19
    20
    23
    25
    26
    28
   132
   133
   132
   128
   128
   133
   128
   133
   128
    41
    28
    37
    39
    38
    47
    56
    58
    58
    55
    56
    53
    58
    47
    41
    55
    56
    66
    61
    63
    63
    61
    68
    66
    67
    69
    68
    65
    60
    49
    51
    42
    41
    39
    40
    40
    34
    36
    34
    32
    27
    27
    26
    23
    32
    32
    31
    39
    35
    41
    56
    64
    73
    77
    86
    99
    97
   106
    99
   114
   109
   100
    86
    72
    60
    65
    88
   105
   109
   120
   123
   111
    63
    27
    30
    31
    36
    31
    27
    25
    25
    24
    24
    22
    30
    28
    29
    30
    30
    34
    35
    31
    39
    37
    38
    30
    26
    21
    18
    28
    39
    38
    30
   130
   130
   129
   130
   127
   128
   128
   131
   130
   115
    31
    35
    37
    40
    39
    46
    49
    53
    60
    56
    67
    59
    55
    54
    57
    53
    64
    61
    57
    55
    54
    57
    74
    65
    65
    70
    68
    61
    57
    44
    45
    36
    33
    25
    32
    30
    29
    25
    24
    27
    25
    30
    33
    25
    26
    32
    24
    23
    14
    14
    13
    10
    14
    12
    18
    28
    30
    42
    29
    38
    40
    35
    33
    50
    75
    78
    86
    87
    67
    44
    21
    11
    29
    30
    28
    24
    27
    27
    26
    22
    25
    25
    27
    21
    30
    29
    31
    37
    38
    42
    45
    43
    43
    33
    26
    26
    33
    46
    44
    30
    23
    19
   133
   131
   135
   133
   127
   133
   128
   128
   127
   134
   122
    29
    41
    45
    45
    46
    40
    45
    53
    59
    53
    41
    43
    59
    57
    49
    64
    60
    54
    50
    48
    43
    67
    71
    65
    71
    72
    65
    56
    53
    37
    36
    34
    32
    27
    28
    25
    28
    25
    24
    24
    23
    25
    28
    24
    24
    24
    29
    25
    18
    19
    20
    22
    20
    20
    22
    21
    22
    27
    33
    49
    63
    83
    87
    70
    56
    43
    22
     8
    10
    20
    19
    20
    24
    27
    26
    25
    25
    26
    30
    26
    28
    26
    28
    30
    32
    38
    42
    41
    38
    42
    44
    35
    32
    33
    35
    35
    42
    32
    25
    22
    19
   129
   134
   129
   130
   125
   127
   130
   129
   129
   128
   131
   115
    35
    36
    39
    33
    37
    39
    64
    60
    51
    42
    41
    42
    47
    47
    46
    61
    53
    54
    58
    54
    43
    62
    61
    47
    53
    70
    61
    47
    40
    36
    32
    31
    30
    22
    26
    24
    20
    22
    21
    23
    22
    24
    25
    26
    25
    25
    26
    22
    22
    22
    21
    21
    21
    22
    26
    32
    39
    43
    44
    56
    60
    55
    43
    33
    32
    36
    28
    23
    16
    29
    29
    26
    23
    20
    18
    25
    23
    22
    27
    27
    29
    29
    30
    31
    32
    29
    32
    38
    35
    29
    29
    33
    32
    30
    30
    22
    25
    25
    20
    20
   129
   130
   130
   132
   130
   125
   131
   128
   123
   118
   121
   129
   125
    58
    25
    29
    30
    33
    55
    42
    31
    31
    31
    36
    40
    44
    48
    47
    48
    48
    44
    45
    58
    52
    73
    68
    45
    40
    48
    44
    40
    35
    32
    31
    29
    31
    24
    23
    24
    21
    24
    23
    23
    21
    23
    22
    23
    23
    21
    26
    27
    25
    25
    21
    21
    22
    24
    25
    29
    25
    23
    20
    21
    24
    41
    61
    66
    57
    53
    56
    45
    32
    32
    31
    28
    26
    28
    25
    22
    25
    21
    27
    27
    28
    25
    27
    28
    31
    34
    32
    32
    32
    36
    37
    35
    26
    22
    23
    20
    18
    18
    17
   132
   133
   132
   127
   128
   128
   124
   125
   123
   126
   125
   125
   131
   142
   115
    77
    38
    29
    53
    46
    45
    46
    39
    39
    45
    36
    36
    40
    43
    43
    43
    40
    34
    44
    45
    59
    57
    41
    31
    31
    30
    27
    28
    26
    27
    27
    30
    28
    27
    24
    25
    21
    19
    18
    17
    22
    24
    21
    21
    22
    22
    22
    25
    22
    23
    23
    24
    27
    22
    26
    22
    24
    21
    26
    30
    37
    43
    49
    53
    52
    54
    49
    37
    31
    36
    42
    38
    35
    38
    40
    37
    34
    34
    33
    34
    36
    33
    37
    31
    33
    35
    27
    24
    22
    17
    19
    16
    17
    19
    17
    17
    15
   133
   131
   132
   130
   132
   133
   132
   129
   125
   131
   124
   125
   129
   128
   134
   129
   111
    72
    27
    17
    25
    38
    42
    40
    39
    33
    38
    43
    42
    35
    38
    31
    28
    26
    34
    41
    47
    37
    38
    31
    28
    29
    29
    24
    24
    24
    26
    27
    21
    25
    23
    23
    22
    22
    20
    19
    19
    20
    20
    19
    22
    25
    23
    23
    18
    20
    22
    22
    25
    24
    27
    24
    24
    21
    20
    21
    28
    49
    51
    54
    50
    40
    38
    33
    32
    23
    29
    35
    34
    35
    37
    37
    38
    40
    36
    33
    33
    30
    31
    26
    21
    24
    21
    19
    19
    19
    19
    21
    20
    17
    15
    16
   131
   133
   128
   128
   132
   130
   130
   130
   132
   127
   127
   123
   123
   125
   126
   122
   121
   122
   105
    69
    30
    11
    13
    26
    41
    38
    39
    40
    35
    37
    30
    33
    28
    27
    20
    28
    37
    34
    28
    27
    27
    24
    27
    26
    26
    27
    25
    27
    27
    22
    23
    22
    26
    26
    24
    27
    20
    26
    24
    24
    27
    25
    25
    28
    24
    18
    15
    17
    17
    19
    14
    17
    21
    26
    28
    29
    27
    17
    29
    38
    45
    47
    34
    36
    32
    31
    23
    27
    25
    28
    28
    29
    28
    25
    24
    22
    23
    23
    20
    22
    21
    18
    19
    20
    21
    18
    20
    19
    16
    17
    19
    18
   132
   129
   131
   128
   127
   128
   130
   131
   127
   132
   129
   123
   126
   124
   124
   121
   123
   125
   118
   117
   108
    84
    48
    30
    25
    25
    26
    30
    29
    30
    33
    35
    31
    31
    31
    23
    23
    39
    45
    41
    34
    32
    26
    32
    34
    26
    26
    25
    26
    27
    29
    25
    22
    27
    30
    27
    30
    26
    29
    29
    26
    23
    23
    20
    16
    15
    12
    15
    16
    18
    22
    21
    18
    17
    17
    19
    25
    26
    21
    21
    30
    30
    34
    32
    35
    33
    35
    33
    32
    25
    25
    29
    33
    35
    35
    24
    20
    18
    25
    21
    19
    22
    19
    18
    22
    22
    19
    20
    21
    21
    18
    16
   129
   131
   131
   130
   135
   132
   132
   132
   130
   130
   129
   128
   129
   128
   126
   127
   127
   128
   131
   128
   123
   119
   110
   101
    83
    69
    52
    25
    14
    12
    17
    17
    25
    30
    28
    38
    33
    28
    39
    37
    30
    33
    33
    27
    25
    34
    34
    34
    30
    26
    28
    32
    32
    35
    33
    37
    31
    29
    28
    24
    21
    20
    21
    23
    18
    20
    20
    19
    17
    20
    17
    14
    19
    19
    19
    23
    17
    19
    24
    21
    24
    27
    24
    22
    24
    34
    35
    32
    34
    36
    34
    30
    27
    33
    31
    34
    33
    34
    29
    28
    26
    20
    28
    21
    22
    22
    22
    19
    16
    14
    17
    18
   131
   133
   131
   128
   129
   130
   127
   128
   129
   128
   127
   126
   126
   126
   125
   123
   128
   123
   127
   127
   130
   126
   113
    98
   105
   102
   100
    99
    84
    76
    51
    42
    23
    13
    20
    25
    31
    37
    35
    39
    38
    28
    34
    27
    26
    18
    28
    35
    39
    35
    34
    29
    27
    21
    23
    18
    23
    23
    17
    14
    13
    16
    15
    20
    21
    17
    19
    22
    21
    19
    25
    26
    22
    20
    21
    14
    21
    24
    21
    21
    19
    24
    27
    33
    30
    24
    28
    32
    34
    34
    37
    42
    44
    39
    41
    42
    45
    43
    37
    33
    30
    23
    18
    21
    19
    20
    17
    16
    21
    21
    20
    21
   129
   129
   130
   128
   128
   131
   132
   131
   130
   131
   128
   125
   127
   128
   127
   126
   127
   128
   119
   129
   123
   122
   121
   115
   109
    99
    89
   101
   116
   112
   114
   102
    93
    78
    53
    33
    20
    15
    15
    13
    27
    35
    35
    43
    34
    44
    30
    39
    62
    70
    70
    73
    55
    57
    54
    45
    28
    30
    27
    36
    37
    23
    23
    20
    14
     5
     7
     6
     7
    11
    11
    11
    19
    25
    27
    28
    23
    22
    25
    21
    26
    19
    17
    22
    29
    29
    22
    25
    25
    33
    34
    35
    37
    40
    37
    34
    39
    37
    34
    29
    28
    24
    22
    18
    19
    20
    20
    21
    17
    17
    17
    24
