    52
    49
    53
    52
    49
    46
    46
    50
    53
    49
    61
    56
    54
    51
    50
    57
    62
    52
    49
    54
    56
    58
    58
    51
    58
    50
    42
    43
    38
    39
    45
    33
    30
    29
    26
    28
    20
    25
    29
    31
    42
    45
    45
    47
    51
    47
    47
    46
    50
    50
    45
    86
   165
    71
    65
    68
    76
   104
    96
    88
    63
    54
    58
    54
    53
    53
    54
    58
    95
   154
    63
    44
    46
    51
    51
    50
    50
    55
    52
    47
    52
    50
    48
    50
    48
    53
    45
    44
    47
    48
    45
    48
    47
    47
    48
    50
    44
    44
    43
    44
    44
    44
    45
    48
    42
    45
    44
    41
    43
    47
    44
    51
    41
    46
    46
    43
    44
    51
    57
    52
    51
    61
    59
    62
    58
    59
    62
    63
    63
    58
    54
    46
    42
    42
    51
    49
    46
    43
    46
    45
    44
    49
    41
    39
    40
    29
    27
    35
    44
    47
    49
    51
    49
    38
    33
    28
    37
    49
    49
    52
    47
    47
    29
   138
   129
    53
    63
    64
    86
   110
    77
    69
    65
    60
    55
    56
    56
    55
    60
    55
    51
    90
   167
    67
    35
    47
    50
    48
    49
    48
    49
    52
    51
    47
    47
    45
    49
    44
    47
    45
    44
    44
    47
    42
    42
    45
    49
    43
    50
    43
    44
    45
    44
    44
    44
    40
    47
    47
    46
    46
    42
    38
    43
    76
    48
    48
    50
    55
    61
    55
    52
    55
    65
    63
    58
    53
    54
    59
    56
    57
    59
    59
    61
    59
    50
    45
    44
    48
    39
    49
    48
    57
    53
    46
    40
    35
    36
    35
    40
    37
    42
    49
    58
    58
    56
    59
    55
    53
    43
    38
    40
    42
    47
    52
    36
   190
    90
    58
    57
    67
    92
    99
    78
    72
    69
    51
    55
    52
    50
    54
    53
    56
    57
    60
   115
   189
    30
    47
    48
    48
    48
    48
    46
    47
    48
    50
    48
    50
    49
    47
    45
    48
    45
    48
    46
    46
    47
    44
    47
    45
    43
    46
    45
    46
    42
    40
    43
    44
    41
    41
    43
    42
    43
    48
    49
    83
    50
    46
    52
    53
    48
    53
    61
    62
    58
    61
    50
    52
    52
    48
    55
    62
    61
    48
    53
    53
    46
    46
    41
    42
    44
    36
    47
    46
    44
    46
    42
    40
    34
    37
    51
    57
    53
    53
    52
    55
    53
    56
    60
    59
    74
    59
    43
    44
    43
    34
    57
   210
    85
    54
    59
    69
   101
    90
    70
    33
    14
    42
    44
    57
    58
    54
    55
    57
    56
    69
    80
   162
   133
    35
    45
    50
    47
    50
    47
    45
    47
    51
    45
    45
    46
    49
    51
    46
    47
    47
    47
    49
    45
    47
    40
    49
    43
    44
    43
    39
    39
    46
    45
    38
    40
    39
    44
    45
    44
    40
    39
    97
    47
    49
    44
    43
    48
    49
    47
    53
    59
    63
    54
    50
    48
    49
    50
    49
    55
    61
    57
    57
    55
    48
    48
    43
    42
    41
    42
    42
    51
    47
    46
    44
    36
    39
    34
    32
    26
    30
    29
    36
    33
    32
    31
    39
    26
    18
    14
    13
    17
    38
   112
   188
    61
    42
    44
    51
    66
    65
    33
   161
   223
    99
    12
    45
    46
    55
    51
    59
    57
    70
    72
   108
   183
    44
    50
    48
    51
    47
    47
    50
    48
    43
    50
    47
    45
    48
    45
    50
    50
    48
    40
    43
    46
    44
    44
    45
    43
    40
    41
    42
    42
    39
    41
    42
    37
    39
    42
    43
    39
    44
    49
   111
    46
    48
    52
    51
    55
    58
    60
    55
    57
    61
    61
    57
    55
    58
    58
    53
    59
    56
    50
    50
    47
    44
    41
    42
    39
    39
    43
    53
    56
    51
    40
    25
    30
    42
    64
    75
    93
    97
    97
   102
   102
   100
   101
    99
   102
   102
    99
    97
    88
    66
   151
   141
    64
    80
    79
    73
    81
    88
    62
   221
   224
   215
    73
    72
    64
    49
    40
    34
    34
    40
    60
    79
   196
    51
    24
    35
    42
    50
    49
    46
    48
    47
    47
    49
    46
    46
    50
    43
    44
    45
    50
    47
    48
    46
    48
    45
    40
    42
    40
    44
    39
    38
    35
    40
    36
    40
    36
    39
    45
    39
    57
   119
    45
    44
    48
    52
    50
    53
    57
    58
    53
    57
    61
    61
    56
    50
    54
    54
    54
    54
    58
    57
    56
    54
    47
    52
    51
    50
    49
    42
    39
    39
    55
    74
    99
   113
   116
   119
   120
   122
   121
   120
   118
   119
   120
   122
   124
   127
   134
   137
   108
    75
   127
    90
    81
    97
   111
   124
   125
   130
   100
   217
   220
   221
   143
   138
   137
   135
   136
   124
   120
   103
    94
    76
   157
   129
    99
    74
    48
    26
    28
    43
    49
    48
    47
    46
    46
    49
    45
    46
    47
    47
    42
    42
    43
    45
    45
    42
    41
    41
    45
    37
    40
    36
    40
    39
    39
    38
    42
    40
    38
    40
    70
   126
    50
    51
    52
    55
    58
    58
    65
    56
    61
    52
    54
    51
    53
    55
    51
    51
    54
    61
    63
    52
    46
    56
    59
    62
    63
    50
    48
    63
    77
    99
   112
   124
   130
   130
   129
   130
   130
   127
   131
   128
   127
   130
   127
   128
   131
   137
   134
   118
    90
    76
   116
    86
   105
   122
   112
   110
   124
   126
   121
   212
   220
   217
   150
   134
   140
   141
   141
   144
   142
   146
   148
   144
   161
   142
   142
   141
   136
   117
    86
    50
    28
    33
    48
    51
    45
    48
    47
    43
    50
    50
    48
    46
    44
    44
    42
    39
    39
    42
    37
    39
    39
    41
    40
    34
    35
    40
    37
    38
    39
    37
    84
   119
    47
    50
    56
    49
    49
    49
    53
    58
    50
    50
    44
    47
    48
    49
    50
    48
    48
    52
    52
    58
    60
    50
    59
    64
    63
    63
    77
    92
   104
   116
   127
   137
   139
   136
   137
   136
   137
   139
   131
   133
   136
   133
   135
   135
   140
   137
   131
   116
   103
    95
   114
    84
   128
   120
   117
   112
   114
   121
   119
   212
   222
   216
   127
   136
   134
   136
   139
   145
   143
   143
   147
   144
   159
   156
   139
   143
   144
   141
   140
   132
   115
    72
    30
    27
    43
    47
    50
    47
    43
    47
    43
    40
    41
    42
    43
    41
    42
    39
    43
    39
    36
    40
    39
    39
    39
    34
    36
    35
    37
    42
    96
   119
    51
    58
    58
    55
    55
    47
    45
    44
    55
    52
    51
    52
    54
    56
    50
    51
    53
    57
    57
    57
    56
    53
    51
    57
    63
    81
    93
   101
   110
   119
   131
   139
   139
   144
   145
   140
   140
   138
   140
   137
   139
   143
   141
   142
   136
   132
   139
   127
   100
    91
   107
    81
   129
   128
   127
   112
    93
   100
    81
   107
   198
   151
   115
   126
   131
   132
   135
   137
   142
   141
   149
   152
   159
   168
   142
   149
   149
   145
   144
   140
   138
   132
   125
    78
    39
    26
    25
    37
    42
    42
    48
    47
    42
    45
    41
    41
    36
    38
    40
    38
    36
    37
    39
    39
    36
    39
    37
    42
    39
    40
   108
   114
    51
    59
    60
    58
    51
    55
    57
    52
    56
    54
    46
    51
    58
    62
    55
    50
    51
    54
    52
    52
    53
    58
    64
    65
    68
    81
    98
   103
   112
   124
   137
   139
   144
   143
   146
   146
   145
   145
   142
   141
   145
   148
   149
   149
   142
   139
   144
   134
   105
    98
   135
    89
   135
   125
   122
    99
    96
    84
    59
    83
    97
    94
   100
   106
   112
   122
   133
   143
   142
   143
   151
   154
   166
   177
   149
   153
   154
   150
   147
   144
   140
   136
   132
   136
   129
   116
    90
    64
    47
    47
    41
    47
    45
    45
    41
    40
    39
    41
    39
    40
    37
    37
    37
    33
    39
    39
    38
    33
    41
    57
   116
   118
    54
    52
    53
    50
    54
    54
    46
    46
    42
    40
    52
    56
    54
    54
    56
    54
    53
    50
    54
    59
    56
    61
    63
    73
    74
    84
   100
   102
   110
   121
   127
   136
   140
   144
   147
   147
   145
   146
   150
   150
   150
   153
   157
   153
   145
   141
   149
   144
   115
   109
   132
    82
   136
   122
   109
    99
    90
    62
    87
    93
   100
   103
   111
   109
   110
   120
   118
   127
   141
   145
   149
   153
   175
   179
   154
   152
   150
   146
   143
   142
   142
   142
   138
   137
   133
   131
   132
   128
   120
   101
    85
    65
    52
    31
    41
    39
    42
    36
    38
    36
    37
    38
    36
    42
    39
    39
    37
    45
    38
    65
   105
   104
    55
    54
    50
    54
    56
    57
    54
    51
    43
    41
    50
    59
    52
    57
    52
    57
    49
    60
    57
    59
    61
    61
    66
    80
    83
    90
   113
   105
   112
   116
   121
   135
   146
   147
   148
   148
   148
   149
   150
   153
   152
   156
   158
   157
   153
   147
   155
   146
   112
   123
   130
    84
   132
   122
   100
    97
    70
    93
   121
   119
    95
   107
   125
   127
   119
   126
   128
   119
   127
   144
   152
   156
   169
   165
   160
   162
   153
   150
   149
   144
   145
   140
   144
   140
   136
   131
   122
   123
   120
   122
   125
   113
   105
    85
    45
    42
    50
    48
    41
    38
    40
    38
    36
    34
    37
    42
    39
    44
    50
    73
    91
    85
    58
    55
    50
    55
    50
    51
    50
    49
    46
    42
    58
    64
    66
    58
    59
    61
    58
    57
    70
    66
    62
    64
    73
    86
    86
   104
   107
   113
   117
   118
   125
   140
   141
   147
   149
   150
   152
   150
   157
   156
   159
   158
   158
   159
   153
   149
   155
   149
   119
   134
   119
    87
   135
   121
    94
    87
    77
   131
   142
   135
   108
   109
   125
   130
   127
   125
   135
   133
   125
   140
   154
   161
   154
   154
   158
   160
   156
   151
   148
   146
   147
   146
   147
   146
   142
   142
   132
   112
   114
   110
   107
   109
   110
   105
   109
    90
    49
    40
    33
    41
    42
    47
    45
    46
    44
    43
    41
    43
    55
    65
    86
   113
    50
    57
    54
    54
    51
    50
    50
    48
    54
    61
    63
    61
    66
    58
    60
    61
    62
    61
    69
    66
    62
    67
    81
    86
    96
   100
   110
   119
   120
   125
   136
   141
   138
   147
   148
   151
   153
   154
   156
   160
   160
   160
   164
   165
   157
   144
   154
   152
   119
   143
   113
    90
   134
   122
    96
    79
   101
   140
   152
   163
   127
   108
   121
   127
   120
   120
   129
   134
   138
   135
   157
   165
   141
   154
   161
   155
   149
   151
   148
   147
   148
   145
   147
   148
   148
   145
   140
   125
   123
   111
   103
   101
   109
   117
   122
   120
   114
    97
    54
    37
    43
    43
    45
    42
    49
    44
    45
    47
    52
    75
   101
    96
    54
    58
    49
    43
    48
    50
    53
    50
    56
    55
    69
    66
    61
    63
    62
    54
    53
    61
    66
    74
    73
    72
    85
    84
    89
   101
   117
   118
   111
   123
   143
   143
   141
   141
   142
   148
   153
   159
   160
   164
   166
   165
   164
   163
   158
   150
   159
   156
   123
   156
   109
    97
   133
   121
    92
    84
    87
    76
    60
    90
   130
   108
   124
   128
   122
   122
   125
   132
   136
   135
   153
   160
   138
   154
   159
   161
   152
   147
   146
   150
   150
   151
   148
   148
   145
   141
   135
   121
   117
   107
    98
    98
    97
   102
   110
   113
   120
   115
   106
    92
    44
    44
    45
    49
    60
    51
    45
    43
    51
    73
    75
    72
    57
    48
    45
    49
    50
    51
    55
    55
    61
    66
    71
    73
    69
    62
    57
    67
    71
    67
    67
    70
    69
    76
    88
    88
   104
   113
   111
   107
   118
   132
   143
   146
   142
   144
   149
   152
   158
   160
   161
   165
   166
   167
   167
   166
   166
   152
   157
   154
   128
   139
   104
    96
   128
   115
    80
    65
    57
    73
   112
   120
    83
   108
   125
   129
   119
   122
   134
   137
   141
   137
   152
   153
   138
   157
   159
   159
   156
   149
   148
   149
   151
   149
   150
   146
   138
   121
   104
    93
    91
    87
    87
    88
   104
   118
   110
   121
   122
   117
   117
   119
   112
    63
    50
    50
    55
    56
    44
    45
    53
    66
    71
    73
    50
    57
    50
    48
    48
    54
    49
    52
    52
    57
    70
    71
    61
    69
    65
    63
    57
    63
    74
    73
    74
    82
    91
    99
   106
   106
   111
   123
   133
   142
   153
   147
   147
   148
   150
   156
   161
   162
   162
   170
   168
   164
   164
   168
   165
   153
   159
   163
   132
   170
   109
   101
   127
   119
    84
    67
    63
    39
    55
    88
    78
   108
   122
   124
   118
   126
   129
   137
   143
   140
   152
   147
   145
   162
   162
   160
   153
   147
   144
   149
   147
   150
   147
   139
   128
   119
   106
   102
    97
    96
    85
    85
    86
   106
   122
   124
   115
   108
   105
   106
   109
   100
    78
    48
    53
    52
    49
    51
    66
    73
    74
    80
    51
    62
    60
    49
    50
    55
    52
    48
    57
    61
    69
    72
    62
    69
    60
    61
    66
    67
    76
    79
    83
    83
    90
    93
    94
   101
   113
   125
   131
   140
   142
   139
   146
   150
   151
   157
   162
   160
   163
   169
   171
   171
   169
   172
   168
   153
   160
   163
   142
   183
   111
    93
   126
   114
    91
    76
    64
    98
    30
    51
    76
   112
   118
   119
   117
   126
   134
   144
   147
   144
   157
   148
   150
   161
   160
   153
   152
   148
   147
   147
   149
   146
   145
   140
   133
   123
   107
    88
    87
    94
    90
    86
    93
    97
   115
   121
   111
   109
   110
   100
   103
    97
    95
    78
    55
    52
    54
    62
    66
    73
    67
    63
    51
    53
    55
    51
    53
    50
    46
    50
    49
    58
    61
    64
    64
    59
    54
    55
    62
    64
    77
    91
    81
    95
    87
    90
   100
   105
   110
   117
   130
   130
   130
   136
   143
   149
   150
   158
   164
   166
   173
   172
   176
   174
   172
   174
   171
   156
   160
   165
   145
   173
   112
   101
   127
   109
    83
    87
    62
    55
    51
    70
    88
   108
   111
   114
   115
   124
   135
   147
   153
   148
   155
   146
   154
   159
   160
   159
   151
   145
   149
   152
   149
   148
   140
   134
   129
   111
    97
    95
    86
    88
    98
    97
    95
   111
   129
   131
   120
   110
   116
   111
   103
    97
    86
    81
    74
    64
    59
    60
    66
    65
    63
    65
    53
    49
    51
    55
    47
    43
    50
    55
    45
    53
    59
    66
    73
    66
    50
    45
    53
    60
    73
    79
    77
    83
    83
    98
   111
   118
   126
   132
   139
   143
   144
   144
   147
   149
   151
   156
   163
   168
   172
   175
   178
   176
   174
   178
   178
   162
   160
   166
   160
   165
   109
   112
   139
   119
    94
    90
    62
    62
    66
    60
    97
   106
   108
   111
   119
   126
   140
   146
   141
   138
   150
   149
   154
   160
   157
   156
   151
   147
   146
   148
   148
   145
   146
   140
   126
   111
    97
    88
    88
    81
    84
    98
   110
   113
   118
   114
   108
   105
    94
    84
    88
    93
    89
    77
    69
    68
    67
    62
    58
    64
    71
    67
    48
    43
    44
    42
    44
    46
    52
    44
    51
    53
    58
    64
    68
    58
    47
    46
    47
    63
    70
    68
    79
    78
    97
   110
   119
   122
   129
   131
   132
   140
   145
   142
   146
   149
   148
   152
   163
   168
   173
   178
   179
   183
   178
   178
   180
   163
   159
   168
   168
   165
   114
   121
   146
   118
   103
    82
    88
    68
    75
    78
    92
    99
   107
   110
   119
   134
   148
   142
   149
   176
   148
   155
   158
   158
   153
   151
   150
   152
   149
   144
   144
   144
   144
   143
   121
   106
    99
    88
    77
    81
    84
    89
   109
   124
   130
   125
   108
   111
   107
    96
    93
    91
    90
    97
    86
    72
    64
    59
    63
    71
    67
    64
    47
    37
    44
    48
    46
    47
    43
    45
    54
    50
    49
    56
    62
    58
    48
    47
    54
    64
    64
    64
    64
    78
    94
   106
   114
   128
   124
   130
   129
   125
   134
   140
   145
   149
   152
   161
   167
   170
   182
   186
   185
   181
   176
   179
   180
   167
   167
   170
   177
   167
   180
   123
   140
   120
   106
    77
    99
    94
   103
    95
    98
   106
   111
   116
   122
   130
   129
   163
   194
   155
   155
   160
   160
   155
   155
   157
   157
   150
   150
   151
   148
   148
   147
   135
   117
    99
    82
    71
    75
    83
    87
    98
   120
   128
   133
   135
   131
   126
   118
   111
   107
   108
   107
    99
    83
    74
    64
    60
    68
    70
    63
    57
    53
    48
    46
    45
    47
    45
    48
    42
    48
    44
    51
    51
    55
    51
    37
    47
    55
    62
    60
    58
    63
    80
    98
   109
   119
   125
   119
   119
   118
   139
   147
   143
   148
   149
   149
   160
   169
   171
   177
   181
   185
   184
   182
   180
   182
   168
   175
   166
   175
   157
   135
   130
   167
   127
   110
    90
    86
    96
    84
    85
   108
   105
   101
    91
    99
   150
   205
   183
   134
   146
   152
   154
   154
   152
   156
   153
   153
   143
   130
   130
   141
   146
   152
   133
   112
    93
    77
    69
    75
    90
    90
    70
   112
   132
   135
   133
   135
   131
   128
   126
   120
   119
   113
   100
    86
    76
    70
    75
    68
    63
    64
    73
    40
    48
    54
    46
    41
    39
    49
    52
    50
    42
    45
    39
    43
    51
    53
    57
    61
    57
    57
    56
    68
    80
    97
   111
   116
   117
   123
   126
   127
   127
   139
   152
   155
   151
   153
   165
   168
   175
   175
   179
   185
   187
   183
   185
   184
   173
   179
   174
   175
   162
   162
   161
   128
   107
    97
    98
    84
    61
    34
    59
   105
   111
   130
   184
   219
   204
   154
   122
   133
   142
   140
   139
   139
   142
   140
   146
   143
   136
   135
   130
   138
   147
   143
   118
    95
    83
    76
    72
    74
    96
   110
    89
    80
   114
   133
   134
   131
   133
   131
   126
   129
   129
   120
   101
    98
    86
    69
    71
    73
    64
    62
    65
    43
    40
    42
    45
    35
    39
    45
    55
    43
    47
    43
    41
    47
    52
    48
    57
    55
    66
    65
    64
    67
    79
   100
   111
   118
   114
   116
   129
   138
   144
   135
   146
   157
   154
   154
   162
   172
   171
   174
   181
   183
   181
   173
   184
   185
   175
   182
   181
   176
   148
   165
   179
   159
    85
    81
   122
   129
   179
   148
   109
   130
   141
   137
   130
   123
   114
   103
   117
   129
   126
   129
   131
   137
   144
   148
   148
   141
   130
   125
   114
   108
   111
   103
    95
    84
    72
    65
    71
    74
    95
   108
   105
    82
    94
   122
   136
   136
   135
   135
   133
   128
   119
   109
   105
   101
   101
    89
    76
    73
    67
    63
    68
    40
    41
    41
    54
    41
    37
    39
    45
    51
    40
    35
    46
    47
    47
    45
    52
    52
    51
    54
    65
    77
    83
    97
    99
   109
   116
   121
   128
   117
   121
   143
   153
   152
   161
   163
   170
   174
   177
   178
   180
   181
   183
   180
   190
   191
   185
   190
   189
   177
   128
   142
   158
   159
   174
   145
   119
   105
   131
   139
    89
    71
    75
    92
   106
   129
   139
   156
   157
   157
   157
   156
   159
   163
   161
   160
   161
   166
   151
   136
   131
    90
    78
    69
    72
    68
    64
    74
    73
    70
    84
   104
   106
    95
    88
   101
   122
   132
   132
   136
   133
   128
   125
   120
   105
   110
    90
    91
    86
    83
    74
    65
    69
    41
    40
    35
    37
    45
    45
    39
    45
    39
    37
    47
    44
    42
    47
    59
    55
    49
    57
    59
    66
    81
    81
    85
    92
    98
   109
   115
   122
   132
   139
   135
   141
   154
   159
   160
   169
   173
   177
   182
   182
   182
   183
   187
   193
   193
   189
   190
   189
   183
   148
   144
   159
   166
   190
   174
   123
   127
   139
    93
    65
    75
   113
   138
   156
   162
   162
   159
   153
   150
   157
   159
   164
   166
   168
   172
   183
   184
   193
   179
   165
   145
    86
    82
    89
    78
    73
    77
    72
    78
    81
   111
   114
   104
    87
    99
   116
   132
   130
   125
   132
   127
   118
   103
    94
    90
    85
    90
    94
    88
    73
    69
    75
    46
    41
    37
    37
    48
    48
    42
    41
    37
    47
    54
    48
    47
    40
    45
    60
    57
    61
    66
    66
    75
    83
    86
    91
    97
   106
   118
   130
   130
   133
   134
   146
   156
   155
   159
   168
   169
   175
   178
   180
   183
   179
   187
   190
   186
   185
   194
   188
   184
   163
   172
   166
   149
   121
   101
   123
   124
   119
   129
   148
   158
   163
   164
   166
   164
   164
   169
   169
   167
   173
   172
   174
   178
   182
   186
   189
   190
   187
   185
   180
   166
   119
    79
    69
    68
    78
    76
    78
    72
    93
   122
   120
   113
    83
    94
   100
   124
   128
   121
   119
   112
   105
    99
    80
    83
    85
    91
    96
    85
    78
    83
    80
    31
    29
    28
    29
    31
    54
    42
    43
    39
    52
    41
    42
    44
    51
    55
    63
    57
    67
    59
    72
    73
    74
    88
    90
    96
    97
   109
   112
   125
   137
   147
   148
   150
   151
   151
   169
   173
   178
   181
   179
   181
   180
   182
   187
   178
   182
   190
   188
   183
   171
   165
   169
   161
   122
   160
   182
   189
   174
   162
   170
   170
   179
   183
   178
   177
   180
   183
   180
   184
   190
   197
   194
   192
   193
   193
   198
   195
   193
   187
   180
   172
   161
   108
   104
    93
   100
    99
    94
    77
    98
   127
   119
   112
    85
    89
   102
   125
   135
   118
   104
   100
   102
    97
    97
    80
    90
    89
    81
    85
    85
    87
    80
    39
    39
    37
    35
    32
    54
    49
    47
    52
    52
    42
    36
    47
    62
    60
    71
    61
    63
    75
    79
    71
    65
    72
    80
    85
    97
   103
   118
   133
   142
   149
   146
   148
   155
   156
   165
   171
   176
   177
   180
   181
   183
   180
   180
   167
   171
   187
   185
   180
   167
   148
   160
   174
   137
   174
   187
   184
   170
   170
   174
   180
   192
   192
   195
   196
   192
   187
   192
   197
   199
   198
   196
   199
   198
   195
   200
   197
   193
   186
   181
   170
   163
   145
   118
    93
   105
    94
    90
   101
   110
   134
   124
   124
    98
    91
   104
   110
   134
   124
   106
    97
    90
    82
    86
    79
    90
    97
    91
    91
    87
    90
    78
    36
    31
    29
    30
    42
    47
    58
    56
    51
    50
    42
    57
    53
    56
    64
    63
    67
    75
    73
    63
    62
    71
    86
    85
    85
    94
   103
   121
   126
   138
   137
   139
   148
   145
   158
   167
   178
   179
   179
   173
   174
   176
   178
   183
   174
   176
   181
   176
   166
   143
   138
   154
   175
   171
   184
   199
   196
   182
   176
   188
   190
   199
   204
   203
   201
   197
   193
   197
   194
   194
   199
   203
   200
   197
   201
   197
   209
   193
   190
   198
   185
   171
   157
   130
   112
   103
    99
   112
   111
   113
   137
   127
   132
    98
    96
   114
   121
   143
   121
    98
    87
    73
    72
    74
    85
    88
    87
    86
    95
    93
    88
    88
    35
    29
    32
    33
    37
    49
    62
    57
    50
    41
    54
    61
    48
    51
    61
    56
    49
    66
    59
    60
    71
    80
    90
    95
    96
   101
   111
   108
   124
   128
   136
   139
   147
   150
   158
   169
   175
   176
   182
   178
   176
   179
   178
   179
   164
   169
   170
   172
   163
   148
   138
   163
   159
   152
   177
   199
   197
   185
   170
   187
   200
   197
   197
   201
   199
   193
   192
   191
   191
   195
   196
   197
   200
   201
   198
   198
   198
   183
   184
   196
   192
   181
   160
   136
   127
   121
   122
   122
   126
   135
   152
   136
   133
   111
    95
   114
   128
   144
   125
    92
    78
    77
    66
    70
    70
    76
    98
    97
   101
   101
   101
    91
    29
    30
    36
    34
    40
    61
    71
    60
    50
    56
    50
    46
    56
    55
    51
    53
    57
    56
    59
    61
    73
    82
    84
    88
    90
    98
   103
   116
   120
   125
   134
   149
   151
   150
   159
   167
   170
   177
   181
   181
   179
   181
   177
   174
   159
   165
   170
   171
   158
   146
   132
   167
   174
   180
   148
   177
   201
   197
   172
   175
   189
   191
   188
   190
   192
   193
   194
   193
   196
   193
   190
   196
   192
   195
   193
   199
   188
   179
   178
   142
   136
   162
   162
   137
   117
   110
   102
   115
   127
   133
   149
   139
   145
   114
   100
   114
   127
   144
   124
    87
    62
    64
    74
    67
    76
    86
    81
    89
    95
   105
   105
    97
    34
    38
    37
    33
    38
    56
    65
    55
    46
    51
    52
    50
    46
    51
    53
    63
    58
    58
    60
    79
    73
    75
    81
    90
    94
    95
   108
   109
   122
   126
   135
   142
   153
   154
   165
   170
   179
   183
   182
   187
   181
   177
   176
   181
   165
   164
   166
   176
   157
   149
   132
   135
   130
   132
   125
   105
    92
   138
   199
   185
   173
   190
   194
   192
   189
   192
   191
   191
   193
   193
   196
   196
   198
   192
   190
   189
   190
   184
   157
   132
   155
   168
   149
   120
    98
    82
    88
    86
   105
   124
   144
   135
   139
   109
    97
   118
   132
   142
   117
    93
    81
    70
    69
    69
    66
    74
    80
    97
   100
    95
    90
    80
    44
    40
    35
    34
    42
    51
    67
    60
    53
    49
    44
    44
    46
    41
    48
    57
    59
    54
    61
    64
    73
    77
    76
    85
    94
   102
   105
   109
   114
   128
   143
   148
   144
   151
   162
   170
   175
   179
   182
   178
   181
   181
   180
   176
   161
   166
   166
   175
   150
   149
   154
   237
   227
   224
   212
   173
   205
   153
    86
   110
   177
   183
   183
   191
   197
   190
   189
   186
   190
   189
   187
   186
   183
   187
   190
   188
   184
   184
   128
   132
   165
   156
   122
    90
    75
    83
    78
    75
    75
   127
   143
   136
   136
   100
   103
   119
   128
   144
   119
    93
    82
    71
    56
    44
    64
    79
   101
   117
   111
   106
   107
   100
    36
    35
    37
    34
    36
    49
    63
    53
    52
    57
    44
    44
    38
    45
    50
    53
    52
    57
    65
    71
    75
    76
    84
    88
    97
   106
   120
   119
   120
   127
   142
   140
   145
   154
   165
   172
   179
   178
   182
   186
   185
   178
   177
   174
   164
   168
   166
   169
   138
   166
   172
   207
   205
   194
   185
   179
   195
   234
   224
   168
    76
   156
   175
   174
   185
   195
   192
   187
   185
   181
   177
   174
   176
   183
   191
   193
   189
   182
   113
   133
   155
   133
   117
   101
    93
    72
    80
    89
    95
   117
   140
   140
   145
   101
   106
   122
   130
   144
   114
    80
    56
    49
    50
    64
    84
   105
   115
   122
   126
   117
    97
    95
    43
    39
    36
    29
    42
    48
    51
    51
    44
    51
    49
    50
    39
    37
    37
    39
    40
    49
    63
    71
    86
   102
    83
   101
   103
   114
   125
   121
   120
   126
   145
   137
   143
   158
   167
   175
   183
   184
   185
   190
   187
   183
   181
   181
   173
   175
   167
   165
   138
   147
   152
   179
   185
   183
   179
   173
   156
   179
   232
   239
   179
   101
   137
   163
   180
   181
   184
   192
   189
   181
   176
   172
   170
   171
   177
   185
   191
   184
   117
   141
   148
   117
    97
   105
    97
    85
    81
    87
    93
   122
   141
   140
   131
   101
   111
   121
   127
   143
   113
    81
    62
    59
    67
    78
    89
    93
    99
   109
   106
    97
    89
    75
    38
    51
    36
    30
    33
    42
    49
    58
    40
    40
    44
    41
    41
    32
    30
    32
    51
    49
    65
    82
    80
   109
    91
   115
   118
   141
   127
   114
   117
   130
   142
   135
   149
   163
   174
   180
   186
   186
   191
   191
   186
   184
   187
   181
   184
   177
   171
   157
   155
   135
   144
   173
   184
   179
   180
   173
   152
    92
    59
   139
   139
   150
   137
   154
   170
   186
   180
   180
   181
   184
   178
   173
   170
   175
   184
   188
   190
   185
   144
   153
   133
   119
    98
    83
    84
    80
    92
    85
    81
   100
   129
   142
   128
   102
   115
   126
   136
   160
   133
    91
    69
    67
    66
    72
    79
    93
    99
    94
   102
   102
    91
    84
    43
    51
    38
    30
    33
    33
    42
    56
    48
    41
    47
    44
    49
    42
    45
    48
    64
    69
    81
    91
    90
    95
    93
   111
   117
   140
   136
   112
   125
   126
   137
   138
   147
   168
   176
   179
   187
   190
   195
   196
   189
   185
   182
   177
   183
   177
   159
   159
   158
   153
   157
   169
   179
   172
   174
   152
   192
   213
   139
    86
   167
   162
   136
   132
   147
   182
   190
   192
   188
   181
   172
   163
   159
   169
   177
   190
   192
   180
   154
   148
   123
   111
   105
    96
    93
    83
    78
    78
    77
   101
   129
   147
   124
   109
   124
   132
   141
   162
   133
   101
    83
    65
    73
    76
    78
    85
   101
   110
   104
   102
    95
    92
    38
    50
    34
    25
    28
    33
    32
    38
    47
    45
    50
    52
    50
    54
    53
    59
    77
    82
    73
    82
    87
    89
    85
   110
   115
   135
   128
   115
   125
   136
   135
   144
   152
   171
   175
   183
   189
   191
   198
   195
   189
   190
   185
   182
   181
   174
   157
   157
   142
   137
   163
   168
   176
   158
   165
   160
   218
   225
   227
   115
   144
   161
   163
   141
   127
   170
   183
   194
   193
   192
   185
   178
   171
   164
   175
   190
   186
   182
   168
   135
   125
   108
   100
    90
    89
    93
    86
    82
    96
   114
   133
   138
   113
   119
   127
   137
   155
   167
   145
   108
    83
    76
    82
    85
    88
    87
    89
   101
   108
   119
   109
    92
    37
    50
    35
    25
    29
    25
    29
    36
    46
    48
    52
    56
    60
    57
    62
    78
    85
    87
    66
    76
    86
    84
   102
   114
   118
   122
   130
   130
   139
   137
   141
   145
   153
   168
   181
   188
   195
   193
   197
   196
   188
   188
   188
   186
   192
   162
   161
   173
   144
   150
   169
   165
   163
   153
   157
   154
   207
   221
   221
   156
   149
   152
   161
   168
   150
   143
   185
   193
   192
   192
   191
   180
   174
   168
   173
   188
   189
   181
   156
   137
   148
   129
   105
    94
    93
    85
    77
    84
    93
   121
   142
   149
   112
   130
   145
   145
   164
   170
   144
   110
    95
    86
    82
    86
    90
    98
   113
   118
   121
   117
   106
    98
    46
    49
    41
    37
    44
    39
    44
    44
    43
    48
    47
    48
    56
    66
    68
    82
    83
    76
    76
    79
    84
    90
    99
   118
   134
   148
   151
   138
   135
   142
   143
   147
   155
   176
   181
   185
   193
   194
   198
   196
   191
   187
   187
   189
   192
   158
   155
   160
   135
   148
   171
   163
   161
   144
   137
   126
   189
   220
   220
   159
   143
   149
   159
   170
   164
   141
   155
   189
   190
   189
   195
   189
   181
   176
   171
   178
   180
   171
   152
   157
   147
   137
   115
   106
    85
    85
    89
    88
    96
   120
   134
   138
   116
   135
   142
   152
   174
   173
   147
   123
   122
   110
   110
   112
   111
   112
   116
   121
   130
   122
   111
    93
    46
    49
    44
    41
    40
    37
    39
    35
    41
    41
    47
    48
    54
    48
    76
    86
    90
    81
    75
    83
    91
    99
   107
   121
   146
   159
   148
   134
   136
   149
   149
   152
   154
   175
   186
   191
   193
   193
   197
   191
   193
   193
   191
   192
   190
   157
   164
   143
   109
   135
   170
   163
   149
   140
   131
   116
   191
   220
   221
   156
   132
   144
   155
   167
   161
   151
   145
   171
   186
   192
   188
   188
   184
   180
   173
   178
   169
   160
   171
   175
   163
   148
   138
   104
    95
    76
    72
    84
   104
   129
   142
   136
   120
   138
   138
   158
   177
   175
   144
   129
   123
   114
   107
   113
   124
   131
   129
   124
   113
   115
   113
   100
    47
    40
    44
    36
    42
    42
    37
    42
    44
    48
    48
    52
    54
    62
    72
    77
    74
    71
    84
    95
   105
   132
   123
   126
   136
   143
   142
   152
   162
   161
   153
   148
   159
   181
   186
   190
   195
   198
   192
   192
   193
   193
   191
   192
   189
   159
   170
   137
   110
   149
   170
   157
   144
   133
   116
   116
   133
   215
   218
   129
   121
   129
   144
   158
   158
   155
   176
   165
   177
   192
   192
   187
   182
   177
   169
   171
   161
   157
   184
   198
   183
   165
   139
   125
    99
    95
    86
    85
    93
   130
   139
   124
   121
   133
   146
   169
   178
   172
   161
   149
   138
   132
   129
   123
   126
   129
   124
   113
   122
   117
   108
    99
    41
    41
    43
    39
    39
    43
    33
    43
    48
    44
    42
    40
    48
    49
    60
    68
    72
    77
    92
   101
   118
   142
   138
   139
   140
   147
   153
   162
   167
   164
   155
   150
   163
   181
   186
   190
   194
   197
   195
   190
   197
   195
   191
   188
   185
   158
   165
   118
   104
   155
   171
   161
   142
   121
   103
   124
   104
    87
   111
   109
   113
   121
   130
   146
   147
   152
   173
   199
   182
   188
   189
   186
   179
   173
   164
   166
   165
   172
   190
   196
   198
   183
   155
   133
   118
    91
    86
    85
    96
   112
   135
   115
   119
   132
   150
   177
   183
   164
   158
   154
   153
   151
   135
   131
   126
   120
   120
   126
   120
   115
   109
    90
    45
    43
    45
    46
    46
    47
    40
    40
    60
    43
    48
    45
    48
    49
    68
    74
    78
    94
    91
   111
   128
   142
   145
   154
   150
   151
   162
   164
   166
   165
   157
   152
   163
   182
   189
   193
   196
   194
   193
   190
   195
   195
   192
   190
   185
   166
   170
   109
   111
   159
   166
   159
   122
    91
   111
   109
    93
   102
   107
   113
   113
   120
   131
   141
   137
   149
   173
   180
   167
   181
   182
   181
   173
   167
   170
   173
   166
   171
   185
   193
   194
   187
   167
   144
   132
   113
    86
    88
    97
   127
   124
   110
   118
   130
   169
   184
   177
   170
   174
   167
   155
   147
   142
   135
   130
   123
   124
   126
   123
   116
   102
    90
    46
    51
    41
    44
    52
    50
    54
    44
    49
    56
    47
    47
    50
    54
    65
    70
    89
    96
   110
   120
   143
   137
   147
   155
   155
   151
   166
   171
   171
   167
   159
   160
   167
   182
   189
   192
   196
   198
   191
   188
   193
   192
   190
   186
   173
   153
   144
   114
   126
   162
   164
   143
    88
   106
   116
   112
    93
    97
   111
   115
   115
   121
   123
   129
   130
   147
   172
   175
   176
   173
   181
   179
   175
   177
   182
   182
   170
   169
   177
   186
   192
   192
   179
   164
   139
   126
   104
    89
    93
   111
   113
   110
   123
   147
   177
   181
   179
   176
   175
   169
   158
   150
   144
   139
   134
   143
   150
   128
   116
   112
    99
    89
    50
    47
    50
    49
    47
    55
    55
    44
    48
    55
    55
    50
    44
    50
    76
    78
    79
    97
   118
   123
   126
   141
   148
   152
   155
   152
   169
   169
   167
   168
   162
   163
   175
   191
   191
   192
   194
   192
   186
   188
   193
   193
   186
   187
   170
   152
   123
   107
   118
   161
   158
   114
   103
   109
    94
   107
   105
    97
   108
   109
   116
   117
   122
   122
   123
   148
   167
   174
   178
   163
   182
   183
   185
   185
   184
   179
   177
   168
   166
   176
   190
   193
   187
   161
   146
   127
   114
   101
   103
   108
    98
   109
   128
   164
   181
   180
   180
   178
   173
   166
   156
   151
   148
   144
   130
   133
   139
   132
   112
    98
    93
    82
    51
    57
    48
    46
    50
    49
    43
    38
    52
    38
    60
    59
    51
    53
    64
    79
    88
   103
   116
   129
   149
   144
   152
   160
   160
   155
   167
   168
   168
   165
   162
   166
   180
   190
   191
   194
   195
   197
   190
   187
   192
   192
   196
   191
   156
   157
   135
   103
   118
   162
   159
   106
   110
   107
   121
   120
   124
   104
   114
   113
   118
   123
   121
   120
   122
   150
   171
   174
   182
   158
   190
   190
   191
   187
   185
   183
   184
   177
   169
   166
   179
   191
   186
   167
   130
   108
   100
   100
   106
   105
    86
   100
   138
   170
   179
   179
   183
   181
   173
   165
   153
   149
   145
   143
   125
   118
   130
   130
   114
    90
    86
    78
    62
    55
    46
    59
    53
    47
    40
    33
    50
    44
    57
    59
    48
    51
    65
    71
    86
   111
   117
   128
   153
   149
   161
   171
   165
   163
   172
   169
   169
   166
   168
   172
   182
   189
   191
   192
   198
   196
   192
   182
   189
   192
   194
   187
   147
   165
   138
    92
   121
   152
   147
   105
   102
   135
   167
   174
   176
   124
   133
   129
   125
   121
   123
   119
   121
   154
   172
   180
   184
   154
   196
   194
   193
   188
   185
   184
   180
   183
   177
   172
   174
   180
   182
   163
   145
   117
   104
    89
    97
   107
   103
   108
   149
   178
   180
   178
   181
   173
   172
   167
   154
   148
   140
   144
   140
   123
   110
   115
   112
   103
    84
    82
    58
    36
    41
    46
    46
    49
    47
    63
    61
    39
    50
    55
    50
    53
    64
    80
    92
   102
   113
   128
   144
   147
   152
   170
   153
   165
   174
   172
   169
   165
   177
   177
   182
   191
   194
   198
   191
   198
   196
   187
   195
   199
   192
   176
   139
   168
   141
    94
   139
   159
   135
   102
   101
   128
   113
   106
   161
   150
   121
   126
   131
   131
   130
   123
   125
   152
   170
   187
   193
   152
   196
   194
   194
   191
   185
   185
   184
   183
   184
   176
   170
   174
   183
   182
   153
   139
   112
   103
   103
    98
   108
   118
   132
   159
   169
   176
   182
   179
   171
   157
   149
   143
   143
   137
   127
   125
   110
    98
    91
    83
    78
    66
    52
    48
    55
    58
    56
    56
    63
    59
    46
    46
    66
    67
    47
    47
    66
    76
    85
    98
   104
   120
   131
   142
   143
   153
   159
   168
   171
   170
   171
   169
   175
   180
   184
   189
   194
   198
   195
   199
   200
   192
   191
   198
   198
   187
   139
   180
   138
   101
   149
   169
   138
    96
    97
    91
   110
   133
   128
   128
   129
   144
   142
   135
   123
   118
   139
   167
   178
   188
   195
   151
   197
   196
   196
   193
   190
   191
   186
   183
   181
   182
   175
   171
   174
   168
   153
   126
   126
   123
   116
    97
   112
   128
   147
   161
   171
   174
   177
   175
   164
   157
   141
   140
   138
   114
   102
   104
   102
    97
    91
    77
    68
    64
    53
    53
    54
    47
    47
    41
    36
    38
    36
    40
    62
    61
    59
    74
    72
    67
    74
   103
   115
   130
   129
   133
   140
   160
   167
   176
   168
   167
   169
   171
   176
   179
   186
   191
   193
   197
   195
   195
   199
   195
   186
   193
   196
   183
   136
   190
   141
   106
   156
   168
   143
   107
    88
    91
    61
    89
   110
    85
   121
   137
   148
   141
   122
   121
   149
   166
   180
   189
   193
   151
   196
   200
   198
   193
   190
   190
   190
   188
   189
   188
   182
   169
   176
   176
   153
   126
   116
   122
   119
   101
   116
   131
   151
   163
   186
   185
   178
   164
   152
   147
   142
   130
   140
   140
   127
   114
   108
   100
    96
    86
    67
    59
    61
    55
    48
    57
    50
    50
    50
    54
    51
    61
    60
    54
    55
    63
    64
    72
    80
   103
   110
   128
   129
   145
   148
   163
   171
   176
   175
   175
   170
   174
   178
   182
   184
   191
   196
   193
   198
   198
   199
   198
   192
   186
   193
   180
   141
   189
   144
   107
   152
   164
   144
   115
    94
   102
   123
    28
    70
    86
   125
   147
   150
   146
   125
   132
   161
   180
   187
   193
   190
   148
   198
   199
   196
   191
   191
   190
   190
   188
   189
   190
   186
   180
   169
   165
   155
   124
   110
   113
   130
   121
   124
   123
   137
   153
   177
   178
   166
   151
   150
   147
   139
   117
   110
   111
   111
   123
   112
    97
    95
    86
    74
    78
    29
    36
    45
    48
    49
    37
    39
    46
    53
    60
    62
    66
    51
    57
    57
    68
    74
    85
   102
   122
   138
   151
   149
   167
   168
   168
   160
   168
   172
   171
   175
   180
   184
   189
   192
   195
   197
   195
   194
   199
   196
   194
   188
   170
   134
   160
   150
   113
   155
   161
   140
   114
    91
    86
    42
   139
   104
    83
   128
   155
   162
   150
   123
   148
   172
   184
   189
   187
   190
   157
   197
   200
   198
   195
   193
   194
   192
   188
   187
   192
   193
   188
   178
   164
   166
   135
   122
   116
   119
   122
   113
   127
   135
   142
   154
   166
   155
   161
   132
   129
   129
   136
   130
   123
   110
   101
   103
    94
    86
    81
    85
    78
    44
    45
    50
    54
    38
    44
    45
    55
    58
    55
    64
    49
    57
    63
    69
    72
    70
    80
    88
   113
   135
   133
   148
   160
   165
   167
   159
   163
   167
   174
   179
   186
   187
   185
   189
   196
   194
   197
   195
   195
   201
   201
   193
   164
   137
   141
   148
   117
   158
   166
   149
   120
    84
    82
   108
   120
   109
   105
   136
   157
   159
   138
   141
   163
   180
   187
   189
   189
   194
   161
   199
   203
   199
   194
   193
   194
   194
   190
   192
   191
   196
   190
   183
   169
   171
   165
   120
   117
   120
   113
   125
   134
   137
   140
   162
   170
   152
   148
   152
   127
   119
   133
   126
   120
   110
   100
    89
    86
    83
    88
    74
    75
    50
    49
    49
    40
    45
    53
    58
    60
    49
    59
    46
    50
    50
    55
    70
    72
    72
    83
    90
    98
   116
   130
   145
   149
   155
   161
   164
   165
   171
   172
   177
   188
   188
   189
   193
   191
   193
   195
   193
   195
   199
   199
   192
   162
   138
   135
   147
   128
   150
   156
   137
   104
   100
    70
    63
    68
   103
   122
   159
   152
   144
   145
   162
   170
   179
   193
   194
   196
   192
   164
   197
   203
   200
   196
   197
   195
   194
   190
   194
   193
   195
   195
   189
   179
   164
   166
   151
   122
   117
   123
   116
   125
   132
   139
   152
   164
   175
   149
   129
   149
   126
   129
   130
   136
   113
    95
   107
    92
    81
    78
    73
    74
    57
    56
    58
    56
    62
    59
    59
    74
    52
    51
    41
    34
    44
    56
    68
    80
    69
    73
    84
    98
   110
   124
   142
   158
   164
   158
   162
   165
   168
   170
   174
   183
   187
   188
   189
   194
   195
   197
   196
   199
   197
   198
   193
   166
   130
   123
   144
   116
   127
   129
   141
   112
   108
    87
   150
   169
   139
   108
   122
   144
   155
   167
   170
   174
   182
   191
   202
   197
   187
   167
   197
   200
   197
   194
   198
   194
   197
   193
   183
   179
   196
   198
   192
   186
   176
   158
   141
   131
   129
   123
   129
   126
   139
   152
   163
   178
   184
   190
   165
   160
   163
   148
   131
   111
   116
   109
    82
    84
    89
    96
    90
    76
    51
    47
    51
    57
    49
    49
    52
    54
    62
    33
    38
    38
    48
    57
    71
    84
    91
    85
    87
    91
    97
   111
   126
   144
   159
   159
   155
   160
   165
   172
   171
   181
   186
   191
   190
   192
   192
   195
   196
   196
   199
   199
   198
   176
   127
    97
   133
   128
   168
   173
   164
   125
   141
   124
   134
   166
   128
   146
   168
   162
   169
   173
   178
   179
   187
   190
   195
   200
   184
   175
   194
   201
   199
   198
   195
   196
   195
   192
   193
   190
   198
   200
   196
   184
   191
   187
   173
   153
   131
   128
   140
   142
   151
   163
   157
   169
   178
   185
   180
   174
   165
   157
   137
   146
   125
   105
   104
    95
    88
    86
    89
    88
    71
    71
    67
    50
    54
    58
    50
    44
    39
    46
    45
    44
    48
    51
    59
    76
    80
    86
    88
    98
    99
   103
   115
   127
   151
   162
   157
   155
   157
   165
   172
   170
   179
   186
   192
   193
   188
   191
   192
   198
   197
   197
   195
   174
   133
    98
   158
   130
   173
   177
   169
   140
   136
   143
    77
    82
   137
   154
   163
   169
   175
   180
   185
   187
   192
   195
   198
   201
   179
   179
   195
   201
   197
   197
   197
   195
   197
   193
   194
   196
   198
   197
   194
   186
   186
   183
   184
   179
   163
   151
   140
   148
   149
   157
   168
   176
   176
   174
   176
   181
   172
   179
   166
   146
   151
   142
   129
   106
    89
    81
    87
    98
    64
    55
    52
    57
    57
    50
    53
    45
    34
    26
    36
    46
    49
    47
    61
    69
    81
    84
    77
    91
   101
   111
   104
   115
   126
   145
   155
   155
   158
   163
   171
   181
   182
   184
   187
   188
   189
   189
   195
   194
   192
   197
   192
   182
   130
    97
   230
   141
   161
   177
   172
   151
   142
   146
   130
   104
   131
   149
   158
   170
   179
   176
   184
   189
   194
   199
   201
   198
   167
   192
   189
   199
   201
   197
   194
   194
   194
   192
   195
   196
   198
   200
   194
   190
   180
   178
   182
   176
   161
   148
   151
   165
   147
   150
   171
   168
   172
   174
   181
   181
   184
   183
   176
   174
   167
   133
   109
    98
    79
    87
    98
    95
    44
    52
    55
    56
    47
    53
    46
    38
    50
    50
    40
    43
    43
    50
    57
    69
    82
    92
    83
    84
    98
   111
   128
   115
   124
   119
   144
   151
   152
   163
   168
   177
   184
   187
   190
   186
   185
   192
   191
   193
   196
   191
   195
   182
   129
   100
   143
   160
   161
   184
   176
   165
   140
   157
   163
   142
   135
   155
   168
   177
   180
   182
   184
   189
   196
   195
   195
   189
   167
   187
   191
   200
   197
   196
   198
   194
   194
   195
   194
   194
   195
   195
   193
   192
   191
   184
   181
   174
   171
   155
   153
   159
   165
   167
   173
   179
   180
   182
   177
   182
   182
   181
   180
   169
   169
   144
   118
   109
    96
    95
   114
   101
    50
    49
    48
    51
    48
    45
    47
    49
    42
    47
    44
    43
    48
    57
    69
    61
    80
    82
    81
    76
    84
    94
   103
   128
   121
   133
   140
   146
   154
   158
   166
   175
   177
   185
   182
   184
   182
   184
   184
   187
   187
   189
   192
   192
   152
   104
    82
   124
   172
   183
   186
   178
   155
   149
   157
   151
   152
   166
   176
   179
   181
   184
   189
   189
   188
   191
   196
   186
   167
   177
   185
   196
   195
   194
   198
   197
   197
   197
   195
   196
   192
   193
   192
   188
   192
   190
   192
   175
   155
   158
   157
   167
   166
   172
   171
   183
   185
   184
   186
   181
   185
   182
   171
   161
   159
   149
   127
   109
   105
   119
   126
   100
    41
    45
    39
    47
    49
    42
    47
    38
    36
    43
    47
    45
    44
    60
    57
    67
    83
    90
    87
    82
    82
    81
   101
   120
   114
   110
   140
   147
   155
   156
   160
   174
   176
   173
   179
   181
   184
   185
   182
   182
   183
   186
   183
   188
   160
   122
   105
   112
   106
   181
   184
   183
   178
   170
   160
   163
   167
   174
   177
   173
   178
   185
   191
   192
   189
   189
   192
   160
   184
   183
   190
   196
   197
   200
   198
   198
   197
   197
   194
   190
   191
   190
   191
   189
   189
   186
   181
   184
   179
   183
   165
   157
   149
   148
   159
   175
   181
   182
   185
   185
   187
   184
   182
   175
   164
   154
   136
   125
   137
   143
   139
   161
    47
    53
    51
    46
    49
    51
    54
    55
    46
    40
    41
    45
    49
    59
    68
    59
    77
    86
    77
    76
    78
    96
   101
   107
   117
   113
   118
   139
   149
   160
   155
   160
   178
   184
   180
   174
   180
   186
   182
   187
   182
   182
   183
   181
   156
   115
   108
   126
   154
    90
   154
   178
   182
   179
   177
   167
   171
   182
   176
   175
   182
   186
   181
   185
   186
   186
   178
   153
   189
   189
   192
   194
   195
   200
   199
   195
   195
   195
   189
   189
   187
   186
   189
   189
   191
   191
   194
   189
   175
   161
   168
   173
   175
   180
   182
   181
   186
   191
   188
   181
   178
   180
   177
   174
   162
   156
   141
   137
   156
   145
   151
   149
    62
    55
    52
    44
    51
    56
    48
    60
    44
    39
    36
    42
    53
    79
    71
    67
    84
    86
    87
    98
    93
    85
   106
   112
   115
   114
   121
   130
   147
   155
   158
   161
   161
   177
   181
   183
   183
   183
   185
   187
   187
   180
   178
   177
   174
   133
   111
   120
   165
   181
   106
   167
   186
   196
   196
   178
   183
   174
   168
   174
   182
   185
   185
   186
   188
   185
   145
   190
   192
   195
   197
   196
   201
   198
   199
   194
   194
   193
   193
   189
   187
   185
   183
   187
   192
   189
   190
   191
   184
   179
   175
   177
   184
   187
   190
   191
   190
   189
   186
   185
   184
   177
   175
   175
   167
   156
   140
   167
   187
   185
   164
   149
    49
    51
    47
    45
    55
    55
    50
    49
    53
    40
    46
    43
    56
    78
    71
    69
    91
    73
    70
    93
   100
   109
    95
   102
   110
   115
   126
   131
   141
   158
   159
   160
   159
   166
   179
   183
   183
   185
   183
   182
   185
   187
   183
   182
   172
   146
   131
   119
   160
   179
   176
   193
    88
   104
   124
   149
   146
   149
   181
   201
   200
   194
   189
   179
   165
   137
   178
   194
   193
   197
   195
   194
   195
   196
   197
   192
   193
   191
   192
   191
   191
   186
   187
   190
   189
   191
   177
   179
   188
   194
   191
   184
   193
   188
   186
   189
   183
   189
   188
   184
   173
   177
   170
   170
   162
   153
   165
   184
   188
   190
   179
   184
    57
    60
    53
    47
    55
    67
    59
    59
    45
    50
    50
    46
    44
    72
    73
    68
    78
    71
    65
    74
    93
   111
    98
    97
   111
   114
   127
   139
   141
   147
   157
   160
   158
   160
   167
   175
   179
   186
   181
   186
   181
   184
   184
   185
   179
   144
   136
   131
   157
   180
   176
   227
   197
   166
   170
   170
   216
   221
   145
   130
   138
   141
   152
   193
   176
   182
   198
   194
   197
   196
   199
   199
   200
   200
   197
   197
   192
   190
   190
   188
   187
   190
   190
   189
   189
   191
   192
   190
   192
   191
   186
   189
   188
   188
   187
   185
   185
   184
   178
   182
   175
   174
   175
   169
   158
   154
   179
   181
   190
   190
   165
   159
    54
    56
    47
    47
    61
    71
    63
    65
    58
    54
    65
    57
    57
    63
    78
    67
    70
    68
    54
    76
    86
   101
   111
   102
   120
   112
   120
   127
   139
   148
   143
   149
   153
   151
   153
   160
   170
   181
   181
   184
   185
   188
   186
   184
   176
   150
   135
   149
   173
   176
   183
   116
   133
   204
   188
   185
   186
   208
   201
   189
   183
   180
   182
   181
   192
   201
   201
   201
   199
   198
   199
   198
   197
   198
   196
   196
   192
   193
   190
   188
   189
   188
   187
   189
   189
   190
   193
   193
   191
   194
   189
   188
   190
   187
   185
   182
   180
   185
   181
   183
   183
   177
   171
   162
   144
   180
   182
   184
   188
   190
   182
   188
    60
    64
    65
    60
    59
    68
    82
    68
    72
    58
    59
    56
    68
    74
    75
    58
    82
    70
    56
    69
    79
    83
    98
   100
   111
   109
   115
   125
   133
   135
   138
   135
   136
   147
   153
   154
   149
   166
   180
   181
   182
   186
   189
   185
   179
   152
   143
   163
   182
   181
   148
    56
    63
   167
   179
   178
   183
   188
   193
   193
   190
   191
   194
   196
   198
   200
   198
   197
   202
   199
   200
   199
   195
   192
   194
   193
   193
   192
   192
   190
   187
   186
   183
   186
   190
   193
   193
   195
   200
   192
   188
   185
   177
   181
   186
   185
   183
   173
   175
   179
   177
   163
   158
   148
   160
   170
   183
   193
   191
   188
   191
   190
    65
    60
    63
    58
    56
    66
    69
    69
    74
    73
    65
    60
    71
    66
    82
    63
    82
    80
    57
    66
    75
    75
    78
    87
    98
   101
   108
   114
   128
   129
   127
   130
   121
   117
   128
   141
   146
   142
   169
   183
   181
   184
   184
   182
   184
   156
   143
   170
   184
   185
   145
   112
   133
   180
   184
   187
   194
   197
   193
   190
   191
   192
   192
   195
   197
   198
   199
   197
   196
   199
   195
   191
   187
   191
   193
   193
   192
   193
   192
   191
   190
   188
   187
   187
   189
   192
   193
   192
   194
   194
   185
   182
   187
   186
   180
   183
   174
   175
   175
   179
   177
   170
   153
   164
   179
   184
   191
   190
   191
   190
   190
   187
    59
    59
    55
    63
    56
    52
    74
    72
    72
    74
    68
    63
    69
    56
    75
    64
    80
    80
    58
    63
    74
    64
    67
    78
    88
    91
    86
    86
    91
    99
   101
   112
   110
   111
   108
   112
   119
   122
   137
   166
   175
   182
   184
   180
   183
   161
   142
   168
   191
   181
   100
    85
   165
   175
   181
   192
   196
   191
   191
   192
   193
   190
   193
   194
   199
   198
   195
   195
   193
   192
   196
   196
   191
   191
   192
   195
   193
   192
   192
   186
   187
   187
   188
   190
   189
   184
   188
   189
   185
   181
   179
   184
   185
   182
   175
   165
   171
   178
   166
   160
   158
   160
   155
   181
   185
   190
   190
   192
   192
   193
   193
   193
    63
    69
    67
    56
    51
    57
    68
    65
    67
    63
    72
    60
    60
    56
    53
    73
    69
    72
    59
    55
    70
    77
    71
    81
    93
    87
    86
    78
    77
    80
    87
    86
    94
   100
    95
    96
   100
    98
   104
   127
   163
   170
   175
   184
   187
   164
   146
   171
   191
   158
    78
   101
   181
   176
   187
   189
   190
   191
   192
   190
   192
   199
   196
   194
   194
   194
   192
   194
   191
   195
   191
   192
   189
   185
   183
   178
   163
   180
   183
   181
   186
   183
   183
   186
   188
   183
   183
   184
   182
   180
   181
   182
   178
   178
   179
   177
   161
   163
   163
   160
   153
   144
   167
   182
   187
   189
   193
   194
   193
   194
   193
   192
    59
    69
    66
    59
    43
    53
    65
    61
    63
    60
    62
    65
    54
    59
    47
    57
    63
    73
    67
    58
    69
    74
    74
    84
    82
    74
    76
    70
    75
    69
    80
    81
    74
    87
    93
    86
    80
    84
    86
   101
   127
   160
   174
   174
   184
   173
   144
   176
   193
   131
    75
   138
   186
   187
   190
   185
   183
   186
   189
   194
   194
   189
   191
   192
   191
   190
   189
   186
   187
   188
   192
   190
   187
   183
   182
   181
   180
   184
   186
   183
   186
   191
   187
   185
   185
   184
   188
   183
   179
   179
   179
   170
   169
   168
   173
   169
   169
   170
   165
   164
   134
   162
   180
   190
   193
   195
   196
   192
   193
   194
   194
   190
    61
    63
    58
    56
    48
    53
    67
    58
    58
    66
    65
    69
    62
    56
    51
    55
    64
    66
    66
    64
    60
    64
    62
    66
    72
    63
    71
    67
    65
    71
    62
    70
    74
    72
    76
    91
    88
    83
    84
    87
    96
   115
   139
   166
   171
   164
   149
   175
   185
   105
   117
   176
   185
   188
   188
   184
   185
   190
   192
   192
   192
   192
   190
   191
   192
   187
   185
   187
   188
   188
   184
   186
   181
   181
   182
   183
   188
   189
   189
   191
   192
   189
   187
   184
   184
   179
   171
   177
   180
   178
   171
   174
   171
   168
   167
   169
   163
   162
   148
   132
   146
   181
   188
   190
   191
   190
   193
   193
   190
   191
   191
   191
    63
    69
    56
    54
    53
    48
    50
    42
    62
    69
    66
    53
    58
    54
    58
    55
    67
    69
    64
    67
    70
    67
    67
    78
    72
    74
    67
    50
    51
    64
    67
    67
    66
    70
    63
    67
    76
    87
    81
    79
    84
    97
   111
   123
   154
   147
   131
   169
   165
    75
   124
   182
   183
   185
   184
   187
   190
   191
   192
   193
   187
   188
   189
   187
   186
   187
   186
   184
   183
   179
   181
   180
   179
   182
   186
   187
   188
   188
   189
   192
   187
   187
   186
   183
   183
   175
   173
   168
   169
   169
   169
   168
   175
   173
   171
   159
   158
   145
   137
   152
   182
   190
   188
   190
   191
   190
   188
   189
   189
   190
   188
   189
    59
    65
    58
    49
    51
    46
    43
    52
    68
    70
    76
    64
    52
    50
    60
    59
    59
    58
    62
    63
    78
    69
    75
    71
    67
    70
    78
    62
    54
    50
    56
    66
    75
    76
    64
    59
    64
    74
    74
    83
    79
    74
    95
   108
   120
   129
   112
   156
   142
    80
   166
   181
   177
   171
   178
   184
   185
   187
   186
   183
   186
   188
   189
   186
   184
   183
   186
   184
   181
   180
   179
   182
   184
   184
   185
   185
   185
   184
   186
   185
   188
   186
   183
   174
   167
   167
   163
   170
   171
   166
   168
   166
   161
   161
   156
   162
   140
   133
   161
   185
   189
   187
   190
   191
   191
   187
   185
   188
   186
   184
   186
   189
    43
    52
    67
    68
    55
    43
    40
    51
    60
    62
    77
    66
    53
    55
    59
    63
    62
    61
    59
    52
    80
    83
    59
    52
    52
    74
    61
    74
    57
    61
    56
    59
    67
    75
    65
    68
    71
    72
    62
    60
    59
    77
    72
    78
    91
   102
    97
   144
   112
   113
   184
   179
   170
   171
   177
   182
   182
   183
   182
   182
   184
   182
   184
   184
   182
   183
   181
   179
   179
   178
   180
   184
   186
   187
   184
   185
   187
   183
   180
   176
   176
   174
   172
   174
   173
   174
   168
   165
   170
   160
   166
   163
   154
   155
   146
   138
   137
   168
   187
   185
   185
   189
   185
   186
   184
   185
   185
   183
   182
   182
   181
   185
    46
    41
    65
    66
    62
    56
    50
    44
    50
    59
    76
    58
    60
    58
    53
    62
    61
    56
    56
    51
    64
    62
    58
    62
    61
    61
    53
    61
    65
    54
    58
    59
    57
    64
    63
    57
    64
    70
    61
    62
    64
    63
    72
    72
    63
    62
    62
    91
    76
   114
   148
   173
   178
   181
   181
   179
   179
   180
   180
   178
   178
   177
   176
   177
   180
   177
   177
   177
   180
   180
   184
   182
   183
   183
   182
   181
   183
   182
   180
   176
   175
   170
   171
   173
   167
   165
   165
   167
   159
   160
   149
   154
   154
   133
   142
   168
   184
   188
   184
   183
   185
   180
   180
   178
   178
   177
   178
   179
   179
   179
   181
   184
    49
    42
    60
    57
    46
    50
    47
    53
    60
    64
    75
    50
    66
    64
    57
    62
    62
    60
    42
    50
    50
    48
    69
    70
    65
    58
    57
    50
    64
    52
    47
    55
    52
    51
    64
    66
    64
    66
    63
    59
    58
    68
    62
    59
    60
    72
    58
    52
    77
   102
   114
   135
   174
   184
   188
   184
   179
   178
   180
   179
   179
   181
   178
   179
   177
   177
   179
   179
   181
   179
   185
   184
   180
   181
   177
   178
   179
   177
   177
   172
   171
   155
   159
   152
   150
   152
   154
   151
   145
   150
   152
   153
   155
   169
   174
   181
   179
   180
   181
   183
   183
   186
   186
   190
   191
   195
   195
   192
   195
   192
   188
   179
    46
    41
    58
    59
    62
    57
    65
    60
    58
    61
    70
    59
    71
    63
    59
    73
    62
    54
    60
    57
    46
    42
    50
    66
    57
    59
    59
    63
    46
    56
    60
    59
    59
    52
    54
    63
    71
    64
    57
    62
    62
    57
    61
    57
    70
    67
    56
    60
    75
    70
    81
    89
   102
   135
   158
   181
   183
   182
   176
   179
   180
   176
   176
   174
   172
   175
   175
   179
   182
   183
   178
   181
   178
   180
   168
   164
   163
   151
   157
   147
   147
   150
   159
   157
   146
   142
   138
   124
   111
   102
    92
    86
    89
    84
    75
    76
    69
    72
    70
    72
    73
    75
    77
    78
    92
    96
   104
   113
   122
   129
   143
   171
    56
    45
    40
    39
    45
    49
    61
    64
    56
    58
    60
    57
    64
    68
    72
    73
    63
    58
    47
    49
    39
    34
    39
    54
    56
    55
    60
    57
    55
    53
    45
    57
    54
    61
    60
    50
    58
    58
    61
    54
    56
    58
    63
    59
    57
    60
    52
    65
    54
    58
    56
    62
    73
    68
    76
    94
   127
   151
   170
   170
   170
   163
   167
   172
   173
   172
   172
   175
   171
   169
   166
   166
   157
   160
   155
   149
   159
   153
   148
   154
   150
   135
   106
    91
    71
    58
    50
    55
    49
    49
    49
    50
    52
    47
    50
    50
    56
    48
    54
    50
    45
    46
    47
    45
    39
    39
    35
    29
    29
    31
    27
    44
    54
    51
    45
    43
    46
    45
    44
    58
    66
    57
    67
    60
    62
    63
    69
   101
    89
    71
    66
    53
    44
    41
    40
    40
    62
    56
    57
    52
    55
    52
    46
    58
    63
    66
    60
    65
    50
    63
    62
    65
    61
    59
    56
    64
    64
    52
    39
    55
    41
    44
    60
    68
    52
    68
    97
    95
    92
   117
   145
   161
   163
   161
   157
   155
   156
   159
   167
   166
   164
   164
   173
   181
   186
   180
   159
   166
   158
   141
   116
    92
    72
    57
    53
    56
    51
    53
    53
    51
    58
    57
    59
    61
    62
    59
    56
    61
    57
    58
    59
    63
    60
    56
    55
    56
    49
    54
    48
    45
    42
    39
    38
    33
    56
    58
    50
    35
    42
    45
    46
    59
    61
    61
    58
    64
    62
    64
    67
    89
    82
    67
    59
    59
    49
    46
    54
    53
    65
    56
    51
    53
    62
    55
    53
    43
    57
    52
    51
    48
    64
    57
    61
    52
    51
    56
    56
    52
    53
    52
    42
    65
    53
    41
    36
    44
    56
    53
    79
   119
   158
   176
   180
   175
   177
   194
   196
   196
   200
   201
   188
   189
   197
   199
   197
   202
   201
   191
   127
    65
    62
    51
    47
    47
    54
    54
    56
    52
    58
    55
    59
    60
    55
    59
    58
    57
    57
    61
    61
    58
    63
    60
    60
    58
    60
    59
    52
    55
    52
    53
    52
    51
    51
    45
    41
    42
    55
    53
    54
    48
    32
    40
    48
    67
    61
    59
    71
    63
    60
    62
    61
    72
    80
    62
    59
    65
    56
    53
    49
    50
    52
    60
    46
    50
    54
    56
    58
    57
    49
    57
    58
    56
    64
    61
    64
    60
    40
    34
    38
    37
    45
    57
    44
    49
    43
    61
    59
    48
    78
   111
   142
   162
   165
   167
   169
   175
   170
   177
   193
   212
   199
   149
   157
   193
   202
   199
   193
   194
   198
   194
   168
    51
    55
    54
    58
    56
    56
    54
    53
    58
    57
    54
    56
    56
    57
    58
    57
    59
    57
    60
    58
    63
    60
    60
    58
    57
    54
    54
    54
    52
    51
    55
    48
    48
    44
    47
    47
    37
    56
    58
    57
    58
    59
    57
    55
    63
    61
    60
    69
    63
    63
    56
    61
    56
    60
    55
    49
    63
    57
    56
    45
    46
    48
    56
    48
    57
    52
    59
    58
    51
    51
    58
    58
    49
    46
    51
    44
    52
    52
    45
    42
    50
    56
    53
    47
    40
    54
    79
    73
    77
   144
   169
   181
   190
   189
   169
   157
   174
   191
   178
   127
   138
   137
   139
   168
   197
   203
   196
   193
   192
   191
   191
   162
    65
    56
    56
    58
    57
    55
    60
    62
    56
    55
    58
    53
    60
    58
    59
    54
    61
    64
    62
    63
    64
    60
    58
    61
    57
    57
    54
    53
    52
    53
    51
    52
    52
    47
    44
    41
    40
    53
    52
    57
    54
    52
    57
    60
    61
    66
    58
    56
    68
    68
    56
    47
    49
    58
    64
    50
    58
    82
    53
    50
    49
    49
    47
    54
    62
    51
    50
    60
    56
    49
    47
    57
    56
    43
    46
    43
    42
    44
    44
    54
    60
    60
    54
    42
    50
    86
   104
   110
   127
   165
   157
   170
   179
   149
   208
   182
   168
   199
   199
   144
   127
   155
   160
   179
   195
   197
   195
   193
   189
   190
   187
   156
    68
    61
    60
    61
    58
    59
    58
    58
    54
    53
    55
    56
    56
    58
    59
    63
    59
    58
    59
    61
    58
    60
    60
    57
    53
    57
    56
    54
    57
    57
    54
    51
    47
    48
    46
    49
    41
    54
    56
    54
    54
    56
    57
    58
    65
    60
    57
    56
    61
    58
    57
    61
    46
    57
    57
    66
    51
    64
    69
    50
    52
    58
    45
    45
    51
    52
    57
    58
    49
    46
    42
    45
    44
    52
    43
    40
    43
    42
    42
    46
    56
    42
    41
    45
    73
   111
   140
   157
   179
   183
   171
   175
   190
   136
   130
   166
   177
   188
   207
   160
   142
   184
   189
   193
   195
   198
   195
   195
   195
   194
   185
   114
    56
    57
    59
    57
    58
    55
    61
    58
    63
    58
    59
    61
    62
    61
    63
    61
    61
    59
    58
    59
    59
    61
    60
    58
    58
    55
    58
    58
    50
    44
    50
    49
    49
    49
    48
    41
    46
    55
    53
    54
    52
    56
    56
    55
    59
    63
    58
    47
    53
    65
    51
    50
    65
    57
    45
    46
    57
    48
    50
    54
    45
    61
    69
    60
    68
    51
    45
    43
    39
    43
    48
    42
    43
    46
    48
    48
    43
    51
    50
    49
    48
    44
    37
    61
   129
   162
   163
   186
   198
   196
   187
   179
   193
   172
   163
   160
   181
   194
   191
   137
   144
   192
   195
   191
   191
   198
   198
   196
   200
   188
   135
    63
    61
    59
    56
    55
    58
    61
    60
    57
    57
    59
    63
    61
    61
    62
    64
    57
    60
    54
    58
    58
    63
    63
    56
    55
    55
    55
    51
    50
    52
    57
    52
    50
    52
    44
    40
    43
    44
    54
    56
    54
    57
    52
    55
    55
    57
    56
    62
    59
    45
    55
    56
    51
    54
    62
    62
    49
    40
    39
    41
    44
    50
    51
    55
    53
    55
    54
    55
    44
    44
    40
    58
    46
    34
    35
    37
    42
    36
    42
    40
    52
    45
    45
    39
   124
   176
   173
   165
   176
   185
   180
   181
   186
   190
   176
   168
   168
   169
   159
   122
   115
   173
   191
   182
   171
   172
   187
   196
   202
   176
   105
    53
    57
    59
    60
    62
    62
    59
    55
    61
    67
    62
    60
    60
    62
    63
    62
    61
    62
    64
    64
    60
    59
    60
    57
    60
    59
    56
    53
    52
    53
    53
    52
    52
    53
    53
    54
    53
    49
    43
    54
    48
    53
    50
    55
    53
    53
    55
    63
    66
    68
    59
    42
    47
    44
    46
    49
    53
    54
    48
    37
    32
    42
    43
    44
    50
    47
    38
    42
    40
    41
    42
    38
    29
    35
    46
    33
    32
    33
    38
    41
    43
    43
    40
    38
    67
   152
   174
   163
   156
   159
   159
   167
   170
   183
   197
   178
   165
   140
   117
   106
   112
   151
   183
   185
   168
   166
   190
   195
   153
    86
    46
    48
    57
    56
    58
    58
    57
    60
    58
    60
    61
    53
    60
    58
    59
    57
    59
    61
    64
    59
    61
    55
    59
    62
    61
    58
    58
    50
    54
    58
    54
    52
    51
    49
    50
    51
    52
    51
    45
    47
    46
