    48
    46
    51
    48
    51
    49
    49
    48
    48
    51
    52
    52
    55
    50
    51
    51
    52
    53
    49
    47
    48
    49
    52
    56
    58
    50
    47
    44
    37
    47
    34
    37
    39
    36
    32
    26
    31
    35
    33
    29
    39
    29
    31
    28
    37
    48
    53
    54
    51
    49
    51
    54
    48
    46
    48
    52
    43
    44
    36
    33
    34
    40
    45
    54
    50
    50
    49
    53
    53
    51
    48
    51
    48
    50
    53
    52
    54
    48
    45
    51
    55
    47
    46
    49
    53
    51
    57
    55
    50
    48
    56
    52
    53
    53
    57
    54
    50
    50
    53
    51
    49
    53
    53
    52
    50
    46
    44
    45
    44
    46
    48
    50
    45
    50
    47
    47
    49
    46
    49
    48
    51
    49
    53
    48
    49
    50
    51
    50
    47
    49
    53
    53
    56
    50
    53
    46
    33
    33
    29
    40
    41
    40
    47
    50
    47
    37
    31
    37
    36
    36
    36
    38
    39
    34
    29
    32
    28
    30
    35
    37
    45
    51
    49
    50
    49
    51
    51
    38
    55
    69
    76
    82
    80
    68
    38
    22
    42
    52
    49
    50
    53
    49
    50
    47
    50
    50
    47
    51
    49
    50
    50
    48
    48
    47
    52
    53
    53
    52
    52
    52
    54
    56
    51
    51
    53
    57
    55
    53
    52
    51
    53
    53
    52
    44
    46
    49
    51
    50
    47
    48
    48
    49
    48
    45
    50
    47
    52
    49
    49
    50
    43
    50
    49
    50
    50
    49
    48
    51
    49
    49
    51
    52
    51
    50
    47
    46
    41
    42
    43
    40
    41
    40
    39
    40
    41
    39
    48
    39
    34
    34
    40
    40
    42
    44
    51
    53
    55
    46
    39
    39
    33
    29
    32
    35
    37
    45
    52
    48
    45
    76
   137
   140
   124
   133
   140
   146
   148
   124
    65
    28
    35
    45
    46
    55
    52
    52
    50
    51
    50
    48
    48
    50
    51
    52
    49
    50
    51
    50
    47
    50
    48
    49
    50
    50
    48
    53
    52
    50
    48
    51
    50
    53
    49
    47
    45
    53
    49
    47
    47
    49
    47
    44
    45
    47
    44
    45
    49
    49
    48
    50
    46
    47
    49
    47
    48
    47
    47
    47
    48
    51
    52
    52
    52
    50
    55
    55
    51
    46
    44
    46
    45
    46
    43
    50
    51
    52
    50
    50
    42
    45
    43
    34
    39
    52
    47
    48
    44
    53
    62
    53
    41
    33
    33
    40
    37
    39
    38
    33
    41
    52
    56
    95
   131
   136
    95
    87
    94
    99
    99
   117
   141
   129
    77
    45
    32
    30
    41
    49
    50
    51
    54
    50
    49
    49
    50
    46
    49
    45
    50
    49
    51
    51
    54
    51
    49
    49
    47
    48
    52
    48
    48
    54
    50
    50
    49
    48
    51
    43
    46
    48
    42
    47
    46
    44
    42
    45
    49
    43
    50
    46
    51
    54
    52
    53
    50
    50
    47
    51
    50
    52
    51
    53
    48
    51
    50
    55
    55
    56
    57
    59
    54
    45
    46
    43
    48
    51
    50
    49
    43
    44
    45
    45
    44
    37
    37
    48
    48
    48
    53
    51
    53
    51
    46
    40
    38
    35
    37
    32
    35
    33
    29
    32
    47
    68
   114
   138
   136
   109
    96
    99
   113
   106
   103
   125
   135
   131
   114
    89
    52
    30
    45
    51
    47
    50
    52
    48
    48
    50
    50
    49
    50
    50
    49
    47
    49
    50
    52
    47
    47
    48
    47
    46
    47
    49
    52
    46
    45
    47
    50
    47
    45
    45
    47
    45
    42
    45
    46
    46
    47
    46
    48
    51
    54
    51
    52
    48
    53
    50
    54
    52
    52
    53
    54
    53
    58
    58
    59
    58
    61
    55
    47
    49
    57
    57
    57
    44
    46
    47
    48
    41
    48
    52
    44
    41
    42
    37
    37
    42
    43
    47
    46
    51
    52
    58
    57
    56
    54
    45
    40
    41
    37
    36
    38
    32
    28
    34
    53
   109
   132
   110
   161
   148
   100
   127
   137
   146
   143
   135
   139
   141
   149
   113
    50
    35
    47
    52
    50
    50
    53
    45
    45
    50
    49
    53
    50
    51
    48
    45
    47
    46
    47
    52
    49
    49
    44
    47
    45
    46
    46
    43
    46
    44
    42
    45
    47
    48
    46
    41
    45
    46
    45
    46
    47
    47
    48
    50
    49
    55
    54
    56
    59
    56
    58
    49
    58
    65
    67
    64
    61
    54
    53
    50
    51
    52
    53
    57
    54
    53
    52
    46
    45
    54
    53
    50
    46
    44
    40
    37
    43
    46
    48
    45
    47
    49
    54
    49
    51
    52
    55
    48
    44
    49
    49
    43
    44
    43
    40
    32
    28
    38
    80
   157
   215
   225
   186
   109
   112
   132
   119
   110
   105
   108
   132
   151
   135
    98
    47
    40
    49
    51
    49
    49
    52
    51
    48
    46
    47
    48
    47
    49
    47
    50
    45
    46
    48
    45
    49
    42
    46
    43
    43
    43
    43
    42
    42
    46
    46
    40
    42
    42
    41
    43
    47
    42
    47
    51
    52
    54
    52
    51
    53
    54
    56
    59
    56
    66
    64
    61
    60
    60
    55
    55
    53
    48
    49
    52
    52
    57
    60
    59
    53
    43
    44
    50
    54
    54
    48
    44
    42
    43
    48
    53
    54
    55
    58
    60
    58
    57
    52
    59
    60
    55
    50
    43
    34
    32
    31
    30
    30
    34
    44
    75
   110
   199
   222
   218
   225
   208
    93
   122
   105
    70
    50
    66
    92
   130
   140
   123
   115
    74
    39
    35
    37
    50
    49
    52
    52
    51
    48
    54
    49
    46
    49
    48
    47
    46
    45
    46
    44
    47
    43
    44
    42
    39
    44
    45
    42
    41
    44
    43
    46
    47
    46
    47
    45
    48
    49
    50
    50
    51
    50
    52
    58
    57
    54
    56
    66
    69
    63
    60
    56
    55
    58
    53
    58
    51
    49
    52
    54
    60
    58
    53
    56
    50
    51
    54
    49
    45
    48
    52
    42
    39
    48
    52
    52
    51
    53
    57
    53
    54
    55
    56
    60
    49
    43
    49
    62
    79
    93
    97
   100
    96
    95
    95
    98
   112
   134
   210
   221
   221
   147
   142
   146
   188
   162
    82
    59
    77
   130
   139
   138
   140
   136
   119
    74
    34
    46
    48
    47
    50
    50
    47
    46
    46
    50
    47
    42
    45
    48
    45
    47
    42
    44
    42
    42
    42
    40
    40
    40
    39
    41
    44
    43
    42
    44
    42
    44
    45
    48
    51
    53
    50
    51
    53
    50
    57
    61
    64
    68
    69
    61
    63
    60
    62
    62
    68
    65
    68
    69
    57
    58
    60
    56
    53
    53
    57
    47
    51
    55
    54
    54
    54
    61
    67
    74
    77
    79
    79
    83
    80
    79
    75
    74
    80
    78
    84
    94
   109
   119
   123
   132
   134
   123
   119
   100
    99
   106
   107
    82
   144
   221
   231
   131
   105
   109
   170
   217
   140
   112
   110
   111
   113
   132
   148
   145
   139
   139
   116
    49
    46
    52
    48
    49
    49
    48
    51
    47
    45
    48
    45
    46
    46
    40
    44
    42
    41
    40
    43
    41
    38
    41
    44
    41
    40
    43
    45
    41
    41
    40
    54
    50
    53
    52
    51
    54
    49
    55
    56
    57
    60
    65
    69
    56
    56
    55
    57
    59
    64
    70
    67
    67
    59
    58
    53
    55
    62
    46
    50
    52
    55
    57
    66
    70
    82
    93
   107
   107
   104
   108
   109
   114
   108
   103
   105
   105
   103
   110
   125
   132
   132
   133
   134
   133
   125
   130
   126
   116
   134
   144
   147
   137
   226
   208
   113
   117
   131
   122
   114
   125
   140
   135
   123
   134
   126
   124
   122
   127
   133
   134
   142
   133
    50
    49
    52
    52
    50
    50
    47
    48
    45
    43
    47
    45
    43
    47
    40
    44
    44
    41
    37
    41
    40
    41
    41
    43
    45
    39
    37
    40
    41
    39
    58
    50
    49
    49
    49
    51
    57
    59
    57
    58
    58
    62
    62
    58
    57
    54
    55
    57
    67
    63
    56
    66
    66
    58
    56
    51
    54
    53
    48
    50
    59
    72
    78
    93
   103
   108
   114
   121
   130
   130
   131
   127
   129
   122
   125
   125
   130
   136
   134
   135
   134
   138
   136
   131
   120
   127
   119
   121
   136
   137
   140
   148
   220
   222
   124
   143
   143
   139
   132
   129
   132
   139
   139
   124
   129
   136
   126
   124
   120
   119
   119
   120
   109
    49
    35
    23
    27
    35
    41
    50
    50
    47
    41
    42
    42
    40
    44
    43
    38
    42
    42
    38
    39
    39
    35
    39
    37
    40
    45
    39
    40
    42
    74
    52
    52
    54
    53
    52
    54
    50
    43
    56
    61
    60
    59
    52
    47
    46
    44
    47
    50
    61
    62
    56
    60
    60
    54
    57
    50
    48
    52
    58
    66
    78
    95
   105
   111
   117
   131
   134
   133
   139
   135
   136
   134
   134
   135
   136
   136
   137
   137
   135
   136
   131
   118
    96
   118
    94
    89
   107
   127
   131
   134
   148
   225
   225
   170
   150
   149
   148
   151
   146
   142
   138
   144
   176
   138
   145
   144
   140
   142
   139
   133
   128
   131
   133
   127
   114
    95
    71
    47
    25
    18
    26
    36
    42
    46
    48
    38
    44
    49
    42
    42
    39
    42
    43
    43
    44
    46
    40
    39
    41
    40
    42
    83
    49
    47
    50
    48
    44
    46
    52
    54
    60
    60
    53
    57
    62
    58
    57
    49
    48
    44
    56
    63
    61
    62
    59
    56
    52
    55
    65
    60
    69
    84
    98
   108
   116
   121
   129
   137
   137
   138
   138
   137
   137
   139
   141
   138
   137
   135
   138
   139
   137
   134
   118
    89
   106
   113
    94
   103
   121
   127
   130
   136
   136
   188
   206
   146
   153
   150
   154
   150
   152
   148
   144
   147
   198
   159
   150
   148
   149
   152
   143
   142
   143
   137
   135
   133
   136
   135
   135
   134
   133
   118
    94
    55
    33
    19
    18
    41
    43
    37
    41
    41
    46
    47
    37
    39
    37
    38
    42
    40
    39
    34
    33
    98
    52
    55
    56
    56
    59
    53
    53
    55
    54
    51
    63
    64
    65
    63
    56
    58
    59
    59
    61
    60
    62
    61
    65
    60
    60
    65
    68
    70
    80
    96
   105
   116
   124
   135
   140
   139
   138
   139
   139
   140
   140
   135
   136
   139
   139
   141
   144
   142
   138
   139
   107
    93
   115
   103
   104
   113
   130
   130
   132
   136
   140
   137
   139
   148
   154
   155
   152
   157
   159
   159
   155
   159
   172
   169
   153
   152
   152
   150
   147
   145
   142
   141
   141
   139
   138
   137
   141
   141
   137
   139
   136
   136
   130
   122
    77
    41
    21
    39
    41
    47
    40
    39
    43
    37
    38
    41
    41
    41
    41
    53
    71
   117
    54
    54
    55
    61
    66
    57
    50
    45
    55
    49
    52
    56
    60
    62
    67
    64
    62
    60
    58
    58
    60
    64
    62
    54
    63
    67
    69
    82
    97
   109
   121
   127
   141
   148
   146
   143
   145
   143
   143
   144
   146
   141
   142
   141
   143
   145
   147
   148
   153
   140
   104
    93
   114
    91
   113
   122
   134
   131
   127
   133
   132
   133
   137
   148
   151
   154
   155
   156
   161
   164
   162
   161
   165
   179
   150
   156
   158
   156
   152
   146
   142
   140
   141
   140
   137
   140
   140
   142
   139
   140
   138
   140
   139
   135
   136
   132
   113
    67
    30
    26
    40
    38
    41
    43
    44
    41
    40
    40
    40
    36
    84
   127
    60
    58
    60
    58
    63
    59
    57
    48
    48
    53
    50
    48
    56
    55
    60
    66
    61
    60
    58
    62
    65
    62
    66
    63
    62
    65
    81
   101
   112
   116
   123
   139
   150
   150
   147
   150
   146
   151
   148
   146
   145
   147
   148
   149
   149
   150
   151
   154
   154
   129
    99
    98
   106
    96
   131
   142
   141
   125
   119
   120
   124
   120
   125
   134
   141
   151
   151
   153
   156
   159
   160
   164
   163
   182
   156
   157
   158
   158
   159
   157
   151
   147
   145
   143
   142
   140
   142
   141
   141
   142
   142
   135
   139
   136
   137
   135
   136
   131
   121
    74
    29
    34
    44
    39
    42
    42
    41
    45
    40
    53
   103
   138
    57
    56
    59
    53
    54
    62
    53
    52
    47
    47
    47
    44
    47
    50
    57
    63
    62
    58
    62
    58
    60
    63
    63
    66
    69
    74
    90
   109
   112
   121
   128
   141
   148
   152
   153
   152
   151
   149
   151
   149
   151
   151
   151
   148
   147
   150
   155
   158
   150
   122
    92
   110
   105
   112
   137
   143
   143
   126
   117
   114
   115
    96
   111
   126
   132
   144
   150
   151
   152
   156
   158
   160
   170
   181
   156
   157
   164
   165
   161
   160
   160
   154
   153
   146
   146
   146
   146
   144
   144
   141
   135
   132
   133
   139
   135
   139
   141
   141
   137
   138
   117
    55
    25
    39
    42
    44
    43
    41
    43
    93
   126
   124
    53
    58
    59
    55
    56
    49
    57
    55
    52
    46
    50
    50
    48
    57
    53
    59
    59
    63
    63
    58
    63
    66
    68
    70
    77
    82
    97
   106
   118
   126
   130
   144
   153
   153
   154
   158
   155
   155
   155
   153
   149
   151
   152
   153
   154
   154
   157
   162
   147
   121
   106
   123
   104
   137
   143
   141
   130
   113
   108
   105
    90
    81
   106
   122
   132
   136
   146
   149
   151
   158
   161
   161
   172
   177
   155
   161
   162
   167
   166
   164
   162
   160
   157
   152
   152
   148
   146
   146
   146
   139
   137
   131
   131
   136
   141
   132
   139
   136
   136
   136
   140
   136
    93
    31
    23
    25
    23
    30
    71
    96
    72
    70
    57
    60
    57
    51
    49
    48
    50
    53
    51
    50
    50
    48
    40
    52
    53
    60
    60
    63
    58
    61
    63
    75
    70
    72
    77
    95
   106
   107
   121
   129
   131
   143
   157
   156
   156
   158
   160
   158
   157
   154
   151
   154
   156
   157
   158
   157
   158
   157
   144
   123
   113
   134
   103
   144
   150
   150
   120
   101
   100
    93
    69
    80
    96
   118
   126
   134
   145
   150
   151
   156
   163
   163
   168
   171
   156
   166
   164
   166
   164
   162
   160
   161
   164
   160
   156
   152
   145
   140
   138
   135
   134
   134
   131
   126
   133
   131
   133
   125
   124
   134
   135
   137
   135
   110
    82
    91
    99
   112
   120
   120
   115
   117
    56
    59
    52
    58
    50
    51
    57
    60
    53
    54
    51
    49
    49
    45
    58
    62
    60
    59
    57
    60
    72
    79
    81
    77
    89
   101
   105
   115
   125
   126
   132
   143
   152
   156
   155
   157
   159
   158
   158
   157
   158
   156
   159
   162
   162
   161
   157
   155
   150
   122
   129
   155
   102
   150
   155
   149
   116
   102
   107
    80
    77
    81
    98
   115
   122
   120
   133
   144
   150
   157
   162
   166
   168
   169
   160
   169
   174
   169
   166
   164
   163
   167
   164
   169
   166
   156
   151
   143
   135
   131
   130
   132
   127
   124
   123
   123
   123
   126
   129
   133
   138
   138
   137
   127
   127
   125
   133
   124
   118
   116
   111
    98
    59
    54
    58
    66
    63
    62
    61
    62
    59
    52
    44
    45
    62
    53
    48
    61
    60
    57
    57
    59
    70
    73
    78
    77
    93
   102
   102
   123
   130
   130
   134
   137
   145
   154
   160
   163
   163
   161
   159
   159
   163
   161
   166
   169
   167
   161
   157
   161
   158
   128
   136
   152
    95
   153
   152
   150
   115
   110
   103
    83
   112
   103
   102
   124
   129
   124
   122
   132
   142
   155
   167
   171
   171
   168
   162
   175
   178
   174
   169
   172
   169
   170
   169
   173
   173
   163
   156
   152
   137
   126
   130
   126
   123
   125
   127
   126
   130
   130
   127
   127
   125
   125
   132
   129
   126
   116
   113
   115
   116
   103
    93
    91
    51
    43
    48
    56
    59
    63
    57
    56
    55
    55
    44
    46
    64
    60
    60
    56
    62
    62
    58
    59
    66
    69
    74
    83
    94
   105
   103
   128
   120
   131
   130
   134
   143
   159
   162
   161
   164
   161
   163
   164
   166
   167
   168
   170
   166
   159
   160
   167
   159
   128
   143
   148
    98
   152
   151
   150
   115
   115
    87
   107
   114
    94
   103
   128
   136
   129
   125
   131
   137
   151
   168
   172
   176
   165
   162
   174
   178
   172
   175
   173
   169
   172
   177
   174
   173
   167
   158
   152
   137
   132
   133
   119
   115
   113
   118
   123
   127
   129
   126
   119
   121
   132
   129
   124
   128
   116
   107
   109
   107
    92
    78
    81
    50
    54
    55
    55
    49
    51
    55
    54
    51
    52
    47
    54
    58
    63
    72
    65
    62
    65
    58
    66
    68
    70
    79
    83
    99
   104
   107
   115
   131
   136
   138
   136
   148
   157
   165
   162
   163
   165
   166
   165
   169
   169
   171
   171
   166
   163
   170
   169
   165
   129
   150
   134
    96
   154
   157
   144
   115
   108
    92
   133
   168
   185
   108
   127
   141
   128
   124
   129
   136
   146
   165
   171
   173
   158
   167
   182
   179
   174
   173
   173
   174
   181
   179
   178
   170
   161
   151
   141
   129
   123
   119
   116
   114
   113
   129
   130
   131
   132
   124
   126
   132
   121
   117
   109
   105
    98
    95
    85
    83
    85
    81
    84
    56
    46
    53
    51
    48
    49
    53
    53
    52
    50
    52
    62
    63
    69
    64
    68
    60
    66
    60
    72
    76
    80
    88
    91
   106
   108
   108
   120
   138
   131
   142
   141
   154
   154
   161
   163
   164
   169
   166
   171
   173
   175
   175
   173
   170
   166
   171
   173
   166
   130
   171
   124
    94
   151
   159
   139
   118
   103
   119
   148
   168
   195
   111
   127
   137
   130
   122
   137
   144
   140
   150
   160
   170
   150
   169
   181
   180
   178
   178
   173
   180
   178
   179
   171
   160
   148
   132
   120
   105
   111
   110
   104
   107
   114
   137
   136
   134
   129
   123
   125
   127
   119
   107
   101
    86
    81
    84
    74
    81
    80
    81
    84
    49
    59
    56
    57
    51
    49
    42
    47
    47
    51
    56
    67
    71
    76
    64
    61
    65
    68
    66
    72
    73
    82
    89
    90
   106
   106
   110
   132
   133
   136
   137
   146
   158
   155
   160
   161
   165
   171
   170
   172
   174
   177
   178
   175
   174
   166
   168
   176
   172
   129
   174
   115
    94
   154
   161
   131
   117
   110
   126
   135
   143
   133
   108
   121
   135
   124
   124
   137
   144
   134
   144
   158
   160
   144
   174
   184
   183
   185
   183
   179
   181
   182
   174
   163
   149
   138
   129
   117
   113
   112
   112
   111
   100
   113
   136
   136
   133
   123
   124
   122
   114
   119
   109
   107
   105
    90
    86
    77
    71
    66
    70
    71
    57
    58
    58
    58
    57
    45
    42
    40
    41
    47
    54
    66
    76
    72
    67
    58
    63
    61
    64
    68
    76
    75
    79
    95
   106
   110
   116
   129
   133
   133
   132
   153
   164
   156
   161
   159
   166
   170
   174
   175
   181
   180
   183
   179
   172
   169
   169
   175
   172
   137
   172
   102
    96
   155
   163
   126
   104
    90
    87
    96
   112
   113
   106
   119
   125
   122
   124
   137
   143
   143
   143
   152
   154
   138
   181
   187
   188
   185
   183
   183
   183
   175
   160
   151
   145
   139
   135
   121
   116
   115
   117
   107
   107
   109
   124
   132
   141
   138
   128
   124
   116
   106
   106
    98
    97
    86
    74
    67
    65
    65
    63
    70
    47
    58
    61
    58
    53
    56
    45
    42
    43
    43
    59
    65
    78
    71
    66
    60
    61
    63
    71
    73
    79
    74
    85
    99
   109
   108
   117
   121
   132
   135
   145
   160
   168
   160
   159
   165
   172
   177
   181
   179
   186
   183
   186
   181
   172
   172
   171
   176
   174
   144
   171
   105
   109
   157
   164
   124
    98
    75
    98
    61
    68
    81
   100
   114
   122
   114
   124
   136
   147
   144
   153
   161
   149
   143
   180
   190
   187
   187
   182
   181
   181
   165
   148
   149
   146
   145
   136
   123
   110
   108
   110
   107
   104
   114
   122
   129
   129
   120
   117
   110
   107
   102
   104
   104
    95
    87
    77
    62
    67
    65
    63
    66
    49
    53
    54
    53
    52
    46
    52
    50
    47
    44
    49
    59
    68
    66
    65
    58
    59
    70
    70
    72
    80
    87
    89
    93
   107
   110
   116
   124
   128
   138
   152
   162
   163
   160
   166
   166
   173
   175
   181
   178
   187
   188
   188
   184
   179
   170
   178
   176
   175
   143
   165
   107
   106
   155
   162
   118
    97
    68
   101
    52
    49
    72
   106
   111
   117
   116
   125
   138
   146
   151
   156
   164
   142
   145
   173
   185
   190
   189
   186
   180
   167
   153
   150
   143
   145
   138
   127
   110
   104
   103
   106
   106
   114
   122
   133
   133
   128
   116
   113
   108
    96
   104
   101
   100
   102
    94
    78
    75
    66
    66
    64
    57
    45
    50
    49
    45
    45
    43
    44
    43
    49
    45
    45
    54
    64
    67
    61
    64
    63
    62
    67
    78
    85
    84
    81
    94
   104
   109
   112
   116
   129
   146
   159
   164
   162
   163
   166
   166
   172
   180
   183
   185
   190
   189
   188
   185
   177
   171
   183
   178
   171
   149
   171
   110
   113
   153
   149
   106
    88
    77
    45
    36
    53
    77
   102
   106
   108
   115
   127
   140
   148
   149
   152
   164
   139
   153
   168
   174
   185
   189
   181
   170
   156
   148
   149
   150
   147
   137
   121
   108
   102
    96
    95
    98
   108
   126
   137
   144
   138
   128
   124
   118
   111
   112
   105
   101
   107
    97
    81
    71
    70
    66
    61
    59
    59
    54
    48
    49
    45
    39
    39
    41
    38
    45
    47
    51
    58
    62
    61
    69
    62
    63
    70
    75
    81
    82
    87
    90
    97
   108
   113
   126
   140
   150
   152
   154
   153
   158
   168
   168
   170
   181
   185
   191
   193
   193
   192
   189
   185
   172
   179
   184
   176
   155
   173
   116
   116
   144
   131
    99
    89
    87
    61
    59
    62
    90
   108
   105
   109
   122
   132
   149
   154
   150
   154
   144
   143
   161
   168
   168
   170
   185
   172
   157
   146
   147
   147
   151
   152
   137
   121
   110
   101
    96
    96
    91
    93
   127
   145
   147
   145
   140
   135
   128
   120
   117
   119
   122
   115
    95
    84
    72
    67
    66
    73
    68
    58
    49
    50
    43
    39
    37
    41
    39
    36
    47
    42
    49
    59
    57
    61
    58
    52
    56
    60
    64
    70
    78
    77
    87
    98
   113
   123
   129
   136
   142
   149
   153
   156
   163
   166
   165
   170
   176
   186
   193
   194
   197
   195
   196
   186
   170
   179
   189
   174
   152
   168
   121
   124
   143
   137
   105
    85
    92
    70
    61
    72
    94
   102
   104
   110
   120
   137
   153
   156
   150
   149
   124
   154
   166
   167
   161
   158
   165
   160
   150
   148
   148
   153
   153
   150
   135
   117
   109
    99
    89
    94
    98
    72
   111
   140
   144
   147
   146
   142
   135
   129
   131
   132
   123
   111
    99
    86
    78
    75
    71
    81
    72
    55
    49
    44
    44
    44
    41
    37
    39
    42
    46
    45
    51
    52
    49
    60
    56
    52
    54
    52
    65
    73
    76
    79
    88
   106
   119
   126
   132
   136
   140
   151
   159
   162
   164
   168
   166
   164
   177
   185
   191
   196
   199
   198
   195
   190
   172
   179
   191
   180
   167
   166
   123
   124
   135
   142
   113
    93
    93
    97
    69
    85
   100
   109
   105
   115
   127
   143
   153
   155
   148
   126
   144
   164
   168
   163
   161
   161
   157
   154
   150
   151
   152
   150
   156
   148
   126
   108
    94
    86
    83
   100
   120
    89
    90
   130
   144
   147
   144
   144
   141
   136
   136
   137
   129
   119
   109
    99
    87
    83
    83
    76
    70
    58
    49
    44
    36
    43
    40
    40
    42
    39
    45
    44
    48
    51
    48
    52
    52
    46
    50
    53
    68
    75
    71
    71
    90
   107
   115
   126
   138
   131
   143
   146
   155
   159
   163
   165
   168
   168
   178
   185
   192
   199
   199
   200
   199
   195
   174
   181
   192
   187
   185
   170
   137
   117
   145
   155
   121
   106
    99
   107
    85
    90
   109
   109
   106
   119
   135
   148
   160
   154
   127
   136
   158
   161
   161
   160
   157
   155
   153
   146
   143
   146
   153
   157
   159
   140
   119
   107
    92
    82
    83
   103
   123
   111
    90
   112
   143
   149
   147
   146
   146
   142
   136
   134
   132
   126
   116
   114
    94
    88
    74
    69
    76
    51
    47
    40
    37
    41
    51
    38
    40
    44
    43
    42
    43
    46
    46
    48
    48
    52
    51
    65
    71
    72
    65
    76
    91
   109
   119
   134
   140
   140
   143
   140
   147
   157
   163
   166
   167
   170
   179
   186
   193
   199
   200
   198
   200
   192
   174
   180
   194
   191
   202
   169
   140
   129
   153
   157
   126
   120
   114
   113
   113
   121
   116
   118
   119
   130
   145
   152
   147
   126
   128
   146
   153
   151
   154
   153
   144
   144
   151
   148
   133
   133
   152
   161
   150
   134
   115
    94
    90
    80
    87
   112
   125
   120
    96
   103
   130
   150
   149
   146
   150
   144
   136
   133
   128
   133
   121
   111
    97
    89
    86
    84
    78
    50
    47
    41
    41
    42
    47
    40
    36
    38
    40
    51
    47
    45
    42
    53
    51
    48
    63
    72
    66
    63
    66
    85
    94
   119
   133
   137
   133
   132
   141
   143
   148
   156
   166
   166
   164
   173
   183
   188
   192
   196
   200
   200
   200
   197
   179
   181
   193
   193
   204
   168
   134
   126
   161
   160
   134
   136
   129
   113
   124
   139
   128
   125
   128
   137
   137
   131
   118
   121
   141
   140
   141
   144
   144
   140
   136
   150
   159
   156
   150
   131
   129
   141
   133
   118
   101
    90
    82
    75
    88
   112
   127
   125
   106
    99
   113
   140
   147
   145
   146
   144
   142
   134
   123
   124
   121
   110
   101
   101
    95
    88
    79
    55
    51
    45
    42
    40
    44
    37
    30
    34
    45
    44
    37
    48
    46
    47
    53
    61
    74
    70
    66
    63
    78
    83
    96
   119
   130
   127
   127
   134
   144
   151
   150
   151
   162
   165
   167
   174
   181
   190
   193
   195
   201
   203
   201
   195
   179
   181
   192
   193
   206
   171
   148
   152
   156
   167
   131
   130
   128
    96
   108
   105
   114
   113
   114
   116
   120
   118
   124
   134
   143
   147
   148
   148
   145
   142
   147
   158
   158
   155
   159
   142
   111
   117
   105
   101
    93
    82
    85
    83
    87
   106
   125
   131
   112
    97
   110
   133
   147
   144
   141
   142
   138
   133
   117
   115
   117
   102
   108
    98
    89
    80
    76
    59
    55
    45
    43
    32
    42
    38
    31
    36
    47
    44
    44
    51
    51
    53
    61
    64
    67
    65
    79
    78
    82
    93
    96
   114
   123
   122
   132
   138
   139
   138
   148
   161
   169
   173
   172
   177
   185
   190
   191
   197
   200
   201
   196
   195
   177
   185
   196
   193
   202
   174
   154
   173
   169
   168
   157
   134
   129
   142
   228
   161
    99
    90
    98
   114
   127
   136
   148
   152
   161
   159
   160
   153
   149
   151
   160
   169
   155
   148
   142
   123
   113
   107
    89
    92
    84
    81
    87
    79
    80
   104
   127
   132
   119
    92
   108
   125
   149
   144
   137
   132
   124
   119
   110
   102
    99
    94
   102
    98
    93
    90
    90
    54
    44
    39
    35
    35
    31
    42
    40
    39
    42
    39
    45
    51
    58
    56
    57
    72
    75
    79
    81
    85
    89
    90
    85
   100
   109
   117
   125
   130
   138
   141
   150
   159
   162
   171
   173
   177
   185
   192
   196
   198
   199
   202
   198
   191
   181
   194
   199
   195
   198
   169
   145
   167
   183
   161
   156
   138
   142
   170
   240
   162
    93
   103
   122
   135
   147
   159
   165
   166
   164
   169
   161
   158
   158
   162
   165
   165
   155
   144
   129
   103
   107
   107
   102
    98
    83
    83
    93
    86
    86
   108
   137
   135
   129
    91
   106
   120
   149
   150
   126
   123
   118
   114
   101
    93
    93
   101
    99
   103
    99
    94
    90
    51
    41
    39
    36
    36
    37
    44
    47
    40
    39
    43
    45
    60
    53
    54
    65
    69
    82
    78
    81
    79
    77
    87
    86
    82
    91
   106
   119
   126
   140
   149
   157
   157
   162
   166
   169
   179
   188
   191
   195
   199
   199
   201
   200
   192
   183
   197
   202
   202
   201
   169
   147
   177
   179
   144
   131
   139
   139
   150
   130
   105
   126
   141
   156
   161
   163
   162
   161
   161
   163
   160
   164
   167
   169
   167
   165
   165
   161
   144
   145
   124
   109
   113
   106
    89
    85
    92
    96
    95
    86
   114
   140
   133
   132
    95
   110
   125
   145
   156
   134
   115
   111
   100
    90
    87
    93
   100
   106
   108
   101
    90
    93
    49
    50
    44
    40
    36
    30
    37
    42
    42
    40
    45
    48
    56
    56
    55
    57
    70
    75
    73
    80
    79
    76
    83
    88
    90
    96
   106
   116
   127
   142
   149
   152
   158
   164
   168
   170
   178
   187
   192
   195
   199
   201
   198
   195
   188
   184
   200
   203
   204
   199
   171
   150
   180
   179
   181
   145
   169
   171
   164
   158
   158
   164
   173
   172
   170
   168
   165
   167
   161
   161
   167
   170
   174
   178
   175
   177
   180
   181
   174
   166
   164
   137
   121
   116
   101
    92
   106
    93
    96
    92
   122
   143
   136
   133
   103
   112
   128
   140
   157
   129
   110
   103
    90
    88
    90
    89
   102
   103
    95
   101
   103
    98
    56
    50
    46
    38
    34
    34
    33
    47
    49
    52
    43
    54
    51
    54
    49
    56
    63
    76
    69
    74
    75
    80
    76
    75
    86
    90
    98
   107
   116
   125
   139
   153
   157
   163
   163
   168
   177
   189
   193
   197
   198
   200
   199
   197
   181
   181
   196
   201
   203
   203
   174
   155
   176
   184
   205
   168
   192
   196
   188
   170
   174
   184
   189
   191
   186
   185
   180
   182
   178
   178
   180
   180
   184
   184
   188
   191
   194
   194
   191
   184
   180
   167
   145
   140
   120
   106
   107
    92
   103
   109
   130
   146
   141
   143
    99
   114
   134
   142
   153
   126
   101
    89
    80
    79
    85
    93
   101
   101
   104
   107
   105
    97
    56
    50
    44
    34
    32
    34
    38
    47
    58
    52
    48
    52
    57
    48
    49
    58
    70
    72
    71
    66
    72
    73
    68
    74
    88
    89
    95
   103
   114
   132
   141
   151
   160
   159
   161
   167
   179
   188
   197
   197
   198
   199
   200
   193
   183
   181
   195
   201
   203
   196
   181
   162
   170
   187
   181
   182
   203
   204
   193
   170
   185
   195
   201
   200
   199
   197
   197
   196
   193
   195
   198
   196
   193
   197
   199
   201
   204
   202
   197
   192
   185
   179
   170
   159
   135
   116
   117
   113
   118
   124
   138
   152
   143
   144
   112
   112
   128
   139
   156
   126
    93
    81
    78
    78
    85
    81
    96
   105
   105
   109
   114
   105
    61
    56
    43
    34
    33
    39
    40
    50
    67
    50
    50
    47
    50
    46
    42
    52
    57
    66
    66
    70
    77
    73
    76
    83
    90
    87
    94
   106
   114
   125
   138
   142
   146
   157
   157
   163
   180
   188
   197
   198
   194
   193
   196
   193
   180
   182
   194
   198
   204
   183
   179
   169
   167
   191
   217
   192
   207
   209
   198
   172
   192
   202
   205
   206
   203
   201
   201
   197
   199
   202
   201
   203
   200
   200
   201
   203
   204
   206
   200
   193
   188
   182
   176
   166
   144
   127
   126
   129
   133
   135
   150
   156
   146
   149
   108
   114
   128
   137
   152
   121
    89
    74
    74
    76
    79
    77
    95
   103
   105
   111
   111
   108
    67
    58
    46
    38
    38
    38
    36
    50
    66
    61
    50
    44
    42
    46
    47
    44
    50
    55
    57
    56
    64
    70
    77
    82
    88
    90
    96
   107
   114
   121
   134
   140
   146
   158
   160
   170
   185
   192
   194
   196
   197
   197
   195
   190
   177
   179
   193
   197
   203
   174
   170
   161
   158
   173
   192
   188
   206
   209
   203
   176
   191
   203
   208
   207
   207
   203
   200
   199
   199
   199
   202
   203
   204
   202
   202
   203
   204
   208
   195
   191
   194
   184
   176
   167
   137
   122
   117
   121
   131
   136
   149
   156
   148
   154
   110
   113
   131
   142
   151
   118
    87
    79
    74
    74
    74
    90
   105
   109
   116
   120
   111
   107
    73
    58
    47
    43
    46
    36
    36
    51
    64
    60
    50
    40
    39
    43
    45
    40
    47
    57
    51
    48
    56
    61
    73
    84
    87
    89
    95
    97
   108
   114
   124
   137
   148
   157
   161
   172
   187
   193
   195
   196
   199
   196
   197
   194
   179
   175
   194
   196
   201
   165
   147
   150
   173
   171
   128
   155
   184
   198
   203
   182
   184
   197
   200
   201
   201
   200
   198
   197
   197
   195
   197
   200
   201
   202
   202
   203
   204
   200
   184
   187
   190
   179
   174
   160
   132
   110
    99
    95
   101
   119
   148
   155
   147
   147
   103
   115
   129
   139
   149
   117
    93
    79
    68
    62
    72
    93
   113
   114
   124
   123
   109
   101
    63
    55
    47
    49
    50
    40
    31
    45
    57
    57
    49
    43
    40
    46
    47
    39
    39
    39
    42
    56
    66
    72
    72
    78
    89
    95
   102
   106
   116
   114
   119
   134
   148
   152
   160
   171
   188
   192
   197
   198
   197
   196
   196
   194
   181
   179
   195
   191
   196
   158
   143
   161
   191
   189
   180
   174
   154
   154
   160
   158
   171
   179
   189
   194
   197
   198
   197
   197
   196
   196
   193
   196
   199
   198
   200
   198
   198
   191
   179
   171
   155
   162
   159
   135
   111
    93
    94
    85
    86
   106
   143
   149
   148
   147
   104
   119
   130
   142
   151
   114
    85
    68
    64
    67
    83
   100
   109
   116
   121
   115
   109
   104
    50
    55
    55
    50
    51
    41
    34
    40
    48
    52
    50
    44
    40
    47
    43
    37
    36
    36
    47
    56
    65
    78
    85
    87
    96
   107
   112
   115
   126
   122
   124
   134
   148
   147
   156
   174
   188
   193
   195
   193
   198
   200
   198
   196
   180
   183
   199
   180
   195
   155
   158
   166
   194
   176
   189
   168
   140
   141
   163
   130
   117
   142
   164
   175
   186
   193
   195
   194
   192
   193
   193
   192
   192
   193
   195
   195
   195
   186
   178
   134
   132
   157
   138
   122
   105
    95
    91
    92
    97
   101
   140
   152
   151
   138
   113
   123
   137
   145
   152
   113
    83
    72
    67
    77
    86
   100
   112
   120
   121
   117
   110
   103
    60
    63
    45
    40
    57
    39
    29
    33
    43
    50
    46
    48
    46
    50
    47
    42
    36
    51
    54
    56
    70
    80
    89
   102
    98
   113
   121
   131
   130
   130
   127
   137
   147
   141
   153
   175
   189
   193
   195
   196
   197
   200
   200
   195
   181
   185
   188
   168
   197
   147
   149
   147
   191
   179
   171
   164
   156
   156
   188
   146
    92
    89
   118
   151
   164
   175
   186
   188
   190
   190
   187
   185
   182
   184
   186
   191
   189
   186
   176
   133
   147
   146
   118
   115
   111
   103
    94
    94
    96
   106
   136
   154
   156
   125
   114
   130
   143
   152
   165
   130
    94
    80
    74
    77
    90
    99
   114
   112
   112
   112
   106
   100
    58
    53
    48
    48
    56
    36
    31
    40
    40
    53
    49
    46
    45
    47
    44
    44
    51
    58
    76
    71
    76
    87
    91
   112
    99
   120
   121
   147
   146
   130
   132
   138
   144
   141
   156
   182
   193
   196
   198
   199
   201
   201
   200
   196
   179
   189
   187
   171
   199
   133
   134
   158
   191
   190
   174
   170
   172
   169
   162
   122
   104
   110
   115
   133
   165
   167
   179
   178
   181
   184
   181
   179
   173
   175
   182
   188
   190
   192
   178
   153
   154
   135
   118
   109
   102
   102
    92
    92
    87
    95
   118
   150
   160
   126
   123
   137
   151
   165
   169
   139
   106
    89
    88
    89
    88
    95
    98
   105
   112
   113
   117
   105
    63
    60
    46
    46
    51
    33
    27
    32
    37
    41
    51
    41
    39
    40
    47
    48
    51
    68
    75
    79
    73
    91
    96
   108
   106
   116
   123
   147
   152
   131
   137
   141
   144
   146
   157
   185
   190
   195
   198
   200
   202
   204
   203
   196
   178
   186
   191
   165
   197
   130
   144
   164
   185
   182
   167
   169
   172
   164
   155
   140
   135
   144
   135
   132
   141
   158
   182
   182
   184
   182
   182
   174
   165
   161
   172
   189
   197
   194
   179
   159
   141
   124
   121
   111
   101
    97
    93
    90
    82
    91
   116
   145
   152
   114
   131
   147
   159
   174
   173
   142
   110
    97
    94
    87
    87
    89
   107
   113
   121
   124
   119
   110
    63
    51
    54
    51
    46
    37
    35
    35
    35
    38
    45
    48
    39
    40
    43
    52
    51
    63
    80
    83
    81
    81
    94
   100
    97
   118
   123
   142
   142
   128
   141
   149
   149
   148
   156
   188
   192
   196
   198
   201
   203
   202
   200
   190
   177
   189
   193
   169
   188
   131
   150
   160
   181
   171
   157
   159
   157
   156
   152
   156
   153
   153
   153
   149
   141
   135
   175
   192
   193
   193
   192
   189
   177
   170
   159
   176
   197
   196
   178
   154
   134
   142
   127
   116
   105
    97
    89
    85
    89
   100
   127
   147
   145
   119
   132
   148
   156
   179
   178
   148
   125
   129
   124
   116
   108
   110
   115
   127
   134
   135
   123
   112
    59
    51
    54
    50
    52
    48
    34
    41
    35
    32
    36
    37
    46
    41
    48
    50
    59
    73
    89
    86
    78
    79
    85
    89
    99
   118
   123
   134
   136
   134
   151
   149
   154
   151
   159
   189
   195
   198
   201
   201
   201
   202
   200
   180
   178
   195
   196
   173
   164
   133
   139
   162
   179
   170
   151
   144
   140
   140
   149
   140
   143
   144
   148
   157
   165
   151
   147
   186
   198
   199
   194
   197
   194
   187
   176
   169
   186
   185
   173
   161
   155
   149
   140
   124
   112
   100
    94
    85
    92
   108
   131
   145
   138
   124
   136
   139
   163
   186
   175
   148
   135
   141
   136
   131
   129
   127
   120
   131
   139
   137
   129
   122
    47
    51
    45
    51
    44
    41
    42
    40
    36
    35
    33
    37
    37
    50
    46
    46
    57
    66
    74
    75
    72
    85
    92
    99
   100
   123
   135
   150
   156
   147
   145
   147
   153
   159
   166
   189
   196
   197
   202
   202
   204
   203
   197
   179
   191
   200
   192
   165
   150
   142
   150
   167
   175
   159
   147
   144
   129
   131
   121
   115
   136
   130
   136
   149
   162
   166
   142
   159
   190
   199
   201
   198
   197
   196
   193
   179
   180
   177
   167
   172
   171
   160
   148
   134
   112
    98
    86
    88
    90
   103
   130
   146
   127
   123
   132
   145
   172
   184
   176
   157
   156
   145
   132
   131
   141
   142
   132
   132
   125
   133
   130
   112
    48
    47
    42
    51
    45
    49
    52
    50
    41
    44
    48
    44
    44
    42
    44
    45
    49
    68
    68
    74
    77
    93
    93
   114
   127
   132
   147
   164
   158
   141
   147
   154
   161
   158
   167
   190
   197
   200
   202
   203
   204
   204
   199
   186
   198
   203
   192
   166
   158
   138
   138
   165
   175
   155
   147
   137
   120
   135
   112
   112
   134
   132
   134
   137
   151
   169
   157
   145
   167
   193
   204
   201
   199
   200
   193
   186
   187
   181
   179
   188
   191
   178
   162
   142
   124
   105
    94
    91
    89
   109
   138
   142
   122
   123
   130
   157
   180
   180
   167
   165
   169
   161
   153
   144
   148
   148
   132
   131
   122
   129
   124
   114
    52
    52
    57
    51
    49
    53
    47
    54
    51
    44
    44
    37
    37
    40
    47
    43
    57
    70
    71
    72
    83
    99
   104
   132
   144
   141
   148
   159
   152
   153
   163
   167
   161
   157
   171
   193
   196
   198
   201
   201
   203
   205
   199
   193
   202
   201
   190
   166
   156
   127
   125
   169
   172
   156
   139
   121
   124
   130
   119
   114
   128
   126
   131
   142
   147
   161
   155
   165
   159
   186
   199
   202
   199
   196
   191
   185
   183
   184
   185
   194
   195
   191
   178
   158
   138
   129
   104
    91
    92
   103
   127
   131
   116
   117
   134
   170
   186
   182
   176
   179
   173
   161
   159
   152
   153
   150
   143
   136
   128
   119
   111
    98
    55
    51
    60
    56
    57
    57
    56
    59
    47
    40
    51
    47
    39
    38
    42
    44
    48
    62
    70
    74
    86
   108
   126
   138
   149
   146
   155
   154
   162
   168
   170
   170
   163
   158
   172
   192
   197
   199
   202
   203
   203
   204
   200
   199
   202
   200
   187
   172
   150
   110
   125
   172
   172
   156
   121
   108
   135
   126
   105
   114
   122
   128
   136
   138
   144
   156
   153
   171
   177
   162
   196
   200
   199
   194
   186
   182
   176
   175
   185
   191
   194
   192
   185
   173
   156
   144
   124
    99
    91
   101
   121
   117
   116
   124
   153
   181
   186
   183
   182
   181
   175
   162
   158
   161
   158
   147
   154
   158
   132
   113
   104
    92
    52
    61
    55
    58
    65
    57
    46
    45
    51
    50
    62
    51
    45
    40
    43
    44
    48
    59
    70
    84
    93
   112
   138
   144
   154
   156
   165
   155
   166
   174
   176
   171
   167
   167
   176
   192
   197
   202
   202
   203
   203
   203
   196
   199
   201
   200
   178
   173
   138
    99
   131
   169
   175
   142
   105
   117
   125
   136
   113
   113
   124
   128
   136
   141
   143
   155
   154
   166
   188
   158
   184
   198
   197
   194
   191
   187
   177
   174
   179
   184
   190
   191
   189
   182
   166
   147
   134
   116
   100
   103
   110
   101
   111
   138
   173
   184
   182
   184
   182
   181
   173
   164
   157
   157
   161
   138
   140
   146
   131
   115
   103
    90
    56
    64
    56
    59
    56
    43
    42
    41
    53
    58
    59
    54
    56
    49
    45
    49
    52
    54
    70
    84
   102
   109
   137
   151
   148
   162
   169
   154
   170
   173
   176
   174
   169
   170
   178
   195
   198
   199
   201
   202
   203
   200
   194
   200
   198
   194
   163
   182
   137
   106
   137
   170
   171
   122
   107
   117
   124
   139
   132
   115
   131
   132
   138
   141
   144
   156
   150
   168
   188
   174
   170
   197
   200
   197
   193
   191
   180
   176
   175
   176
   183
   189
   190
   182
   166
   147
   124
   114
   108
   108
   106
    90
   110
   155
   177
   181
   182
   185
   180
   181
   177
   168
   162
   155
   154
   147
   127
   123
   123
   108
    99
    91
    60
    57
    56
    55
    47
    40
    45
    57
    60
    56
    50
    60
    58
    61
    60
    45
    49
    55
    64
    80
   102
   114
   125
   146
   147
   160
   172
   162
   172
   175
   175
   174
   171
   173
   184
   192
   197
   199
   200
   201
   201
   198
   191
   198
   195
   190
   142
   188
   130
   103
   136
   175
   166
   111
   113
   112
   139
   147
   153
   117
   136
   136
   140
   142
   145
   154
   147
   168
   191
   192
   157
   198
   200
   198
   199
   194
   187
   179
   177
   180
   181
   186
   189
   186
   167
   144
   122
   109
   108
   108
   105
   102
   121
   151
   174
   178
   181
   185
   182
   180
   171
   164
   160
   147
   138
   136
   124
   111
   106
    93
    84
    84
    62
    57
    60
    53
    49
    51
    57
    62
    54
    53
    54
    67
    61
    64
    60
    47
    47
    50
    62
    83
   102
   110
   116
   133
   147
   159
   173
   159
   173
   174
   171
   171
   177
   178
   184
   192
   197
   198
   201
   200
   200
   192
   190
   197
   198
   189
   114
   192
   118
    99
   135
   170
   156
   100
   109
   126
   158
   164
   176
   132
   136
   141
   143
   146
   150
   154
   143
   168
   191
   199
   158
   195
   199
   200
   198
   194
   189
   183
   180
   179
   181
   183
   183
   183
   177
   157
   141
   119
   105
   102
   107
   116
   123
   140
   164
   175
   178
   180
   179
   162
   155
   143
   137
   141
   127
   119
   114
   105
    97
    89
    79
    67
    57
    62
    70
    67
    63
    56
    56
    54
    55
    52
    53
    54
    55
    60
    57
    46
    46
    50
    66
    81
    93
   108
   121
   135
   145
   160
   164
   158
   166
   173
   174
   172
   177
   184
   187
   190
   195
   198
   200
   201
   198
   184
   190
   199
   197
   187
   118
   214
   118
    96
   147
   174
   149
   105
   109
   123
   149
   155
   181
   147
   136
   146
   149
   148
   153
   157
   146
   171
   191
   195
   162
   198
   201
   202
   202
   199
   197
   192
   182
   181
   182
   182
   182
   184
   179
   159
   140
   131
   120
   111
   103
   115
   132
   156
   164
   183
   185
   179
   166
   154
   155
   147
   129
   135
   130
   119
   116
   109
    93
    84
    75
    69
    54
    47
    53
    58
    55
    51
    57
    58
    52
    47
    51
    51
    52
    66
    60
    46
    42
    54
    74
    71
    85
   107
   124
   135
   137
   144
   155
   166
   170
   170
   175
   177
   179
   183
   184
   186
   194
   198
   197
   198
   198
   185
   195
   201
   196
   181
   115
   218
   121
    99
   159
   175
   146
   105
   108
   116
   117
   126
   144
   138
   138
   148
   154
   148
   150
   154
   147
   173
   190
   195
   161
   197
   204
   203
   200
   197
   198
   195
   189
   184
   185
   185
   183
   180
   175
   153
   130
   120
   126
   129
   115
   108
   121
   147
   151
   170
   174
   167
   158
   142
   139
   141
   128
   122
   117
   107
   105
    99
    95
    85
    75
    71
    61
    54
    54
    54
    57
    65
    67
    60
    65
    63
    57
    61
    56
    74
    65
    49
    52
    71
    70
    59
    83
    97
   117
   132
   137
   141
   157
   162
   167
   165
   171
   177
   182
   184
   183
   187
   192
   196
   195
   198
   195
   180
   191
   199
   199
   187
   134
   216
   122
   118
   169
   173
   143
   110
   101
   113
   120
   101
    93
   111
   141
   156
   157
   155
   153
   152
   152
   183
   192
   195
   161
   195
   204
   205
   199
   199
   199
   195
   193
   189
   188
   189
   188
   187
   172
   164
   127
   118
   121
   130
   130
   121
   120
   127
   141
   162
   170
   153
   149
   145
   127
   122
   129
   132
   123
   114
    97
    87
    93
    92
    91
    85
    52
    58
    59
    56
    49
    47
    53
    64
    58
    61
    71
    70
    60
    68
    60
    57
    67
    67
    57
    56
    86
    86
    98
   116
   130
   140
   157
   161
   165
   160
   172
   179
   182
   182
   184
   185
   191
   192
   195
   196
   194
   181
   189
   197
   196
   183
   139
   157
   123
   121
   172
   172
   146
   115
   105
    79
    43
   171
   113
   106
   142
   155
   166
   158
   155
   144
   162
   186
   190
   194
   158
   196
   204
   204
   202
   199
   198
   199
   194
   192
   192
   194
   191
   190
   182
   169
   151
   125
   122
   116
   119
   124
   129
   137
   145
   160
   176
   173
   157
   141
   146
   125
   121
   116
   119
   114
    92
    92
    92
    88
    83
    91
    61
    61
    64
    64
    54
    58
    67
    60
    57
    70
    78
    75
    62
    60
    58
    54
    76
    74
    67
    66
    69
    75
    98
   108
   122
   135
   151
   156
   164
   162
   162
   173
   183
   187
   184
   185
   186
   191
   194
   191
   190
   185
   187
   197
   196
   179
   144
   154
   138
   124
   172
   177
   149
   115
    96
    86
    71
   160
   111
   116
   148
   160
   159
   161
   154
   152
   175
   189
   194
   199
   162
   199
   206
   205
   202
   201
   199
   200
   197
   195
   191
   196
   193
   191
   189
   178
   169
   135
   116
   124
   123
   130
   135
   140
   146
   160
   169
   179
   176
   167
   156
   155
   155
   131
   112
   106
   105
    93
    88
    89
    94
   113
    55
    61
    70
    73
    69
    65
    62
    59
    59
    61
    66
    58
    61
    67
    55
    54
    69
    78
    80
    75
    69
    75
    82
    99
   111
   131
   144
   148
   156
   161
   164
   170
   182
   187
   188
   182
   186
   189
   188
   193
   194
   190
   188
   195
   195
   174
   144
   152
   140
   126
   170
   179
   156
   103
   101
    90
    94
    97
   101
   129
   151
   157
   163
   154
   144
   166
   189
   194
   199
   198
   162
   198
   203
   205
   203
   201
   200
   198
   197
   191
   187
   193
   198
   196
   189
   188
   182
   171
   132
   124
   129
   128
   128
   139
   160
   164
   174
   179
   179
   167
   168
   161
   161
   157
   150
   149
   132
   108
    95
    85
    89
    96
    61
    69
    67
    60
    60
    61
    61
    63
    51
    54
    64
    59
    62
    55
    50
    45
    56
    77
    79
    67
    76
    72
    83
    90
   104
   114
   133
   152
   154
   153
   160
   164
   170
   183
   185
   185
   187
   189
   190
   191
   192
   192
   193
   189
   186
   172
   148
   156
   140
   131
   159
   169
   159
   119
   115
    93
   114
   122
   114
   127
   146
   153
   147
   146
   165
   183
   187
   194
   197
   195
   163
   200
   201
   203
   202
   202
   202
   199
   196
   192
   183
   192
   195
   197
   192
   189
   188
   185
   165
   136
   135
   140
   145
   153
   161
   161
   172
   174
   172
   170
   175
   174
   171
   167
   159
   157
   136
   120
   113
   123
   119
   118
    59
    58
    61
    66
    64
    61
    70
    61
    58
    50
    60
    53
    50
    42
    38
    41
    58
    78
    81
    80
    77
    82
    81
    92
    93
    97
   113
   134
   151
   155
   151
   159
   166
   173
   179
   177
   185
   187
   187
   189
   191
   192
   195
   193
   186
   171
   138
   168
   149
   134
   157
   171
   165
   125
   120
   111
    92
   103
   121
   131
   139
   145
   152
   172
   187
   187
   193
   194
   198
   200
   168
   197
   201
   202
   202
   199
   198
   196
   196
   195
   194
   196
   197
   196
   193
   191
   186
   185
   179
   158
   144
   142
   153
   149
   157
   170
   170
   178
   179
   183
   186
   186
   184
   182
   170
   156
   152
   138
   143
   141
   153
   148
    58
    56
    64
    77
    65
    62
    55
    52
    54
    56
    53
    58
    49
    42
    45
    47
    52
    65
    82
    85
    82
    76
    80
    84
    89
    97
   100
   114
   131
   141
   146
   153
   161
   170
   176
   183
   182
   182
   183
   183
   190
   191
   193
   193
   190
   171
   130
   192
   155
   133
   151
   159
   152
   133
   134
   135
   110
    96
   127
   150
   158
   167
   178
   184
   189
   192
   193
   197
   197
   199
   171
   196
   197
   199
   198
   197
   197
   196
   193
   191
   193
   193
   192
   193
   192
   190
   186
   185
   178
   169
   147
   149
   163
   152
   152
   164
   174
   180
   183
   185
   185
   182
   180
   179
   172
   161
   157
   165
   157
   147
   158
   156
    53
    57
    59
    67
    67
    59
    56
    50
    63
    62
    62
    58
    52
    43
    52
    53
    54
    68
    75
    84
    82
    79
    75
    85
    88
    95
   105
   103
   113
   136
   139
   143
   151
   160
   170
   177
   179
   177
   179
   179
   186
   187
   190
   191
   186
   169
   119
   183
   147
   128
   141
   150
   156
   159
   157
   160
   155
   135
   141
   162
   171
   180
   187
   189
   191
   195
   196
   197
   197
   194
   170
   187
   194
   199
   198
   194
   193
   194
   194
   191
   192
   190
   192
   193
   190
   190
   185
   191
   178
   170
   156
   148
   165
   155
   156
   165
   173
   181
   183
   185
   183
   180
   174
   168
   167
   153
   163
   169
   175
   178
   170
   151
    61
    59
    60
    63
    63
    64
    66
    61
    70
    70
    66
    57
    57
    57
    53
    52
    63
    74
    64
    88
    89
    84
    71
    80
    89
    98
   100
   108
   104
   118
   133
   142
   147
   151
   163
   169
   173
   175
   172
   173
   174
   176
   180
   183
   182
   173
   119
   171
   152
   135
   159
   166
   174
   174
   173
   171
   165
   193
   201
   183
   176
   184
   188
   191
   193
   195
   194
   192
   197
   187
   176
   179
   188
   194
   196
   195
   194
   193
   194
   191
   189
   188
   190
   188
   190
   189
   185
   192
   183
   182
   171
   160
   155
   164
   178
   176
   181
   184
   185
   185
   183
   177
   170
   174
   158
   165
   180
   175
   185
   186
   183
   165
    59
    56
    57
    61
    60
    64
    64
    63
    70
    71
    65
    70
    58
    58
    60
    56
    73
    81
    59
    83
    83
    81
    75
    70
    84
    92
    94
    95
   106
   115
   123
   134
   147
   151
   154
   165
   171
   171
   171
   171
   172
   173
   177
   175
   174
   171
   137
   140
   155
   126
   167
   169
   172
   172
   176
   181
   180
   212
   226
   226
   194
   185
   185
   187
   189
   191
   191
   190
   196
   192
   188
   184
   190
   192
   195
   196
   192
   190
   192
   189
   187
   183
   185
   184
   185
   189
   187
   184
   174
   179
   171
   166
   176
   185
   186
   182
   184
   180
   179
   179
   178
   177
   169
   152
   157
   175
   178
   184
   190
   188
   186
   175
    61
    57
    57
    57
    63
    59
    59
    69
    73
    68
    67
    75
    64
    62
    61
    53
    67
    84
    70
    75
    76
    66
    64
    64
    67
    86
    93
   100
   105
   113
   126
   128
   143
   149
   153
   156
   166
   175
   175
   174
   176
   172
   175
   177
   170
   164
   142
   112
   140
   126
   158
   174
   171
   172
   176
   186
   190
   215
   222
   221
   202
   186
   187
   186
   185
   184
   186
   186
   195
   194
   192
   189
   190
   192
   193
   195
   193
   190
   192
   190
   190
   186
   184
   185
   189
   189
   188
   191
   175
   185
   186
   181
   175
   182
   183
   184
   183
   180
   175
   171
   170
   172
   157
   154
   171
   178
   181
   186
   186
   188
   186
   170
    55
    56
    57
    58
    52
    59
    59
    68
    71
    76
    73
    74
    73
    60
    62
    67
    76
    86
    64
    75
    73
    57
    62
    63
    61
    67
    85
    89
    96
   104
   116
   124
   134
   141
   143
   146
   151
   158
   166
   173
   175
   174
   174
   171
   174
   170
   153
   121
   127
   141
   149
   166
   166
   178
   182
   186
   188
   207
   218
   213
   199
   187
   185
   185
   179
   174
   179
   185
   192
   187
   188
   187
   190
   191
   191
   191
   192
   188
   185
   185
   182
   183
   184
   186
   183
   184
   188
   190
   185
   190
   193
   187
   176
   180
   179
   178
   176
   171
   170
   167
   154
   142
   143
   167
   177
   181
   181
   185
   182
   181
   179
   168
    59
    57
    56
    60
    62
    57
    52
    56
    62
    71
    83
    77
    79
    70
    67
    65
    68
    77
    74
    70
    67
    57
    59
    66
    74
    60
    78
    89
    77
    85
    87
   106
   117
   122
   126
   125
   131
   140
   148
   153
   168
   174
   174
   176
   176
   176
   163
   131
   123
   135
   150
   159
   167
   176
   181
   187
   190
   193
   215
   221
   212
   186
   185
   180
   178
   174
   181
   187
   176
   187
   188
   190
   196
   194
   194
   194
   192
   190
   189
   186
   186
   185
   184
   182
   183
   182
   187
   187
   186
   185
   183
   177
   175
   178
   177
   174
   165
   159
   157
   163
   161
   166
   186
   195
   197
   195
   197
   196
   200
   199
   198
   198
    56
    57
    60
    54
    54
    53
    48
    41
    61
    72
    71
    73
    74
    77
    71
    66
    74
    76
    76
    72
    83
    74
    62
    65
    78
    71
    69
    92
    67
    77
    68
    65
    79
    89
    97
   101
   106
   108
   120
   127
   131
   158
   174
   171
   176
   176
   170
   138
   132
   141
   152
   159
   163
   167
   179
   184
   194
   208
   221
   220
   218
   186
   180
   178
   179
   180
   178
   162
   177
   188
   191
   193
   193
   192
   190
   189
   189
   189
   189
   190
   184
   179
   177
   179
   182
   184
   183
   180
   183
   177
   174
   173
   172
   169
   164
   161
   161
   160
   161
   131
    97
    94
    91
    86
    85
    83
    91
    86
    88
    94
   104
   106
    54
    51
    49
    51
    53
    54
    46
    49
    54
    55
    66
    65
    76
    72
    76
    71
    75
    78
    81
    64
    80
    82
    70
    69
    76
    71
    75
    79
    84
    79
    66
    63
    65
    74
    79
    81
    88
    87
    95
    99
   101
   105
   135
   161
   169
   172
   175
   157
   126
   145
   165
   161
   148
   169
   165
   176
   186
   213
   220
   221
   219
   187
   182
   185
   185
   172
   159
   172
   188
   191
   190
   191
   190
   189
   184
   184
   184
   177
   170
   171
   172
   173
   179
   180
   178
   179
   177
   176
   172
   173
   171
   168
   160
   165
   165
   163
   166
   142
    97
    57
    49
    49
    46
    50
    47
    47
    38
    54
    47
    41
    34
    28
    53
    58
    58
    60
    64
    61
    51
    46
    61
    63
    64
    59
    65
    71
    75
    77
    75
    65
    68
    73
    70
    79
    66
    70
    65
    68
    71
    82
    75
    69
    63
    66
    65
    72
    67
    68
    80
    87
    83
    75
    79
    74
    86
   109
   139
   155
   168
   166
   139
   146
   177
   178
   155
   207
   212
   208
   221
   222
   220
   219
   210
   189
   186
   182
   172
   168
   173
   188
   188
   188
   186
   188
   187
   186
   181
   171
   167
   169
   172
   176
   180
   183
   181
   183
   181
   176
   174
   164
   160
   164
   166
   162
   168
   159
   155
   120
    93
    66
    54
    56
    59
    58
    60
    57
    51
    54
    56
    53
    54
    55
    48
    47
    56
    52
    58
    57
    53
    54
    58
    56
    43
    49
    49
    50
    59
    67
    61
    68
    57
    58
    55
    61
    68
    67
    55
    65
    73
    67
    67
    74
    75
    65
    61
    49
    56
    68
    66
    69
    67
    66
    69
    74
    74
    77
    75
    83
    90
   103
   124
   147
   127
   138
   171
   176
   163
   221
   223
   218
   224
   221
   220
   219
   205
   196
   187
   180
   178
   183
   188
   184
   181
   179
   178
   176
   175
   171
   167
   170
   175
   174
   174
   177
   175
   177
   180
   185
   179
   177
   172
   170
   156
   155
   144
   132
   110
    88
    63
    59
    51
    62
    59
    60
    58
    57
    54
    56
    54
    53
    51
    58
    53
    48
    46
    49
    58
    59
    57
    55
    60
    62
    58
    57
    50
    37
    48
    50
    51
    55
    69
    68
    59
    51
    53
    52
    55
    55
    58
    58
    66
    64
    65
    66
    67
    64
    72
    54
    56
    56
    56
    72
    75
    67
    58
    62
    74
    58
    64
    64
    66
    74
    71
    75
    82
    91
   142
   167
   120
   159
   223
   188
   162
   205
   230
   201
   183
   182
   183
   182
   184
   182
   178
   177
   174
   172
   169
   167
   169
   171
   173
   174
   173
   176
   181
   175
   167
   155
   139
   110
   104
    91
    78
    67
    63
    57
    51
    44
    48
    53
    55
    60
    59
    61
    60
    54
    59
    56
    54
    57
    54
    54
    54
    50
    54
    50
    50
    47
    60
    58
    59
    58
    55
    53
    56
    57
    60
    56
    52
    45
    50
    57
    66
    76
    63
    61
    60
    58
    58
    64
    72
    66
    66
    70
    76
    79
    64
    63
    72
    77
    65
    66
    61
    55
    75
    77
    78
    78
    69
    61
    69
    61
    65
    61
    63
    63
    50
    39
    66
    88
    78
    82
   118
   158
   166
   166
   172
   167
   170
   168
   170
   169
   169
   166
   164
   164
   165
   163
   162
   160
   161
   163
   162
   167
   164
   130
    74
    69
    58
    50
    50
    46
    53
    52
    52
    54
    49
    57
    60
    62
    62
    61
    61
    62
    62
    60
    61
    61
    60
    54
    56
    56
    55
    58
    52
    55
    52
    53
    52
    45
    56
    56
    56
    60
    61
    60
    60
    56
    57
    54
    55
    57
    54
    53
    51
    57
    59
    77
    69
    63
    52
    56
    62
    63
    65
    71
    66
    71
    59
    65
    54
    76
    69
    61
    60
    54
    51
    67
    66
    70
    71
    56
    64
    68
    66
    65
    63
    67
    75
    62
    40
    73
    93
    72
    66
    75
    89
    95
   101
   124
   147
   164
   155
   160
   160
   161
   171
   168
   156
   163
   181
   191
   189
   191
   192
   194
   194
   154
    58
    51
    54
    56
    59
    62
    65
    61
    60
    60
    66
    60
    64
    66
    63
    62
    61
    62
    60
    63
    58
    59
    54
    56
    57
    53
    53
    52
    50
    54
    51
    49
    48
    46
    57
    59
    57
    53
    54
    52
    53
    57
    55
    58
    59
    62
    54
    54
    56
    57
    57
    64
    66
    79
    70
    57
    50
    56
    63
    60
    58
    65
    73
    62
    55
    61
    59
    52
    70
    64
    65
    68
    62
    71
    72
    63
    57
    58
    61
    64
    62
    67
    63
    58
    60
    58
    50
    54
    56
    53
    38
    55
   105
   112
   132
   163
   173
   181
   202
   193
   153
   167
   164
   181
   204
   202
   198
   197
   196
   192
   185
   141
    65
    63
    63
    64
    62
    63
    63
    61
    63
    61
    60
    61
    62
    62
    66
    63
    63
    59
    60
    61
    60
    56
    56
    57
    51
    52
    54
    54
    57
    55
    52
    53
    48
    50
    53
    57
    63
    59
    55
    57
    58
    57
    58
    57
    59
    62
    56
    57
    59
    55
    64
    67
    54
    65
    86
    73
    58
    60
    61
    59
    52
    58
    73
    60
    59
    53
    46
    53
    56
    60
    66
    58
    61
    62
    59
    54
    62
    63
    53
    46
    41
    37
    33
    41
    49
    66
    99
    62
    77
   122
   181
   159
   179
   180
   161
   170
   180
   188
   195
   173
   135
   178
   192
   194
   196
   199
   198
   197
   198
   200
   175
    90
    60
    59
    61
    61
    64
    59
    61
    61
    63
    64
    66
    62
    61
    64
    62
    66
    62
    61
    55
    59
    56
    63
    60
    54
    56
    56
    51
    53
    49
    54
    54
    54
    56
    48
    55
    55
    53
    53
    56
    54
    54
    55
    56
    56
    60
    58
    62
    57
    55
    55
    56
    57
    55
    48
    67
    64
    57
    64
    64
    61
    56
    52
    51
    54
    51
    50
    50
    60
    67
    54
    53
    55
    53
    52
    68
    64
    50
    51
    51
    45
    42
    48
    53
    39
    45
    73
   116
   119
   146
   174
   189
   183
   187
   188
   178
   179
   183
   180
   163
   130
   158
   191
   188
   179
   183
   196
   207
   210
   200
   151
    79
    55
    64
    64
    64
    63
    58
    62
    64
    64
    62
    64
    60
    62
    66
    67
    66
    59
    61
    62
    62
    62
    60
    55
    54
    53
    52
    51
    50
    48
    52
    51
    53
    48
    50
    51
    55
    56
    53
    54
    52
    55
    58
    54
    53
    57
    59
    61
    59
    62
    53
    54
    61
    65
    61
    48
    59
    58
    54
    71
    76
    58
    60
    61
    58
    49
    49
    56
    56
    54
    60
    46
    46
    50
    47
    43
    42
    49
    53
    41
    42
    43
    51
    58
    59
    43
    51
   105
   137
   151
   165
   174
   171
   179
   188
   194
   181
   166
   146
   135
   123
   147
   181
   185
   166
   176
   196
   174
   123
   108
    79
    54
    60
    64
    64
    66
    63
    65
    65
    68
    65
    64
    67
    62
    63
    64
    64
    59
    62
    66
    64
    61
    60
    56
    55
    57
    55
    56
    52
    52
    54
    54
    52
    50
    51
    55
    52
    48
    55
    53
    55
    57
    57
    56
    54
    56
    58
    59
    58
    61
    58
    59
    61
    54
    55
    55
    61
    60
    50
    45
    53
    51
    71
    54
    55
    49
    72
    63
    54
    61
    60
    53
    47
    43
    39
    39
    46
    42
    41
    40
    37
    41
    40
    42
    48
    51
    41
    60
   130
   170
   163
   158
   151
   150
   156
   170
   182
   192
   191
   168
   150
   142
   156
   185
   186
   178
   193
   180
   121
    69
    55
    48
    57
    63
    64
    61
    63
    66
    64
    60
    68
    66
    68
    66
    65
    67
    65
    63
    59
    62
    62
    63
    60
    58
    54
    58
    55
    53
    53
    57
    54
    54
    51
    54
    46
    52
    49
    50
    49
    53
    52
    52
    56
    52
    54
    52
    57
    56
    58
    54
    56
    55
    56
    57
    56
    62
    58
    63
    52
    41
    50
    46
    43
    45
    48
    58
    41
    39
    40
    58
    61
    54
    48
    45
    39
    38
    39
    41
    35
    37
    40
    37
    35
    31
    35
    39
    39
    35
    38
    62
   151
   171
   144
   171
   175
   163
   153
   163
   171
   178
   191
   188
   179
   179
   185
   188
   186
   174
   119
    72
    57
    63
    70
    67
    67
    64
    67
    68
    62
    70
    65
    61
    61
    62
    60
    64
    62
    63
    58
    60
    64
    59
    63
    64
    59
    60
    61
    56
    58
    60
    58
    53
    56
    52
    50
    48
    52
    50
    51
    50
    49
    48
    57
    57
    54
    57
    52
    57
    56
    56
    59
    61
    59
    60
    62
    59
    56
    55
    62
    60
    63
    66
    57
    58
    44
    36
    35
    36
    42
    34
    31
    37
    37
    45
    42
    37
    34
    35
    33
    38
    31
    37
    33
    33
    48
    63
    62
    47
    38
    38
    46
    48
   131
   170
   144
    97
   114
   126
   125
   120
   120
   122
   130
   160
   180
   188
   162
   137
    95
    63
    57
    65
    68
    67
    65
    68
    66
    63
    59
    66
    65
    59
    59
    66
    67
    61
    68
    61
    64
    61
    63
    66
    64
    60
    60
    59
    59
    55
    54
    57
    56
    53
    55
    55
    47
    54
    51
    50
    47
    47
    50
    51
    45
    46
    57
    52
    58
    53
    60
    51
    61
    54
    56
    57
    57
    59
    58
    59
    60
    62
    64
    63
    58
    59
    61
    63
    73
    62
    51
    42
    36
    33
    37
    37
    35
    35
    37
    39
    32
    34
    44
    54
    65
    60
    64
    67
    69
    61
    65
    69
    63
    64
    69
    69
    60
   115
   177
   195
   173
   149
   139
   147
   150
   176
   172
   148
   109
    78
    58
    49
    62
    62
    72
    68
    69
    64
    64
    66
    68
    73
    68
    60
    62
    65
    66
    59
    64
    67
    60
    60
    60
    60
    60
    56
    58
    60
    60
    60
    59
    58
    55
    56
    52
    53
    56
    53
    54
    51
    51
    47
    51
    50
    49
    47
    51
    50
    54
    57
    52
    55
    56
    57
    51
    57
    57
    59
    58
    58
    59
    56
    54
    59
    58
    61
    62
    58
    59
    59
    57
    58
    62
    71
    68
    58
    46
    46
    47
    49
    39
    55
    55
    59
    67
    67
    68
    66
    66
    65
    68
    71
    74
    68
    71
    69
    65
    67
    67
    57
    44
    81
   121
   160
   175
   178
   157
   106
    73
    59
    57
    59
    67
    66
    69
    72
    69
    65
    64
    68
    65
    65
    64
    64
    66
    66
    66
    68
    67
    67
    65
    64
    62
    66
    63
    57
    59
    62
    62
    58
    65
    56
    55
    58
    60
    59
    58
    57
    55
    57
    51
    51
    52
    55
    52
    48
    53
    52
    46
    53
