    43
    46
    49
    45
    47
    45
    47
    46
    50
    45
    48
    54
    45
    49
    47
    48
    44
    47
    51
    47
    48
    51
    51
    47
    47
    49
    50
    52
    44
    45
    47
    50
    50
    49
    49
    50
    49
    50
    50
    50
    50
    49
    54
    51
    49
    49
    54
    48
    48
    49
    49
    48
    49
    44
    49
    48
    49
    49
    48
    50
    51
    48
    51
    48
    52
    47
    48
    47
    45
    50
    49
    48
    51
    58
    49
    48
    49
    51
    48
    44
    51
    52
    48
    50
    51
    50
    44
    44
    42
    47
    52
    49
    45
    48
    46
    49
    49
    44
    44
    46
    41
    47
    44
    45
    42
    44
    31
   133
   198
   153
   146
   142
    46
    43
    45
    46
    46
    47
    45
    49
    48
    53
    46
    47
    48
    46
    47
    50
    50
    50
    48
    47
    48
    46
    48
    49
    47
    46
    49
    46
    49
    49
    49
    49
    51
    50
    53
    52
    50
    53
    46
    47
    48
    50
    50
    50
    52
    50
    48
    48
    52
    51
    49
    49
    52
    54
    51
    50
    51
    50
    51
    51
    49
    49
    46
    50
    53
    53
    53
    52
    47
    47
    50
    49
    46
    48
    48
    46
    49
    49
    51
    53
    51
    47
    48
    42
    42
    45
    52
    51
    50
    49
    46
    46
    47
    45
    43
    40
    43
    46
    47
    42
    41
    45
    43
    43
    42
    41
    57
   159
   146
   146
   155
   142
    43
    43
    43
    48
    46
    47
    47
    47
    47
    43
    49
    51
    49
    48
    48
    47
    49
    49
    49
    50
    51
    49
    46
    47
    49
    51
    49
    47
    47
    49
    49
    48
    47
    49
    49
    51
    51
    51
    52
    54
    50
    50
    49
    48
    51
    51
    52
    51
    49
    51
    50
    52
    48
    53
    51
    52
    51
    51
    49
    51
    51
    52
    54
    51
    46
    53
    49
    48
    50
    46
    47
    49
    50
    47
    49
    51
    48
    51
    49
    51
    50
    52
    50
    45
    47
    47
    46
    44
    44
    46
    49
    46
    45
    46
    48
    47
    45
    42
    44
    45
    44
    42
    46
    47
    44
    48
    80
   143
   142
   134
   120
   141
    46
    46
    51
    47
    46
    47
    43
    44
    47
    48
    46
    44
    47
    47
    50
    49
    47
    46
    49
    49
    45
    49
    47
    47
    48
    48
    49
    50
    47
    47
    48
    46
    49
    52
    50
    49
    46
    51
    53
    51
    51
    52
    50
    52
    51
    53
    54
    51
    50
    49
    52
    51
    46
    49
    50
    50
    51
    55
    49
    52
    46
    52
    50
    50
    53
    48
    50
    52
    49
    50
    49
    51
    54
    48
    48
    51
    51
    48
    48
    48
    50
    49
    48
    48
    49
    49
    44
    49
    47
    45
    48
    46
    45
    46
    44
    47
    45
    47
    47
    46
    44
    46
    44
    42
    43
    38
   102
   134
   129
   161
   202
   222
    43
    46
    39
    44
    45
    47
    53
    49
    48
    50
    50
    55
    47
    47
    46
    44
    50
    49
    48
    47
    54
    47
    47
    51
    50
    50
    48
    46
    50
    50
    52
    50
    49
    49
    53
    53
    51
    47
    51
    52
    49
    50
    55
    49
    47
    48
    50
    51
    52
    51
    50
    51
    52
    55
    53
    47
    46
    45
    51
    51
    54
    47
    47
    49
    51
    50
    50
    50
    50
    50
    50
    48
    44
    50
    48
    48
    54
    53
    52
    49
    47
    49
    47
    46
    51
    51
    51
    49
    52
    54
    46
    49
    45
    43
    44
    45
    43
    43
    47
    47
    43
    42
    43
    45
    47
    45
   112
   126
   167
   217
   210
   150
    47
    45
    48
    48
    49
    48
    44
    45
    47
    49
    45
    45
    49
    48
    49
    52
    45
    51
    49
    50
    45
    52
    54
    51
    49
    49
    51
    51
    50
    46
    46
    48
    48
    51
    46
    52
    52
    51
    52
    52
    52
    55
    48
    51
    54
    50
    49
    52
    51
    52
    48
    47
    50
    46
    49
    52
    55
    53
    48
    49
    48
    50
    48
    49
    48
    55
    51
    50
    47
    50
    52
    50
    51
    47
    55
    49
    50
    47
    49
    49
    48
    46
    49
    48
    44
    47
    49
    53
    44
    44
    48
    46
    49
    48
    47
    46
    46
    45
    45
    42
    40
    43
    46
    46
    42
    54
   130
   139
   204
   194
   139
   144
    43
    43
    46
    45
    47
    50
    50
    51
    50
    47
    51
    50
    48
    53
    51
    48
    53
    47
    47
    49
    52
    51
    47
    47
    51
    48
    51
    51
    49
    51
    51
    51
    51
    50
    52
    52
    49
    52
    52
    51
    53
    48
    51
    53
    52
    48
    50
    51
    50
    50
    52
    53
    52
    50
    51
    51
    50
    53
    57
    50
    48
    46
    52
    50
    45
    44
    47
    47
    48
    49
    45
    47
    48
    46
    48
    52
    48
    49
    47
    49
    50
    52
    48
    49
    49
    53
    46
    44
    52
    47
    47
    48
    47
    47
    45
    44
    46
    51
    46
    49
    48
    47
    46
    47
    48
    64
   136
   155
   201
   142
   146
   143
    43
    45
    43
    50
    49
    47
    44
    46
    45
    50
    49
    50
    47
    48
    52
    51
    48
    52
    50
    51
    50
    49
    51
    48
    52
    52
    47
    50
    51
    51
    49
    50
    50
    52
    50
    49
    46
    47
    50
    52
    51
    53
    53
    49
    46
    50
    50
    50
    53
    51
    50
    49
    55
    51
    47
    34
    32
    26
    23
    28
    32
    48
    56
    50
    50
    54
    49
    49
    51
    51
    51
    49
    48
    49
    47
    45
    46
    45
    46
    47
    49
    47
    50
    49
    46
    46
    50
    48
    48
    48
    49
    48
    51
    48
    50
    47
    46
    45
    46
    48
    47
    44
    43
    44
    44
    74
   130
   176
   162
   138
   144
   153
    45
    48
    47
    44
    43
    42
    48
    49
    52
    51
    49
    45
    51
    48
    50
    49
    51
    50
    49
    51
    49
    50
    52
    49
    48
    49
    51
    49
    49
    51
    51
    50
    50
    52
    52
    53
    54
    52
    50
    50
    49
    49
    48
    50
    49
    53
    52
    47
    33
    33
    44
    45
    42
    44
    72
   115
   140
   152
   154
   156
   130
    61
    29
    36
    55
    53
    50
    54
    51
    49
    47
    47
    51
    49
    48
    50
    46
    52
    50
    48
    49
    48
    45
    46
    49
    50
    46
    46
    47
    45
    46
    48
    45
    49
    49
    47
    47
    48
    47
    47
    49
    45
    49
    51
    46
    73
   144
   195
   150
   143
   142
   168
    46
    48
    43
    49
    46
    48
    44
    48
    47
    48
    49
    51
    46
    46
    47
    50
    48
    48
    50
    49
    53
    48
    52
    52
    47
    50
    46
    51
    49
    48
    53
    51
    52
    52
    52
    52
    51
    53
    53
    45
    49
    51
    52
    51
    51
    52
    48
    45
   104
   147
   153
   161
   157
   165
   172
   168
   156
   152
   157
   165
   180
   184
   163
    92
    38
    19
    40
    52
    48
    49
    48
    46
    44
    46
    48
    45
    42
    43
    45
    46
    47
    45
    47
    44
    45
    44
    49
    45
    51
    46
    48
    50
    50
    50
    56
    52
    47
    46
    49
    48
    49
    45
    45
    41
    34
    80
   188
   173
   144
   157
   150
   177
    44
    41
    47
    46
    51
    47
    48
    46
    46
    45
    47
    49
    52
    52
    46
    45
    49
    48
    49
    53
    50
    55
    52
    49
    58
    54
    51
    48
    51
    54
    45
    42
    43
    41
    48
    47
    51
    50
    52
    55
    53
    51
    49
    49
    50
    49
    49
   125
   159
   122
    88
   108
   118
   124
   128
   133
   149
   165
   164
   149
   147
   161
   180
   181
   172
   136
    71
    20
    36
    47
    46
    46
    47
    41
    38
    41
    44
    46
    42
    39
    40
    41
    38
    44
    45
    40
    41
    43
    41
    47
    46
    49
    49
    47
    46
    46
    49
    52
    47
    46
    49
    53
    49
    48
    70
   169
   190
   142
   149
   148
   111
   209
    46
    52
    50
    44
    41
    47
    46
    48
    49
    51
    49
    48
    51
    50
    51
    49
    45
    48
    47
    48
    53
    48
    46
    47
    36
    34
    40
    52
    37
    29
    40
    51
    57
    56
    43
    45
    47
    46
    41
    33
    31
    44
    50
    52
    50
    45
    76
   147
   165
    82
    36
    60
    98
   131
   156
   169
   164
   154
   150
   154
   154
   133
   124
   134
   166
   168
   173
   154
    63
    34
    46
    43
    39
    43
    42
    40
    38
    35
    41
    42
    39
    38
    38
    37
    39
    40
    40
    40
    43
    43
    43
    44
    43
    46
    44
    48
    45
    49
    44
    46
    44
    47
    44
    51
   129
   198
   161
   138
   119
   115
   185
   175
    44
    41
    45
    49
    50
    47
    48
    44
    45
    48
    45
    45
    44
    45
    50
    50
    50
    48
    49
    47
    39
    30
    32
    36
    38
    41
    52
    63
    86
   111
   119
   116
   112
   106
    82
    70
    69
    71
    82
    96
    96
    65
    43
    42
    44
    48
    70
   139
   165
   141
    95
   136
   151
   147
   144
   149
   164
   180
   186
   177
   180
   184
   189
   163
   128
   154
   176
   176
   168
    80
    30
    40
    38
    38
    37
    38
    43
    39
    37
    35
    35
    39
    35
    36
    36
    36
    38
    36
    39
    40
    44
    41
    46
    44
    45
    46
    47
    45
    49
    45
    48
    43
    49
    86
   150
   199
   147
   123
   176
   194
   180
   201
    44
    48
    43
    44
    47
    47
    48
    51
    51
    49
    53
    48
    49
    51
    48
    44
    34
    37
    42
    45
    46
    49
    47
    50
    68
   102
   110
   108
   113
    99
    86
    70
    62
    63
    68
    80
    93
    93
    84
    69
    61
    57
    61
    63
    53
    43
    32
   109
   165
   181
   156
   148
   176
   191
   187
   185
   178
   165
   158
   158
   150
   150
   149
   160
   174
   145
   143
   149
   149
   150
    86
    27
    38
    39
    38
    34
    38
    37
    38
    36
    36
    35
    39
    36
    39
    37
    38
    38
    41
    37
    38
    42
    40
    37
    40
    41
    42
    40
    40
    50
    44
    47
    46
   114
   180
   203
   178
   193
   169
   172
   173
   173
    44
    43
    46
    48
    48
    53
    50
    50
    49
    49
    50
    52
    49
    47
    47
    59
    78
    81
    76
    60
    45
    53
    70
    82
    75
    73
    89
    99
    83
    87
    86
    81
    83
    98
   108
   104
   117
   120
   125
   122
   114
   101
    76
    49
    56
    62
    90
    81
   147
   187
   194
   164
   127
   128
   167
   179
   157
   147
   134
   127
   129
   136
   155
   177
   183
   187
   177
   170
   172
   171
   155
    94
    26
    37
    35
    36
    36
    38
    38
    38
    35
    36
    36
    39
    36
    38
    36
    31
    36
    37
    40
    37
    38
    39
    41
    41
    42
    48
    45
    43
    48
    43
    68
   150
   211
   205
   177
   168
   176
   173
   176
   163
    47
    48
    52
    45
    47
    43
    47
    50
    50
    50
    47
    43
    40
    30
    44
    43
    36
    32
    35
    58
    77
    75
    75
    93
   100
    97
   114
   121
   134
   139
   127
   116
   113
   111
   103
   101
   113
   110
   121
   117
    91
    76
    80
    77
    49
   129
   149
   119
    80
    73
    96
   115
   125
   124
   126
   122
    95
   116
   143
   159
   153
   137
   154
   178
   175
   177
   174
   180
   177
   170
   161
   145
    55
    38
    39
    38
    38
    37
    35
    40
    37
    36
    35
    35
    37
    38
    37
    38
    38
    39
    35
    40
    41
    40
    41
    39
    43
    36
    44
    47
    46
    37
   111
   159
   171
   160
   169
   173
   175
   170
   159
   170
    47
    47
    45
    46
    47
    50
    47
    46
    50
    51
    45
    41
    34
    39
    28
    31
    27
    36
    62
    87
    86
    98
   114
   113
   115
   139
   145
   151
   160
   143
   135
   136
   143
   148
   150
   141
   126
   123
   140
   125
   148
   150
   138
   134
   100
    88
   102
    99
   111
   133
   121
   121
   131
   133
   122
   100
   101
   112
   133
   140
   144
   132
   121
   154
   170
   165
   161
   166
   168
   172
   162
   141
    80
    46
    36
    35
    38
    36
    36
    33
    35
    39
    34
    36
    34
    36
    35
    41
    39
    37
    37
    34
    34
    36
    40
    40
    39
    42
    38
    37
    19
    70
   157
   173
   180
   178
   174
   162
   158
   181
   215
   230
    45
    47
    44
    48
    47
    47
    50
    51
    50
    45
    34
    27
    35
    33
    30
    37
    67
    91
    94
    98
   113
   122
   126
   135
   145
   145
   149
   147
   140
   142
   143
   146
   146
   142
   143
   147
   152
   153
   151
   154
   148
   150
   142
   149
   177
   178
   116
    75
    66
    74
    79
    76
    67
    64
    76
   115
   136
   128
   117
   119
   119
   106
    89
    75
    76
   100
   113
   117
   112
   122
   112
    93
    47
    23
    35
    30
    31
    32
    40
    39
    35
    36
    41
    37
    36
    36
    37
    34
    37
    39
    39
    39
    39
    40
    38
    39
    38
    34
    25
    49
   135
   188
   184
   175
   169
   162
   172
   205
   227
   224
   182
   162
    46
    45
    49
    48
    47
    46
    49
    46
    37
    28
    26
    26
    27
    33
    41
    56
    68
    83
    98
   116
   109
   117
   143
   154
   154
   147
   149
   151
   152
   149
   150
   140
   142
   145
   143
   141
   144
   145
   149
   149
   149
   152
   186
   168
   115
   102
   132
   157
   163
   161
   156
   151
   149
   148
   133
   102
    71
    92
   126
   118
   115
   116
   120
   116
   109
   106
   103
   110
   101
    90
    94
   103
   105
   108
    85
    66
    61
    38
    26
    27
    33
    36
    38
    37
    40
    36
    39
    40
    37
    34
    37
    36
    37
    33
    36
    34
    29
    25
   114
   184
   185
   178
   165
   157
   171
   202
   209
   186
   132
   132
   165
   172
    45
    46
    45
    42
    50
    49
    39
    33
    30
    25
    26
    22
    22
    18
    36
    67
    94
   102
   107
    92
   117
   150
   152
   149
   150
   153
   148
   143
   147
   152
   153
   155
   155
   156
   159
   156
   156
   154
   149
   152
   162
   156
   124
   133
   155
   148
   137
   147
   152
   159
   156
   153
   150
   146
   143
   142
   144
   120
    87
   124
   123
   122
   117
   123
   125
   134
   147
   137
   120
   127
   122
   112
   104
    97
   104
    95
    86
    95
    92
    85
    77
    48
    34
    31
    35
    36
    36
    38
    36
    38
    40
    38
    41
    38
    38
    25
    58
   157
   186
   175
   165
   151
   153
   180
   172
   131
   107
   102
   127
   135
   124
   120
    49
    43
    45
    46
    44
    36
    29
    27
    24
    14
    18
    56
    77
    87
    99
   106
    89
    83
   108
   144
   151
   148
   151
   154
   157
   159
   162
   164
   165
   166
   169
   170
   167
   163
   159
   160
   152
   155
   155
   157
   140
   134
   155
   163
   162
   162
   153
   161
   181
   182
   182
   176
   173
   162
   154
   142
   135
   142
   144
   112
   140
   139
   142
   131
   129
   127
   124
   122
   119
   109
   106
   101
   105
   119
   111
   101
    97
    81
    76
    95
    80
    88
    65
    44
    41
    37
    32
    36
    36
    42
    35
    33
    35
    37
    22
    85
   163
   166
   148
   155
   156
   153
   137
   122
    94
    85
    88
   101
    89
    97
   107
   114
    45
    45
    47
    46
    36
    26
    24
    17
    35
    83
   122
   126
   115
    97
    93
    73
    93
   136
   154
   154
   153
   155
   147
   153
   163
   175
   173
   175
   173
   178
   178
   176
   179
   178
   175
   167
   166
   168
   161
   138
   141
   154
   161
   158
   156
   175
   177
   166
   183
   196
   189
   180
   173
   163
   152
   159
   155
   156
   157
   171
   135
   159
   149
   146
   148
   143
   139
   130
   128
   137
   142
   132
   130
   123
   100
   109
   117
   118
    98
    99
   114
   105
    82
    70
    55
    37
    48
    42
    39
    28
    37
    52
    36
    22
    83
   153
   138
   116
   103
    72
    48
    37
    20
    34
    87
   135
   122
   122
   146
   133
   119
   112
    49
    48
    48
    42
    39
    56
    97
   133
   132
   112
   107
   109
   109
    98
    90
   111
   146
   160
   161
   163
   165
   168
   174
   178
   181
   179
   182
   185
   185
   183
   181
   181
   180
   178
   181
   176
   164
   154
   145
   127
   152
   157
   149
   163
   162
   163
   171
   172
   177
   185
   179
   167
   163
   171
   184
   179
   177
   164
   160
   162
   161
   162
   173
   170
   165
   165
   151
   144
   133
   135
   133
   128
   114
   107
   122
   113
   103
    95
   103
   101
    94
    95
    98
    87
    83
    77
    52
    46
    34
    37
    40
    36
    29
    87
   129
    98
    68
    41
    23
    24
    25
    56
   122
   151
   125
    88
    65
    43
    12
     1
     2
     6
    45
    48
    45
    42
    65
    89
    94
   110
    97
    94
   102
   107
    89
    83
   105
   144
   164
   164
   167
   171
   172
   175
   178
   181
   184
   186
   189
   190
   190
   192
   193
   189
   187
   183
   175
   174
   175
   176
   145
   144
   149
   153
   153
   152
   155
   161
   173
   178
   166
   162
   157
   161
   178
   181
   183
   181
   179
   176
   170
   165
   169
   138
   168
   170
   166
   161
   150
   136
   135
   153
   155
   160
   157
   163
   145
   141
   132
   130
   107
   100
    93
    87
    79
    84
    74
    66
    73
    58
    58
    43
    35
    36
    75
   111
    71
    45
    31
    32
    24
    24
    57
    73
    43
    24
    10
     5
     7
    12
    14
    28
    48
    66
    46
    34
    32
    87
   111
   108
    87
    78
    86
    83
    78
    70
    72
   106
   150
   169
   171
   168
   168
   171
   176
   188
   191
   190
   191
   191
   191
   190
   191
   191
   192
   192
   193
   179
   173
   180
   177
   165
   136
   143
   146
   142
   141
   151
   155
   161
   165
   164
   154
   151
   154
   170
   186
   190
   190
   188
   180
   178
   177
   177
   168
   140
   176
   173
   172
   165
   148
   141
   146
   154
   161
   159
   143
   121
   102
   109
   124
   117
    94
    90
    92
    92
    89
    91
    80
    64
    52
    59
    65
    66
    69
    65
    85
    58
    35
    33
    28
    21
    24
    31
    30
    16
    16
    20
    21
    19
    17
    27
    43
    58
    66
    65
    41
    51
    87
    83
    81
    78
    72
    83
    86
    74
    75
    83
   103
   141
   170
   173
   168
   164
   174
   182
   186
   189
   188
   188
   192
   193
   193
   194
   196
   195
   192
   194
   179
   166
   171
   172
   169
   165
   149
   154
   149
   161
   147
   112
   143
   159
   159
   161
   149
   138
   155
   177
   186
   191
   195
   191
   189
   185
   177
   181
   179
   133
   172
   180
   178
   167
   145
   134
   150
   164
   167
   169
   164
   145
   132
   120
    99
   102
   109
   103
   101
   100
    98
    94
    83
    79
    71
    70
    72
    65
    60
    68
    51
    52
    47
    46
    31
    24
    26
    21
    14
    16
    22
    21
    16
    12
    15
    25
    29
    39
    46
    55
    48
    65
    80
    90
    85
    88
    90
    93
    87
    86
    82
    86
   117
   165
   172
   168
   168
   175
   184
   187
   189
   190
   189
   189
   194
   191
   195
   196
   194
   191
   196
   187
   174
   179
   179
   180
   168
   164
   165
   159
   165
   122
    83
   127
   145
   154
   177
   174
   154
   141
   157
   179
   181
   187
   183
   188
   187
   183
   183
   178
   189
   156
   155
   176
   164
   152
   134
   147
   161
   166
   157
   154
   150
   128
   110
   111
   103
    74
    75
    80
    85
    82
   100
    95
   107
   102
    88
    85
    74
    64
    54
    60
    64
    61
    63
    55
    64
    64
    41
    34
    31
    34
    28
    17
    14
    19
    34
    44
    52
    55
    60
    69
    49
    64
    67
    73
    87
    71
    85
   115
   101
    89
    88
    91
   133
   165
   172
   174
   175
   183
   183
   187
   191
   190
   192
   188
   190
   196
   193
   189
   191
   193
   186
   175
   174
   174
   182
   168
   149
   162
   172
   171
   117
   116
   129
   108
   118
   149
   168
   160
   151
   148
   161
   181
   187
   190
   195
   195
   187
   183
   180
   187
   180
   164
   140
   183
   173
   143
   138
   159
   174
   177
   171
   170
   159
   146
   152
   144
   140
   135
   125
   112
   123
   111
    89
    94
    87
   100
    84
    94
    96
    82
    81
    67
    49
    48
    42
    48
    45
    60
    89
   103
   100
    97
   100
   102
    98
    84
    67
    48
    42
    45
    45
    47
    63
    68
    76
    81
    87
    89
    93
    70
    58
    47
    67
   112
   163
   177
   179
   179
   181
   186
   185
   188
   191
   191
   189
   189
   189
   192
   192
   190
   194
   194
   183
   178
   179
   184
   177
   159
   154
   167
   172
   142
   155
   151
    97
   112
   155
   155
   144
   150
   153
   161
   166
   181
   188
   189
   193
   192
   189
   183
   187
   190
   192
   180
   135
   188
   164
   134
   155
   183
   187
   187
   185
   173
   165
   163
   168
   152
   145
   127
   117
    97
    79
    79
    96
    83
    84
    86
    82
    70
    61
    65
    61
    46
    41
    35
    36
    37
    48
    42
    44
    71
   106
    92
    89
    88
    91
    94
    99
   104
   106
   106
   103
    93
    55
    67
    78
    99
   108
    92
    69
    59
    48
    72
   102
   145
   175
   177
   179
   182
   185
   183
   186
   186
   188
   186
   187
   188
   193
   190
   193
   195
   196
   190
   187
   186
   184
   185
   175
   155
   163
   171
   159
   159
   164
    94
   111
   151
   154
   165
   170
   159
   155
   173
   175
   179
   181
   182
   188
   190
   181
   185
   191
   189
   184
   178
   139
   180
   156
   143
   181
   190
   189
   182
   179
   176
   166
   162
   164
   160
   162
   147
   145
   117
   105
   106
    96
   100
    91
    85
    83
    83
    80
    74
    74
    48
    52
    53
    44
    42
    39
    52
    46
    34
    43
    68
    90
    99
    92
    89
    90
    93
    96
    96
    99
   103
    56
    69
    86
    86
    84
    91
    91
    86
    78
    78
   118
   149
   161
   178
   183
   185
   188
   189
   191
   193
   193
   191
   188
   189
   188
   188
   189
   195
   197
   195
   192
   192
   186
   172
   161
   156
   180
   177
   151
   160
   120
    95
    79
   103
   157
   147
   147
   160
   163
   174
   181
   184
   183
   185
   183
   180
   182
   187
   192
   196
   197
   174
   136
   173
   132
   147
   180
   184
   182
   181
   172
   167
   175
   183
   181
   174
   179
   161
   147
   140
   141
   109
    88
    85
    87
    89
    98
    79
    67
    65
    48
    47
    54
    50
    53
    51
    44
    35
    31
    35
    33
    38
    59
    78
    86
    99
   102
    85
    84
    90
    98
    98
    65
    77
    94
   101
   108
    97
    83
    60
    74
   111
   137
   156
   178
   183
   187
   189
   191
   191
   193
   194
   192
   188
   190
   192
   188
   186
   196
   199
   198
   195
   198
   191
   183
   162
   139
   143
   176
   174
   154
   161
    83
    65
    71
    75
   107
   122
   133
   157
   153
   178
   183
   181
   174
   187
   190
   188
   189
   191
   190
   189
   190
   172
   139
   145
   113
   144
   185
   185
   178
   179
   179
   184
   184
   179
   176
   173
   164
   149
   143
   155
   132
   123
   124
   123
    98
    77
    79
    63
    51
    44
    62
    62
    53
    57
    48
    36
    36
    32
    42
    42
    48
    50
    41
    49
    53
    48
    55
    81
   100
   105
    98
    99
    78
    86
    93
    85
   101
    93
    77
    81
    90
    98
   106
   147
   183
   184
   189
   190
   193
   192
   192
   193
   186
   190
   189
   191
   187
   195
   198
   200
   196
   192
   195
   189
   182
   155
   127
   130
   177
   177
   171
   158
   108
    99
    61
    83
   101
   125
   145
   167
   180
   190
   190
   191
   185
   186
   186
   185
   192
   192
   189
   190
   185
   155
   147
   122
    90
   147
   183
   186
   181
   179
   175
   174
   163
   143
   125
   121
   118
   119
   115
   119
   130
   116
   121
   116
   118
    78
    77
    67
    74
    82
    60
    62
    54
    55
    36
    43
    53
    33
    33
    32
    39
    38
    40
    34
    26
    33
    41
    67
    83
    94
    99
    94
    54
    50
    76
    88
    90
    80
    77
    84
    90
    98
   139
   175
   186
   187
   188
   192
   193
   194
   193
   195
   193
   190
   191
   195
   193
   194
   199
   198
   200
   202
   202
   196
   168
   126
   106
   129
   177
   173
   141
   126
    71
    85
    74
   106
   128
   124
   135
   164
   183
   194
   190
   184
   194
   191
   188
   192
   190
   194
   193
   184
   186
   137
   163
   105
    89
   156
   188
   188
   185
   184
   176
   147
   125
   110
   112
   101
    89
   104
   115
    98
   103
   118
   104
    84
    67
    70
    78
    56
    64
    53
    59
    50
    48
    43
    45
    46
    38
    53
    31
    33
    31
    45
    34
    29
    34
    35
    28
    26
    42
    74
    96
   102
    53
    73
    78
    94
    97
    85
    83
    78
    85
   121
   154
   173
   185
   188
   193
   193
   196
   196
   195
   194
   191
   193
   192
   188
   191
   197
   201
   201
   201
   204
   200
   192
   156
   128
   104
   117
   167
   165
   131
   121
    54
    65
    90
    91
   119
   123
   144
   169
   189
   195
   199
   198
   198
   196
   193
   190
   191
   191
   188
   189
   183
   127
   162
    97
    87
   157
   181
   180
   169
   161
   162
   150
   134
   131
   120
   103
    93
    67
    66
    81
    77
    84
   114
   121
   105
    99
    86
    82
    69
    61
    51
    48
    45
    43
    43
    39
    40
    42
    50
    48
    47
    38
    30
    33
    28
    30
    31
    34
    39
    62
    95
   100
    51
    59
    62
    85
    83
    71
    67
    76
   100
   125
   165
   184
   192
   189
   189
   196
   195
   195
   195
   195
   194
   192
   194
   194
   193
   199
   202
   203
   201
   204
   203
   191
   150
   124
   112
   111
   140
   152
   122
   129
   116
   126
   141
   171
   151
   128
   150
   171
   196
   205
   202
   196
   197
   195
   192
   192
   192
   192
   191
   186
   157
   134
   145
    82
    90
   158
   174
   172
   183
   184
   175
   147
   127
   118
   103
    82
    57
    82
   135
   141
   150
   155
   164
   168
   145
   128
   107
   100
    88
    71
    63
    79
    72
    81
    63
    54
    56
    72
    50
    39
    31
    42
    43
    37
    31
    26
    29
    33
    35
    53
    80
    92
    44
    53
    66
    74
    86
    89
    88
    87
   101
   132
   160
   183
   185
   192
   196
   195
   195
   193
   196
   190
   190
   193
   194
   192
   196
   195
   198
   200
   203
   205
   202
   180
   154
   141
   126
   111
   153
   186
   129
   145
   112
   156
   199
   196
   154
   131
   137
   166
   190
   199
   192
   194
   200
   197
   189
   184
   187
   193
   194
   177
   109
   144
   125
    73
    99
   156
   165
   189
   178
   163
   139
   125
   110
   111
    82
    55
    76
   138
   161
   171
   163
   171
   177
   175
   151
   130
   121
   123
   108
    91
    70
    62
    64
    62
    54
    61
    51
    53
    62
    51
    42
    48
    32
    34
    23
    25
    23
    29
    25
    44
    81
    96
    52
    54
    59
    76
    89
    96
    84
    86
   103
   133
   169
   186
   192
   194
   196
   199
   199
   201
   198
   197
   191
   187
   192
   192
   195
   198
   200
   205
   204
   205
   201
   183
   160
   153
   135
   116
   125
   181
   118
   141
   138
   108
   150
   163
   144
   122
   122
   162
   185
   185
   190
   197
   197
   189
   187
   184
   191
   192
   181
   113
   134
   162
   129
    82
   129
   184
   188
   176
   167
   137
   113
   110
   127
   115
    95
    75
   146
   163
   170
   181
   186
   180
   175
   174
   169
   171
   150
   131
   102
    86
    86
    75
    65
    57
    65
    71
    71
    60
    42
    39
    34
    34
    47
    42
    26
    27
    23
    19
    26
    30
    43
    75
    32
    34
    46
    70
    90
    94
    93
    91
   109
   137
   163
   186
   190
   193
   197
   196
   198
   201
   200
   196
   195
   196
   199
   197
   198
   193
   203
   204
   200
   205
   203
   193
   165
   157
   146
   130
   106
   183
   129
   122
   140
   116
   121
   133
   135
   119
   117
   151
   181
   182
   193
   195
   187
   182
   180
   190
   193
   174
   133
   138
   182
   163
   102
   106
   167
   187
   193
   190
   163
   162
   151
   141
   119
    95
    83
    63
   146
   171
   172
   179
   179
   173
   175
   171
   166
   146
   137
   142
   130
   119
   117
   100
    73
    56
    60
    62
    44
    26
    44
    47
    32
    35
    31
    29
    30
    26
    30
    35
    25
    28
    39
    66
    33
    47
    56
    73
    88
    97
    90
   107
   104
   116
   160
   183
   190
   191
   194
   198
   198
   198
   199
   198
   197
   193
   195
   190
   192
   195
   196
   202
   203
   207
   206
   197
   181
   167
   156
   130
   115
   180
   142
   129
   140
   134
   128
   153
   157
   134
   118
   144
   163
   186
   193
   191
   184
   177
   173
   171
   159
   126
    82
   139
   142
   101
    90
   154
   193
   192
   191
   182
   175
   150
   120
   105
   110
   103
    80
    51
   137
   166
   170
   185
   184
   178
   175
   166
   154
   156
   139
   134
   147
   122
   111
    92
    82
    70
    64
    52
    45
    54
    42
    53
    33
    27
    21
    22
    27
    30
    30
    40
    34
    23
    37
    65
    50
    55
    61
    60
    67
    79
    92
   101
   107
   133
   164
   184
   190
   193
   196
   197
   199
   201
   201
   200
   197
   197
   198
   192
   195
   199
   200
   201
   203
   205
   207
   203
   185
   175
   174
   160
   130
   178
   126
   130
   134
   156
   150
   158
   172
   132
   118
   152
   177
   187
   190
   183
   170
   169
   169
   160
   114
    99
   176
   197
   176
   132
    96
   112
   163
   191
   190
   175
   140
   100
    88
   110
   101
    86
    76
    81
   149
   167
   169
   175
   173
   171
   163
   164
   158
   153
   154
   164
   149
   135
   113
    90
    65
    54
    54
    64
    84
    77
    61
    32
    45
    39
    31
    31
    27
    29
    27
    25
    28
    31
    33
    47
    40
    40
    44
    55
    73
   105
   115
   105
   111
   128
   160
   191
   198
   195
   199
   200
   201
   204
   200
   197
   197
   196
   197
   195
   195
   198
   196
   202
   204
   206
   208
   206
   201
   194
   175
   154
   136
   182
   125
   137
   129
   164
   196
   194
   185
   147
   125
   153
   179
   180
   168
   163
   175
   183
   148
    88
   118
   188
   195
   185
   162
   113
    79
    74
    96
   155
   157
   138
   129
   112
   116
   109
   105
   113
    83
   131
   145
   171
   166
   171
   172
   155
   163
   156
   157
   148
   147
   145
   147
   108
    99
    85
    97
    91
    99
    83
    82
    67
    43
    39
    26
    38
    35
    30
    23
    24
    32
    25
    22
    24
    26
    46
    39
    40
    59
    61
    78
   105
   120
   115
   113
   132
   164
   165
   187
   190
   198
   200
   200
   203
   200
   201
   197
   196
   199
   197
   195
   193
   197
   203
   207
   207
   204
   201
   200
   202
   194
   181
   158
   178
   116
   155
   150
   140
   166
   183
   167
   143
   151
   173
   167
   162
   161
   176
   158
   100
   121
   179
   192
   181
   167
   165
   138
    72
    43
    50
    64
   146
   157
   142
   129
   119
   109
   116
   122
   104
    74
   139
   146
   165
   172
   159
   151
   155
   149
   154
   157
   155
   154
   152
   133
   121
   107
   107
   110
    95
    58
    50
    50
    48
    53
    40
    38
    27
    31
    29
    29
    27
    22
    28
    24
    25
    34
    47
    31
    38
    48
    62
    70
    93
   103
   114
   110
   141
   152
   162
   194
   194
   194
   200
   201
   203
   202
   200
   197
   193
   193
   193
   192
   193
   191
   194
   200
   202
   201
   202
   202
   199
   194
   187
   174
   177
   103
   167
   185
   179
   164
   155
   147
   157
   165
   161
   165
   170
   155
   102
   104
   183
   197
   199
   199
   185
   169
   162
   142
    42
    22
    33
    66
   112
   119
   131
   119
   112
   111
   109
   107
   115
    75
   139
   146
   162
   181
   171
   157
   134
   136
   138
   138
   145
   159
   147
   143
   104
    97
    82
    75
    68
    93
    81
    60
    51
    48
    51
    34
    29
    30
    38
    23
    21
    29
    34
    31
    33
    33
    52
    35
    31
    42
    62
    74
    78
    94
    94
   114
   143
   153
   171
   187
   193
   197
   198
   201
   206
   202
   200
   202
   200
   200
   196
   191
   191
   192
   194
   200
   203
   201
   200
   198
   195
   194
   193
   179
   176
    98
   117
   172
   185
   160
   134
   151
   162
   162
   154
   119
    69
    65
   140
   201
   202
   199
   201
   207
   203
   175
   161
   169
   159
    52
    49
    77
    90
   104
   113
   105
   106
    99
    86
    89
   104
    77
   172
   173
   160
   179
   158
   137
   121
   122
   123
   137
   154
   165
   155
   144
   161
   143
   128
   103
    95
    74
    67
    62
    53
    55
    48
    44
    40
    33
    34
    37
    35
    27
    29
    31
    28
    35
    51
    31
    31
    43
    55
    58
    75
    90
   102
    92
   135
   157
   158
   184
   186
   194
   200
   199
   204
   199
   196
   198
   200
   198
   197
   197
   193
   198
   200
   200
   201
   205
   206
   200
   198
   198
   195
   189
   181
    98
   106
   116
   131
   155
   200
   197
    93
    45
    58
   118
   166
   196
   210
   210
   195
   191
   190
   193
   194
   183
   175
   163
   144
   128
    65
    75
    75
   113
   121
   121
   105
    90
    81
    93
    96
    70
   149
   172
   183
   179
   147
   142
   123
   120
   118
   129
   147
   146
   142
   144
   116
   106
   121
   128
   111
    84
    65
    74
    75
    44
    36
    43
    36
    32
    24
    26
    31
    23
    23
    26
    26
    29
    53
    34
    43
    49
    51
    62
    77
    97
    92
   107
   141
   141
   152
   165
   179
   193
   191
   194
   195
   196
   194
   194
   198
   199
   200
   197
   196
   196
   198
   202
   206
   209
   208
   198
   190
   191
   194
   196
   179
   107
   183
   192
   135
    90
    97
   177
    86
   115
   194
   203
   201
   196
   198
   191
   193
   195
   200
   211
   210
   179
   159
   148
   113
    97
    95
    99
    86
    81
   115
   119
   102
    90
   108
   119
   101
    70
   157
   171
   170
   168
   127
   124
   119
   103
   104
   137
   151
   145
   135
   120
   120
   127
   136
   124
   114
    94
    73
    44
    27
    42
    53
    41
    38
    38
    40
    41
    41
    36
    32
    38
    34
    37
    45
    42
    43
    40
    50
    42
    52
    78
   100
   109
   123
   134
   143
   155
   178
   190
   195
   195
   199
   197
   195
   196
   195
   195
   195
   196
   194
   187
   187
   192
   197
   201
   204
   204
   204
   203
   202
   196
   174
   112
   200
   173
   118
   148
   180
   154
    72
   143
   201
   198
   203
   209
   206
   201
   197
   193
   195
   212
   205
   184
   157
   140
   113
    85
    66
    68
    58
    60
    67
    86
   102
   122
   122
   152
   121
    68
   152
   173
   165
   170
   129
   126
    95
    86
    92
    85
   118
   135
   151
   161
   154
   122
   108
    90
    88
    72
    60
    69
    70
    69
    36
    26
    27
    26
    31
    31
    35
    40
    27
    26
    28
    40
    48
    17
    19
    34
    51
    60
    64
    68
    88
   100
   116
   125
   125
   128
   172
   189
   194
   198
   199
   199
   197
   196
   196
   196
   197
   194
   195
   194
   191
   192
   192
   199
   204
   207
   206
   210
   206
   203
   177
   104
   184
   149
   108
   156
   193
   160
    76
   136
   175
   182
   190
   189
   183
   181
   184
   184
   188
   196
   198
   171
   161
   144
   116
    82
    62
    67
    49
    41
    41
    67
   101
    97
   128
   152
   143
    78
   164
   167
   170
   163
   132
   134
   154
   138
   137
   159
   152
   132
   113
   113
   105
   102
    97
   103
    97
    86
    86
    64
    39
    23
    25
    26
    27
    17
    26
    28
    37
    45
    25
    25
    27
    37
    49
    60
    65
    54
    49
    50
    66
    64
    81
    83
    99
   115
   128
   154
   177
   190
   195
   198
   199
   201
   197
   195
   192
   193
   190
   194
   195
   197
   200
   200
   199
   198
   199
   197
   184
   182
   188
   182
   162
   106
   175
   137
    92
   147
   191
   155
    71
   124
   173
   171
   172
   172
   174
   168
   172
   178
   180
   175
   180
   169
   136
   125
   105
    87
    87
    61
    51
    56
    46
    81
    99
   111
   101
   131
   124
    62
   149
   166
   166
   159
   123
   102
    94
   100
    97
    99
   107
   122
   129
   131
   140
   110
    99
    84
    88
    88
    74
    67
    60
    48
    31
    30
    33
    39
    31
    28
    36
    44
    34
    27
    36
    28
    37
    25
    41
    55
    53
    50
    47
    61
    72
    65
    83
    99
   120
   150
   178
   190
   193
   196
   200
   198
   199
   198
   198
   198
   192
   192
   198
   195
   202
   203
   201
   197
   191
   183
   177
   178
   178
   170
   161
   101
   166
   152
    95
   114
   134
   121
    72
    94
   159
   182
   192
   189
   184
   172
   167
   164
   166
   172
   177
   153
   127
   111
   105
    96
    64
    50
    45
    60
    84
   109
   121
   101
   107
    93
    93
    79
   158
   155
   160
   169
   130
   138
   133
    98
   123
   145
   140
   116
   109
   113
    87
    96
    97
   102
   100
    93
    82
    67
    61
    43
    41
    36
    31
    24
    29
    30
    24
    31
    44
    29
    40
    46
    38
    52
    43
    43
    59
    48
    43
    60
    76
    81
    86
   109
   148
   179
   189
   195
   198
   200
   199
   196
   195
   195
   198
   197
   192
   191
   192
   196
   201
   203
   206
   209
   208
   204
   193
   190
   191
   184
   160
    94
   112
   137
   138
   133
   165
   134
    78
    73
    81
    74
    64
    98
   146
   177
   170
   166
   158
   168
   171
   139
   113
   107
   102
    57
    42
    67
    70
    53
    74
    94
   102
   129
    91
    85
    88
    93
   157
   164
   159
   160
   115
    93
    97
   115
   124
   136
   152
   165
   157
   150
   154
   134
   111
   109
   101
    67
    58
    59
    41
    29
    31
    27
    29
    28
    29
    27
    34
    39
    32
    37
    30
    38
    33
    48
    49
    40
    35
    62
    58
    66
    72
    82
    99
   120
   154
   170
   185
   188
   192
   195
   195
   192
   192
   193
   191
   194
   194
   189
   190
   196
   200
   204
   209
   211
   208
   207
   202
   196
   197
   180
   157
    89
    81
    89
    91
    97
    90
    84
    79
    77
    85
    90
    83
    52
    63
   129
   175
   170
   163
   161
   159
   134
   115
   105
    76
    22
    37
    58
    59
    53
    66
    91
   112
    96
    87
    97
    81
    87
   142
   146
   161
   160
   141
   126
   125
   133
   129
   133
   157
   147
   142
   143
   129
   137
   123
    84
    74
    85
    86
    47
    42
    31
    24
    26
    23
    29
    30
    30
    36
    38
    35
    35
    31
    38
    51
    26
    30
    42
    61
    61
    67
    65
    73
    74
    94
   118
   138
   166
   177
   190
   192
   192
   193
   194
   192
   193
   195
   191
   191
   192
   191
   193
   196
   204
   204
   202
   204
   200
   199
   191
   180
   162
   151
   102
   112
    98
   107
   116
   116
   115
    97
    81
    75
    80
    97
   113
    98
    56
    72
   145
   171
   164
   162
   157
   136
   110
    61
    22
    32
    56
    66
    68
    73
   104
   114
   112
   115
   109
    86
    79
   139
   134
   152
   145
   130
   126
   128
   120
   136
   139
   135
   145
   153
   143
   149
   146
   141
   141
   118
    81
    42
    36
    23
    25
    27
    22
    36
    38
    33
    24
    33
    29
    35
    45
    34
    29
    32
    43
    37
    53
    62
    58
    52
    65
    85
    88
    97
   110
   143
   166
   180
   183
   186
   192
   196
   191
   191
   191
   193
   193
   190
   187
   190
   193
   200
   203
   208
   206
   203
   193
   174
   160
   152
   118
   134
   100
    95
    77
   102
   147
   159
   129
   113
   105
   102
   105
   105
   105
   118
   133
   100
    40
    54
   129
   152
   152
   151
   125
    88
    29
    37
    52
    67
    76
    92
   104
   104
    96
    91
    96
    87
    84
   146
   134
   154
   154
   142
   122
   119
   121
   120
   137
   149
   149
   145
   128
   122
   117
   103
    74
    70
    60
    72
    75
    70
    55
    50
    63
    42
    32
    32
    30
    23
    30
    35
    40
    36
    27
    23
    31
    43
    50
    52
    48
    66
    81
    78
    90
   107
   120
   138
   169
   175
   183
   187
   183
   184
   184
   184
   187
   189
   189
   187
   186
   189
   196
   198
   201
   200
   202
   202
   196
   175
   152
   125
   104
   138
    96
    79
   103
   142
   142
   156
   152
   108
    85
   103
   111
   105
   104
   108
   116
   131
   137
    86
    61
   128
   160
   151
   129
    97
    59
    48
    62
    91
   115
   122
   106
    96
    86
   100
    92
    83
    73
   128
   117
   149
   148
   131
   135
   134
   134
   128
   123
   138
   121
   123
   129
   106
   104
   100
   109
   103
   105
    94
    56
    53
    51
    45
    41
    27
    19
    22
    25
    26
    22
    29
    31
    31
    30
    36
    49
    43
    40
    38
    63
    82
    75
    88
    90
   105
   109
   132
   164
   174
   178
   183
   181
   184
   184
   181
   180
   184
   182
   183
   183
   192
   193
   197
   199
   199
   196
   183
   167
   150
   127
   111
    94
   133
    94
    96
   128
   119
   107
   139
   146
   109
    77
    91
   118
   134
   130
   123
   115
   117
   130
   142
   111
    64
   122
   158
   149
   114
    92
    71
    63
    96
   117
   125
   115
   111
   104
    75
    68
    85
    69
   111
   128
   148
   135
   143
   136
   132
   130
   132
   117
   121
   142
   113
    97
    91
    78
    85
    83
    62
    45
    39
    39
    35
    21
    20
    19
    42
    28
    25
    24
    20
    24
    30
    26
    21
    27
    35
    23
    32
    34
    39
    47
    55
    70
    85
    87
    93
    99
   129
   166
   174
   176
   179
   182
   182
   172
   174
   179
   176
   178
   182
   185
   186
   193
   195
   197
   194
   184
   172
   154
   138
   119
   104
    93
   126
    87
   118
   120
    99
   119
   134
   135
   102
    85
   104
   135
   158
   154
   142
   140
   132
   131
   141
   155
   137
    59
    84
   133
   128
    92
    44
    57
    96
   125
   152
   143
   128
   122
   118
   103
    79
    61
    88
   136
   141
   140
   146
   148
   155
   153
   140
   126
   117
   133
   152
   119
   109
    99
    79
    68
    88
    79
    52
    37
    34
    32
    23
    26
    45
    20
    21
    19
    23
    34
    25
    20
    29
    27
    28
    48
    42
    34
    37
    47
    53
    72
    81
    82
    93
   110
   138
   158
   170
   172
   174
   170
   178
   175
   173
   176
   178
   175
   174
   179
   185
   185
   190
   196
   187
   172
   159
   153
   124
   107
    91
    89
   123
   104
   123
   104
   126
   162
   147
   137
   104
    88
   130
   163
   168
   168
   161
   155
   159
   160
   155
   155
   171
   160
    73
    44
    42
    51
    36
    54
    96
   136
   146
   128
    98
   100
    87
    89
    90
    64
    49
   128
   138
   144
   168
   168
   146
   143
   143
   135
   118
   116
   122
   112
    96
    97
    99
    71
    48
    37
    31
    34
    33
    24
    34
    35
    14
    22
    22
    24
    26
    22
    19
    28
    24
    31
    44
    40
    45
    48
    60
    59
    63
    65
    71
    77
   100
   103
   133
   159
   161
   170
   170
   169
   171
   172
   172
   170
   170
   171
   170
   177
   184
   185
   188
   181
   179
   164
   142
   126
   109
    98
    87
    88
   106
   124
   120
   149
   197
   194
   171
   146
   106
    98
   128
   158
   181
   181
   167
   160
   158
   152
   153
   159
   159
   175
   154
    89
    72
    74
   120
   130
   152
   174
   174
   151
   120
    99
   101
   102
    81
    62
    57
   119
   133
   149
   161
   166
   154
   142
   139
   138
   122
   116
   113
   110
    83
    83
    72
    52
    54
    45
    39
    25
    26
    28
    21
    26
    34
    24
    22
    23
    27
    30
    36
    25
    26
    32
    54
    44
    44
    41
    33
    39
    51
    55
    63
    78
    84
    95
   121
   142
   150
   168
   170
   175
   172
   169
   164
   163
   166
   167
   167
   174
   181
   182
   186
   186
   185
   166
   137
   125
   106
    88
    88
   110
   109
   114
    89
    81
    94
   154
   153
   121
    99
   100
   129
   162
   167
   171
   173
   167
   169
   169
   171
   164
   166
   169
   179
   126
   102
    76
   114
   171
   177
   176
   170
   149
   135
   121
   106
    86
    62
    52
    44
   105
   137
   164
   160
   145
   145
   144
   139
   131
   109
   111
    98
    91
    82
    70
    70
    57
    48
    45
    36
    24
    24
    20
    20
    31
    31
    31
    21
    20
    23
    43
    32
    29
    25
    30
    53
    38
    47
    50
    44
    51
    52
    48
    55
    63
    75
    85
   109
   116
   140
   160
   167
   165
   170
   165
   161
   158
   161
   162
   163
   167
   176
   174
   174
   179
   184
   169
   132
   120
    99
    83
   102
   140
   105
    99
    31
    35
    68
    73
   126
   119
    99
   104
   129
   159
   168
   173
   178
   172
   169
   166
   164
   165
   163
   167
   169
   167
    95
    83
    82
   144
   177
   179
   174
   160
   140
   128
   106
   108
   106
    75
    54
    64
   128
   150
   151
   148
   138
   152
   142
   120
   108
    92
    77
    84
    75
    65
    51
    43
    45
    47
    52
    37
    26
    26
    23
    26
    19
    17
    25
    31
    37
    38
    24
    20
    34
    62
    73
    41
    43
    43
    49
    50
    56
    66
    79
    67
    77
    89
   102
   111
   139
   156
   161
   163
   163
   164
   162
   161
   160
   159
   160
   161
   168
   171
   174
   172
   178
   168
   146
   119
    98
    82
   119
   175
   112
    96
   135
   161
    71
    64
   105
   103
    90
   110
   128
   152
   159
   160
   165
   174
   173
   171
   166
   166
   165
   166
   160
   166
   115
    91
    65
   122
   170
   177
   177
   171
   142
   116
   107
    92
    93
    79
    77
    57
    85
   131
   134
   136
   134
   137
   130
   114
   104
    90
    94
    79
    60
    50
    52
    39
    26
    21
    27
    25
    27
    25
    22
    18
    23
    26
    24
    35
    26
    20
    22
    34
    63
    70
    73
    37
    51
    38
    31
    33
    44
    67
    54
    64
    70
    78
    91
   109
   124
   140
   156
   161
   164
   162
   161
   160
   154
   159
   156
   160
   170
   174
   170
   165
   169
   171
   147
   119
   102
    97
   139
   179
   111
    95
    49
    33
    54
    79
    91
   101
    89
   106
   130
   146
   154
   163
   162
   167
   169
   158
   166
   166
   162
   159
   159
   161
   142
    89
    66
   114
   170
   177
   181
   176
   171
   156
   137
   113
    92
    97
    78
    79
   102
   130
   146
   134
   138
   129
   132
   118
    95
    77
    56
    41
    58
    49
    33
    32
    59
    48
    29
    32
    23
    21
    23
    21
    17
    19
    27
    20
    28
    26
    49
    60
    63
    70
    72
    49
    29
    34
    46
    52
    52
    46
    60
    73
    77
    83
   105
   103
    99
   120
   143
   153
   155
   157
   157
   158
   155
   152
   148
   153
   155
   158
   160
   160
   164
   161
   151
   121
   108
   107
   148
   177
   115
   109
    58
    66
    82
    76
    98
   108
    93
   106
   123
   147
   149
   157
   157
   160
   158
   156
   161
   163
   156
   163
   159
   160
   149
    89
    70
    99
   157
   173
   172
   173
   172
   168
   156
   135
   112
    96
    94
    77
    87
   105
   114
   122
   134
   120
   101
    81
    85
    83
    53
    59
    37
    31
    30
    31
    32
    40
    29
    26
    20
    28
    19
    27
    29
    26
    28
    35
    32
    35
    56
    64
    77
    75
    77
    41
    50
    52
    53
    45
    52
    56
    46
    44
    51
    73
    78
    89
    97
   112
   137
   145
   148
   152
   156
   148
   147
   148
   150
   144
   148
   160
   158
   151
   156
   156
   145
   129
   118
   115
   137
   156
   107
   118
    72
    65
    68
   106
   144
   120
   101
   110
   118
   132
   146
   161
   159
   158
   160
   153
   155
   155
   155
   157
   155
   146
   140
    88
    85
   103
   153
   169
   164
   167
   168
   165
   149
   145
   135
   104
   101
   111
   126
   121
   125
   115
   103
   107
    94
    90
    80
    79
    63
    48
    54
    47
    42
    40
    35
    45
    44
    34
    31
    24
    26
    27
    33
    27
    30
    39
    44
    65
    79
    79
    77
    81
    79
    43
    41
    42
    43
    52
    46
    38
    34
    46
    57
    61
    75
    97
   107
   117
   130
   139
   146
   147
   150
   149
   152
   148
   151
   148
   145
   153
   159
   147
   144
   148
   149
   146
   137
   124
   136
   148
   102
   114
    97
   131
   152
   152
   146
   116
   108
   110
   116
   131
   144
   154
   156
   156
   157
   153
   150
   154
   161
   161
   156
   145
   141
    97
   115
   104
   141
   164
   162
   162
   160
   161
   160
   145
   146
   130
   118
   101
   107
   129
   128
   115
    97
    79
    74
    75
    58
    64
    45
    53
    37
    36
    36
    39
    35
    34
    38
    32
    28
    25
    28
    30
    29
    28
    28
    40
    60
    70
    77
    78
    77
    77
    76
    48
    45
    45
    43
    43
    42
    44
    47
    53
    55
    60
    64
    71
    89
   100
   115
   129
   140
   144
   149
   149
   147
   147
   149
   147
   139
   140
   153
   153
   147
   148
   143
   147
   139
   135
   143
   151
   108
   116
   116
    67
    97
   135
   144
   133
   122
   116
   112
   120
   135
   142
   156
   163
   160
   156
   154
   158
   166
   160
   157
   153
   151
   105
   127
   116
   135
   159
   162
   163
   157
   153
   146
   145
   144
   150
   151
   144
   135
   129
   122
   117
   102
    80
    68
    49
    52
    39
    44
    45
    55
    47
    42
    46
    42
    51
    44
    38
    35
    30
    29
    24
    27
    32
    43
    61
    75
    81
    75
    75
    73
    73
    75
    49
    59
    50
    42
    45
    40
    47
    49
    53
    54
    54
    71
    82
    97
    99
   117
   129
   135
   138
   141
   143
   146
   145
   144
   149
   146
   149
   145
   150
   141
   143
   142
   137
   144
   139
   145
   144
   115
   117
   121
    93
    69
   104
   138
   140
   128
   118
   113
   109
   124
   140
   156
   158
   160
   159
   155
   155
   160
   160
   163
   158
   154
   106
   132
   112
   118
   142
   155
   155
   159
   162
   151
   143
   139
   143
   144
   137
   130
   138
   124
   116
   116
   103
    74
    67
    68
    63
    46
    34
    40
    41
    29
    29
    34
    33
    36
    31
    22
    24
    31
    29
    36
    36
    51
    63
    79
    76
    74
    74
    75
    82
    78
    52
    63
    64
    49
    39
    48
    50
    46
    43
    47
    48
    52
    69
    84
   102
   117
   124
   131
   136
   140
   140
   141
   144
   146
   149
   148
   145
   144
   144
   139
   131
   137
   144
   139
   126
   138
   151
   115
   121
   103
   101
    79
    71
    92
   106
   117
   118
   102
    96
   115
   140
   157
   158
   166
   168
   158
   153
   159
   165
   164
   169
   140
   116
   139
   121
   112
   122
   140
   149
   147
   147
   145
   134
   129
   125
   122
   109
   112
   103
   103
   102
    88
    62
    49
    57
    58
    55
    70
    62
    49
    42
    47
    58
    50
    34
    29
    38
    30
    30
    32
    36
    40
    64
    63
    79
    76
    75
    76
    81
    77
    72
    75
    48
    54
    63
    68
    63
    49
    47
    49
    55
    62
    72
    74
    69
    78
    97
   111
   117
   121
   127
   131
   135
   135
   138
   143
   144
   152
   146
   148
   146
   145
   136
   135
   134
   129
   128
   126
   124
   119
   110
   116
    78
    82
    93
    97
   107
   121
   119
    95
    87
   111
   133
   144
   155
   163
   165
   162
   149
   151
   152
   155
   151
   115
   124
   138
   122
   111
   110
   120
   124
   127
   135
   134
   133
   130
   119
   109
   106
   100
    95
    97
   106
    88
    81
    63
    55
    51
    62
    57
    51
    54
    65
    45
    24
    34
    37
    41
    41
    43
    40
    57
    64
    76
    86
    83
    73
    72
    76
    76
    73
    78
    75
    54
    49
    54
    62
    61
    52
    50
    38
    44
    45
    44
    40
    47
    44
    53
    88
   104
   105
   112
   118
   128
   137
   137
   137
   135
   140
   139
   148
   145
   141
   139
   137
   128
   133
   140
   136
   130
   122
   118
    91
   111
   114
    87
   107
   115
   113
   117
   108
    91
    86
   108
   131
   147
   156
   161
   165
   163
   149
   146
   148
   152
   147
   108
   136
   138
   126
   106
   102
   109
   119
   123
   122
   111
   105
   103
   110
   113
   108
    96
    78
    72
    65
    75
    76
    73
    71
    58
    56
    59
    57
    50
    36
    41
    55
    42
    42
    37
    46
    55
    53
    70
    77
    79
    79
    77
    81
    87
    79
    73
    65
    44
    21
    15
    38
    40
    46
    52
    60
    58
    58
    51
    51
    62
    62
    51
    55
    48
    55
    92
   109
   111
   113
   113
   115
   124
   130
   134
   136
   137
   138
   137
   135
   133
   130
   133
   124
   123
   123
   131
   119
   123
    90
    97
   111
   117
   106
   113
   117
   117
   107
    92
    96
   114
   133
   144
   158
   164
   161
   157
   146
   151
   150
   149
   134
   107
   135
   141
   142
   120
   108
   107
   109
   134
   143
   133
   123
   113
    97
    83
    76
    73
    68
    68
    62
    63
    63
    60
    64
    62
    65
    63
    55
    63
    69
    44
    38
    40
    43
    37
    45
    73
    78
    92
    92
    90
    83
    77
    72
    59
    41
    25
    15
    11
    12
    11
    38
    39
    43
    41
    42
    48
    61
    59
    64
    66
    70
    76
    61
    45
    46
    76
    99
   107
   113
   111
   113
   112
   113
   123
   123
   131
   127
   127
   128
   131
   128
   120
   118
   117
   111
   118
   125
   118
   104
    88
   106
   114
   111
   106
   120
   119
    99
    92
   102
   114
   126
   145
   150
   160
   160
   157
   159
   143
   127
   134
   114
   120
   132
   135
   141
   129
   107
    96
   100
   102
   111
   116
   112
   119
   122
   115
   104
   103
    92
    79
    77
    71
    73
    72
    75
    71
    67
    56
    53
    54
    53
    54
    45
    48
    49
    59
    84
    83
    78
    63
    48
    38
    29
    21
    15
     9
     8
     9
     9
    16
    26
    37
    43
    39
    41
    41
    43
    41
    33
    45
    51
    52
    67
    67
    62
    63
    60
    47
    69
    94
    97
   101
   103
   103
   108
   110
   123
   122
   122
   124
   122
   125
   126
   127
   122
   113
   110
   109
   107
   110
   108
    88
    97
   104
   103
   104
   117
   119
   112
   115
   124
   124
   123
   127
   140
   145
   142
   139
   127
   117
   117
   120
   111
   125
   126
   134
   136
   139
   120
   101
    94
    96
    94
    95
    97
    99
    96
    96
   102
    96
    95
    89
    73
    71
    58
    65
    66
    47
    38
    37
    43
    48
    62
    55
    53
    51
    71
    66
    30
    23
    18
    10
     8
     9
    13
    14
    23
    22
    20
    29
    38
    40
    44
    46
    39
    45
    40
    40
    40
    41
    43
    30
    35
    41
    43
    45
    49
    53
    51
    50
    35
    44
    82
    93
    96
    99
    99
   101
   100
   108
   113
   111
   113
   114
   116
   114
   112
   111
   114
   105
    97
    93
    98
   102
    88
   104
   110
   117
   131
   131
   121
   134
   138
   127
   125
   128
   131
   131
   131
   124
   120
   120
   136
   128
   113
   119
   122
   118
   116
   113
   115
   104
    93
    80
    82
    89
    89
    73
    79
    76
    72
    72
    69
    77
    70
    69
    73
    58
    44
    58
    66
    42
    43
    45
    39
    35
    26
    25
    25
    78
    72
    32
    34
    37
    21
    18
    17
    28
    31
    37
    39
    39
    38
    41
    36
    39
    39
    40
    42
    43
    43
    45
    42
    44
    30
    28
    35
    64
    81
    73
    67
    61
    56
    43
    35
    69
    97
   101
    98
    98
    98
    94
    97
    96
    98
    98
   105
   102
   108
   107
   103
   104
   103
   101
    96
    97
   106
    93
    99
   116
   122
   113
   124
   141
   136
   128
   121
   125
   126
   128
   124
   125
   124
   125
   121
   101
   107
   107
   104
   104
   105
   104
   101
    97
    92
   102
    75
    69
    74
    79
    74
    63
    72
    84
    76
    73
    56
    54
    52
    59
    64
    52
    56
    49
    33
    32
    33
    20
    19
    20
    15
    14
    72
    99
    55
    41
    60
    59
    47
    32
    38
    48
    49
    44
    43
    45
    60
    56
    38
    42
    42
    42
    42
    39
    43
    43
    42
    29
    27
    20
    29
    45
    58
    65
    64
    58
    47
    28
    35
    70
    91
    95
    98
    99
    94
    95
    95
    98
    90
    92
    93
    96
    99
   100
    98
    98
   100
   101
   102
   115
   118
    95
    89
    94
   115
   127
   128
   127
   121
   114
   117
   117
   120
   109
    91
    82
    92
   101
    98
    97
    98
    95
    97
   103
   103
   103
    91
    86
    81
    65
    49
    53
    68
    71
    66
    66
    62
    52
    42
    41
    46
    54
    31
    25
    26
    25
    20
    18
    15
    19
    17
    19
    19
    18
    12
    48
   101
    93
    69
    69
    78
    85
    63
    44
    50
    67
    92
   106
    97
    85
    43
    41
    38
    42
    44
    43
    42
    41
    42
    38
    30
    29
    29
    29
    32
    39
    42
    53
    56
    49
    35
    28
    48
    55
    80
    85
    94
    85
    88
    95
   103
   103
   102
   101
    98
    99
    98
    97
    98
    96
    96
    99
   103
   113
    98
    83
   103
    95
    94
    91
    90
    90
    84
    74
    68
    77
    91
    99
    96
   100
    97
   100
    98
    99
    92
    88
    86
    90
    80
    69
    64
    77
    85
    73
    63
    74
    84
    73
    64
    65
    62
    61
    43
    18
    21
    21
    19
    22
    21
    19
    22
    19
    17
    19
    17
    16
    17
    14
    18
    69
   111
   101
    84
    86
   100
   109
    98
    80
    70
    68
    78
   101
    36
    42
    42
    40
    39
    41
    38
    36
    40
    42
    40
    37
    31
    28
    33
    30
    40
    47
    54
    62
    64
    54
    35
    47
    48
    65
    81
   103
   108
    94
    85
    91
    93
    81
    81
    83
    83
    94
    91
    89
    86
    91
    85
    71
    67
    98
    67
    46
    50
    78
    82
    88
    96
   106
   102
   108
   106
   105
    97
    95
    94
    86
    75
    67
    68
    64
    51
    52
    52
    61
    59
    56
    72
    75
    72
    63
    75
    59
    43
    32
    26
    31
    24
    23
    21
    21
    18
    18
    23
    24
    19
    21
    21
    23
    23
    21
    20
    20
    20
    12
    53
    95
   115
   106
    88
    85
   105
   122
   119
   110
   116
   138
    47
    40
    40
    42
    44
    39
    44
    44
    43
    41
    38
    40
    37
    33
    33
    49
    48
    42
    48
    64
    65
    73
    67
    38
    30
    36
    44
    81
    73
    62
    72
    63
    66
    74
    64
    57
    66
    71
    71
    76
    79
    70
    47
    31
    48
    69
    92
    79
    69
    71
    77
    80
    80
    88
    88
    77
    65
    64
    67
    76
    72
    70
    75
    83
    73
    76
    88
    87
    84
    71
    45
    30
    21
    24
    20
    15
    14
    30
    20
    25
    24
    22
    18
    23
    20
    23
    25
    23
    22
    22
    21
    19
    21
    20
    20
    25
    18
    19
    20
    18
    25
    74
    55
    83
   114
   113
   100
    96
   103
   126
   162
   192
    37
    39
    43
    39
    40
    43
    40
    40
    40
    40
    41
    37
    35
    38
    37
    29
    34
    47
    48
    42
    65
    74
    68
    70
    59
    53
    44
    25
    39
    51
    45
    56
    65
    72
    62
    50
    49
    38
    36
    31
    33
    38
    34
    37
    39
    51
    88
    77
    63
    55
    60
    69
    93
    98
    73
    71
    88
   100
   116
   101
    88
   102
   118
   107
   100
   108
   105
   109
   106
    98
    64
    26
    23
    21
    21
    24
    24
    20
    25
    21
    20
    19
    22
    21
    21
    22
    21
    22
    20
    21
    22
    25
    22
    25
    23
    21
    28
    21
    20
    23
    22
    45
    75
    61
    68
    88
   117
   133
   130
   135
   136
   133
    40
    38
    41
    42
    42
    42
    41
    44
    43
    41
    40
    40
    40
    38
    33
    36
    33
    31
    35
    40
    40
    43
    53
    67
    80
    77
    75
    71
    62
    53
    47
    36
    37
    40
    46
    46
    45
    45
    42
    37
    33
    42
    45
    38
    36
    42
    70
   102
   117
   120
   124
   121
   111
   111
   100
    80
    59
    50
    47
    43
    68
   101
   118
   112
   108
   104
    99
   106
   108
    94
    41
    22
    21
    24
    26
    23
    23
    23
    25
    24
    23
    23
    22
    17
    22
    20
    20
    20
    22
    20
    21
    22
    23
    24
    23
    21
    18
    24
    21
    20
    21
    19
    68
   104
   105
    48
    29
    44
    80
   108
   135
   154
    38
    41
    44
    38
    39
    43
    43
    40
    42
    42
    38
    39
    35
    36
    34
    35
    31
    32
    34
    33
    35
    30
    34
    39
    53
    64
    75
    78
    84
    76
    71
    63
    60
    55
    51
    44
    43
    41
    39
    43
    51
    41
    33
    34
    49
    70
    97
   105
    94
   105
   111
   112
   113
   116
   115
   103
    90
    76
    69
    64
    74
   102
   109
   108
   105
   106
   103
   108
    95
    39
    18
    23
    22
    22
    19
    20
    19
    22
    20
    20
    21
    22
    20
    25
    22
    23
    23
    20
    20
    19
    18
    19
    20
    19
    20
    21
    24
    24
    22
    24
    20
    23
    73
   103
   131
    92
    53
    45
    39
    33
    55
    51
    38
    39
    39
    43
    42
    40
    43
    43
    43
    41
    41
    41
    41
    42
    37
    34
    35
    32
    31
    31
    28
    28
    25
    29
    36
    34
    37
    36
    38
    44
    48
    50
    47
    46
    47
    52
    41
    36
    38
    34
    30
    27
    23
    20
    42
    88
   106
    73
    28
    30
    48
    56
    69
    82
    98
   106
   111
   111
   104
   103
   104
   103
    97
    93
    96
   100
   105
    80
    28
    18
    23
    21
    23
    22
    22
    20
    21
    18
    21
    20
    20
    22
    22
    25
    24
    23
    20
    21
    18
    18
    18
    18
    16
    19
    18
    20
    20
    17
    20
    22
    22
    19
    70
   101
    94
   114
    79
    70
    58
    69
    67
    90
    39
    38
    42
    37
    39
    41
    41
    44
    40
    42
    39
    39
    36
    34
    33
    30
    32
    35
    31
    30
    31
    28
    29
    28
    25
    29
    29
    26
    26
    24
    25
    33
    30
    38
    68
    59
    39
    26
    23
    21
    21
    20
    25
    27
    31
    86
   101
    84
    59
    46
    37
    35
    28
    31
    30
    34
    46
    56
    69
    77
    84
    92
    94
   104
   113
    96
    45
    15
    18
    21
    19
    23
    22
    20
    19
    20
    22
    23
    23
    20
    23
    21
    19
    17
    17
    18
    20
    19
    23
    18
    17
    19
    22
    18
    17
    14
    20
    21
    19
    19
    18
    23
    71
   102
    81
   101
    96
    87
    91
   124
    91
    80
    39
    44
    39
    42
    43
    40
    42
    38
    37
    38
    39
    39
    39
    39
    39
    37
    36
    33
    30
    29
    28
    32
    29
    28
    29
    29
    29
    30
    27
    30
    27
    22
    26
    20
    20
    39
    28
    26
    23
    24
    25
    26
    23
    24
    19
    28
    79
   105
   103
   102
    97
    99
    96
    99
    99
   102
   102
   110
   109
   105
   100
    88
    70
    45
    20
     7
    14
    17
    25
    21
    24
    19
    19
    18
    25
    24
    20
    20
    20
    21
    20
    15
    21
    22
    21
    21
    23
    18
    24
    23
    24
    23
    17
    20
    22
    24
    17
    21
    21
    19
    22
    19
    71
   108
    82
    88
   102
    98
   105
   131
   114
   113
    38
    35
    40
    40
    36
    39
    39
    43
    43
    41
    40
    38
    40
    39
    38
    39
    36
    33
    35
    31
    32
    28
    28
    31
    29
    29
    29
    26
    27
    23
    25
    28
    28
    29
    25
    21
    25
    21
    24
    27
    25
    23
    23
    25
    24
    17
    14
    16
    26
    26
    42
    56
    71
    79
    78
    65
    50
    37
    29
    26
    15
    10
    15
    13
    18
    21
    21
    24
    17
    20
    19
    21
    19
    22
    21
    18
    23
    21
    21
    20
    20
    22
    22
    21
    20
    21
    20
    23
    22
    20
    23
    22
    26
    23
    24
    22
    21
    19
    16
    19
    20
    22
    64
   110
    87
    89
   107
   102
   115
   113
   165
   130
    37
    40
    39
    39
    39
    42
    38
    40
    38
    39
    37
    38
    37
    37
    38
    36
    36
    36
    36
    33
    31
    32
    26
    27
    27
    23
    25
    31
    27
    28
    27
    24
    24
    25
    27
    27
    27
    26
    26
    23
    24
    25
    25
    23
    26
    24
    23
    23
    23
    21
    21
    17
    12
    12
    14
    15
    17
    22
    19
    22
    19
    21
    17
    22
    24
    23
    25
    23
    26
    21
    21
    23
    23
    22
    20
    21
    22
    20
    21
    21
    19
    21
    19
    21
    20
    19
    21
    20
    20
    20
    19
    19
    21
    21
    22
    24
    21
    21
    25
    22
    18
    22
    57
   111
    85
   106
   136
   100
   107
   115
   115
   164
    35
    38
    40
    37
    41
    39
    43
    41
    40
    39
    42
    40
    38
    40
    40
    36
    34
    37
    33
    34
    33
    32
    32
    29
    27
    30
    28
    24
    27
    27
    25
    29
    28
    26
    25
    25
    23
    27
    24
    27
    24
    25
    26
    27
    24
    25
    23
    24
    24
    27
    23
    22
    25
    25
    23
    23
    27
    25
    26
    25
    22
    26
    26
    21
    25
    24
    25
    22
    23
    24
    20
    22
    20
    20
    22
    22
    22
    23
    24
    22
    22
    21
    20
    19
    22
    22
    20
    18
    20
    21
    23
    25
    21
    23
    21
    23
    23
    25
    23
    20
    23
    24
    51
    99
    88
   102
   162
   149
   112
   107
   103
    95
    40
    43
    42
    41
    41
    42
    35
    37
    36
    38
    36
    41
    37
    37
    38
    40
    39
    33
    37
    35
    32
    30
    30
    31
    29
    28
    26
    29
    30
    28
    27
    24
    26
    29
    28
    25
    25
    23
    26
    25
    24
    27
    24
    26
    26
    25
    28
    24
    26
    26
    28
    25
    26
    27
    27
    25
    25
    21
    23
    22
    25
    24
    23
    22
    22
    19
    23
    23
    22
    23
    24
    23
    23
    21
    21
    22
    23
    22
    23
    23
    22
    20
    20
    25
    19
    24
    21
    21
    23
    21
    20
    19
    21
    21
    22
    20
    22
    19
    16
    22
    21
    20
    58
   102
    94
   104
   120
   168
   175
   170
   173
   162
    38
    37
    34
    34
    36
    36
    44
    40
    42
    39
    39
    35
    38
    38
    34
    35
    37
    35
    32
    33
    34
    33
    33
    29
    31
    26
    26
    27
    27
    28
    28
    28
    26
    24
    23
    27
    25
    26
    26
    24
    27
    21
    24
    25
    24
    27
    24
    26
    27
    25
    24
    28
    27
    25
    25
    22
    24
    29
    26
    26
    25
    23
    25
    27
    24
    23
    21
    23
    23
    20
    22
    20
    20
    23
    22
    24
    22
    25
    22
    19
    18
    25
    21
    21
    24
    23
    28
    27
    20
    20
    25
    24
    24
    23
    22
    23
    21
    23
    25
    23
    22
    22
    67
   114
   115
   104
   106
   101
    95
   102
   139
   197
