    47
    47
    45
    44
    47
    45
    46
    44
    50
    48
    48
    48
    51
    45
    50
    51
    49
    49
    54
    50
    49
    55
    49
    50
    54
    55
    51
    50
    54
    50
    52
    50
    54
    51
    52
    51
    50
    53
    55
    58
    51
    48
    52
    49
    51
    49
    52
    53
    52
    56
    38
    28
    27
    21
    16
    22
    62
    98
   113
   132
   123
    78
    21
    30
    46
    57
    51
    48
    47
    53
    55
    49
    51
    49
    47
    44
    46
    52
    51
    44
    48
    47
    46
    46
    44
    43
    47
    47
    49
    52
    46
    52
    46
    44
    45
    52
    47
    47
    57
    49
    47
    42
    44
    50
    56
    45
    45
    45
    41
    39
    81
   185
    46
    45
    47
    47
    49
    53
    48
    48
    44
    44
    48
    47
    50
    49
    44
    48
    50
    51
    46
    51
    52
    45
    49
    51
    45
    47
    47
    45
    43
    52
    48
    51
    45
    49
    51
    51
    51
    50
    48
    48
    51
    51
    48
    52
    52
    56
    51
    51
    33
    28
    55
    85
    97
   119
   167
   195
   203
   193
   185
   186
   195
   196
   185
   117
    27
     9
    39
    58
    55
    51
    43
    48
    49
    45
    46
    51
    44
    49
    44
    47
    44
    46
    49
    48
    45
    45
    44
    44
    44
    45
    43
    44
    47
    49
    46
    46
    49
    51
    44
    50
    49
    54
    52
    46
    44
    53
    45
    47
    42
    47
   164
   200
    46
    47
    45
    46
    42
    45
    47
    47
    43
    49
    48
    47
    49
    48
    57
    51
    45
    44
    48
    46
    49
    53
    52
    48
    52
    52
    55
    52
    53
    49
    47
    49
    51
    51
    50
    52
    54
    52
    51
    52
    54
    57
    53
    53
    51
    45
    53
    40
    83
   147
   163
   160
   156
   149
   149
   135
   126
   127
   137
   137
   137
   150
   169
   186
   188
   135
    66
    25
    30
    43
    51
    49
    49
    50
    48
    45
    46
    42
    45
    49
    46
    47
    44
    44
    44
    46
    40
    49
    46
    42
    47
    46
    48
    47
    47
    46
    50
    47
    52
    50
    50
    49
    44
    50
    51
    50
    55
    46
    46
   132
   204
   162
    40
    45
    47
    46
    45
    50
    45
    47
    51
    51
    49
    53
    52
    50
    44
    45
    45
    49
    47
    49
    46
    51
    50
    52
    52
    54
    49
    52
    48
    50
    52
    48
    48
    48
    52
    50
    50
    49
    55
    52
    51
    44
    50
    49
    52
    50
    44
    96
   162
   156
   107
    99
   112
   119
   132
   144
   159
   169
   177
   175
   160
   152
   153
   163
   174
   177
   174
   152
    85
    37
    39
    42
    49
    46
    46
    46
    46
    46
    42
    40
    42
    41
    44
    42
    44
    39
    42
    35
    43
    43
    43
    44
    42
    45
    47
    46
    41
    45
    42
    44
    46
    44
    51
    40
    48
    48
    47
    47
    82
   156
   200
   136
    43
    43
    46
    47
    47
    46
    49
    48
    46
    47
    53
    48
    43
    48
    47
    52
    51
    50
    50
    48
    47
    47
    49
    49
    49
    50
    49
    47
    56
    54
    51
    50
    57
    54
    50
    53
    50
    52
    50
    50
    51
    53
    47
    47
    47
    52
    64
   138
   164
   110
    54
    64
    98
   122
   151
   163
   161
   151
   147
   148
   158
   159
   144
   131
   130
   159
   174
   173
   175
   134
    36
    46
    48
    42
    44
    45
    39
    39
    38
    41
    43
    39
    37
    36
    37
    44
    36
    37
    40
    38
    42
    38
    45
    42
    46
    42
    47
    48
    49
    49
    48
    48
    48
    50
    44
    46
    50
    47
   122
   175
   202
   129
    50
    49
    43
    44
    46
    47
    49
    48
    50
    49
    44
    48
    51
    48
    51
    48
    49
    49
    50
    54
    57
    55
    51
    49
    53
    52
    53
    59
    55
    45
    34
    31
    30
    33
    44
    43
    48
    48
    37
    44
    45
    52
    50
    48
    48
    47
    67
   144
   171
   121
    59
   108
   147
   151
   141
   139
   153
   173
   183
   187
   177
   186
   186
   192
   175
   134
   153
   175
   177
   178
   139
    44
    42
    44
    44
    39
    38
    39
    40
    37
    40
    37
    36
    36
    37
    36
    38
    41
    37
    37
    40
    42
    41
    38
    41
    43
    45
    39
    39
    39
    44
    42
    43
    45
    51
    51
    45
    63
   137
   201
   197
   189
    44
    46
    45
    44
    48
    49
    47
    49
    52
    50
    54
    52
    48
    51
    50
    50
    51
    52
    49
    55
    51
    50
    53
    47
    41
    39
    54
    49
    44
    50
    55
    59
    64
    51
    39
    45
    50
    65
    82
    74
    65
    45
    36
    47
    50
    51
    60
   124
   164
   169
   125
   155
   187
   185
   183
   188
   187
   181
   176
   173
   164
   153
   155
   156
   166
   186
   164
   163
   171
   165
   154
   107
    31
    35
    36
    38
    39
    37
    37
    36
    38
    36
    38
    38
    34
    33
    38
    34
    37
    39
    40
    39
    39
    44
    40
    42
    44
    44
    42
    44
    46
    47
    47
    49
    42
    48
    38
   100
   178
   217
   198
   170
    45
    46
    49
    50
    44
    49
    47
    44
    45
    49
    46
    51
    50
    50
    49
    51
    48
    49
    52
    42
    36
    30
    31
    25
    27
    33
    34
    28
    29
    51
    77
   103
   112
   100
    80
    83
    86
    86
    88
    98
   107
   101
    80
    57
    48
    49
    50
    94
   157
   182
   176
   140
   149
   189
   188
   184
   182
   171
   156
   145
   143
   139
   136
   140
   163
   175
   175
   162
   157
   161
   170
   163
   117
    34
    37
    39
    37
    36
    34
    36
    35
    36
    38
    36
    38
    39
    34
    37
    37
    38
    34
    33
    39
    35
    40
    40
    40
    42
    40
    43
    42
    45
    43
    44
    49
    47
    55
   134
   179
   168
   165
   171
    44
    45
    50
    49
    49
    43
    48
    49
    51
    53
    51
    50
    52
    51
    52
    39
    35
    37
    28
    29
    24
    31
    37
    37
    39
    48
    66
    90
   110
   120
   115
    96
    96
    93
    87
    84
    81
    83
    72
    60
    36
    33
    42
    43
    56
    50
    36
    57
   137
   174
   189
   173
   126
    97
   136
   182
   176
   150
   148
   143
   134
   134
   142
   158
   184
   187
   192
   192
   186
   186
   187
   180
   157
    92
    33
    40
    36
    41
    37
    38
    38
    39
    35
    36
    33
    37
    38
    37
    36
    38
    34
    39
    36
    36
    37
    39
    38
    36
    44
    44
    48
    42
    45
    48
    36
    19
    97
   160
   167
   177
   176
   177
    48
    49
    46
    45
    44
    50
    47
    50
    51
    53
    51
    48
    50
    52
    44
    43
    48
    41
    42
    41
    44
    48
    50
    67
    93
   101
    93
   104
   109
    96
    78
    73
    67
    66
    73
    90
   104
   108
   110
   107
   104
    92
    58
    59
    32
    27
    38
    95
   165
   186
   196
   194
   186
   164
   133
   156
   127
    89
    99
   117
   140
   136
   138
   161
   186
   190
   190
   183
   183
   182
   178
   174
   168
   136
    52
    37
    40
    38
    40
    41
    39
    34
    39
    39
    40
    39
    37
    38
    33
    34
    38
    35
    37
    43
    36
    38
    35
    41
    38
    40
    38
    40
    40
    16
    48
   138
   187
   187
   184
   178
   164
   161
    46
    45
    47
    48
    47
    47
    48
    48
    49
    49
    51
    48
    46
    38
    26
    25
    34
    37
    46
    46
    48
    47
    60
    62
    83
   111
   119
   109
    96
    99
   101
    92
    92
   113
   122
   120
   121
   127
   135
   128
   115
   105
    95
    68
    64
    83
    92
   110
   132
   148
   173
   181
   177
   166
   157
   122
    90
   118
   168
   190
   196
   196
   165
   133
   164
   199
   191
   184
   184
   183
   185
   174
   164
   136
    69
    42
    37
    39
    35
    36
    33
    37
    33
    38
    37
    39
    38
    35
    41
    40
    40
    37
    39
    34
    41
    40
    44
    36
    37
    37
    43
    35
    25
   113
   176
   190
   179
   168
   154
   158
   194
   231
    48
    47
    48
    42
    46
    48
    50
    45
    47
    50
    45
    41
    32
    40
    65
    76
    84
    73
    50
    39
    52
    74
    87
    78
    74
    77
   104
   120
   122
   110
   102
   107
   115
   107
   104
    91
   107
   121
   122
   124
   106
    94
    92
    89
    61
    52
    59
    43
    45
    47
    50
    60
    89
   112
   120
   120
   126
   125
   129
   156
   174
   172
   170
   163
   155
   164
   169
   180
   187
   197
   194
   186
   164
   128
    57
    48
    41
    39
    39
    34
    37
    37
    35
    34
    38
    37
    39
    37
    38
    32
    34
    41
    37
    42
    39
    39
    34
    39
    38
    42
    19
    54
   155
   189
   186
   169
   154
   154
   189
   212
   179
   128
    46
    42
    46
    50
    49
    48
    47
    50
    48
    42
    38
    29
    33
    46
    49
    49
    29
    39
    69
    79
    78
    79
    91
   103
    93
   112
   128
   134
   152
   155
   151
   143
   140
   151
   148
   154
   145
   133
   135
   117
   125
   140
   137
   125
   100
    91
   110
   138
   126
   117
   114
   114
   116
   120
   128
   125
   123
   118
   110
   106
   108
   118
   109
   121
   119
   103
   122
   109
   122
   120
   150
   154
   125
    71
    33
    21
    30
    27
    38
    38
    38
    33
    36
    35
    36
    35
    36
    36
    35
    38
    36
    38
    35
    34
    36
    37
    42
    34
    35
    22
    82
   172
   182
   167
   163
   156
   165
   173
   155
   114
   108
   127
    47
    46
    47
    46
    44
    50
    50
    46
    46
    40
    36
    35
    41
    28
    28
    17
    29
    52
    75
    82
    86
   100
   113
   118
   129
   141
   141
   157
   161
   148
   141
   149
   156
   149
   144
   142
   137
   141
   147
   156
   159
   154
   152
   157
   142
    94
    56
    68
   138
   157
   145
   147
   150
   146
   145
   143
   145
   139
   137
   138
   137
   136
   132
   113
   105
   108
   115
   128
   130
   112
    98
   106
   110
   102
    80
    88
    77
    49
    33
    26
    28
    37
    44
    40
    34
    39
    40
    37
    39
    36
    41
    36
    37
    36
    40
    39
    34
    38
    20
   105
   178
   172
   160
   155
   151
   138
   118
    85
    81
    78
    76
    79
    49
    49
    47
    49
    45
    48
    47
    48
    38
    28
    26
    34
    32
    28
    35
    64
    83
    86
    87
    94
   114
   126
   130
   137
   146
   152
   157
   154
   148
   152
   150
   151
   151
   152
   155
   162
   168
   165
   162
   161
   160
   161
   158
   156
   154
   147
   169
   144
   138
   162
   160
   149
   147
   146
   145
   143
   147
   144
   143
   140
   133
   138
   136
   138
   145
   134
   122
   116
   131
   134
   108
   106
   104
   109
   107
   107
   100
   116
   125
    96
    84
    67
    47
    42
    38
    36
    33
    38
    38
    38
    36
    37
    39
    40
    38
    37
    36
    21
   101
   171
   156
   137
   113
    73
    54
    30
    29
    54
    93
   152
   163
   143
    46
    47
    49
    44
    50
    48
    35
    28
    24
    26
    30
    30
    30
    38
    56
    71
    77
    87
   100
   117
   124
   125
   148
   158
   160
   161
   153
   148
   150
   149
   147
   147
   157
   159
   154
   150
   153
   159
   162
   162
   162
   161
   165
   165
   167
   154
   133
   110
   139
   197
   195
   194
   182
   165
   155
   142
   133
   133
   135
   135
   136
   132
   136
   133
   136
   138
   146
   160
   144
   129
   127
   128
   119
   117
   116
   113
   114
   100
    90
   105
    95
   111
   102
    72
    49
    36
    46
    41
    39
    37
    34
    38
    41
    35
    36
    34
    24
    98
   165
   142
   120
    68
    40
    36
    18
    65
   143
   175
   167
   112
    77
    48
    42
    46
    49
    47
    47
    39
    32
    31
    24
    26
    25
    29
    35
    42
    50
    62
    82
   102
   119
   115
   116
   147
   162
   163
   157
   157
   159
   166
   161
   163
   161
   153
   153
   154
   156
   157
   157
   156
   162
   162
   167
   165
   167
   173
   175
   154
   128
   107
    80
    90
    97
    77
    78
    84
    95
   120
   140
   146
   132
   131
   139
   142
   140
   138
   141
   140
   139
   141
   145
   144
   135
   138
   140
   126
   129
   123
   104
    99
    75
    78
    85
    90
    99
    87
    84
    69
    48
    35
    28
    30
    41
    37
    34
    37
    28
    26
    76
   151
   126
   103
    52
    37
    37
    22
    82
   141
   106
    42
    26
     7
     5
    13
    48
    47
    43
    42
    33
    24
    24
    23
    26
    30
    33
    23
    24
    31
    54
    84
   104
   112
   107
   114
   153
   159
   155
   154
   149
   151
   152
   157
   164
   169
   172
   172
   169
   173
   172
   169
   167
   167
   162
   164
   163
   166
   163
   165
   181
   174
   147
    95
    98
   120
   131
   145
   142
   129
   112
    80
    59
    74
   126
   146
   138
   142
   147
   146
   142
   144
   148
   144
   139
   139
   138
   127
   118
   117
   118
   123
   126
   122
   123
   111
    97
    89
    91
   103
    98
    82
    78
    71
    58
    60
    39
    30
    32
    40
    52
    57
   130
   108
    73
    34
    35
    33
    30
    41
    90
    63
    12
    14
    17
    20
    20
    13
    44
    47
    46
    35
    28
    21
    17
    27
    24
    23
    18
    42
    52
    74
    93
   105
    95
    98
   120
   149
   155
   158
   161
   162
   169
   170
   168
   163
   168
   167
   170
   172
   175
   169
   171
   174
   170
   166
   166
   168
   174
   176
   182
   177
   128
   115
   145
   175
   203
   206
   204
   201
   196
   191
   174
   164
   155
   129
    82
    99
   149
   149
   148
   153
   155
   151
   150
   153
   155
   154
   139
   144
   156
   145
   137
   130
   113
   109
   121
   122
   111
   104
   118
   127
   117
   100
    93
    96
    87
    68
    62
    53
    41
    27
    34
   112
    92
    49
    30
    42
    36
    32
    26
    40
    45
    18
    21
    28
    22
    21
    15
    39
    47
    46
    39
    30
    32
    39
    32
    23
    20
    23
    58
    78
    94
   103
    97
    77
    82
   127
   157
   159
   157
   158
   163
   167
   164
   170
   173
   178
   179
   182
   184
   184
   180
   181
   177
   173
   171
   172
   170
   169
   172
   177
   149
   133
   167
   186
   182
   177
   189
   198
   199
   194
   190
   188
   179
   162
   148
   137
   147
   119
   107
   154
   153
   152
   143
   143
   150
   152
   150
   153
   159
   160
   160
   144
   134
   141
   138
   126
   121
   119
   112
   115
   104
    92
    90
    95
    88
    69
    65
    65
    54
    62
    60
    61
    85
    86
    40
    19
    18
    15
    12
    14
    15
     9
     5
     9
    12
    10
     8
    10
    20
    43
    49
    47
    33
    26
    25
    26
    34
    40
    62
   109
   126
   112
    96
    84
    74
    98
   142
   162
   161
   160
   165
   162
   162
   163
   176
   182
   183
   184
   184
   188
   189
   188
   190
   189
   185
   182
   179
   178
   172
   173
   162
   129
   141
   174
   171
   167
   180
   176
   181
   190
   192
   192
   188
   182
   175
   161
   154
   161
   158
   157
   138
   145
   178
   177
   171
   161
   147
   151
   152
   157
   158
   161
   153
   142
   134
   118
   124
   132
   120
   115
   110
   115
   111
   110
   101
    92
    87
    88
    74
    73
    73
    62
    67
    60
    56
    69
   105
   112
   104
    81
    68
    56
    52
    59
    65
    71
    75
    68
    61
    55
    60
    61
    44
    40
    27
    39
    36
    38
    47
    95
   120
   119
   111
   108
    98
   102
   114
   147
   164
   163
   167
   167
   165
   168
   177
   188
   188
   187
   189
   189
   187
   189
   187
   191
   187
   186
   191
   190
   178
   165
   162
   160
   138
   154
   163
   166
   172
   170
   166
   170
   179
   189
   195
   181
   175
   168
   155
   166
   176
   175
   182
   181
   173
   125
   167
   173
   175
   175
   157
   146
   146
   153
   161
   176
   175
   177
   168
   171
   159
   154
   143
   149
   135
   108
   100
   100
    94
   102
   103
    85
    89
    86
    74
    74
    75
    66
    71
    65
    50
    72
   101
   111
   107
   105
   102
   100
    97
    98
   101
   109
   114
   116
   103
    95
    34
    21
    37
    61
    71
   109
   152
   131
   112
   104
   108
   112
   101
   109
   137
   161
   164
   166
   170
   173
   179
   183
   183
   183
   187
   189
   192
   193
   195
   193
   198
   191
   190
   190
   187
   174
   171
   181
   182
   152
   150
   163
   161
   164
   159
   164
   168
   177
   177
   181
   178
   178
   170
   166
   175
   185
   194
   194
   186
   180
   182
   168
   139
   179
   178
   176
   166
   150
   138
   146
   159
   163
   171
   161
   159
   164
   158
   137
   139
   135
   125
   109
   105
    98
    97
    95
    82
    89
    66
    63
    78
    81
    64
    65
    63
    69
    64
    49
    44
    54
    78
    96
    99
    96
    97
    99
    95
    96
    97
   100
   107
   111
    17
    26
    47
    61
    96
    99
   107
    89
    88
   105
   108
    92
   100
   127
   161
   171
   174
   170
   175
   176
   181
   183
   188
   188
   191
   193
   193
   193
   196
   199
   196
   195
   194
   188
   179
   181
   187
   179
   166
   146
   152
   157
   149
   151
   160
   168
   166
   170
   169
   176
   177
   166
   160
   174
   184
   194
   193
   188
   187
   188
   184
   190
   153
   172
   181
   181
   174
   150
   137
   154
   170
   178
   171
   173
   170
   149
   125
   124
   121
   118
   114
   121
   114
   116
   110
   105
   112
   116
   108
    85
    78
    79
    80
    72
    65
    45
    42
    35
    41
    42
    50
    66
    81
   103
   103
    98
    97
    94
    92
    98
   101
   103
    35
    48
    77
   104
    98
    81
    76
    85
    94
    88
    78
    87
   115
   150
   170
   174
   170
   172
   175
   176
   185
   192
   195
   194
   196
   194
   197
   196
   196
   197
   197
   198
   198
   186
   180
   185
   186
   178
   168
   149
   154
   152
   152
   158
   140
   155
   167
   165
   159
   158
   162
   157
   165
   186
   193
   194
   195
   194
   192
   186
   177
   182
   188
   158
   180
   180
   177
   156
   139
   147
   165
   175
   178
   172
   173
   169
   150
   142
   133
   109
    97
    87
    85
    98
   101
   101
    82
    85
    95
   117
    97
    91
    81
    90
    96
    72
    70
    67
    47
    48
    44
    36
    53
    76
   100
    97
    99
   108
   101
    97
    94
   100
    58
    94
   117
    95
    79
    71
    72
    80
    65
    76
    88
   103
   137
   173
   179
   174
   171
   173
   182
   186
   192
   194
   192
   192
   196
   197
   194
   195
   198
   196
   195
   198
   187
   177
   177
   180
   179
   178
   172
   161
   158
   168
   165
   113
   128
   154
   155
   172
   168
   154
   150
   164
   182
   185
   187
   190
   187
   190
   190
   189
   186
   185
   179
   159
   193
   186
   167
   153
   143
   157
   171
   178
   181
   176
   167
   157
   146
   124
   134
   130
   109
   117
   121
   102
   102
   107
   114
   120
   114
   103
    86
    99
    97
    66
    53
    61
    46
    36
    43
    34
    43
    47
    39
    31
    25
    64
    79
    84
    99
   101
   105
   103
    70
    75
    83
    93
    83
    76
    82
    77
    84
    87
    88
   114
   161
   174
   170
   172
   169
   179
   183
   187
   190
   191
   187
   190
   194
   194
   196
   197
   197
   193
   195
   192
   179
   172
   182
   179
   179
   176
   168
   166
   172
   161
   101
   116
   142
   151
   176
   180
   167
   148
   152
   173
   187
   193
   192
   189
   194
   194
   187
   186
   182
   184
   183
   156
   178
   180
   174
   144
   139
   160
   179
   183
   174
   171
   180
   179
   161
   152
   145
   137
   138
   126
   126
   143
   128
   105
    98
   100
    91
    89
    88
    72
    61
    82
    80
    47
    40
    45
    41
    41
    48
    41
    50
    57
    46
    45
    52
    88
    70
    73
    86
    93
    57
    70
    96
   101
    93
    94
    96
    98
    92
    86
    93
   122
   163
   171
   174
   170
   178
   180
   188
   191
   191
   194
   194
   193
   195
   196
   194
   193
   193
   194
   197
   189
   174
   177
   180
   185
   166
   172
   171
   177
   166
   119
   133
   130
   129
   139
   155
   169
   152
   140
   151
   170
   188
   193
   196
   196
   196
   191
   191
   185
   187
   192
   196
   165
   173
   186
   166
   137
   144
   176
   184
   190
   191
   186
   177
   171
   162
   169
   165
   168
   153
   139
   118
    83
    77
   104
   114
    99
   102
   100
    99
    87
    89
    75
    70
    63
    40
    41
    53
    45
    31
    33
    41
    27
    29
    36
    32
    26
    46
    44
    47
    70
    55
    73
    65
    84
    71
    83
   106
    85
    80
    84
    86
   133
   169
   174
   175
   178
   182
   181
   187
   190
   193
   191
   189
   191
   192
   193
   193
   194
   195
   195
   189
   178
   178
   176
   183
   171
   158
   173
   178
   177
   143
   172
   151
    95
   113
   169
   168
   147
   150
   150
   166
   181
   186
   193
   194
   194
   194
   194
   186
   183
   190
   195
   195
   190
   176
   189
   166
   140
   157
   180
   193
   190
   192
   190
   179
   173
   172
   177
   166
   159
   145
   141
   125
   128
   132
   115
   105
   110
    86
    92
    89
    80
    48
    53
    58
    53
    57
    63
    51
    43
    49
    57
    40
    37
    38
    45
    56
    50
    34
    40
    34
    37
    68
    72
    76
    95
    97
   102
    73
    52
    48
    66
   116
   157
   172
   182
   182
   181
   185
   187
   185
   188
   190
   192
   192
   191
   193
   196
   191
   193
   194
   196
   185
   180
   179
   188
   180
   163
   148
   179
   181
   153
   156
   168
   108
   110
   167
   160
   159
   165
   158
   154
   175
   186
   190
   189
   186
   187
   192
   188
   181
   189
   192
   188
   185
   182
   172
   180
   150
   140
   180
   190
   191
   191
   184
   183
   183
   177
   173
   173
   169
   170
   168
   156
   163
   130
   130
   115
    98
    96
   117
   105
   104
   101
   102
    57
    55
    63
    64
    51
    52
    63
    44
    41
    37
    35
    34
    39
    45
    41
    41
    40
    34
    36
    56
    68
   103
   117
   102
    83
    65
    50
    68
    97
   133
   174
   182
   182
   177
   183
   186
   184
   189
   188
   190
   189
   189
   188
   192
   193
   194
   194
   199
   194
   187
   183
   179
   186
   183
   162
   154
   183
   182
   156
   167
   134
   116
   168
   165
   153
   146
   145
   161
   161
   170
   181
   191
   192
   192
   195
   188
   187
   185
   189
   196
   200
   200
   178
   171
   175
   135
   135
   174
   189
   189
   187
   185
   178
   178
   182
   185
   187
   180
   181
   177
   160
   141
   141
   133
   120
   123
   118
   102
    83
    78
    75
    58
    82
    77
    57
    39
    48
    43
    26
    30
    25
    24
    27
    30
    39
    39
    33
    36
    42
    32
    25
    66
    73
    78
    86
    84
    86
    76
    79
    83
   109
   148
   159
   169
   180
   186
   189
   187
   188
   192
   192
   190
   186
   185
   191
   193
   190
   192
   198
   198
   196
   189
   191
   184
   183
   175
   158
   159
   186
   176
   151
   153
   106
    88
    84
   148
   162
   129
   142
   161
   162
   167
   185
   190
   195
   190
   195
   193
   189
   188
   190
   190
   189
   188
   168
   165
   158
   114
   135
   179
   185
   180
   179
   181
   187
   182
   179
   184
   181
   177
   177
   167
   158
   151
   150
   131
   122
   132
   141
   130
   104
    82
    70
    54
    72
    65
    60
    77
    57
    44
    56
    44
    53
    40
    37
    41
    42
    38
    39
    33
    27
    31
    39
    54
    72
    90
   102
   106
    96
    84
    65
    81
   116
   143
   169
   182
   182
   187
   186
   193
   193
   193
   195
   195
   193
   193
   190
   188
   186
   192
   199
   199
   195
   198
   195
   192
   174
   153
   143
   151
   193
   183
   183
   156
    65
    33
    59
    59
   116
   126
   136
   171
   173
   181
   188
   194
   192
   194
   193
   186
   190
   199
   198
   193
   196
   191
   171
   171
   149
   109
   134
   179
   189
   183
   184
   186
   181
   189
   195
   186
   173
   155
   139
   148
   123
   114
   119
   134
   108
   102
   100
    69
    76
    91
    95
    76
    65
    61
    64
    58
    53
    57
    45
    47
    26
    28
    36
    40
    41
    33
    35
    34
    30
    26
    23
    69
    82
    85
    99
    99
    92
    61
    76
   103
   121
   142
   164
   185
   183
   187
   194
   190
   190
   194
   192
   191
   188
   188
   193
   187
   191
   196
   199
   197
   197
   195
   193
   188
   177
   143
   118
   122
   191
   180
   177
   131
   122
   116
    89
    86
   108
   126
   147
   172
   180
   190
   195
   193
   198
   200
   196
   192
   197
   195
   194
   193
   191
   192
   159
   165
   130
    92
   129
   174
   187
   191
   185
   185
   182
   170
   132
   109
   116
   131
   109
   102
   131
   123
    96
    68
   111
   115
    99
   104
    93
    86
    77
    95
    79
    65
    47
    44
    45
    33
    37
    39
    54
    71
    70
    42
    28
    36
    39
    36
    42
    30
    28
    69
    86
    66
    99
   115
    84
    69
    93
   101
   103
   132
   172
   186
   187
   190
   190
   193
   192
   193
   196
   188
   191
   194
   195
   193
   196
   198
   201
   200
   195
   198
   191
   190
   162
   129
   121
   135
   196
   174
   143
   107
    70
    78
    42
    81
   107
   120
   131
   165
   184
   197
   203
   201
   202
   201
   194
   197
   193
   194
   198
   197
   198
   186
   149
   162
   115
    82
   122
   175
   183
   178
   173
   171
   166
   142
   138
   127
   117
   102
   104
   103
    80
    65
    71
    85
    61
    82
   125
   135
   111
   102
    88
    83
    63
    62
    69
    69
    67
    72
    87
    70
    50
    52
    65
    39
    58
    34
    41
    37
    30
    26
    28
    41
    65
    74
    97
    88
    79
    90
    97
    90
   121
   165
   181
   183
   187
   188
   195
   195
   195
   194
   193
   191
   192
   192
   194
   194
   192
   198
   200
   199
   204
   203
   199
   184
   144
   119
   102
   132
   197
   172
   138
    93
    60
    50
    85
   108
   107
   116
   141
   176
   198
   201
   199
   203
   196
   192
   194
   193
   197
   197
   194
   194
   189
   179
   141
   151
   104
    74
   116
   159
   169
   167
   164
   170
   161
   136
   131
   128
   124
   108
   102
    75
    87
   133
   149
   159
   166
   161
   164
   164
   153
   149
   121
   116
   113
    92
    72
    79
    78
    64
    50
    37
    32
    33
    56
    65
    24
    40
    40
    36
    40
    25
    19
    53
    67
    74
    81
    84
    78
    80
    81
    96
   137
   162
   177
   186
   188
   192
   192
   196
   197
   196
   196
   193
   191
   193
   189
   191
   197
   200
   200
   201
   203
   204
   196
   175
   138
   121
   105
   128
   191
   152
   125
    94
    54
    80
    85
    81
   113
   117
   142
   166
   189
   202
   200
   197
   190
   195
   198
   199
   197
   196
   201
   198
   190
   151
   126
   139
    96
    71
   106
   153
   164
   177
   185
   174
   139
   128
   124
   120
   110
   103
    91
   110
   157
   169
   168
   166
   162
   153
   154
   159
   147
   123
   127
   143
   129
    99
    80
    54
    53
    57
    56
    72
    85
    71
    47
    31
    47
    34
    38
    37
    44
    29
    28
    58
    49
    65
    79
    89
    82
    70
    83
   114
   139
   173
   188
   189
   188
   190
   196
   196
   196
   198
   191
   192
   192
   195
   194
   192
   198
   202
   203
   202
   207
   209
   203
   180
   132
   120
   113
   116
   172
   156
   125
   116
   105
   115
   139
   166
   150
   123
   130
   158
   186
   194
   190
   179
   191
   203
   199
   194
   191
   195
   201
   193
   167
   123
   131
   130
    95
    69
   112
   152
   182
   182
   162
   141
   114
   109
   123
   131
   114
    91
    82
   155
   171
   174
   173
   175
   175
   168
   157
   152
   155
   163
   160
   134
   120
   107
   115
   112
    82
    69
    56
    50
    54
    57
    57
    57
    39
    23
    26
    29
    27
    28
    31
    37
    60
    55
    82
    89
   102
    93
    96
   117
   151
   173
   186
   184
   189
   193
   197
   191
   194
   199
   192
   189
   192
   195
   192
   193
   196
   198
   202
   200
   200
   206
   199
   168
   150
   141
   128
   112
   159
   172
   116
   130
   100
   117
   171
   176
   142
   114
   117
   142
   179
   178
   176
   184
   196
   196
   194
   192
   194
   200
   197
   176
   136
   113
   138
   146
   105
    83
   142
   186
   182
   173
   146
   123
   134
   134
   127
   105
   102
    90
    92
   166
   178
   179
   176
   171
   165
   157
   153
   153
   157
   152
   139
   147
   136
   129
   104
   101
    89
    62
    54
    68
    64
    35
    26
    35
    49
    30
    34
    28
    23
    30
    26
    38
    46
    59
    74
    95
    90
    98
   101
   104
   133
   160
   185
   187
   193
   196
   198
   198
   195
   194
   193
   191
   188
   191
   191
   194
   191
   193
   198
   202
   206
   209
   197
   173
   163
   146
   137
   121
   128
   157
   115
   123
   127
    95
    89
   125
   126
   115
   110
   138
   166
   177
   179
   195
   196
   191
   192
   192
   201
   195
   171
   140
   116
   159
   178
   147
    92
   108
   172
   196
   194
   173
   161
   148
   124
   120
   117
   118
   106
    82
    85
   147
   172
   177
   163
   168
   162
   154
   157
   163
   154
   150
   140
   138
   133
   140
   114
   106
    82
    80
    76
    62
    38
    51
    52
    44
    43
    44
    29
    30
    21
    24
    31
    36
    35
    64
    61
    88
   104
    95
    92
   108
   146
   172
   183
   187
   191
   198
   195
   198
   201
   199
   194
   190
   189
   191
   189
   190
   195
   198
   200
   201
   202
   207
   199
   176
   154
   160
   140
   128
   129
   146
   129
   112
   133
   121
   106
   122
   134
   125
   115
   129
   152
   164
   187
   189
   185
   183
   182
   184
   189
   163
   138
   126
   133
   149
   147
   107
    86
   144
   192
   196
   190
   171
   144
   125
   112
   121
   123
   132
   107
    67
    53
   129
   159
   174
   155
   153
   159
   149
   136
   138
   146
   156
   159
   164
   167
   138
   140
   113
    80
    62
    43
    52
    83
    86
    50
    52
    34
    33
    35
    30
    33
    25
    25
    32
    34
    46
    72
    85
    94
    94
   102
   110
   130
   164
   184
   187
   189
   193
   193
   194
   199
   200
   198
   192
   191
   195
   194
   192
   189
   194
   202
   198
   202
   203
   202
   190
   170
   158
   155
   140
   127
   137
   138
   125
   129
   139
   123
   139
   155
   141
   117
   129
   159
   179
   185
   187
   188
   182
   181
   182
   160
   141
   116
    66
   122
   145
   107
    75
   110
   178
   193
   194
   184
   148
   107
    90
   102
   111
   129
   122
    91
    59
    90
   150
   164
   163
   160
   140
   137
   136
   134
   141
   143
   150
   150
   165
   167
   139
   110
    97
    87
   102
    92
    71
    41
    60
    77
    52
    36
    24
    33
    38
    32
    29
    29
    37
    45
    52
    68
    73
    83
    93
   111
   106
   125
   158
   180
   183
   188
   192
   194
   198
   198
   197
   197
   199
   193
   192
   190
   188
   189
   189
   196
   202
   201
   205
   204
   195
   179
   174
   162
   146
   129
   134
   130
   127
   126
   146
   175
   169
   174
   147
   122
   138
   171
   187
   191
   185
   176
   171
   179
   174
   152
   120
    80
   162
   199
   187
   152
   104
    87
   135
   186
   171
   138
   109
    97
   109
   117
   132
   137
   106
    70
    48
   109
   159
   165
   148
   159
   146
   141
   156
   138
   134
   139
   151
   151
   158
   152
   122
   110
    99
    87
    82
    90
   109
   109
    81
    57
    52
    43
    45
    35
    25
    26
    28
    24
    35
    47
    48
    57
    71
    83
   104
   105
   108
   133
   159
   181
   187
   186
   192
   194
   194
   199
   200
   197
   193
   193
   192
   191
   186
   192
   195
   197
   199
   201
   204
   208
   201
   184
   176
   175
   166
   137
   130
   127
   140
   134
   150
   192
   196
   188
   158
   121
   135
   171
   183
   180
   173
   172
   184
   181
   154
   110
    89
   179
   202
   192
   176
   135
    90
    77
    90
   154
   163
   129
   123
   125
   116
   130
   143
   131
    94
    60
    24
   104
   157
   169
   158
   148
   158
   130
   118
   118
   111
   117
   145
   167
   161
   148
   135
   122
   107
    96
    96
    82
    51
    49
    49
    49
    45
    44
    36
    27
    30
    36
    25
    26
    39
    35
    42
    47
    65
    97
   120
   115
   124
   132
   157
   182
   194
   190
   195
   196
   197
   200
   196
   193
   194
   192
   192
   195
   190
   189
   192
   194
   203
   201
   204
   205
   205
   201
   195
   178
   159
   142
   131
   121
   149
   148
   136
   151
   178
   167
   141
   137
   166
   175
   175
   175
   174
   175
   160
   136
    88
    99
   176
   192
   191
   187
   166
   114
    58
    51
    64
   113
   131
   153
   132
   114
   115
   130
   149
   137
   100
    39
    15
    87
   153
   157
   156
   145
   156
   131
   127
   124
   110
   115
   129
   158
   152
   151
   132
   111
   107
   105
    92
    94
   100
    80
    55
    56
    49
    48
    37
    32
    23
    27
    35
    34
    40
    35
    37
    53
    69
   117
   117
   128
   122
   133
   162
   164
   183
   186
   192
   194
   196
   198
   198
   195
   193
   191
   192
   197
   190
   189
   189
   194
   197
   200
   201
   200
   198
   199
   200
   194
   183
   163
   143
   121
   166
   175
   170
   165
   161
   148
   142
   160
   169
   176
   181
   171
   151
   143
   113
    98
   155
   198
   195
   189
   178
   170
   154
    79
    28
    38
    58
    98
   106
    94
    81
   100
   125
   133
   130
   133
    91
    33
    18
    55
   153
   177
   194
   145
   154
   138
   105
   101
   100
   113
   140
   168
   170
   152
   139
   138
   116
   104
    96
    94
    78
    65
    57
    45
    50
    35
    38
    36
    41
    32
    27
    32
    30
    44
    71
    52
    58
    75
    93
   109
   112
   136
   152
   153
   180
   187
   189
   192
   197
   198
   199
   195
   194
   190
   187
   186
   184
   185
   187
   187
   192
   197
   195
   196
   196
   199
   196
   192
   186
   176
   140
   102
   157
   181
   183
   178
   161
   149
   163
   171
   175
   169
   153
   140
   129
    96
   122
   182
   200
   195
   198
   191
   175
   170
   159
    96
    17
    33
    55
    80
    90
   113
   130
   124
    98
    84
   112
   128
    91
    28
    18
    39
   141
   161
   172
   156
   157
   131
    91
    99
    88
    97
   119
   130
   136
   136
   151
   136
   129
   130
   117
   105
    69
    63
    80
    70
    47
    40
    41
    41
    37
    38
    34
    39
    30
    33
    46
    63
    74
    79
    94
   100
   100
   135
   143
   160
   186
   185
   191
   192
   193
   199
   201
   198
   198
   193
   190
   191
   186
   184
   182
   181
   187
   189
   198
   199
   199
   197
   193
   191
   191
   179
   142
    97
   148
   195
   192
   175
   154
   170
   178
   176
   167
   151
   129
    84
    71
   143
   198
   205
   200
   201
   206
   204
   185
   171
   175
   175
   107
    37
    62
    87
   128
   128
   109
   107
   107
   103
   137
   123
    84
    32
    19
    34
   132
   163
   173
   173
   149
   128
    75
    77
    92
   121
   128
   134
   139
   143
   132
   122
   124
   132
   132
   123
   112
    80
    43
    30
    38
    49
    40
    33
    25
    32
    34
    27
    36
    33
    33
    48
    61
    71
    80
    91
    92
   130
   147
   156
   166
   185
   191
   193
   194
   193
   198
   193
   192
   196
   191
   195
   190
   187
   189
   190
   192
   195
   194
   195
   196
   192
   192
   193
   191
   186
   141
    96
    82
   136
   152
   136
   138
   155
   143
   113
    95
    66
    65
   121
   180
   211
   213
   202
   194
   192
   192
   195
   187
   176
   172
   164
   155
   105
    89
   106
   120
   131
   127
   106
    99
   113
   146
   128
    81
    39
    20
    27
   123
   154
   164
   147
   142
   123
    61
    68
    74
    82
   125
   140
   138
   116
   110
   105
   104
   104
    99
   100
    72
    62
    66
    65
    70
    53
    24
    28
    28
    25
    28
    32
    24
    30
    51
    64
    55
    75
    85
    85
    80
   118
   148
   151
   170
   171
   181
   186
   189
   189
   193
   185
   186
   188
   190
   188
   190
   189
   189
   190
   195
   198
   205
   208
   210
   203
   194
   193
   192
   195
   149
   102
    82
   101
   117
   132
   167
   213
   178
    70
    66
   145
   191
   205
   207
   206
   193
   185
   188
   193
   202
   206
   192
   175
   171
   143
   117
   104
    88
    64
    87
   124
   111
    99
    99
   118
   151
   146
    83
    42
    19
    20
   108
   163
   161
   155
   151
   126
    77
    92
    69
    81
    81
   109
   118
   153
   167
   152
   116
   111
   105
   100
    74
    74
    72
    40
    22
    37
    27
    22
    23
    26
    27
    28
    34
    45
    51
    54
    63
    61
    78
    85
    90
   129
   138
   136
   150
   168
   184
   186
   183
   185
   189
   188
   186
   187
   190
   192
   190
   189
   187
   184
   187
   189
   193
   200
   199
   195
   190
   192
   194
   197
   150
   110
   140
   202
   146
   101
    65
    79
   121
    65
   146
   209
   212
   205
   198
   195
   190
   191
   191
   194
   214
   216
   196
   161
   147
   129
   102
    79
    75
    61
    53
    54
    75
   107
   130
   138
   151
   157
    96
    49
    18
    18
    87
   162
   168
   161
   156
   120
    71
   105
   121
   125
   130
   133
   130
   109
   107
   107
   111
   109
    90
    91
    96
    82
    60
    71
    52
    33
    28
    38
    37
    29
    37
    29
    37
    43
    39
    55
    46
    49
    61
    87
    88
   103
   120
   137
   144
   158
   175
   184
   187
   188
   193
   189
   188
   188
   186
   186
   185
   186
   184
   181
   178
   183
   187
   191
   197
   204
   206
   205
   205
   208
   159
   110
   147
   186
   127
   101
   142
   157
   110
    68
   137
   170
   179
   195
   199
   196
   189
   189
   183
   182
   192
   198
   182
   162
   144
   123
   103
    80
    64
    57
    42
    37
    57
    79
    92
    98
   144
   166
    93
    41
    17
    19
   102
   149
   159
   159
   153
   113
    61
    52
    74
    98
    99
   112
   108
   120
   126
   126
   104
    85
    77
    80
    77
    85
    87
    63
    54
    50
    44
    30
    25
    29
    29
    27
    20
    14
    27
    46
    49
    41
    55
    75
    85
   103
   116
   115
   115
   139
   176
   183
   188
   192
   192
   191
   189
   187
   185
   187
   190
   187
   189
   186
   185
   186
   187
   192
   198
   199
   197
   197
   198
   195
   153
   115
   132
   168
   110
   100
   162
   178
   121
    71
   130
   165
   173
   176
   174
   173
   171
   176
   177
   179
   180
   181
   171
   160
   147
   126
    98
    75
    73
    49
    48
    45
    57
    95
   111
   125
   122
   142
    97
    55
    23
    23
   119
   161
   160
   150
   140
   115
    80
    94
    64
   104
   137
   133
   122
   121
   110
    84
    94
    95
    98
    88
    82
    62
    39
    57
    40
    24
    24
    30
    34
    32
    29
    27
    46
    54
    50
    49
    44
    68
    63
    73
    75
    84
    88
   108
   122
   155
   173
   186
   187
   189
   192
   191
   186
   186
   183
   184
   180
   183
   184
   188
   190
   192
   193
   191
   189
   188
   180
   170
   170
   178
   140
   110
   116
   164
   114
    95
   155
   180
   123
    67
   119
   163
   164
   168
   173
   174
   166
   164
   170
   175
   174
   168
   167
   146
   122
   112
    94
    88
    70
    57
    54
    64
    69
   108
   115
   101
   109
   120
   102
    62
    15
    26
   126
   153
   160
   155
   139
   119
    62
    86
   105
   125
   122
   142
   134
   139
   139
   145
   135
   111
   105
   111
    68
    64
    62
    43
    30
    27
    28
    24
    19
    27
    29
    25
    30
    45
    51
    42
    51
    49
    59
    64
    65
    61
    90
   105
   120
   145
   170
   182
   187
   187
   192
   189
   189
   188
   189
   188
   183
   183
   193
   191
   198
   201
   198
   193
   188
   178
   172
   167
   171
   173
   143
   109
   119
   182
   142
    90
    96
   106
    95
    54
    84
   147
   180
   188
   183
   182
   175
   160
   157
   155
   161
   169
   168
   134
   109
    96
    97
    75
    46
    75
    68
    56
    80
    76
   120
   124
   103
   128
   102
    65
    22
    36
   143
   164
   163
   146
   142
   109
    70
    84
    87
    92
   109
   124
   127
   149
   143
   130
   138
   139
    95
    65
    77
    69
    54
    43
    36
    28
    22
    24
    38
    30
    29
    21
    47
    48
    45
    58
    55
    47
    52
    60
    64
    72
    83
   105
   141
   170
   182
   187
   190
   192
   191
   186
   184
   188
   188
   186
   183
   182
   186
   190
   193
   195
   198
   203
   204
   203
   195
   184
   184
   185
   149
   109
    74
   109
   128
   129
   141
   167
   114
    62
    57
    61
    50
    39
    47
    95
   152
   166
   162
   154
   158
   169
   152
   110
    96
    97
    86
    31
    35
    60
    64
    50
    51
    76
   100
    99
   102
    98
    90
    70
    26
    40
   137
   139
   140
   136
   138
   108
    84
    77
    85
   113
   120
   143
   157
   150
   145
   150
   139
   125
   128
   131
   103
    83
    58
    36
    34
    25
    31
    54
    39
    30
    28
    28
    49
    40
    46
    41
    63
    43
    57
    63
    76
    79
    90
   118
   150
   167
   176
   181
   183
   187
   185
   182
   185
   184
   184
   191
   188
   181
   177
   185
   191
   197
   202
   208
   207
   202
   201
   195
   193
   194
   154
   112
    75
    88
   100
    93
    85
    94
   102
    96
    90
    92
    95
    86
    61
    39
    66
   134
   164
   158
   148
   147
   132
   108
   100
    94
    49
    18
    34
    55
    67
    57
    52
    67
    81
    85
    94
   107
    92
    74
    36
    49
   132
   142
   137
   131
   136
    99
    70
    73
    93
   103
   111
   128
   134
   139
   115
   104
   118
   124
    92
    76
    60
    45
    62
    79
    65
    74
    68
    53
    26
    20
    21
    24
    43
    39
    37
    40
    56
    68
    61
    64
    71
    75
    93
   113
   140
   158
   173
   183
   185
   182
   185
   186
   182
   182
   180
   178
   180
   185
   182
   187
   186
   192
   200
   200
   198
   194
   190
   186
   178
   173
   137
   107
    74
    93
    74
    66
    99
   119
   110
   103
    93
    82
    84
    95
   102
   103
    74
    42
    63
   128
   158
   146
   137
   127
   114
    99
    60
    26
    33
    56
    66
    60
    55
    83
   107
   108
    99
   114
   102
    77
    63
    78
   137
   147
   144
   137
   139
   110
   119
   103
    96
    99
    98
   111
   112
   114
   140
   131
   110
    92
    98
   104
   103
   109
    94
    50
    48
    28
    19
    20
    36
    29
    30
    25
    20
    33
    35
    52
    57
    59
    58
    61
    69
    75
    88
   111
   135
   160
   174
   175
   177
   181
   186
   182
   181
   183
   186
   189
   183
   181
   183
   184
   191
   196
   200
   200
   199
   199
   187
   165
   156
   136
   110
   105
    87
    77
    64
    97
   128
   139
   141
   108
    92
    94
    80
    75
    82
    94
   116
   124
    87
    23
    37
   117
   144
   138
   127
   105
    84
    45
    43
    58
    83
    86
    89
    90
    86
    86
   111
    99
    88
    64
    56
    75
   139
   142
   125
   133
   122
   108
    82
    83
    93
    96
   100
   109
   144
   126
    96
    91
    78
    69
    84
    79
    57
    31
    23
    35
    35
    24
    22
    23
    41
    23
    18
    19
    42
    43
    39
    50
    57
    52
    52
    78
    80
    83
    94
   104
   134
   157
   168
   176
   179
   178
   180
   180
   178
   179
   182
   182
   181
   180
   176
   182
   188
   194
   198
   200
   195
   188
   180
   161
   140
   117
   100
   101
    79
    69
    98
   120
    94
   123
   140
   114
    83
    84
   102
    93
    83
    81
    82
    87
   113
   129
    80
    43
   117
   151
   134
   114
    91
    72
    57
    56
    89
   101
   101
    83
    93
    81
    58
    60
    89
    88
    54
    53
   128
   137
   124
   139
   115
   112
   116
   103
    98
   109
   104
   108
   127
   142
   113
    98
    95
    98
    79
    47
    68
    83
    59
    33
    29
    39
    28
    32
    15
    21
    25
    20
    31
    34
    57
    47
    37
    41
    68
    71
    64
    76
    89
   108
   129
   157
   166
   172
   175
   169
   173
   173
   171
   172
   174
   178
   170
   173
   183
   185
   191
   192
   191
   190
   192
   190
   171
   145
   126
   104
    89
   101
    82
    89
   118
    95
   101
   124
   129
   105
    78
    69
    79
    95
   100
    97
    97
   101
   102
   114
   131
   114
    53
    84
   139
   141
   120
   101
    56
    47
    78
    91
   100
   100
    98
   108
   101
    90
    90
    96
    69
    46
   101
   120
   131
   134
   114
   112
   112
   106
    98
   108
   125
   125
   119
   127
   125
   109
   101
    68
    62
    72
    59
    38
    27
    30
    27
    22
    29
    24
    27
    19
    21
    26
    42
    44
    40
    39
    43
    69
    63
    61
    78
    84
    93
   101
   120
   157
   162
   170
   172
   174
   174
   169
   169
   171
   169
   173
   174
   177
   175
   184
   187
   189
   191
   190
   178
   161
   150
   127
   110
    95
    89
    98
    79
   115
   117
   112
   151
   134
   133
   113
    70
    67
    89
   103
   113
   124
   131
   124
   131
   137
   140
   135
   130
    71
    39
    73
    88
    80
    52
    39
    60
    92
   103
   107
    90
    86
    85
    97
    91
    64
    65
    41
    70
   122
   139
   125
   108
   112
   117
   119
   104
   104
   120
   125
   121
   101
   124
    98
    66
   113
   103
    45
    43
    46
    42
    30
    22
    22
    16
    26
    31
    45
    23
    17
    22
    24
    27
    32
    34
    33
    48
    68
    75
    76
    83
    95
   119
   152
   165
   164
   165
   168
   170
   168
   163
   166
   166
   166
   166
   172
   173
   177
   182
   183
   187
   178
   168
   154
   137
   122
   102
    97
    83
    89
    99
   127
   113
   143
   181
   162
   132
   108
    85
    87
   113
   132
   145
   146
   143
   144
   141
   141
   148
   157
   156
   151
    92
    35
    32
    48
    50
    39
    64
   103
   128
   132
   116
   108
   105
    90
    96
    81
    55
    45
    49
   137
   140
   124
   126
   122
   123
   114
   114
   120
   119
   112
   104
    99
    85
    86
    89
    63
    58
    63
    46
    29
    23
    25
    23
    24
    24
    25
    33
    12
    23
    27
    48
    49
    42
    35
    42
    50
    61
    62
    73
    71
    82
   101
   123
   146
   154
   163
   165
   156
   162
   166
   164
   165
   166
   170
   166
   164
   172
   174
   179
   181
   185
   178
   162
   152
   141
   113
    97
    83
    77
    91
   117
   126
   136
   187
   195
   187
   143
   105
    82
    98
   121
   142
   156
   160
   152
   144
   145
   147
   149
   150
   154
   156
   156
    95
    63
    56
    76
    93
   100
   119
   146
   142
   127
   109
   101
   100
    82
    65
    70
    75
    51
   105
   143
   147
   142
   129
   120
   109
   110
   111
   108
   117
   101
    86
    69
    72
    50
    46
    37
    33
    39
    48
    40
    29
    28
    19
    23
    19
    23
    24
    18
    26
    47
    49
    48
    51
    55
    55
    56
    62
    67
    70
    99
    94
   108
   138
   152
   158
   159
   162
   162
   163
   159
   160
   159
   163
   159
   164
   171
   173
   176
   175
   167
   169
   156
   131
   118
   104
    93
    74
    86
    90
   116
   115
   170
   167
   194
   202
   153
   110
    92
    98
   126
   148
   149
   160
   161
   152
   150
   148
   155
   156
   157
   160
   161
   140
    86
    77
    86
   127
   144
   153
   159
   160
   142
   122
    97
    92
   101
    95
    72
    78
    84
    89
   104
   117
   118
   121
   110
   105
   106
   112
   105
   102
    97
    86
    85
    71
    56
    58
    50
    33
    20
    24
    29
    25
    25
    31
    28
    22
    21
    23
    30
    27
    37
    39
    38
    35
    37
    36
    49
    48
    52
    76
    83
    83
   107
   126
   137
   150
   164
   163
   166
   163
   157
   153
   155
   158
   159
   160
   169
   171
   174
   175
   176
   175
   152
   127
   116
    99
    80
    85
   102
    89
   109
    56
    29
    38
    66
   152
   138
   101
    94
   103
   124
   145
   154
   155
   156
   151
   154
   150
   143
   150
   153
   162
   162
   161
   109
    88
    60
    96
   147
   164
   168
   166
   150
   116
   111
    93
    93
    84
    87
    80
    96
   119
   126
   120
   131
   138
   129
   120
   121
   117
   136
   109
    88
    72
    48
    41
    58
    32
    34
    35
    60
    43
    30
    33
    22
    22
    21
    22
    24
    21
    22
    29
    47
    41
    51
    54
    38
    48
    40
    44
    53
    65
    71
    78
    95
   108
   121
   144
   154
   157
   156
   158
   155
   152
   150
   153
   151
   151
   158
   163
   164
   165
   169
   173
   157
   127
   114
    98
    81
    83
   115
    92
   106
   101
   207
   140
    76
    67
   103
    95
    97
   113
   127
   144
   145
   140
   147
   155
   153
   149
   151
   151
   153
   155
   152
   156
   133
    90
    69
    75
   131
   157
   163
   166
   168
   165
   144
   121
    97
    96
    97
    99
    85
    94
   108
   123
   125
   117
   116
   127
   114
   108
    86
    85
    89
    65
    51
    43
    30
    37
    27
    35
    33
    37
    33
    29
    23
    26
    22
    25
    20
    25
    23
    40
    39
    45
    38
    46
    54
    45
    57
    57
    75
    67
    73
    81
    89
    95
   109
   138
   147
   153
   150
   155
   153
   152
   154
   152
   150
   148
   152
   159
   164
   163
   164
   169
   157
   135
   116
    95
    79
    98
   147
   101
    93
    52
    58
    31
    53
    71
   101
    95
    97
   109
   128
   142
   145
   146
   142
   144
   147
   141
   146
   148
   147
   151
   153
   155
   151
   103
    84
    61
   110
   151
   161
   158
   159
   162
   162
   145
   129
   105
    88
    97
   101
   114
   123
   111
   118
   120
   120
   116
   107
    82
    84
    84
    81
    55
    55
    57
    42
    36
    38
    31
    27
    37
    32
    23
    26
    27
    27
    27
    34
    29
    50
    72
    43
    38
    52
    42
    30
    38
    32
    64
    57
    62
    63
    67
    82
    91
   104
   116
   138
   147
   155
   154
   153
   150
   144
   144
   152
   146
   151
   160
   163
   161
   155
   164
   165
   141
   110
    93
    90
   110
   159
   115
   101
    60
    34
    29
    64
    79
    99
    97
    94
   113
   125
   139
   138
   140
   139
   145
   142
   141
   144
   146
   139
   144
   153
   148
   150
   105
    91
    73
   102
   145
   153
   150
   159
   160
   161
   161
   156
   150
   125
    99
   107
    95
   108
   128
   115
   108
    90
    81
    79
    99
    95
    64
    74
    62
    47
    29
    35
    34
    36
    35
    37
    43
    45
    38
    31
    20
    28
    30
    28
    30
    49
    66
    39
    45
    30
    28
    35
    39
    51
    45
    38
    61
    68
    75
    89
   100
    99
   102
   122
   136
   143
   145
   151
   150
   148
   143
   140
   139
   144
   146
   149
   150
   153
   159
   157
   145
   118
    99
    93
   124
   157
   116
   109
    67
    64
    91
    86
    66
   109
   106
   107
   112
   119
   128
   134
   142
   142
   135
   143
   143
   139
   137
   132
   136
   142
   144
   139
   106
    94
    97
   107
   132
   154
   154
   153
   148
   152
   148
   143
   149
   150
   141
   132
   129
   125
   117
   122
   121
   116
    93
    67
    62
    56
    50
    44
    40
    57
    74
    59
    49
    37
    48
    43
    38
    35
    28
    28
    30
    22
    28
    34
    43
    67
    70
    55
    45
    47
    43
    47
    44
    41
    49
    54
    45
    49
    55
    72
    76
    84
    88
   113
   130
   136
   140
   145
   142
   140
   139
   143
   144
   135
   138
   146
   147
   145
   154
   154
   142
   126
   114
   108
   115
   136
   112
   104
    80
    64
    70
    69
   126
   142
   112
   111
   115
   118
   129
   130
   134
   138
   140
   145
   145
   142
   145
   147
   142
   135
   129
   122
   103
   109
   114
   111
   121
   138
   146
   149
   148
   150
   151
   141
   138
   145
   151
   144
   136
   129
   129
   119
   106
   103
    90
    81
    65
    44
    53
    46
    46
    40
    35
    32
    31
    34
    39
    42
    46
    30
    33
    30
    34
    30
    33
    56
    62
    72
    70
    50
    44
    45
    48
    50
    50
    47
    51
    30
    30
    45
    54
    63
    84
   106
   109
   112
   123
   132
   134
   138
   146
   139
   143
   137
   143
   136
   132
   144
   150
   138
   133
   142
   141
   136
   129
   117
   118
   137
   109
    96
   105
    69
    78
   109
   129
   137
   133
   123
   119
   120
   117
   117
   122
   128
   140
   151
   149
   148
   143
   151
   151
   143
   136
   135
   111
   114
   126
   111
   110
   118
   135
   137
   141
   144
   141
   142
   133
   127
   123
   129
   119
   119
   119
   115
   112
    99
    97
    79
    59
    68
    64
    63
    48
    41
    38
    40
    36
    36
    37
    29
    33
    38
    30
    21
    32
    56
    65
    72
    79
    78
    70
    54
    57
    47
    46
    41
    39
    44
    35
    42
    46
    51
    49
    56
    63
    75
    92
   100
   112
   122
   135
   136
   138
   143
   139
   141
   142
   143
   134
   128
   141
   144
   138
   138
   136
   140
   134
   126
   133
   138
   118
   106
   113
    84
    51
    75
   116
   139
   137
   124
   119
   115
   109
   110
   116
   122
   133
   148
   155
   155
   157
   154
   158
   157
   150
   144
   114
   117
   130
   116
   109
   110
   118
   128
   124
   132
   134
   129
   133
   125
   123
   108
   104
   105
   101
   104
   103
    91
    88
    60
    55
    59
    56
    63
    66
    64
    57
    55
    52
    52
    47
    34
    33
    31
    45
    59
    80
    78
    66
    52
    35
    16
     8
    44
    50
    55
    51
    42
    42
    38
    35
    39
    41
    48
    50
    47
    65
    71
    78
    82
   103
   115
   124
   129
   132
   132
   135
   136
   137
   143
   141
   140
   136
   141
   134
   134
   133
   130
   137
   133
   133
   140
   124
   108
   105
   102
    77
    55
    92
   104
   102
   109
   118
   111
   102
    93
   101
   114
   136
   151
   163
   164
   155
   148
   151
   155
   150
   146
   112
   115
   125
   121
   112
   104
   107
   112
   117
   120
   126
   117
   110
   114
   115
   113
   111
   101
    88
    75
    93
    99
    76
    60
    58
    49
    57
    58
    54
    44
    43
    49
    40
    32
    31
    45
    39
    57
    63
    42
    23
    12
    10
    11
    14
    19
    19
    43
    48
    61
    63
    47
    39
    37
    43
    41
    47
    41
    38
    48
    48
    57
    72
    87
   101
   113
   120
   123
   131
   131
   132
   138
   136
   141
   146
   137
   136
   131
   133
   124
   131
   134
   136
   130
   117
   136
   130
   102
   124
    90
    73
    75
    62
    84
   102
   119
   120
   110
    88
    82
   100
   119
   138
   150
   161
   164
   159
   141
   141
   138
   137
   134
    99
   118
   124
   120
   116
   101
   107
   109
   117
   126
   123
   111
   107
   101
    98
    93
    83
    76
    72
    67
    53
    53
    75
    78
    75
    62
    58
    53
    55
    57
    44
    34
    45
    46
    41
    40
    36
    25
    32
    25
    17
    12
    18
    23
    28
    26
    35
    44
    50
    50
    63
    63
    52
    51
    46
    49
    43
    51
    58
    60
    63
    51
    61
    87
    97
   102
   110
   116
   123
   126
   124
   129
   132
   132
   138
   142
   136
   138
   137
   130
   124
   131
   129
   125
   121
   120
   119
    96
   107
   113
    92
    68
    91
    93
   102
   116
   118
   110
    86
    79
   100
   123
   139
   151
   158
   164
   151
   135
   134
   139
   142
   128
    93
   114
   123
   133
   128
   112
   103
   102
   111
   123
   139
   132
   120
   115
   105
    96
    92
    89
    69
    74
    82
    72
    65
    58
    59
    56
    61
    62
    54
    46
    64
    54
    41
    42
    45
    46
    83
    78
    39
    45
    58
    52
    38
    26
    36
    47
    39
    42
    41
    49
    52
    59
    56
    44
    39
    36
    41
    45
    42
    42
    41
    42
    36
    56
    88
    95
   102
   103
   116
   125
   131
   126
   128
   130
   131
   135
   139
   136
   132
   132
   128
   119
   130
   126
   126
   117
   116
    95
    91
    98
   108
   107
   101
   106
   102
   104
   112
    99
    81
    84
   112
   129
   141
   154
   156
   152
   145
   136
   138
   132
   132
   114
    98
   117
   122
   124
   127
   112
   102
    96
   103
    96
    98
   102
   111
   117
   108
   103
    97
    96
    96
    80
    78
    71
    65
    68
    73
    75
    63
    47
    49
    54
    49
    58
    42
    30
    24
    28
    26
    83
   106
    75
    62
    68
    76
    67
    41
    33
    47
    40
    43
    41
    43
    45
    49
    49
    47
    48
    46
    48
    63
    60
    52
    56
    43
    31
    57
    91
    99
   105
   103
   104
   110
   122
   125
   125
   129
   129
   126
   124
   121
   119
   118
   117
   114
   121
   123
   125
   113
   106
    86
    91
   100
   108
   107
    99
   102
   108
    94
    83
    76
    92
   109
   125
   137
   143
   149
   146
   143
   144
   129
   111
   120
   102
   100
   114
   116
   119
   125
   127
   112
    95
    85
    85
    87
    91
    80
    77
    85
    91
   105
    95
    86
    81
    69
    68
    71
    60
    62
    45
    43
    46
    36
    42
    48
    48
    44
    35
    31
    18
    15
    15
    49
   108
   107
    85
    74
    90
   103
    88
    67
    40
    41
    35
    39
    42
    40
    46
    49
    58
    59
    68
    69
    76
    73
    62
    46
    47
    36
    54
    82
    97
    99
   102
    99
   100
   106
   112
   114
   115
   116
   116
   115
   120
   117
   111
   109
   107
   104
   112
   113
   111
    84
    93
    93
    96
    98
    94
   103
   115
   108
    93
    97
   111
   116
   120
   126
   129
   131
   123
   120
   108
   104
   106
   107
    96
   108
   110
   112
   106
   107
   106
   107
    98
    89
    83
    73
    82
    83
    75
    72
    62
    64
    72
    65
    70
    63
    60
    63
    59
    51
    51
    51
    24
    20
    26
    24
    22
    22
    20
    21
    20
    20
    20
    12
    21
    91
   112
   105
    86
    77
    95
   118
    44
    42
    42
    40
    38
    44
    44
    45
    41
    46
    49
    49
    48
    57
    54
    55
    51
    44
    26
    26
    49
    79
    93
    91
    93
    96
   101
   110
   110
   110
   110
   112
   108
   109
   111
   105
   107
   104
   101
   103
   101
    93
    88
    96
    99
   101
   103
   113
   126
   118
   104
   113
   124
   122
   121
   119
   124
   121
   117
   113
   109
   108
   106
   106
    93
   100
   101
    98
    99
    96
    97
    96
    93
    91
    85
    64
    53
    54
    60
    56
    56
    59
    62
    63
    48
    41
    36
    32
    39
    31
    25
    28
    42
    27
    20
    25
    21
    22
    21
    20
    21
    19
    17
    18
    18
    50
    70
    85
   110
   106
    93
    86
    41
    40
    40
    41
    42
    40
    43
    44
    46
    39
    40
    37
    51
    56
    60
    64
    61
    60
    57
    43
    30
    28
    54
    87
    92
    93
    92
    91
    95
    99
   100
    99
   102
   105
   101
   102
   101
   101
    96
    92
    95
    97
    88
    98
    99
   100
   104
   112
   117
   104
   105
   122
   123
   118
   116
   117
   117
   115
   114
   109
   105
   101
   121
    96
    95
    96
    95
    98
    97
    95
    95
    93
    96
    74
    67
    69
    65
    57
    53
    68
    67
    74
    69
    56
    53
    49
    51
    41
    26
    21
    22
    22
    32
    30
    27
    20
    25
    24
    22
    21
    20
    22
    25
    20
    22
    27
    78
    50
    59
    95
   111
   112
    39
    40
    40
    40
    41
    44
    39
    41
    39
    38
    39
    39
    38
    52
    54
    61
    64
    70
    64
    61
    50
    38
    23
    23
    60
    80
    87
    94
    93
    89
    89
    91
    88
    84
    89
    93
    97
    98
    99
    96
    94
    94
   111
    90
   100
    99
    97
   101
    91
    81
   101
   108
   108
   106
   102
   102
   103
   101
    99
    99
   103
   127
   111
    96
    95
    92
    92
    83
    71
    71
    53
    46
    50
    54
    52
    62
    74
    82
    60
    60
    68
    74
    55
    40
    37
    34
    32
    27
    19
    20
    23
    20
    19
    16
    20
    21
    22
    19
    24
    24
    24
    22
    22
    22
    19
    17
    37
    79
    84
    69
    56
    75
    41
    38
    41
    43
    39
    37
    42
    41
    40
    42
    40
    36
    33
    26
    25
    31
    41
    45
    50
    54
    58
    54
    46
    33
    19
    38
    46
    77
    83
    86
    86
    89
    91
   107
   104
    93
    83
    81
    82
    86
    92
    89
    88
   135
   105
    90
    95
    86
    70
    85
   102
   108
   109
   107
   104
    97
    96
    99
    99
   102
   104
    84
    82
    84
    82
    71
    59
    66
    68
    69
    71
    66
    75
    72
    77
    54
    33
    32
    44
    42
    28
    37
    30
    27
    23
    22
    23
    21
    22
    22
    19
    21
    21
    24
    22
    22
    22
    26
    21
    22
    19
    23
    22
    24
    23
    24
    22
    85
   110
   119
    52
    29
    39
    42
    41
    40
    44
    45
    40
    39
    41
    44
    39
    38
    41
    39
    33
    30
    27
    28
    32
    33
    39
    55
    65
    65
    60
    37
    29
    33
    45
    84
   115
   102
    85
    77
    80
    85
    74
    60
    55
    55
    58
    62
    68
    60
    99
   102
    82
    65
    75
    92
   100
   101
   103
   101
   100
   102
   100
    93
    84
    74
    56
    57
    65
    65
    57
    78
   105
   111
   104
    99
   103
   107
   108
   107
    69
    29
    23
    20
    17
    16
    16
    18
    26
    24
    23
    21
    18
    24
    22
    21
    24
    24
    23
    19
    18
    18
    17
    19
    18
    18
    22
    19
    21
    19
    20
    20
    24
    95
    98
   130
    87
    56
    40
    41
    43
    40
    40
    38
    41
    42
    43
    38
    40
    39
    36
    34
    36
    34
    31
    33
    36
    36
    34
    39
    60
    63
    73
    65
    48
    34
    29
    16
    35
    47
    44
    49
    48
    52
    59
    51
    45
    48
    39
    35
    35
    30
    26
    45
    65
    76
    69
    88
    79
    71
    66
    73
    74
    70
    68
    85
   104
   115
   110
   101
    89
    85
    89
   105
   115
   108
   100
    99
   102
   104
   103
    62
    20
    15
    18
    23
    26
    24
    22
    19
    19
    24
    22
    22
    24
    16
    19
    21
    18
    20
    16
    19
    19
    16
    18
    20
    18
    20
    19
    19
    20
    21
    23
    22
    25
    92
    91
    84
   120
    73
    40
    39
    35
    43
    39
    40
    46
    43
    44
    42
    39
    38
    39
    37
    36
    31
    31
    32
    28
    36
    43
    42
    36
    55
    65
    68
    75
    68
    62
    55
    38
    25
    30
    34
    33
    33
    31
    34
    40
    39
    39
    41
    36
    43
    43
    33
    19
    30
    67
    82
    65
    48
    42
    35
    27
    36
    43
    50
    59
    67
    82
    91
    96
    96
    99
    95
    90
    93
    96
   100
    99
    75
    27
    16
    25
    22
    24
    18
    19
    21
    23
    25
    20
    22
    23
    18
    19
    22
    23
    24
    23
    18
    18
    18
    18
    17
    21
    17
    18
    18
    19
    20
    19
    19
    20
    21
    23
    94
   101
    79
   101
    88
    35
    38
    46
    41
    45
    45
    45
    40
    36
    40
    39
    38
    37
    37
    35
    37
    35
    32
    33
    29
    28
    33
    38
    36
    35
    39
    56
    74
    79
    77
    76
    81
    73
    66
    55
    55
    53
    60
    50
    46
    42
    38
    38
    31
    21
    21
    22
    23
    27
    74
    91
    76
    56
    52
    54
    49
    51
    50
    52
    50
    56
    72
    85
    90
    95
    98
    97
    94
    87
    72
    34
    15
    18
    18
    19
    22
    20
    24
    20
    21
    19
    21
    21
    22
    20
    18
    20
    19
    20
    18
    22
    25
    23
    21
    23
    22
    18
    20
    19
    20
    17
    17
    19
    17
    18
    19
    21
    87
   101
    74
    88
    98
    43
    39
    40
    41
    42
    39
    37
    42
    42
    38
    37
    40
    41
    38
    36
    33
    30
    31
    30
    29
    30
    31
    31
    28
    30
    32
    34
    37
    47
    52
    53
    55
    51
    54
    74
    59
    44
    37
    46
    49
    34
    24
    24
    21
    25
    26
    25
    22
    27
    64
    86
    78
    90
    94
   101
   102
   105
   113
   115
   115
   108
    93
    78
    65
    55
    35
    24
    17
    15
    15
    15
    21
    23
    20
    21
    18
    20
    19
    21
    22
    24
    21
    21
    20
    20
    21
    22
    22
    18
    20
    18
    21
    25
    27
    22
    24
    23
    21
    23
    21
    21
    21
    21
    21
    22
    21
    22
    86
   103
    82
    88
    94
    36
    33
    39
    37
    36
    37
    42
    43
    38
    39
    41
    40
    37
    36
    34
    40
    36
    31
    30
    29
    27
    29
    28
    29
    32
    27
    26
    26
    22
    26
    28
    24
    25
    24
    22
    25
    27
    25
    38
    40
    28
    24
    22
    27
    25
    23
    24
    24
    21
    15
    17
    26
    29
    27
    26
    34
    36
    37
    37
    32
    21
    11
     9
    12
    15
    15
    19
    21
    18
    19
    23
    20
    21
    23
    21
    23
    22
    22
    23
    21
    20
    20
    22
    22
    20
    23
    21
    18
    20
    18
    20
    18
    18
    17
    23
    21
    21
    23
    20
    22
    21
    23
    22
    19
    19
    22
    21
    81
   106
    77
   100
   114
    38
    40
    39
    43
    41
    43
    37
    40
    39
    42
    37
    38
    37
    39
    41
    32
    31
    35
    30
    29
    33
    29
    27
    24
    24
    27
    26
    28
    33
    31
    24
    30
    26
    26
    25
    26
    26
    28
    24
    24
    22
    25
    27
    24
    26
    26
    25
    25
    24
    21
    22
    18
    21
    24
    22
    24
    21
    19
    18
    19
    21
    25
    23
    20
    20
    22
    21
    20
    24
    24
    22
    23
    21
    24
    22
    19
    20
    21
    18
    21
    22
    21
    18
    20
    20
    17
    16
    20
    18
    22
    20
    20
    19
    25
    23
    19
    20
    20
    22
    23
    25
    22
    20
    26
    20
    20
    17
    70
   102
    80
   105
   151
    38
    42
    38
    34
    37
    41
    42
    37
    41
    38
    40
    38
    39
    36
    34
    38
    36
    35
    34
    31
    28
    31
    31
    30
    30
    28
    29
    27
    24
    26
    29
    24
    29
    27
    26
    27
    28
    23
    20
    22
    27
    27
    22
    25
    23
    25
    23
    22
    28
    27
    29
    30
    24
    23
    27
    24
    24
    28
    25
    29
    22
    21
    24
    26
    21
    22
    23
    25
    21
    23
    20
    21
    23
    22
    20
    25
    22
    18
    21
    18
    22
    21
    28
    23
    25
    25
    23
    20
    22
    22
    21
    21
    20
    19
    21
    19
    22
    19
    22
    21
    21
    20
    23
    16
    23
    27
    25
    69
    84
    83
    93
   143
    39
    39
    43
    41
    40
    34
    38
    39
    39
    41
    37
    36
    39
    39
    38
    33
    36
    26
    32
    32
    32
    27
    28
    30
    32
    28
    29
    26
    31
    29
    25
    27
    26
    28
    24
    28
    21
    29
    27
    28
    23
    25
    25
    26
    26
    25
    25
    25
    21
    25
    22
    20
    23
    28
    22
    26
    23
    20
    26
    23
    26
    27
    20
    22
    22
    22
    21
    23
    22
    20
    23
    27
    25
    24
    24
    17
    22
    25
    22
    26
    15
    20
    18
    23
    18
    15
    21
    25
    21
    20
    20
    21
    21
    18
    20
    22
    20
    24
    20
    20
    23
    19
    17
    23
    21
    15
    16
    77
   103
    97
   102
    90
