    44
    43
    48
    46
    47
    45
    46
    48
    47
    47
    50
    48
    50
    48
    48
    51
    47
    46
    47
    48
    51
    47
    49
    52
    51
    50
    53
    49
    46
    47
    50
    46
    49
    52
    54
    57
    53
    55
    51
    53
    47
    49
    48
    51
    52
    44
    51
    43
    48
    52
    48
    49
    54
    52
    49
    52
    52
    45
    49
    48
    48
    51
    50
    47
    54
    50
    52
    49
    50
    49
    40
    47
    52
    48
    49
    48
    50
    48
    47
    45
    47
    48
    48
    48
    47
    45
    47
    46
    51
    45
    46
    48
    45
    49
    48
    48
    45
    48
    42
    43
    43
    41
    44
    42
    46
    49
    48
    45
    44
    43
   115
   127
    44
    46
    44
    48
    48
    48
    49
    47
    50
    48
    49
    48
    50
    50
    50
    48
    51
    53
    52
    53
    48
    53
    47
    47
    50
    49
    53
    46
    50
    51
    48
    49
    52
    51
    47
    47
    50
    47
    53
    56
    53
    51
    47
    50
    52
    51
    51
    54
    50
    51
    48
    49
    51
    49
    50
    49
    49
    57
    56
    50
    52
    50
    48
    49
    49
    47
    46
    46
    46
    47
    49
    51
    49
    47
    48
    48
    50
    50
    52
    53
    48
    46
    50
    49
    48
    49
    50
    52
    48
    51
    47
    48
    51
    46
    49
    49
    45
    41
    46
    48
    47
    49
    45
    46
    43
    40
    42
    44
    46
    49
   128
   134
    47
    50
    48
    45
    44
    48
    49
    48
    46
    49
    47
    47
    49
    47
    48
    49
    47
    50
    47
    46
    50
    52
    54
    51
    53
    50
    51
    53
    52
    46
    51
    53
    49
    47
    50
    47
    50
    51
    51
    46
    51
    48
    50
    49
    47
    49
    48
    49
    51
    49
    47
    44
    44
    51
    51
    45
    42
    31
    27
    36
    28
    32
    38
    48
    50
    45
    50
    47
    49
    45
    44
    45
    47
    47
    44
    48
    45
    46
    41
    45
    49
    51
    44
    48
    52
    48
    43
    47
    51
    48
    45
    47
    48
    51
    48
    50
    50
    50
    46
    44
    44
    41
    48
    48
    48
    46
    43
    45
    41
    47
   129
   142
    42
    47
    46
    47
    47
    46
    46
    49
    50
    49
    50
    50
    48
    52
    53
    52
    50
    46
    50
    50
    53
    52
    53
    55
    49
    50
    48
    50
    49
    51
    47
    49
    54
    54
    52
    51
    48
    46
    48
    53
    51
    54
    52
    46
    49
    48
    50
    45
    39
    27
    48
    59
    56
    32
    28
    47
    84
   110
   125
   136
   139
   128
    86
    33
    24
    45
    55
    53
    52
    53
    51
    52
    50
    47
    49
    51
    51
    47
    50
    46
    44
    45
    47
    46
    47
    48
    51
    49
    48
    47
    47
    47
    46
    45
    48
    46
    48
    50
    49
    46
    47
    51
    45
    42
    44
    44
    43
    44
    46
    57
   133
   173
    50
    44
    43
    45
    43
    47
    50
    47
    47
    51
    48
    44
    51
    50
    47
    47
    50
    52
    52
    58
    56
    53
    50
    48
    49
    45
    44
    45
    36
    35
    42
    44
    36
    37
    48
    53
    52
    52
    46
    49
    50
    45
    47
    46
    49
    50
    51
    47
    70
   132
   143
   142
   157
   161
   165
   181
   180
   175
   165
   166
   172
   184
   191
   182
   135
    67
    30
    21
    35
    48
    48
    46
    47
    46
    48
    49
    44
    48
    45
    49
    49
    47
    45
    45
    45
    44
    45
    43
    44
    48
    46
    48
    43
    44
    46
    51
    46
    47
    51
    49
    44
    43
    48
    51
    47
    45
    49
    47
    42
    42
   141
   201
    45
    50
    49
    48
    48
    47
    47
    50
    49
    48
    48
    50
    47
    48
    50
    49
    47
    47
    50
    47
    44
    35
    41
    42
    39
    45
    60
    77
    91
   100
   104
   101
   101
    84
    56
    40
    46
    42
    48
    37
    36
    46
    48
    51
    50
    46
    42
    53
   133
   121
    95
    72
    88
   108
   118
   119
   126
   131
   147
   154
   150
   140
   144
   161
   177
   182
   164
   128
    80
    38
    30
    47
    45
    46
    41
    40
    44
    40
    39
    38
    41
    43
    43
    42
    38
    41
    41
    43
    44
    45
    46
    46
    49
    46
    49
    48
    50
    46
    46
    46
    47
    48
    47
    45
    45
    46
    41
    42
    35
   106
   198
   166
    47
    46
    45
    47
    47
    48
    46
    46
    47
    47
    50
    51
    50
    50
    44
    44
    47
    57
    54
    49
    46
    46
    48
    50
    75
   114
   116
   115
   113
   100
    87
    73
    66
    75
    75
    63
    62
    71
    68
    73
    69
    50
    38
    41
    44
    52
    52
    68
   105
   102
    90
    62
    60
    95
   134
   157
   163
   162
   159
   156
   152
   153
   154
   139
   133
   133
   158
   172
   173
   155
    95
    27
    39
    41
    41
    41
    38
    38
    40
    43
    43
    39
    38
    40
    42
    39
    40
    42
    38
    38
    40
    42
    46
    45
    43
    47
    43
    47
    46
    46
    42
    46
    43
    47
    51
    50
    47
    47
    88
   180
   195
   139
    48
    49
    47
    47
    49
    44
    50
    49
    49
    51
    47
    46
    45
    46
    60
    79
    78
    71
    68
    65
    55
    67
    82
    91
    84
    77
    81
    74
    62
    73
    79
    80
    69
    70
    88
   102
   120
   122
   122
   109
   108
   103
    86
    61
    42
    24
    64
   120
   142
    73
    53
    43
    66
    68
    70
    86
   124
   165
   191
   189
   180
   173
   179
   179
   180
   160
   131
   141
   166
   168
   162
   120
    42
    24
    36
    39
    42
    36
    37
    38
    39
    40
    42
    39
    37
    38
    37
    39
    40
    39
    38
    42
    40
    44
    42
    41
    42
    41
    44
    45
    47
    46
    43
    44
    44
    44
    43
    54
   132
   190
   172
   122
    48
    44
    47
    47
    46
    47
    48
    50
    49
    46
    44
    41
    41
    45
    43
    37
    24
    26
    47
    71
    77
    74
    93
   108
   102
   101
   114
   114
   144
   132
   114
   104
   105
   106
    92
    86
    84
    96
   101
   107
    94
    80
    72
    56
    91
   143
   131
   103
   126
   152
   152
   135
   135
   135
   130
   116
    88
    61
    56
   103
   150
   150
   140
   144
   146
   153
   171
   155
   144
   144
   146
   154
   141
    79
    28
    38
    34
    37
    42
    37
    36
    36
    34
    38
    35
    35
    36
    38
    36
    37
    38
    37
    38
    38
    39
    41
    42
    43
    41
    44
    41
    43
    46
    41
    42
    47
    44
    93
   150
   203
   166
   144
    43
    45
    49
    44
    49
    52
    48
    48
    49
    47
    39
    34
    35
    28
    24
    28
    52
    70
    85
    91
    99
   111
   115
   108
   117
   141
   146
   158
   149
   141
   135
   130
   132
   133
   136
   138
   130
   118
   124
   121
   120
   127
   127
   161
   130
    76
    77
    80
    80
    84
    96
   100
   108
   129
   140
   157
   169
   168
   148
   109
    64
    96
   122
   114
   150
   176
   167
   176
   177
   172
   169
   166
   159
   143
    80
    34
    42
    38
    34
    37
    37
    36
    37
    32
    36
    38
    38
    39
    37
    39
    37
    40
    39
    38
    39
    40
    36
    36
    40
    39
    40
    38
    40
    42
    43
    40
    42
   119
   181
   210
   184
   186
    47
    44
    47
    48
    50
    46
    49
    50
    48
    35
    31
    40
    37
    35
    48
    70
    82
    87
   109
   127
   114
   119
   134
   147
   149
   142
   142
   138
   141
   139
   136
   132
   129
   132
   133
   131
   134
   143
   142
   145
   148
   152
   189
   139
   125
   108
   102
   121
   136
   135
   131
   124
   117
   118
   116
   113
   109
   111
   108
   115
   131
   117
   104
   124
    97
    96
   115
   126
   112
   135
   128
   119
   126
   130
   108
    36
    21
    33
    38
    36
    37
    38
    36
    37
    37
    34
    37
    39
    36
    39
    35
    35
    35
    33
    33
    39
    39
    35
    37
    40
    39
    41
    42
    45
    44
    41
    76
   159
   211
   188
   174
   172
    46
    50
    45
    48
    44
    52
    55
    40
    29
    24
    17
    13
    20
    27
    52
    88
    96
   106
   101
    74
   107
   141
   149
   147
   144
   146
   145
   138
   137
   142
   142
   148
   146
   143
   146
   146
   144
   144
   140
   142
   145
   147
   117
   134
   142
   151
   148
   124
   119
   136
   144
   146
   143
   134
   133
   132
   132
   130
   129
   122
   115
   124
   155
   106
   114
   120
   110
   107
   116
   100
   110
    92
    90
    88
    96
    85
    70
    52
    24
    24
    25
    26
    30
    39
    37
    40
    40
    41
    37
    33
    36
    38
    43
    39
    39
    32
    35
    36
    39
    38
    41
    37
    37
    41
    31
    25
   117
   149
   160
   168
   173
   174
    47
    47
    50
    46
    47
    41
    21
    22
    10
    34
    84
    84
    81
    92
   108
    96
    87
    81
    98
   131
   145
   145
   147
   147
   145
   148
   155
   155
   158
   163
   165
   160
   158
   156
   148
   147
   146
   141
   149
   144
   137
   122
   144
   148
   149
   153
   152
   155
   140
   141
   162
   167
   170
   164
   157
   145
   139
   133
   127
   133
   130
   125
   134
   161
   130
   124
   125
   124
   127
   151
   139
   128
   121
   110
   105
   108
   109
   109
   100
    97
    81
    54
    41
    30
    35
    34
    35
    34
    36
    36
    36
    37
    37
    35
    33
    38
    38
    39
    34
    40
    39
    41
    37
    18
    38
   130
   178
   187
   185
   178
   165
   155
    47
    42
    44
    48
    43
    39
    42
    63
    98
   126
   119
   117
   104
   101
    81
    77
   100
   139
   154
   153
   150
   144
   143
   155
   165
   172
   170
   169
   167
   165
   168
   171
   168
   170
   169
   167
   163
   157
   145
   146
   139
   133
   143
   145
   154
   147
   150
   171
   172
   159
   170
   189
   183
   176
   165
   160
   147
   147
   150
   145
   147
   141
   137
   134
   111
   130
   127
   123
   126
   118
   118
   118
   124
   124
   113
   107
   105
   102
   100
    77
    76
    89
    86
    78
    61
    37
    33
    30
    34
    39
    38
    39
    36
    39
    39
    33
    38
    38
    40
    36
    33
    22
    35
   120
   183
   190
   177
   167
   151
   159
   188
   222
    46
    48
    36
    45
    68
   110
   143
   119
   103
    99
    95
   106
    96
    82
    86
   122
   154
   158
   159
   161
   162
   169
   171
   168
   174
   172
   177
   184
   188
   182
   182
   183
   178
   174
   176
   174
   168
   164
   167
   160
   128
   134
   143
   144
   142
   156
   153
   160
   172
   174
   171
   179
   177
   167
   162
   162
   170
   173
   163
   162
   150
   150
   148
   145
   135
   145
   140
   136
   133
   133
   135
   130
   117
   117
   112
   104
   103
   103
    93
    94
    90
    84
    78
    93
    86
    94
    61
    46
    42
    32
    35
    34
    37
    40
    38
    53
    40
    36
    34
    33
    21
    85
   168
   186
   175
   168
   153
   155
   192
   214
   187
   131
    47
    41
    93
   102
   102
    96
    80
    85
    99
    99
    93
    72
    66
    89
   128
   156
   162
   164
   163
   168
   173
   176
   178
   182
   185
   184
   186
   184
   183
   188
   184
   182
   186
   185
   178
   168
   172
   173
   162
   151
   128
   139
   144
   142
   144
   141
   146
   153
   170
   178
   167
   157
   154
   158
   169
   174
   175
   175
   173
   170
   167
   160
   158
   150
   142
   134
   157
   153
   149
   148
   145
   137
   130
   134
   114
    99
   105
   106
   103
   104
   113
   103
    98
    96
   105
    93
    92
    78
    63
    50
    47
    42
    32
    36
    38
    36
    42
    37
    27
    32
   126
   166
   160
   150
   148
   143
   155
   167
   141
   104
   103
   122
    42
    76
    99
   127
   110
    90
    96
    93
    72
    66
    64
    73
    90
   133
   165
   171
   169
   164
   170
   178
   180
   191
   191
   190
   187
   194
   193
   191
   193
   191
   194
   190
   191
   184
   167
   165
   162
   166
   161
   152
   138
   137
   139
   137
   142
   134
   151
   154
   162
   167
   161
   149
   148
   156
   173
   186
   187
   188
   180
   174
   171
   167
   163
   154
   141
   124
   153
   150
   149
   148
   150
   149
   139
   128
   123
   125
   110
   107
   120
   122
   102
   105
   112
   109
    92
    92
    94
    91
    69
    66
    71
    52
    52
    44
    38
    42
    41
    29
    66
   135
   126
   115
   105
   118
   115
   110
    90
    81
    81
    82
    76
    81
    91
    81
    73
    76
    83
    81
    86
    86
    88
    78
    79
    96
   135
   165
   171
   166
   163
   169
   178
   182
   191
   189
   188
   185
   191
   192
   192
   195
   195
   193
   188
   192
   185
   171
   172
   175
   178
   173
   163
   146
   144
   149
   153
   138
    99
   114
   144
   151
   158
   166
   161
   148
   140
   152
   172
   182
   188
   187
   185
   182
   179
   164
   166
   170
   150
   113
   156
   155
   155
   152
   153
   145
   130
   128
   135
   136
   140
   148
   131
   129
   136
   136
    99
    81
    83
    87
    77
    77
    85
    76
    70
    54
    52
    61
    60
    68
    65
    72
   104
    97
    73
    57
    55
    38
    31
    30
    28
    33
    68
   112
   106
    97
    78
    76
    75
    86
    74
    93
   113
   103
    83
    80
    84
   108
   154
   171
   170
   169
   171
   181
   185
   191
   190
   192
   191
   192
   194
   196
   196
   193
   190
   189
   190
   189
   175
   170
   171
   178
   171
   151
   152
   144
   160
   148
    96
    77
   105
   121
   136
   159
   179
   181
   172
   145
   135
   150
   172
   181
   188
   188
   190
   180
   175
   175
   167
   167
   165
   114
   167
   156
   156
   155
   149
   141
   127
   126
   137
   157
   153
   131
   112
   111
    97
    87
   101
   110
    98
   100
    92
    95
    88
    75
    65
    75
    75
    66
    55
    51
    50
    59
    60
    54
    44
    41
    33
    37
    29
    35
    57
    82
    79
    63
    54
    36
    71
    72
    80
    84
    86
   111
    93
    70
    66
    68
    83
   129
   165
   172
   176
   175
   182
   184
   186
   188
   191
   193
   189
   190
   186
   191
   192
   190
   190
   194
   194
   183
   180
   183
   184
   179
   159
   151
   164
   147
   154
   116
   139
   134
    95
   111
   124
   134
   156
   158
   149
   149
   142
   156
   173
   184
   189
   195
   193
   183
   179
   169
   171
   164
   168
   112
   157
   159
   156
   155
   141
   126
   123
   137
   146
   144
   143
   137
   115
   113
   110
    95
    69
    73
    80
    84
    85
   106
   100
   106
   110
    95
    78
    91
    90
    75
    62
    59
    45
    44
    49
    42
    47
    39
    50
    54
    45
    27
    11
     8
     9
     8
    85
    81
    95
    95
    82
    70
    64
    52
    55
    77
   120
   164
   178
   183
   181
   182
   187
   184
   187
   188
   190
   189
   190
   191
   193
   194
   191
   193
   194
   195
   189
   187
   188
   186
   185
   174
   156
   155
   161
   148
   136
   159
   138
    78
    88
   134
   177
   168
   158
   154
   148
   149
   150
   158
   174
   182
   188
   191
   189
   186
   177
   176
   189
   186
   176
   112
   167
   168
   162
   144
   127
   134
   153
   162
   157
   155
   155
   147
   135
   131
   130
   120
   119
   116
   102
   112
   110
    89
    92
    89
    85
    85
    85
    82
    64
    61
    54
    37
    36
    30
    32
    38
    43
    48
    43
    26
    26
    21
    22
    25
    22
    26
    86
    92
    78
    77
    79
    85
    68
    66
    80
   108
   147
   168
   173
   179
   183
   187
   189
   189
   193
   193
   191
   190
   186
   186
   191
   189
   191
   194
   197
   196
   192
   193
   193
   187
   176
   164
   151
   164
   170
   139
   154
   148
    51
    72
   146
   166
   173
   181
   168
   153
   142
   163
   171
   171
   170
   170
   173
   182
   184
   174
   181
   191
   184
   174
   179
   112
   172
   172
   162
   134
   135
   157
   177
   175
   178
   174
   156
   154
   150
   157
   149
   143
   123
   117
   101
    77
    72
    88
    95
    88
    84
    87
    71
    78
    76
    69
    68
    54
    44
    41
    45
    46
    40
    37
    48
    49
    33
    25
    22
    15
    13
    18
    84
    96
    86
    94
    91
    85
    77
    68
    89
   124
   145
   164
   182
   187
   187
   188
   191
   194
   194
   196
   194
   191
   192
   192
   190
   186
   189
   197
   199
   199
   198
   199
   192
   185
   166
   140
   135
   168
   178
   138
   154
   109
   118
    88
    59
   141
   183
   136
   147
   147
   145
   159
   177
   181
   177
   171
   178
   180
   179
   181
   186
   190
   194
   196
   186
   116
   173
   170
   139
   130
   156
   180
   182
   175
   170
   170
   172
   161
   157
   155
   146
   153
   143
   140
   134
   113
   118
   101
    93
    94
    84
    89
    86
    72
    73
    65
    53
    45
    44
    52
    43
    42
    50
    47
    35
    35
    33
    39
    33
    28
    28
    24
   104
   104
   105
   101
   101
    79
    79
    96
   120
   127
   150
   177
   187
   187
   193
   195
   195
   194
   194
   195
   191
   191
   189
   194
   190
   191
   196
   200
   201
   197
   198
   197
   188
   177
   153
   129
   116
   163
   174
   157
   153
    67
    33
    66
    91
    87
   159
   141
   150
   151
   144
   164
   183
   179
   172
   167
   180
   177
   178
   186
   192
   190
   186
   177
   167
   122
   161
   136
   118
   128
   169
   177
   173
   174
   173
   170
   164
   168
   171
   169
   169
   170
   165
   151
   140
   132
   125
   110
   105
    97
    96
    80
    93
    74
    48
    49
    50
    46
    47
    44
    56
    60
    40
    33
    32
    25
    40
    45
    54
    54
    51
    46
    94
    87
    81
    87
    66
    78
    79
    90
    98
   114
   154
   182
   190
   188
   190
   194
   196
   196
   196
   196
   190
   191
   191
   198
   196
   193
   197
   200
   200
   199
   202
   201
   196
   169
   127
   105
   108
   163
   176
   170
   150
   115
   107
    53
    91
   101
   142
   131
   140
   143
   161
   184
   192
   185
   184
   181
   176
   178
   186
   190
   190
   180
   182
   186
   164
   131
   164
   111
    93
   133
   168
   180
   178
   174
   173
   172
   178
   181
   178
   173
   170
   165
   152
   143
   141
   148
   126
   118
   127
   138
   118
    87
    62
    62
    68
    57
    66
    66
    52
    32
    32
    26
    21
    32
    36
    50
    28
    42
    50
    49
    46
    60
    93
    88
    89
    87
    85
    70
    83
    88
   110
   153
   176
   188
   188
   192
   197
   196
   196
   198
   194
   196
   196
   196
   195
   193
   191
   198
   202
   203
   202
   203
   205
   200
   193
   162
   127
   104
    96
   158
   166
   152
   127
    56
    81
    96
   116
   129
   162
   137
   135
   143
   164
   186
   191
   190
   186
   184
   180
   184
   187
   189
   189
   189
   190
   185
   136
   144
   150
    90
    79
   130
   173
   182
   176
   173
   173
   176
   168
   141
   122
   124
   133
   114
   126
   123
   111
   108
   126
   101
   102
   106
    89
    79
    71
    74
    51
    64
    48
    44
    58
    72
    59
    42
    53
    53
    36
    34
    54
    35
    31
    30
    44
    38
    64
    94
   111
    86
    71
    73
    85
   105
   129
   157
   180
   190
   193
   193
   192
   198
   200
   199
   200
   193
   194
   191
   194
   193
   194
   197
   202
   202
   202
   201
   201
   202
   190
   154
   118
   106
   102
   137
   149
   149
   124
    67
    55
    79
    97
   173
   165
   145
   143
   141
   168
   182
   188
   186
   191
   187
   188
   186
   185
   184
   182
   185
   187
   173
   116
   159
   135
    77
    84
   145
   174
   178
   175
   166
   167
   146
   124
   131
   132
   117
    97
    93
    98
   128
   129
   101
    80
   123
   109
    86
    71
    70
    64
    64
    66
    59
    58
    55
    37
    31
    30
    30
    18
    23
    36
    52
    34
    38
    36
    38
    35
    37
    80
    89
    86
    71
    73
    80
    80
    97
   138
   179
   187
   193
   193
   195
   200
   199
   195
   195
   197
   193
   194
   196
   197
   195
   198
   200
   197
   202
   203
   204
   204
   199
   180
   158
   141
   120
    98
   111
   160
   156
   137
   122
   157
   189
   208
   195
   151
   152
   136
   140
   176
   194
   200
   193
   192
   195
   189
   188
   186
   183
   192
   191
   183
   132
   125
   156
   112
    71
    83
   140
   159
   158
   163
   168
   169
   151
   135
   123
   104
    97
   100
    98
    96
    80
    74
    76
    82
    53
    78
   111
   129
   103
    97
    80
    93
    75
    62
    58
    64
    59
    53
    59
    71
    56
    52
    44
    67
    37
    40
    36
    41
    40
    69
    85
    80
    82
    79
    82
    92
   107
   135
   159
   183
   192
   194
   199
   199
   200
   199
   202
   196
   198
   195
   195
   196
   196
   196
   200
   200
   204
   205
   205
   203
   200
   184
   157
   150
   127
   109
    91
   155
   169
   146
   130
   142
   190
   207
   184
   172
   160
   129
   137
   168
   187
   191
   192
   198
   196
   190
   183
   177
   184
   192
   188
   157
   106
   144
   134
   103
    66
    87
   126
   154
   179
   170
   162
   131
   106
   112
   113
   112
   101
    89
    86
    85
   110
   143
   153
   155
   156
   151
   154
   155
   148
   130
   113
   104
    97
    84
    71
    60
    77
    70
    54
    55
    36
    29
    37
    41
    54
    44
    34
    41
    38
    56
    77
    87
    90
    78
    76
    86
   118
   148
   177
   190
   193
   196
   200
   199
   200
   202
   202
   201
   198
   197
   198
   199
   199
   199
   200
   204
   206
   203
   203
   204
   202
   190
   165
   151
   141
   120
    90
   160
   187
   129
   150
   119
   148
   177
   177
   175
   148
   125
   141
   164
   179
   187
   195
   196
   191
   190
   185
   188
   192
   188
   166
    99
   140
   148
   136
    90
    70
   115
   162
   174
   171
   153
   137
   128
   129
   124
   125
    98
    70
    71
    95
   133
   159
   170
   166
   171
   169
   155
   148
   149
   147
   126
   122
   122
   120
    93
    74
    69
    55
    52
    46
    44
    64
    62
    60
    43
    32
    37
    28
    29
    35
    60
    74
    88
    87
    85
    96
   112
   117
   136
   173
   192
   197
   197
   199
   199
   198
   200
   201
   201
   199
   197
   196
   198
   195
   198
   198
   200
   205
   207
   208
   209
   205
   196
   178
   162
   145
   128
    93
   155
   192
   113
   142
   129
   124
   155
   159
   166
   149
   125
   133
   156
   170
   186
   198
   195
   187
   178
   178
   188
   184
   168
   113
   132
   148
   142
   115
    93
   120
   163
   184
   183
   165
   160
   142
   131
   122
   104
    89
    71
    63
    50
    84
   154
   166
   174
   180
   178
   163
   167
   160
   152
   147
   147
   149
   129
   125
   106
    96
    96
    83
    74
    70
    54
    43
    41
    38
    35
    32
    46
    45
    36
    30
    64
    68
    92
    91
    85
    95
   105
   108
   134
   167
   187
   194
   197
   197
   200
   201
   202
   203
   203
   201
   200
   198
   201
   198
   199
   202
   204
   203
   205
   205
   206
   206
   202
   183
   171
   172
   148
   105
   153
   198
   113
   137
   147
   124
   155
   174
   181
   157
   128
   127
   143
   172
   188
   192
   190
   177
   171
   174
   175
   134
    66
   110
   167
   163
   121
    90
   113
   160
   182
   182
   185
   172
   165
   135
   107
   102
   114
    93
    70
    55
    32
    61
   144
   172
   186
   169
   173
   170
   156
   141
   149
   150
   149
   137
   126
   127
   120
   122
    96
    85
    66
    60
    70
    64
    57
    47
    38
    42
    37
    40
    28
    24
    73
    69
    83
    82
    95
    99
    97
   119
   139
   171
   192
   197
   199
   200
   201
   201
   204
   205
   203
   204
   201
   200
   201
   200
   197
   203
   203
   205
   206
   208
   208
   209
   205
   197
   188
   172
   150
   118
   158
   199
   116
   127
   159
   154
   158
   182
   187
   157
   132
   133
   157
   179
   185
   177
   164
   173
   184
   156
    92
    88
   163
   194
   183
   162
   130
   102
   108
   107
   134
   166
   152
   139
   101
    80
   103
   116
   104
    88
    71
    55
    24
    32
   108
   149
   174
   169
   154
   166
   164
   144
   133
   142
   139
   150
   146
   149
   148
   124
   125
   106
    94
    79
    58
    44
    49
    65
    70
    41
    42
    39
    38
    38
    44
    65
    73
    86
   115
   104
   104
   111
   137
   178
   196
   199
   199
   200
   203
   204
   204
   205
   201
   203
   204
   200
   202
   201
   200
   200
   198
   205
   207
   208
   210
   206
   203
   203
   200
   191
   169
   137
   165
   195
   115
   121
   148
   195
   190
   199
   189
   157
   134
   153
   169
   167
   158
   163
   183
   166
   115
   114
   162
   184
   169
   155
   149
   138
   100
    66
    73
    71
    78
   127
   129
   123
   129
   134
   114
   101
    99
    92
    70
    45
    20
    23
    88
   147
   160
   169
   155
   142
   150
   144
   127
   135
   139
   144
   150
   167
   170
   144
   111
   101
    79
    70
    81
    76
    69
    50
    49
    72
    49
    31
    31
    25
    67
    75
    83
   101
   110
   115
   104
   107
   139
   166
   167
   190
   197
   199
   201
   203
   204
   206
   205
   203
   200
   198
   204
   202
   200
   199
   201
   200
   207
   209
   209
   205
   203
   202
   201
   196
   185
   169
   174
   190
   111
   155
   140
   154
   189
   193
   181
   151
   153
   164
   163
   174
   176
   150
    99
   114
   177
   200
   203
   202
   184
   156
   147
   141
    76
    19
    41
    44
    70
   103
   133
   138
   119
   110
   109
   127
   119
    93
    66
    37
    19
    27
   101
   152
   165
   153
   163
   148
   135
   152
   140
   120
   121
   134
   152
   160
   157
   134
   118
    97
    86
    85
    83
    90
    70
    63
    66
    47
    38
    33
    32
    34
    45
    69
    86
   103
   110
   108
   102
   122
   151
   155
   177
   201
   199
   202
   203
   204
   206
   206
   204
   203
   203
   202
   204
   202
   199
   199
   199
   199
   202
   206
   208
   208
   204
   202
   198
   194
   192
   189
   190
   191
    94
   136
   177
   177
   172
   139
   139
   161
   170
   162
   136
    91
    52
    71
   153
   195
   199
   199
   199
   208
   209
   182
   159
   154
   156
    92
    24
    37
    76
    92
   105
    91
    92
    92
   121
   120
   108
   100
    72
    29
    20
    36
   116
   152
   163
   165
   142
   164
   136
   116
   124
   119
   118
   128
   149
   161
   151
   141
   126
   114
   103
    97
    95
    62
    66
    62
    35
    33
    35
    44
    39
    27
    56
    62
    70
    88
    97
   108
   118
   130
   143
   167
   170
   188
   199
   201
   203
   204
   205
   208
   205
   203
   207
   205
   204
   203
   199
   199
   200
   201
   203
   202
   202
   203
   203
   199
   199
   199
   197
   195
   203
   190
    82
    86
    88
   109
   140
   213
   195
    90
    40
    37
    69
   118
   164
   194
   203
   202
   192
   192
   192
   191
   190
   181
   170
   163
   140
   130
    83
    71
    61
    67
   114
   132
   135
   108
    88
    71
    94
   101
    67
    25
    25
    38
   105
   144
   159
   175
   155
   144
   146
   125
   128
   100
   103
   109
   141
   172
   161
   151
   123
   111
   100
    90
    74
    75
    76
    60
    70
    50
    46
    42
    38
    36
    44
    54
    65
    77
    89
    97
    91
   106
   156
   160
   166
   188
   187
   199
   203
   204
   205
   206
   201
   203
   202
   204
   204
   204
   202
   203
   203
   204
   208
   212
   211
   210
   206
   200
   196
   199
   197
   202
   200
   193
   125
   212
   207
   142
    89
    50
   161
    89
    64
   159
   202
   214
   206
   198
   194
   193
   196
   197
   198
   208
   209
   186
   156
   146
   123
    91
    93
    94
    76
    65
    63
    87
   101
    83
    88
    96
   103
   101
    56
    26
    24
    36
    92
   141
   154
   177
   160
   147
   148
   103
   102
    89
    98
   107
   131
   143
   143
   131
   151
   154
   141
   130
   119
    86
    67
    58
    46
    52
    35
    32
    38
    46
    51
    57
    56
    71
    99
   116
   106
   120
   128
   142
   153
   168
   191
   199
   200
   198
   201
   204
   202
   202
   203
   205
   205
   205
   201
   200
   198
   199
   202
   205
   210
   211
   206
   198
   194
   194
   197
   201
   200
   186
   138
   207
   179
   121
   153
   179
   191
    82
   132
   207
   206
   195
   198
   202
   209
   206
   205
   199
   204
   214
   212
   188
   169
   143
   114
    92
    67
    82
    93
    76
    73
    84
    86
    92
   112
   135
   130
    97
    49
    19
    25
    51
    85
   145
   152
   175
   177
   156
   143
   111
    81
    85
    94
   119
   125
   139
   155
   150
   134
   107
   117
   114
   116
   114
   109
    84
    54
    33
    38
    17
    16
    15
    34
    47
    56
    54
    77
    99
   113
   132
   135
   142
   140
   151
   173
   195
   202
   205
   206
   203
   201
   201
   202
   204
   206
   202
   203
   202
   200
   197
   197
   200
   207
   207
   209
   209
   209
   209
   207
   207
   197
   181
   133
   198
   150
   107
   171
   199
   183
    75
   136
   202
   200
   205
   210
   205
   192
   190
   190
   191
   195
   209
   208
   178
   161
   149
   123
    89
    69
    63
    50
    53
    49
    39
    67
   101
   125
   150
   150
    90
    48
    24
    23
    44
    56
   107
   149
   155
   151
   143
   137
   105
    61
    75
    76
    96
   137
   151
   130
   120
   106
    95
   101
   104
   102
    97
    72
    23
    45
    56
    49
    76
    50
    49
    43
    64
    57
    76
    86
    89
   101
   108
   135
   129
   116
   135
   180
   195
   199
   203
   204
   206
   202
   205
   202
   202
   201
   202
   200
   204
   202
   202
   203
   204
   202
   204
   208
   206
   206
   207
   207
   204
   187
   171
   128
   194
   135
    97
   160
   200
   178
    79
   118
   183
   182
   181
   179
   179
   179
   175
   181
   186
   185
   179
   182
   178
   139
   123
   112
    89
    70
    75
    56
    34
    34
    40
    64
    92
   118
   144
   160
   100
    56
    19
    23
    54
   102
   134
   155
   171
   158
   154
   149
   112
    74
    78
    59
    78
    84
   116
   130
   147
   172
   153
   122
   107
    92
    86
    76
    79
    58
    43
    29
    29
    31
    18
    65
    51
    60
    64
    67
    78
    95
   101
   117
   130
   140
   165
   188
   198
   202
   204
   206
   205
   206
   203
   202
   202
   201
   200
   202
   199
   203
   204
   206
   205
   205
   205
   201
   199
   186
   181
   185
   188
   170
   163
   134
   197
   128
    87
   144
   152
   140
    77
    97
   171
   179
   176
   185
   182
   178
   172
   172
   173
   175
   179
   178
   160
   140
   122
   108
   103
    95
    63
    35
    56
    44
    35
    33
    70
    86
   135
   161
    98
    57
    23
    21
    43
    59
   108
   159
   175
   154
   163
   150
   108
    75
    95
   103
   102
   133
   119
   129
   118
   112
   109
   107
    97
    85
    69
    78
    77
    55
    52
    42
    30
    20
    24
    50
    62
    57
    46
    67
    82
    89
    87
   101
   117
   139
   170
   190
   199
   203
   204
   206
   207
   205
   205
   206
   204
   204
   199
   201
   205
   204
   207
   208
   206
   206
   201
   196
   188
   184
   189
   188
   182
   169
   156
    92
   135
   144
   133
   141
   185
   175
    86
    71
   114
   138
   149
   160
   182
   190
   179
   172
   169
   167
   176
   179
   154
   122
   114
   113
    95
    52
    40
    32
    58
    66
    82
   112
    95
   117
   120
   127
    87
    56
    20
    16
    43
    78
   108
   154
   167
   160
   154
   145
   100
    46
    65
    99
   102
   121
   136
   128
   130
   137
   135
   111
    93
    79
    85
    79
    67
    55
    44
    40
    40
    39
    37
    42
    55
    54
    45
    60
    77
    90
    92
   105
   128
   172
   192
   196
   203
   204
   204
   204
   206
   200
   203
   201
   205
   203
   199
   196
   200
   201
   203
   206
   209
   210
   210
   209
   205
   198
   192
   194
   195
   174
   150
    79
    92
   101
    96
    75
    59
    65
    64
    68
    75
    75
    60
    60
   108
   173
   189
   181
   177
   166
   170
   173
   151
   126
   110
   100
    52
    39
    58
    68
    46
    70
    90
   104
   138
   107
    96
   101
    89
    61
    23
    23
    57
    95
   135
   154
   163
   142
   143
   136
   110
    69
    64
    54
    94
   129
   124
   113
   111
   104
    84
    81
    87
    92
    86
    81
    58
    42
    41
    41
    33
    26
    25
    44
    35
    60
    61
    73
    79
    91
    98
   116
   143
   173
   184
   197
   200
   202
   203
   204
   200
   201
   202
   202
   202
   205
   201
   198
   197
   201
   204
   207
   210
   211
   210
   207
   204
   201
   198
   199
   190
   178
   156
   111
   111
   109
   126
   124
   111
   102
    90
    79
    77
    81
    87
    76
    64
    86
   152
   182
   178
   179
   171
   169
   157
   134
   116
    76
    25
    35
    54
    59
    49
    71
    94
   102
   104
   100
    92
   105
    92
    65
    23
    22
    40
    53
   125
   158
   165
   164
   144
   134
    95
    52
    77
    90
   114
   133
   153
   147
   155
   152
   151
   144
   116
   105
    93
    56
    42
    57
    47
    20
    23
    30
    27
    39
    50
    57
    74
    68
    77
    82
    98
   116
   134
   162
   181
   192
   199
   201
   202
   201
   201
   200
   200
   201
   198
   198
   199
   200
   196
   202
   203
   206
   208
   205
   206
   207
   205
   201
   192
   184
   166
   169
   151
   100
    96
   127
   135
   128
   120
   111
   112
   122
   124
   129
   127
   128
   120
    94
    57
    91
   154
   165
   164
   172
   166
   155
   128
    79
    29
    28
    50
    62
    64
    74
   107
   122
   115
   101
   115
    92
    84
    64
    26
    26
    56
    90
   145
   162
   153
   154
   136
   135
    93
    74
    77
    84
   107
   123
   149
   147
   148
   147
   135
   131
   114
    82
    77
    78
    71
    50
    30
    32
    25
    27
    22
    65
    71
    70
    62
    64
    85
    90
   103
   114
   141
   168
   181
   189
   195
   198
   202
   207
   201
   202
   201
   203
   201
   202
   197
   196
   201
   201
   206
   206
   208
   210
   207
   203
   191
   175
   166
   155
   125
   164
   146
   101
    99
   110
   137
   145
   139
   121
   111
   123
   137
   141
   134
   136
   136
   136
   129
    77
    41
    90
   147
   160
   164
   158
   130
    95
    34
    34
    45
    53
    72
    95
   114
   118
   115
   119
   120
   109
    83
    68
    30
    23
    51
    83
   141
   152
   143
   132
   132
   122
    79
    89
    67
    95
   118
   136
   149
   160
   152
   148
   159
   147
   141
   131
   103
    82
    51
    38
    32
    19
    18
    20
    31
    50
    62
    52
    61
    82
    85
    99
   110
   131
   136
   165
   182
   189
   196
   197
   194
   196
   198
   197
   198
   198
   200
   199
   195
   197
   199
   204
   203
   206
   206
   207
   207
   207
   197
   174
   152
   128
   104
   172
   133
    89
    93
   126
   161
   167
   150
   126
   104
   117
   128
   127
   124
   121
   129
   141
   151
   149
   117
    56
    92
   155
   167
   159
   138
   102
    58
    34
    38
    63
    86
    95
   107
   104
   101
   107
   100
   104
    80
    65
    39
    31
    37
    86
   146
   159
   147
   127
   139
   116
    92
    85
    89
    95
   108
   140
   143
   146
   145
   126
   125
   123
   104
    73
    73
    53
    43
    48
    54
    55
    51
    45
    42
    50
    40
    64
   100
    89
   102
   101
   114
   124
   131
   161
   181
   184
   189
   194
   193
   197
   195
   196
   193
   196
   197
   193
   194
   198
   201
   201
   203
   205
   206
   206
   196
   182
   167
   152
   130
   108
    94
   173
   120
    97
   127
   164
   152
   176
   193
   159
   117
    93
   125
   145
   135
   127
   122
   122
   126
   142
   140
   131
    75
    89
   161
   170
   154
   113
    83
    61
    40
    71
   107
   123
   110
    96
    78
    90
    96
    89
    77
    59
    40
    26
    27
   114
   154
   147
   128
   135
   132
   109
   100
    99
    89
    95
   107
   140
   139
   138
   145
   133
   111
   101
    90
    95
    93
    89
    83
    72
    48
    45
    48
    55
    40
    43
    59
    65
    72
    81
    96
   104
   108
   114
   124
   164
   182
   188
   191
   192
   195
   194
   189
   187
   192
   190
   193
   190
   196
   194
   196
   202
   205
   204
   203
   197
   184
   171
   152
   132
   118
   102
    94
   173
   112
   113
   142
   123
   127
   165
   183
   156
   117
    97
   104
   131
   154
   153
   148
   143
   144
   145
   149
   137
   131
    79
    68
   132
   159
   139
   105
    52
    45
    75
   121
   134
   124
   118
   112
    92
    78
    98
   102
    66
    47
    26
   100
   141
   150
   133
   140
   138
   116
   117
   102
    77
   103
   110
   103
   136
   142
   128
   122
   112
    94
    87
   105
    99
    72
    43
    30
    34
    43
    33
    24
    17
    40
    31
    30
    55
    74
    85
    98
    95
   100
    97
   123
   163
   177
   182
   184
   186
   187
   189
   188
   183
   185
   187
   191
   186
   187
   192
   196
   196
   199
   206
   200
   187
   171
   166
   151
   126
   104
    85
    89
   151
   112
   123
   116
    96
   131
   161
   179
   151
   121
   106
   118
   149
   156
   159
   157
   157
   154
   156
   157
   168
   164
   143
    76
    61
    62
    49
    33
    29
    44
    84
   136
   157
   144
   126
   126
   115
   109
    80
    69
    59
    52
    62
   113
   144
   138
   139
   144
   131
   111
   109
   101
    98
    87
   107
   115
   132
   156
   129
   107
    94
    84
    93
    78
    53
    62
    68
    61
    32
    21
    15
    16
    25
    37
    51
    63
    56
    53
    73
    81
    83
    94
   119
   139
   170
   177
   181
   186
   185
   180
   185
   187
   184
   186
   186
   185
   184
   185
   192
   193
   197
   198
   195
   191
   176
   156
   142
   124
   109
    98
    81
    85
   136
   120
   120
    90
   133
   158
   152
   156
   138
   102
    95
   134
   145
   165
   172
   171
   171
   176
   182
   178
   173
   184
   183
   155
    78
    77
    49
    60
    83
   105
   130
   152
   150
   124
    92
    99
    88
    89
   103
    91
    68
    56
    36
    82
   131
   146
   154
   133
   114
   126
   123
   119
   109
   113
   126
   134
   142
   142
   150
   130
   127
   121
    73
    59
    69
    67
    52
    32
    29
    29
    34
    38
    31
    31
    50
    47
    59
    68
    77
    80
    79
    94
    99
   126
   155
   168
   175
   180
   181
   185
   183
   180
   180
   179
   179
   183
   181
   183
   188
   193
   195
   197
   196
   189
   183
   150
   129
   118
    98
    81
    82
   114
   132
   124
   110
   167
   200
   195
   180
   165
   144
   113
   111
   130
   165
   180
   178
   173
   174
   171
   164
   164
   174
   170
   182
   180
   149
    98
    94
    63
   117
   175
   186
   183
   179
   158
   126
   105
   102
   106
   101
    73
    60
    46
    38
    80
   146
   156
   142
   145
   133
   131
   132
   130
   117
   125
   128
   127
   118
   125
   120
   107
    88
    77
   114
   100
    61
    40
    29
    34
    34
    25
    23
    20
    26
    23
    42
    42
    49
    59
    59
    64
    79
    87
   104
   124
   144
   151
   166
   181
   182
   184
   182
   179
   175
   173
   175
   177
   175
   178
   185
   188
   185
   189
   192
   195
   184
   148
   128
   120
    95
    76
   118
   153
   116
    90
    89
   121
   182
   204
   175
   144
   128
   106
   106
   136
   155
   166
   179
   184
   178
   182
   180
   182
   173
   173
   172
   180
   174
   110
   118
    71
    70
   135
   173
   184
   172
   147
   133
   122
   113
    94
    75
    63
    60
    67
    55
    96
   143
   151
   154
   155
   150
   131
   133
   129
   126
   127
   135
   126
   121
   105
   114
   108
    94
    70
    36
    34
    40
    37
    36
    33
    19
    21
    20
    24
    31
    26
    46
    47
    64
    60
    54
    64
    62
    82
    88
   107
   122
   144
   166
   173
   178
   176
   179
   176
   172
   172
   173
   176
   172
   171
   177
   184
   186
   186
   189
   191
   180
   154
   126
   103
    87
    82
   142
   184
   121
    56
    55
    52
    62
   136
   167
   141
   121
   100
   105
   146
   164
   178
   184
   190
   187
   180
   174
   178
   181
   177
   175
   171
   177
   149
   100
    91
    60
   102
   162
   172
   176
   165
   142
   130
   101
   102
   118
    98
    68
    65
    68
    83
   122
   153
   151
   143
   136
   142
   134
   125
   130
   119
   112
    98
   109
    91
    79
    71
    58
    56
    55
    44
    38
    37
    36
    23
    25
    27
    25
    21
    32
    28
    48
    57
    49
    56
    68
    80
    72
    78
    96
   109
   117
   142
   162
   174
   174
   171
   175
   175
   173
   170
   167
   171
   170
   170
   175
   184
   184
   184
   177
   185
   183
   163
   131
   106
    93
    96
   163
   185
   120
    76
   104
    92
    74
    80
   158
   136
   113
   101
   108
   135
   159
   172
   176
   181
   180
   183
   181
   171
   175
   176
   175
   169
   169
   160
    97
    92
    57
    86
   147
   172
   170
   168
   148
   120
   118
    96
    88
    88
    98
    85
    79
    99
   117
   117
   141
   151
   147
   134
   120
   122
   112
   121
   107
   103
    73
    77
    80
    85
    83
    64
    42
    45
    42
    43
    33
    30
    19
    19
    26
    26
    21
    20
    41
    33
    40
    58
    78
    61
    71
    75
    83
    94
   113
   128
   144
   162
   170
   175
   176
   173
   172
   171
   167
   168
   164
   170
   173
   179
   182
   178
   177
   176
   175
   164
   136
   109
    96
   114
   175
   193
   128
   102
   156
    69
    72
    77
   131
   125
   109
    98
   110
   131
   151
   165
   171
   178
   184
   183
   175
   181
   177
   174
   175
   165
   158
   164
   113
    97
    59
    84
   147
   169
   178
   170
   174
   163
   149
   131
   107
    98
    95
    99
    74
    76
    97
   118
   123
   133
   132
   120
   120
   104
   125
   121
    99
    99
    81
    70
    61
    46
    30
    38
    42
    40
    28
    22
    19
    20
    27
    24
    19
    19
    21
    24
    37
    45
    53
    57
    43
    68
    77
    82
    88
   105
   105
   105
   114
   147
   164
   166
   167
   172
   169
   170
   165
   163
   162
   164
   167
   168
   170
   171
   170
   174
   168
   159
   137
   117
   110
   129
   175
   194
   126
    55
    39
    73
    94
    89
   140
   129
   102
   101
   109
   130
   145
   158
   169
   168
   172
   170
   165
   171
   173
   170
   174
   167
   164
   157
   122
   102
    80
    85
   134
   166
   167
   167
   166
   166
   160
   147
   128
   118
    95
    87
   106
   116
   111
    97
   108
   118
   111
   128
   129
   117
    98
    99
   114
    92
    74
    63
    48
    52
    55
    41
    34
    45
    50
    38
    30
    28
    23
    22
    27
    22
    26
    30
    57
    55
    49
    58
    68
    62
    58
    65
    81
    90
   101
   106
   120
   143
   154
   157
   160
   163
   167
   160
   158
   159
   161
   156
   157
   166
   173
   167
   160
   164
   160
   157
   145
   128
   120
   126
   154
   180
   121
    67
    44
    59
    72
   132
   167
   130
   113
   105
   106
   123
   140
   161
   166
   171
   167
   164
   164
   170
   170
   165
   171
   175
   165
   156
   126
   110
    94
    86
   129
   161
   160
   159
   164
   165
   165
   155
   155
   153
   132
   111
   103
    93
   101
   128
   113
   109
   104
    96
   101
   113
   107
    99
    72
    87
    73
    46
    54
    43
    34
    29
    26
    25
    35
    32
    31
    28
    22
    22
    30
    23
    27
    21
    49
    48
    54
    57
    46
    36
    52
    67
    78
    86
    91
    99
   115
   139
   154
   158
   161
   162
   161
   160
   163
   158
   161
   161
   159
   160
   171
   169
   160
   153
   160
   160
   151
   142
   131
   135
   148
   169
   125
    91
    75
    93
   135
   170
   169
   132
   114
   104
   103
   119
   139
   155
   170
   162
   164
   167
   161
   157
   160
   161
   167
   171
   166
   162
   134
   121
   112
    95
   114
   149
   158
   160
   156
   152
   155
   153
   141
   144
   149
   145
   135
   139
   130
   117
   129
   118
   108
    87
    73
    67
    78
    75
    83
    67
    68
    59
    35
    41
    37
    35
    42
    41
    33
    39
    40
    33
    31
    25
    25
    25
    24
    22
    42
    52
    53
    47
    46
    54
    64
    65
    69
    69
    82
   104
   113
   128
   140
   150
   154
   158
   163
   161
   160
   160
   161
   160
   153
   148
   160
   171
   162
   159
   158
   151
   155
   148
   135
   140
   152
   154
   127
   116
    87
   116
   138
   158
   162
   135
   121
   109
   105
   114
   132
   147
   160
   171
   168
   163
   164
   160
   159
   168
   169
   168
   162
   161
   135
   133
   125
   107
   113
   143
   154
   156
   155
   149
   148
   145
   143
   140
   146
   152
   147
   141
   129
   134
   127
   120
   112
   110
    90
    85
    63
    50
    37
    42
    35
    61
    52
    39
    46
    52
    44
    37
    41
    39
    32
    26
    25
    26
    31
    32
    30
    37
    47
    44
    44
    49
    49
    43
    56
    67
    77
    88
    96
   100
   107
   116
   136
   145
   153
   150
   153
   155
   157
   157
   154
   160
   159
   153
   156
   161
   154
   152
   155
   154
   146
   152
   148
   147
   150
   151
   123
   116
   100
    88
   117
   143
   157
   147
   132
   118
   102
   105
   129
   146
   161
   164
   165
   160
   158
   157
   159
   168
   165
   165
   163
   166
   128
   132
   136
   109
   109
   120
   146
   151
   149
   152
   150
   148
   139
   135
   123
   128
   128
   127
   135
   140
   128
   119
   116
   106
    98
    78
    65
    69
    75
    69
    57
    55
    53
    46
    43
    37
    41
    43
    32
    30
    26
    26
    27
    29
    26
    32
    30
    39
    50
    51
    48
    50
    57
    66
    66
    63
    71
    90
    99
   106
   116
   132
   137
   142
   146
   152
   153
   153
   156
   156
   157
   158
   157
   158
   158
   156
   159
   148
   144
   147
   149
   145
   137
   137
   154
   147
   122
    99
   113
    79
    94
   125
   159
   145
   133
   120
   105
    98
   115
   142
   157
   168
   164
   163
   159
   160
   161
   161
   160
   162
   163
   159
   115
   135
   140
   113
   109
   109
   128
   140
   144
   145
   141
   134
   130
   129
   125
   114
    98
   108
   109
   111
   102
   110
    97
    71
    64
    58
    56
    61
    44
    28
    36
    45
    44
    44
    31
    34
    38
    39
    49
    35
    31
    32
    28
    28
    27
    24
    33
    60
    56
    57
    53
    53
    56
    45
    42
    48
    57
    63
    75
    94
   113
   126
   135
   140
   143
   149
   153
   149
   153
   156
   157
   156
   160
   155
   154
   155
   154
   145
   146
   151
   148
   142
   138
   135
   141
   136
   117
    97
    92
    96
    75
    90
   106
   117
   127
   131
   105
    91
   114
   139
   155
   161
   163
   170
   170
   160
   151
   151
   163
   164
   162
   156
   108
   142
   144
   128
   108
   108
   117
   125
   121
   131
   135
   133
   125
   125
   126
   126
   123
   113
    98
    92
    87
    86
    82
    94
    70
    59
    66
    54
    62
    76
    59
    33
    36
    41
    43
    45
    41
    25
    26
    38
    26
    25
    30
    28
    34
    38
    69
    78
    68
    52
    53
    52
    55
    61
    74
    79
    81
    86
    91
    99
   112
   126
   127
   133
   137
   141
   142
   146
   142
   148
   152
   154
   160
   158
   158
   155
   156
   155
   141
   136
   142
   139
   132
   128
   124
   132
   116
   103
    94
    73
    92
   100
   103
   116
   136
   126
   105
    97
   111
   128
   148
   161
   165
   165
   164
   158
   149
   152
   153
   149
   152
   142
   116
   142
   138
   124
   109
    97
   106
   115
   121
   121
   121
   106
   108
   105
   101
   104
   105
    94
    82
    75
    79
    94
    90
    63
    67
    64
    48
    76
    67
    57
    62
    80
    63
    57
    57
    50
    42
    40
    34
    33
    34
    32
    38
    38
    48
    59
    70
    82
    71
    69
    55
    50
    50
    55
    48
    43
    43
    46
    52
    82
   110
   121
   123
   125
   130
   136
   147
   148
   149
   145
   147
   152
   148
   151
   151
   147
   146
   148
   149
   139
   141
   147
   146
   139
   129
   121
   114
    94
   120
    95
    95
   121
   116
   125
   127
   121
   110
   101
   113
   130
   138
   149
   160
   164
   166
   161
   151
   145
   145
   153
   149
   127
   113
   141
   139
   132
   103
    99
   102
   100
   120
   136
   138
   135
   126
   115
    91
    74
    79
    84
    80
    70
    53
    61
    73
    92
    80
    66
    60
    40
    45
    48
    38
    36
    39
    35
    27
    37
    40
    36
    37
    41
    38
    37
    48
    50
    57
    78
    85
    77
    64
    63
    54
    52
    44
    43
    58
    65
    67
    65
    55
    66
   102
   112
   120
   121
   122
   123
   128
   139
   143
   145
   150
   149
   152
   151
   152
   147
   145
   142
   139
   143
   131
   133
   127
   135
   128
   125
   123
   106
   102
   121
   105
   115
   125
   125
   130
   126
   116
   114
   115
   127
   138
   155
   169
   167
   164
   155
   144
   150
   153
   153
   142
   123
   133
   136
   145
   142
   121
    99
    93
    96
    97
   111
   117
   114
   107
   113
   129
   125
    98
    97
    85
    80
    83
    73
    63
    66
    75
    74
    75
    77
    57
    59
    75
    41
    34
    39
    38
    42
    43
    39
    37
    50
    53
    58
    77
    76
    76
    77
    78
    79
    39
    57
    72
    66
    68
    65
    64
    64
    63
    64
    56
    49
    76
   105
   117
   122
   125
   125
   123
   120
   126
   132
   137
   142
   141
   142
   140
   142
   143
   143
   136
   130
   132
   123
   122
   127
   132
   123
   116
   101
    88
   119
   122
   112
   116
   128
   123
   113
   115
   121
   122
   122
   133
   148
   161
   168
   166
   162
   158
   146
   140
   142
   135
   118
   134
   137
   141
   143
   123
    94
    85
    90
    96
    96
   103
   112
   118
   116
   100
    95
   103
    90
    85
    89
    81
    72
    73
    64
    79
    80
    61
    55
    69
    56
    51
    69
    51
    37
    47
    38
    40
    39
    53
    63
    72
    70
    78
    88
    79
    86
    80
    80
    36
    40
    42
    61
    57
    59
    69
    76
    74
    65
    53
    51
    59
    99
   110
   117
   120
   124
   123
   127
   122
   124
   135
   129
   135
   140
   135
   137
   143
   143
   142
   138
   126
   119
   111
   116
   117
   117
   111
   110
   101
    94
   118
   108
   115
   130
   123
   120
   128
   133
   125
   124
   130
   144
   157
   166
   167
   160
   155
   134
   125
   143
   142
   126
   129
   129
   132
   138
   134
   114
    91
    87
    93
    94
    96
    87
    90
    92
    99
   107
   105
    90
    97
    79
    73
    71
    71
    71
    77
    67
    70
    64
    48
    56
    51
    51
    51
    46
    49
    51
    52
    65
    64
    78
    82
    83
    83
    80
    83
    84
    80
    79
    25
    34
    34
    33
    45
    52
    52
    57
    68
    65
    65
    61
    58
    72
   101
   103
   106
   110
   110
   108
   116
   114
   115
   136
   132
   131
   135
   134
   131
   132
   132
   133
   129
   131
   122
   110
   108
   109
   111
   111
   115
    94
    87
   115
   126
   133
   128
   133
   144
   145
   138
   124
   125
   132
   143
   150
   148
   144
   132
   132
   146
   158
   116
   125
   121
   128
   128
   138
   134
   117
   100
    90
    77
    80
    87
    86
    84
    87
    87
    74
    84
    88
    85
    83
    72
    70
    69
    67
    48
    47
    56
    40
    38
    36
    57
    53
    54
    42
    39
    48
    67
    83
    84
    84
    89
    83
    81
    75
    74
    76
    76
    74
    43
    37
    31
    37
    28
    43
    49
    45
    46
    47
    53
    53
    56
    44
    66
    98
   103
   104
   106
   107
   109
   112
   111
   111
   116
   125
   121
   121
   124
   127
   127
   123
   121
   119
   118
   118
   105
    99
   102
   109
   109
   116
   112
    92
   118
   137
   136
   144
   152
   148
   139
   133
   129
   133
   136
   134
   138
   139
   139
   129
   110
    94
   117
   118
   117
   116
   110
   105
   109
   115
    99
    99
    88
    70
    84
    89
    86
    73
    70
    78
    88
    82
    88
    76
    66
    68
    61
    56
    61
    58
    65
    52
    52
    43
    39
    40
    35
    53
    75
    85
    82
    86
    86
    85
    79
    78
    76
    77
    70
    57
    41
    25
    41
    41
    35
    35
    32
    23
    26
    50
    67
    70
    70
    67
    62
    58
    47
    57
    98
   108
   105
   106
   106
   108
   112
   106
   107
   105
   105
   111
   116
   118
   119
   118
   115
   116
   114
   114
   114
   112
   108
   103
   102
   108
   114
   123
   111
    91
   107
   145
   167
   160
   151
   141
   141
   140
   139
   142
   137
   115
    85
    85
   105
   115
   112
   111
   105
   107
   107
   107
   103
    98
    95
    99
    97
    81
    61
    60
    67
    80
    76
    68
    78
    74
    68
    62
    55
    56
    69
    82
    59
    48
    55
    54
    39
    43
    55
    64
    79
    84
    93
    85
    74
    65
    63
    64
    58
    49
    41
    26
    16
     9
    13
    15
    44
    44
    44
    31
    32
    31
    27
    23
    27
    50
    64
    69
    64
    58
    54
    45
    46
    89
   116
   116
   113
   106
   105
   111
   103
   101
   100
   103
   102
    99
    99
   105
   104
   108
   109
   107
   105
   108
   108
   109
   108
   106
   111
   118
   129
   117
    96
   103
    82
    92
    93
    97
    93
    91
    78
    66
    65
    81
   108
   115
   112
   107
   103
   102
   105
   102
   101
   104
   105
   112
   108
    92
    92
    82
    72
    62
    59
    67
    77
    78
    78
    70
    64
    58
    54
    49
    47
    34
    38
    45
    54
    59
    63
    68
    69
    61
    64
    60
    25
    20
    15
    11
     9
     9
     9
    12
    16
    14
    12
    13
    15
    11
    40
    39
    41
    41
    30
    29
    29
    34
    36
    30
    33
    50
    59
    64
    59
    55
    43
    36
    58
    92
   102
   108
   106
   105
   103
   100
   100
    99
   105
   103
   101
   101
   100
   100
   103
   104
   105
   103
   106
   111
   114
   120
   115
   114
   107
    95
   106
    73
    42
    33
    79
    90
    89
    94
    99
   103
   110
   104
    99
   102
   102
    99
    96
    95
   100
    99
    98
   101
   104
   102
    99
   100
    83
    75
    76
    81
    73
    70
    79
    75
    61
    64
    66
    62
    59
    65
    60
    56
    56
    45
    37
    37
    29
    18
    14
    13
    15
    64
    69
    31
    32
    30
    22
    21
    17
    20
    20
    30
    36
    31
    30
    36
    44
    44
    43
    41
    36
    28
    26
    26
    30
    39
    38
    36
    39
    42
    53
    56
    53
    39
    29
    31
    59
    74
    88
    94
   100
    97
    93
    94
    94
    98
   102
   103
   104
   104
   103
   103
   102
   103
   104
    99
   103
   107
   110
   109
    85
    92
    89
    88
    73
    72
   117
   125
   123
   116
   110
   104
   100
   104
    99
    98
   102
    99
    99
   101
    98
    94
    91
    90
    85
    88
    80
    69
    66
    72
    74
    72
    65
    71
    72
    86
    82
    68
    61
    58
    60
    55
    42
    26
    18
    14
    17
    17
    18
    20
    22
    25
    23
    18
    73
    85
    43
    35
    40
    31
    21
    17
    24
    30
    35
    37
    41
    42
    38
    38
    46
    43
    42
    38
    32
    30
    32
    37
    38
    41
    41
    46
    51
    59
    55
    58
    46
    42
    47
    49
    61
    68
    79
   105
   106
   103
   107
   121
   122
   106
    96
    95
    97
   104
   108
   102
   105
   108
   103
    99
   106
    82
    76
   104
    82
   103
    79
    84
   109
   109
   109
   109
   104
   101
   105
   103
   105
   104
   101
   100
    97
    93
    84
    83
    88
    75
    75
    73
    72
    77
    77
    64
    69
    74
    85
    85
    77
    60
    55
    59
    54
    40
    38
    24
    21
    19
    22
    21
    19
    22
    20
    17
    21
    19
    20
    22
    12
    60
   103
    63
    44
    54
    64
    61
    41
    30
    40
    51
    47
    40
    44
    43
    37
    40
    43
    44
    37
    32
    32
    30
    34
    47
    55
    48
    46
    52
    65
    78
    74
    60
    40
    41
    48
    63
    55
    68
    74
    85
    82
    74
    85
    89
    84
    81
    82
    87
    91
    97
    92
    97
    95
   104
    77
    65
    94
    75
    52
    53
    80
   103
   110
   111
   106
   104
   104
   103
   101
   104
   101
    94
    94
    91
    80
    72
    75
    69
    67
    71
    61
    68
    80
    85
    85
    89
    75
    54
    46
    34
    36
    35
    27
    22
    18
    19
    23
    19
    21
    23
    18
    22
    18
    20
    19
    22
    18
    16
    20
    16
    18
    11
    35
   102
   106
    72
    68
    72
    86
    85
    55
    42
    65
    99
    41
    37
    44
    44
    39
    40
    45
    47
    40
    38
    34
    30
    41
    56
    63
    56
    60
    73
    70
    67
    66
    49
    35
    37
    39
    56
    83
    71
    80
    85
    76
    69
    55
    55
    62
    62
    75
    75
    77
    79
    83
    69
    42
    42
    32
    43
    37
    40
    57
    58
    63
    68
    78
    91
    94
    74
    71
    53
    51
    69
    68
    67
    74
    85
    93
    96
    90
    94
    94
    82
    67
    31
    16
    10
    13
    35
    24
    22
    16
    20
    18
    20
    21
    19
    22
    25
    17
    20
    23
    18
    23
    18
    18
    21
    21
    20
    17
    21
    17
    19
    17
    16
    57
   115
   110
    91
    80
    93
   122
   129
   112
    95
    40
    41
    40
    40
    46
    42
    42
    45
    42
    39
    37
    30
    27
    29
    38
    53
    53
    47
    65
    73
    65
    65
    65
    50
    49
    30
    20
    42
    47
    55
    61
    69
    73
    58
    48
    54
    41
    39
    43
    37
    38
    37
    45
    44
    49
    44
    49
    47
    46
    61
    65
    74
    86
    85
    87
   104
   106
   110
   111
   111
   115
   120
   113
   107
    97
   105
   112
   100
   101
    86
    69
    54
    19
    19
    20
    17
    21
    19
    18
    22
    22
    21
    22
    25
    17
    18
    20
    21
    22
    25
    19
    21
    22
    18
    22
    22
    21
    20
    22
    21
    16
    18
    11
    23
    94
   119
   118
   107
    93
   112
   158
   201
    38
    37
    41
    42
    37
    41
    38
    39
    39
    40
    39
    43
    40
    31
    28
    32
    34
    39
    43
    49
    58
    76
    78
    77
    78
    74
    66
    58
    44
    35
    44
    45
    43
    44
    49
    48
    49
    44
    35
    32
    29
    29
    24
    30
    48
    81
    98
   118
   123
   120
   115
   110
   107
    77
    52
    68
    91
   113
   129
   123
    94
    81
   102
   101
    91
    91
   100
   104
   103
   102
    92
    76
    33
    22
    22
    22
    24
    25
    21
    19
    22
    20
    22
    19
    24
    23
    24
    25
    22
    21
    23
    20
    19
    23
    20
    20
    22
    19
    20
    20
    21
    21
    20
    16
    45
    65
    85
   120
   133
   133
   128
   131
    41
    43
    43
    43
    42
    39
    42
    42
    42
    40
    38
    37
    37
    37
    32
    32
    31
    34
    30
    34
    44
    48
    55
    71
    80
    97
    98
    75
    66
    57
    52
    45
    46
    50
    45
    40
    38
    40
    41
    47
    48
    48
    47
    48
    39
    58
    88
   108
   108
   100
    91
    89
   108
   106
    86
    59
    44
    41
    52
    48
    56
    83
   107
   118
   105
   100
    97
    96
   102
   108
   103
    74
    28
    22
    22
    17
    20
    19
    22
    24
    19
    21
    20
    20
    21
    23
    23
    20
    20
    21
    19
    21
    23
    23
    23
    26
    24
    23
    23
    22
    20
    23
    22
    23
    30
    79
    53
    54
    91
   127
   155
   166
    41
    42
    40
    41
    44
    46
    44
    39
    38
    40
    36
    36
    32
    31
    31
    30
    34
    30
    25
    28
    28
    36
    44
    43
    52
    47
    57
    61
    71
    76
    74
    74
    65
    51
    50
    45
    45
    44
    43
    42
    41
    40
    49
    40
    45
    77
   105
   108
   109
   126
   124
   119
   115
   112
    95
    78
    55
    45
    38
    38
    49
    92
   118
   116
   115
   114
   113
   110
   112
   107
    91
    28
    19
    25
    20
    24
    21
    23
    20
    19
    22
    23
    21
    21
    22
    22
    20
    22
    21
    19
    20
    19
    19
    19
    21
    22
    23
    22
    21
    23
    25
    22
    20
    21
    20
    34
    84
    98
    82
    45
    48
    89
    41
    40
    42
    41
    39
    40
    40
    43
    43
    39
    36
    37
    36
    37
    34
    34
    32
    30
    32
    26
    27
    28
    34
    31
    28
    28
    27
    31
    32
    29
    29
    39
    44
    44
    41
    37
    38
    40
    47
    48
    35
    25
    19
    31
    81
   111
   115
    84
    94
   110
   112
   115
   117
   121
   112
   100
    92
    81
    72
    69
    73
    92
   110
   112
   107
   103
   100
   103
   107
    89
    20
    20
    23
    20
    24
    23
    25
    20
    22
    21
    19
    21
    24
    23
    21
    19
    21
    22
    22
    20
    21
    25
    18
    21
    20
    21
    21
    24
    23
    21
    20
    22
    22
    23
    23
    24
    82
   114
   131
    77
    48
    38
    43
    41
    41
    39
    39
    40
    40
    39
    41
    42
    43
    40
    35
    33
    32
    32
    29
    29
    36
    32
    30
    28
    30
    28
    29
    28
    29
    27
    24
    32
    40
    42
    43
    39
    35
    33
    30
    32
    29
    21
    22
    21
    22
    49
    98
   117
    86
    35
    29
    49
    70
    80
    86
    98
   109
   114
   115
   115
   109
   108
   113
   113
   104
    98
    99
    99
   108
   108
    73
    19
    19
    21
    21
    23
    19
    19
    20
    22
    21
    20
    21
    21
    22
    21
    23
    23
    22
    22
    21
    25
    21
    22
    22
    16
    19
    19
    19
    16
    21
    23
    22
    23
    22
    20
    20
    27
    84
   100
   125
   113
    80
    81
    39
    39
    39
    42
    43
    45
    41
    44
    40
    43
    39
    36
    40
    39
    35
    33
    32
    32
    29
    29
    29
    29
    29
    29
    29
    26
    26
    27
    27
    32
    25
    30
    56
    62
    39
    25
    24
    23
    23
    22
    25
    24
    22
    31
    93
   119
   102
    64
    45
    33
    27
    29
    34
    40
    43
    52
    64
    67
    74
    85
    88
    93
    96
   106
   114
   120
   100
    50
    18
    21
    22
    22
    18
    21
    22
    21
    22
    22
    22
    21
    22
    23
    19
    22
    23
    22
    23
    21
    23
    19
    19
    15
    16
    18
    17
    19
    20
    19
    18
    20
    19
    22
    18
    22
    23
    24
    88
   101
    83
   121
   100
   103
    39
    40
    39
    39
    38
    38
    40
    40
    38
    37
    41
    38
    36
    37
    37
    33
    31
    30
    30
    28
    25
    26
    29
    29
    26
    27
    28
    25
    27
    24
    29
    25
    20
    15
    23
    25
    23
    22
    24
    25
    23
    25
    21
    22
    34
    88
   113
   113
   103
   102
    98
    97
    97
    91
    84
    85
    88
    97
   102
   110
   117
   120
   114
   100
    78
    46
    17
    11
    20
    21
    23
    22
    23
    22
    22
    23
    21
    20
    21
    22
    22
    18
    22
    22
    20
    19
    19
    20
    21
    21
    23
    21
    22
    21
    21
    19
    20
    19
    19
    18
    20
    20
    22
    19
    20
    24
    87
   107
    84
   101
   116
   115
    41
    43
    42
    41
    41
    39
    40
    40
    41
    40
    37
    39
    38
    37
    32
    35
    32
    33
    31
    29
    29
    30
    27
    26
    22
    28
    28
    28
    27
    29
    27
    26
    25
    27
    23
    25
    25
    24
    26
    26
    21
    22
    23
    24
    18
    16
    29
    44
    59
    85
   116
   128
   136
   136
   135
   127
   113
    98
    91
    74
    60
    37
    23
    16
    11
    13
    15
    21
    22
    22
    17
    23
    21
    20
    18
    18
    24
    20
    22
    20
    20
    22
    21
    19
    20
    22
    20
    21
    21
    20
    21
    25
    25
    23
    22
    22
    22
    23
    22
    21
    20
    17
    20
    23
    24
    24
    80
   111
    90
    99
   130
   118
    43
    37
    37
    42
    41
    44
    41
    41
    40
    40
    40
    39
    38
    37
    40
    34
    35
    35
    31
    31
    30
    29
    28
    29
    29
    27
    26
    29
    25
    21
    25
    28
    24
    25
    26
    24
    22
    25
    25
    22
    25
    23
    23
    28
    25
    22
    21
    20
    14
    10
    15
    15
    20
    26
    23
    17
    16
    13
    14
    12
    19
    21
    20
    20
    21
    20
    25
    21
    22
    23
    22
    22
    19
    23
    24
    23
    22
    23
    22
    21
    20
    22
    21
    20
    21
    20
    22
    19
    19
    20
    23
    20
    23
    24
    25
    23
    23
    22
    20
    20
    20
    22
    21
    19
    20
    22
    77
   115
    94
   112
   140
   120
    39
    37
    38
    40
    42
    42
    40
    37
    41
    43
    38
    38
    38
    39
    38
    36
    36
    33
    37
    32
    29
    27
    27
    26
    26
    27
    26
    26
    25
    29
    22
    24
    25
    23
    23
    26
    28
    28
    27
    27
    26
    26
    27
    26
    24
    24
    23
    25
    25
    26
    25
    27
    20
    18
    22
    24
    22
    23
    24
    26
    24
    24
    24
    21
    22
    27
    23
    22
    24
    24
    21
    19
    22
    21
    21
    20
    19
    17
    20
    20
    19
    17
    18
    22
    21
    25
    21
    20
    18
    20
    20
    23
    19
    20
    18
    22
    23
    20
    27
    26
    25
    23
    22
    20
    20
    26
    69
   118
    95
   126
   179
   123
    37
    41
    40
    38
    38
    38
    39
    41
    36
    36
    38
    36
    39
    38
    35
    35
    37
    34
    33
    34
    34
    30
    31
    30
    25
    30
    29
    24
    25
    26
    29
    27
    29
    31
    31
    23
    23
    23
    24
    24
    23
    24
    22
    21
    24
    29
    26
    27
    26
    25
    26
    23
    28
    31
    25
    27
    27
    24
    25
    22
    25
    23
    25
    29
    25
    20
    23
    25
    21
    16
    23
    22
    22
    23
    22
    20
    19
    24
    21
    24
    23
    20
    22
    23
    24
    19
    20
    23
    24
    22
    18
    21
    22
    23
    24
    23
    23
    23
    19
    19
    22
    22
    22
    23
    27
    22
    68
   113
   104
   117
   185
   188
    41
    41
    43
    40
    37
    39
    39
    38
    38
    38
    37
    40
    38
    36
    36
    38
    36
    37
    34
    38
    29
    32
    29
    29
    31
    28
    28
    29
    29
    25
    25
    26
    22
    24
    24
    25
    24
    25
    24
    27
    29
    26
    31
    27
    25
    22
    27
    23
    24
    27
    26
    25
    21
    24
    26
    25
    23
    26
    25
    25
    24
    27
    23
    21
    25
    26
    23
    23
    22
    24
    21
    22
    22
    22
    20
    21
    24
    20
    21
    21
    22
    23
    23
    21
    22
    22
    23
    22
    23
    23
    19
    25
    19
    19
    20
    22
    20
    20
    21
    22
    20
    23
    20
    22
    22
    23
    71
   115
   110
   121
   124
   165
    34
    37
    35
    40
    38
    41
    42
    37
    40
    42
    37
    35
    34
    38
    39
    38
    34
    37
    36
    33
    36
    34
    32
    33
    27
    29
    28
    26
    26
    27
    29
    25
    26
    25
    25
    26
    25
    28
    27
    23
    24
    24
    16
    26
    27
    22
    27
    29
    27
    20
    26
    25
    31
    26
    26
    26
    30
    24
    26
    24
    24
    22
    24
    26
    24
    25
    22
    19
    27
    22
    22
    27
    19
    18
    22
    23
    21
    24
    23
    19
    25
    21
    18
    21
    21
    24
    24
    26
    24
    23
    26
    24
    20
    24
    22
    19
    23
    23
    23
    25
    26
    19
    21
    21
    20
    25
    92
   138
   131
   112
   111
   106
