    51
    46
    48
    43
    44
    44
    45
    47
    50
    50
    47
    48
    49
    47
    52
    54
    46
    50
    49
    48
    50
    51
    52
    52
    49
    46
    49
    50
    50
    55
    48
    50
    48
    49
    50
    53
    56
    53
    53
    48
    50
    52
    51
    54
    51
    54
    45
    48
    51
    50
    44
    18
    16
     4
     2
    10
     5
     6
    39
    47
    69
    70
    74
    41
     8
    31
    64
    52
    49
    46
    54
    55
    54
    53
    48
    49
    50
    53
    49
    48
    52
    47
    50
    44
    47
    50
    47
    51
    53
    48
    47
    53
    49
    39
    48
    50
    46
    46
    46
    46
    50
    41
    46
    47
    49
    48
    51
    49
    48
    46
    91
   148
    46
    50
    47
    50
    45
    44
    49
    49
    46
    50
    55
    51
    45
    48
    48
    49
    52
    51
    50
    47
    47
    51
    48
    51
    52
    48
    49
    53
    49
    49
    52
    42
    41
    45
    46
    47
    45
    52
    54
    55
    49
    48
    50
    49
    50
    45
    51
    47
    33
    49
    54
   124
   149
   163
   157
   150
   158
   192
   201
   203
   193
   196
   200
   198
   164
    87
    34
    22
    33
    49
    56
    46
    48
    46
    45
    48
    46
    45
    46
    40
    44
    46
    48
    51
    48
    45
    44
    44
    45
    52
    49
    46
    47
    52
    47
    49
    49
    50
    53
    52
    44
    52
    48
    50
    50
    46
    43
    47
    47
    31
   100
   197
    48
    44
    45
    46
    49
    47
    45
    46
    49
    47
    46
    47
    54
    51
    51
    49
    47
    49
    52
    57
    61
    58
    55
    42
    45
    44
    30
    21
    35
    45
    37
    51
    62
    67
    58
    39
    41
    49
    46
    46
    49
    46
    44
    51
    46
    53
    52
    56
   141
   144
   122
   129
   107
   111
   123
   129
   130
   127
   118
   120
   132
   134
   135
   153
   170
   189
   175
   130
    75
    31
    15
    44
    45
    42
    46
    45
    45
    45
    45
    44
    44
    48
    44
    40
    43
    45
    49
    47
    46
    44
    40
    43
    47
    49
    49
    46
    47
    45
    46
    44
    48
    50
    50
    45
    45
    53
    49
    50
    46
    72
   176
   197
    44
    47
    49
    45
    47
    46
    49
    47
    47
    49
    51
    51
    47
    48
    46
    44
    44
    32
    36
    35
    38
    39
    45
    46
    46
    49
    77
    98
    92
   103
   128
   130
   125
   104
    98
   104
    71
    36
    35
    35
    49
    57
    45
    36
    47
    53
    44
    31
   101
   116
   112
   123
    61
    56
    96
   111
   124
   141
   166
   175
   169
   154
   145
   130
   126
   132
   157
   174
   164
   160
   123
    41
    29
    49
    42
    45
    41
    42
    39
    40
    38
    38
    40
    42
    42
    40
    37
    38
    40
    44
    46
    42
    41
    44
    44
    47
    47
    47
    46
    50
    45
    49
    44
    45
    47
    46
    47
    45
    47
   140
   205
   164
    43
    43
    46
    46
    48
    51
    49
    50
    50
    53
    49
    47
    48
    48
    50
    53
    55
    75
    76
    78
    70
    58
    49
    54
    56
    61
    69
    91
   110
    93
    63
    58
    60
    58
    58
    62
    81
   106
   127
   118
   102
    87
    93
    81
    38
     5
    48
   129
   149
    86
    39
    34
    78
    68
    63
    93
   135
   168
   160
   145
   164
   172
   169
   183
   179
   171
   133
   115
   158
   169
   168
   157
    73
    18
    36
    40
    39
    39
    40
    38
    41
    38
    36
    38
    39
    36
    37
    42
    45
    38
    38
    42
    46
    44
    44
    46
    44
    46
    45
    44
    46
    43
    48
    45
    45
    47
    47
    41
    94
   155
   199
   139
    49
    51
    45
    46
    43
    47
    48
    46
    52
    47
    47
    47
    44
    51
    38
    46
    52
    53
    56
    54
    59
    68
    57
    62
    88
   102
    92
    77
    76
    82
   107
   109
    98
    95
    95
    90
    85
    78
    83
    96
   108
   115
   110
    73
    94
   154
   161
   116
   119
   138
   155
   136
    85
    99
   111
   100
    69
    44
    90
   167
   183
   172
   169
   161
   156
   150
   157
   161
   133
   138
   137
   136
   136
    86
    27
    29
    37
    34
    33
    36
    37
    38
    39
    33
    36
    39
    38
    36
    36
    39
    41
    38
    38
    39
    41
    41
    38
    40
    47
    44
    44
    41
    46
    45
    41
    43
    45
    52
   125
   177
   199
   155
    46
    39
    42
    48
    50
    50
    47
    51
    45
    52
    52
    48
    48
    39
    41
    34
    34
    23
    16
    26
    55
    75
    83
   101
   113
   110
   105
   129
   142
   163
   151
   137
   128
   121
   121
   126
   126
   115
   107
   104
   112
    96
    75
   134
   148
    77
    46
    45
    38
    71
   109
   140
   148
   138
   145
   154
   161
   170
   137
    77
    68
   115
   122
   118
   132
   154
   166
   168
   168
   164
   159
   158
   157
   148
   109
    29
    37
    40
    40
    36
    36
    37
    33
    37
    36
    35
    37
    39
    36
    39
    37
    39
    40
    37
    41
    41
    45
    41
    38
    43
    42
    46
    42
    42
    47
    47
    41
    66
   143
   205
   212
   194
    44
    48
    49
    46
    47
    47
    51
    47
    50
    47
    50
    48
    34
    36
    29
    28
    26
    39
    68
    83
    94
   107
   115
   112
   120
   126
   142
   148
   145
   135
   134
   132
   128
   134
   136
   134
   134
   140
   138
   143
   147
   147
   195
   159
   106
   106
    81
    95
   119
   116
   100
    94
    84
    86
    97
   106
   112
   113
   128
   130
   128
    97
   116
   121
   101
   115
   151
   159
   164
   157
   154
   155
   161
   147
   136
    78
    29
    33
    30
    34
    34
    38
    38
    35
    34
    36
    37
    37
    39
    36
    36
    33
    39
    42
    36
    39
    40
    41
    42
    39
    44
    42
    41
    43
    42
    43
    33
   112
   185
   210
   175
   164
    51
    47
    49
    45
    48
    45
    47
    47
    50
    53
    45
    34
    30
    27
    34
    30
    42
    74
    89
    95
   114
   106
   105
   130
   148
   147
   141
   135
   134
   140
   144
   143
   146
   137
   136
   138
   138
   133
   138
   137
   140
   155
   131
   128
   139
   144
   152
   130
   115
   135
   147
   148
   145
   138
   134
   131
   130
   126
   121
   118
   114
   139
   136
   112
   117
   100
    80
    85
    92
   100
   118
    97
    89
   107
   110
    98
    50
    59
    36
    45
    40
    36
    32
    31
    27
    36
    36
    34
    36
    34
    35
    37
    33
    37
    38
    38
    38
    37
    40
    41
    39
    35
    37
    41
    40
    42
    68
   140
   173
   163
   168
   175
    47
    46
    49
    51
    50
    47
    49
    54
    54
    42
    19
    13
    18
    24
    22
    50
    79
    87
    95
    98
    84
    97
   135
   146
   144
   144
   145
   150
   148
   144
   144
   146
   145
   148
   149
   145
   144
   149
   144
   145
   142
   125
   132
   142
   143
   145
   145
   149
   139
   128
   142
   152
   160
   157
   150
   140
   132
   128
   126
   129
   131
   127
   160
   134
   124
   120
   125
   127
   133
   145
   126
   118
   106
   109
    93
    97
   101
    90
    91
    70
    67
    51
    39
    48
    55
    44
    37
    37
    37
    35
    38
    38
    39
    36
    38
    35
    39
    41
    40
    38
    37
    42
    43
    44
    34
    20
   105
   162
   171
   180
   179
   180
    45
    45
    47
    42
    44
    49
    43
    33
    17
    16
    34
    92
   124
   113
   108
   101
   103
    99
    81
   100
   131
   144
   142
   141
   139
   142
   154
   158
   161
   159
   162
   167
   169
   165
   164
   165
   158
   153
   151
   152
   145
   131
   141
   143
   145
   152
   155
   159
   167
   158
   160
   181
   182
   171
   164
   160
   153
   156
   158
   146
   150
   141
   135
   123
   125
   136
   130
   122
   123
   118
   124
   123
   114
   101
    97
    92
   102
   113
   102
    83
    79
    79
    86
    75
    63
    33
    33
    28
    35
    39
    35
    36
    37
    37
    39
    38
    36
    39
    38
    39
    40
    35
    33
    16
    61
   147
   187
   186
   183
   180
   162
   155
    51
    51
    48
    50
    48
    45
    58
    73
    85
   103
   121
   115
   109
   111
   102
    98
    75
    85
   134
   152
   151
   150
   150
   155
   160
   168
   170
   170
   172
   174
   173
   173
   173
   175
   173
   167
   173
   167
   156
   150
   129
   127
   141
   147
   141
   150
   152
   153
   170
   171
   163
   173
   175
   171
   162
   171
   178
   174
   169
   164
   150
   151
   153
   140
   131
   157
   144
   144
   144
   145
   132
   127
   121
   134
   114
   115
   114
    99
    91
    98
   111
    96
    85
    94
    85
    94
    66
    46
    35
    28
    34
    39
    38
    40
    43
    44
    38
    31
    34
    38
    38
    31
    33
   124
   179
   186
   179
   172
   157
   148
   189
   226
    43
    46
    47
    46
    50
    66
    81
   112
   131
   103
    98
   106
   102
   100
    85
    77
   104
   146
   155
   157
   162
   167
   167
   166
   169
   171
   172
   177
   180
   185
   184
   186
   186
   184
   175
   177
   166
   172
   169
   165
   133
   142
   145
   151
   147
   152
   151
   155
   158
   173
   166
   158
   157
   151
   167
   178
   175
   177
   171
   169
   168
   160
   157
   153
   128
   159
   169
   162
   160
   158
   152
   138
   130
   123
   131
   126
   103
   108
   125
   108
    93
   106
   115
   103
   101
    97
    96
    87
    65
    48
    45
    39
    33
    33
    34
    43
    42
    38
    38
    35
    19
    54
   151
   176
   178
   164
   153
   144
   179
   208
   177
   132
    45
    40
    43
    46
   100
   110
   102
    87
    80
    95
    98
    87
    70
    62
    75
   112
   149
   163
   164
   161
   161
   165
   177
   185
   183
   185
   187
   187
   188
   184
   187
   184
   184
   186
   188
   167
   162
   163
   169
   154
   133
   140
   140
   138
   134
   141
   147
   155
   156
   167
   156
   137
   136
   156
   175
   186
   183
   182
   181
   172
   168
   169
   167
   156
   131
   153
   164
   160
   163
   155
   145
   130
   133
   151
   153
   151
   157
   147
   140
   141
   147
   123
    92
    90
    83
    74
    74
    85
    75
    68
    57
    51
    45
    41
    41
    46
    39
    43
    36
    27
    79
   145
   157
   149
   144
   139
   145
   155
   140
   113
   102
   120
    49
    53
    48
    84
    93
   111
    92
    84
    97
    78
    65
    63
    72
    79
   107
   150
   166
   165
   159
   166
   175
   179
   187
   186
   182
   182
   188
   191
   189
   192
   194
   192
   189
   187
   168
   165
   172
   172
   171
   144
   146
   148
   141
   153
   158
   131
   128
   152
   157
   149
   149
   137
   137
   161
   181
   185
   187
   190
   184
   181
   177
   166
   171
   171
   133
   137
   171
   170
   163
   150
   143
   139
   143
   147
   161
   151
   145
   118
   108
   102
   113
   106
   107
    91
    96
    88
    88
    82
    84
    63
    57
    55
    58
    54
    66
    61
    49
    39
    30
    87
   134
   133
   114
   104
   106
    95
    89
    68
    71
    66
    62
    55
    45
    58
    90
    82
    69
    77
    82
    82
    87
    95
    88
    79
    78
   109
   153
   169
   166
   160
   163
   176
   182
   187
   189
   186
   189
   193
   192
   191
   194
   194
   188
   187
   191
   175
   164
   167
   173
   175
   158
   142
   162
   160
   165
   157
   104
    99
   135
   140
   148
   164
   156
   139
   134
   153
   171
   176
   183
   178
   181
   180
   178
   177
   171
   176
   152
   137
   173
   159
   161
   148
   134
   135
   154
   165
   163
   159
   154
   129
   131
   125
   101
    95
    90
    99
    92
    89
    93
   100
   102
    93
    77
    81
    69
    66
    58
    61
    73
    64
    80
   111
    78
    52
    45
    38
    25
    23
    21
    21
    43
    85
   101
    90
    56
    63
    72
    74
    79
    84
    76
   109
   119
    92
    80
    84
    91
   125
   161
   168
   168
   168
   177
   181
   186
   188
   189
   188
   189
   187
   191
   195
   191
   186
   188
   191
   180
   171
   171
   181
   180
   159
   151
   139
   171
   184
   152
   105
   119
   124
   112
   127
   156
   163
   156
   150
   147
   156
   171
   180
   183
   193
   190
   184
   172
   173
   174
   173
   158
   130
   165
   163
   149
   129
   131
   152
   156
   154
   152
   154
   144
   124
   116
   115
    97
    90
   104
   108
   110
   105
   111
    93
    97
   103
    88
    86
    97
    75
    70
    71
    56
    53
    55
    49
    48
    42
    39
    37
    27
    33
    40
    54
    59
    34
    20
    14
    57
    67
    67
    72
    81
    86
    98
   100
    80
    65
    58
    62
    95
   148
   170
   173
   174
   179
   184
   183
   186
   187
   189
   188
   188
   186
   190
   189
   186
   189
   193
   188
   179
   180
   181
   183
   170
   150
   150
   149
   179
   161
   132
   166
   150
   107
   115
   130
   129
   141
   140
   148
   149
   160
   171
   180
   184
   185
   189
   183
   176
   182
   181
   178
   159
   128
   176
   160
   134
   135
   161
   175
   178
   173
   166
   161
   155
   154
   154
   153
   152
   141
   124
   105
   118
   110
    98
   104
    90
    88
    97
    79
    79
    70
    63
    43
    42
    32
    35
    39
    40
    55
    50
    28
    45
    42
    32
    20
    17
    20
    14
    14
    58
    81
    85
    78
    95
    91
    72
    68
    53
    52
    68
    96
   145
   173
   177
   179
   178
   181
   182
   185
   186
   187
   186
   183
   185
   191
   192
   190
   193
   193
   194
   186
   187
   191
   184
   184
   171
   154
   165
   151
   178
   150
   188
   172
   108
    87
   116
   148
   157
   158
   148
   159
   167
   165
   164
   163
   169
   186
   184
   178
   185
   185
   180
   172
   155
   128
   168
   152
   136
   159
   178
   185
   179
   184
   182
   166
   165
   163
   161
   151
   145
   129
   117
   102
    84
    77
    96
    92
    95
    86
    80
    76
    67
    60
    68
    69
    52
    62
    50
    43
    41
    29
    50
    51
    30
    14
    18
    24
    21
    16
    14
    18
    58
    67
    79
    90
    74
    81
    82
    87
    72
    70
    80
   121
   151
   163
   172
   179
   180
   187
   187
   190
   189
   191
   189
   186
   185
   188
   182
   186
   192
   197
   194
   190
   195
   189
   182
   162
   150
   150
   174
   158
   175
   155
   195
   141
    93
   129
   151
   136
   154
   166
   161
   164
   173
   175
   169
   167
   177
   182
   182
   184
   183
   179
   174
   175
   150
   121
   146
   126
   137
   171
   185
   184
   182
   176
   178
   176
   170
   170
   169
   162
   160
   146
   146
   126
   122
   119
    91
    94
    85
    95
   100
    88
    89
    88
    71
    49
    39
    42
    48
    47
    50
    50
    38
    34
    34
    41
    28
    17
    13
    13
    18
    16
    58
    70
    87
    99
    88
    92
    94
    77
    71
    76
   114
   131
   153
   174
   184
   185
   188
   189
   189
   189
   193
   193
   189
   189
   191
   189
   184
   188
   196
   196
   196
   196
   196
   188
   182
   155
   131
   138
   174
   161
   156
   163
   159
    98
    71
    93
   143
   138
   119
   156
   158
   156
   176
   176
   168
   166
   182
   181
   183
   188
   175
   178
   181
   182
   159
   127
   123
    97
   127
   171
   176
   176
   179
   177
   177
   177
   184
   188
   180
   185
   181
   163
   151
   139
   131
   117
   113
   102
   100
    85
    96
    87
    61
    48
    47
    53
    54
    46
    48
    60
    40
    37
    39
    38
    45
    41
    52
    54
    47
    44
    31
    19
    75
    87
   101
    97
    98
    97
    92
    83
    85
   109
   114
   128
   157
   183
   183
   187
   189
   192
   190
   193
   193
   189
   186
   187
   190
   189
   190
   197
   199
   200
   196
   199
   196
   188
   165
   137
   121
   130
   172
   165
   159
   186
   146
    69
    57
    50
    66
   122
   126
   164
   163
   169
   186
   181
   176
   178
   176
   178
   181
   177
   178
   185
   184
   181
   145
   133
   113
    79
   120
   172
   176
   176
   179
   179
   186
   192
   193
   190
   181
   168
   156
   149
   146
   155
   134
   127
   134
   142
   127
    97
    67
    71
    68
    62
    66
    61
    57
    50
    49
    32
    27
    39
    43
    34
    35
    49
    49
    48
    67
    78
    82
    87
    87
    79
    90
    80
    84
    79
    74
    75
    82
    90
   102
   135
   172
   185
   186
   186
   190
   192
   195
   194
   193
   190
   190
   191
   193
   191
   193
   197
   198
   196
   199
   201
   199
   190
   153
   123
    99
   130
   173
   163
   156
   195
   129
    58
    61
    85
    86
   109
   120
   156
   167
   185
   189
   178
   183
   184
   180
   178
   176
   183
   191
   187
   177
   174
   129
   140
   100
    69
   118
   170
   181
   180
   179
   178
   185
   173
   155
   147
   136
   132
   157
   145
   136
   129
   146
   119
   117
   118
    96
    80
    80
    77
    58
    64
    71
    70
    76
    76
    45
    37
    46
    48
    46
    59
    36
    35
    28
    38
    46
    42
    49
    54
    57
    69
    87
    85
    88
    85
    81
    71
    84
    92
   127
   160
   176
   184
   187
   191
   195
   194
   196
   192
   193
   190
   191
   190
   190
   188
   194
   199
   201
   201
   202
   204
   199
   188
   145
   120
   103
   122
   149
   157
   142
   164
   118
   126
    36
    56
    94
   119
   123
   150
   170
   190
   194
   190
   189
   185
   182
   174
   178
   185
   185
   179
   172
   161
   118
   150
    98
    72
   127
   176
   178
   178
   184
   177
   147
   120
   102
   102
   113
   117
   121
   149
   131
   104
    92
   120
   111
    92
    85
    70
    74
    73
    71
    69
    55
    52
    43
    31
    36
    43
    33
    37
    42
    35
    36
    38
    45
    34
    32
    36
    42
    47
    54
    67
    65
   101
   102
    82
    74
    77
    87
   110
   136
   165
   185
   188
   189
   189
   194
   195
   195
   197
   193
   192
   190
   192
   191
   192
   195
   197
   202
   200
   197
   198
   198
   179
   139
   124
   110
   113
   140
   158
   132
   152
    88
    42
    75
   104
   113
   121
   135
   151
   172
   191
   190
   189
   191
   186
   178
   175
   186
   193
   187
   176
   165
   129
   123
   135
    89
    77
   119
   159
   167
   159
   159
   146
   133
   139
   145
   130
   128
   124
   121
   111
   105
   106
    99
    75
    99
   122
   124
   110
   105
    84
    78
    70
    66
    56
    52
    55
    51
    64
    66
    46
    48
    50
    68
    37
    37
    43
    46
    37
    34
    33
    61
    64
    82
    87
    84
    70
    74
    80
    86
   108
   150
   180
   188
   187
   189
   195
   195
   191
   192
   195
   189
   189
   193
   193
   193
   194
   195
   195
   199
   199
   202
   202
   191
   169
   155
   137
   123
   103
   141
   166
   128
   149
    95
    62
    85
    83
   108
   116
   133
   152
   181
   196
   200
   195
   191
   185
   175
   178
   188
   191
   179
   159
   139
   104
   130
   128
    92
    70
   107
   154
   168
   176
   157
   128
   125
   121
   127
   128
   127
   132
   134
   136
   148
   152
   156
   157
   162
   171
   170
   147
   130
   113
   112
   106
    98
    72
    74
    75
    71
    58
    56
    39
    34
    46
    51
    64
    45
    34
    42
    42
    27
    25
    49
    59
    66
    78
    76
    79
    78
    83
    91
   113
   146
   169
   186
   189
   193
   195
   195
   196
   195
   194
   194
   192
   189
   191
   192
   194
   196
   198
   203
   203
   204
   202
   197
   172
   153
   148
   127
   103
   156
   162
   111
   146
   129
   108
   133
   167
   152
   122
   117
   145
   179
   187
   191
   191
   188
   181
   181
   194
   193
   180
   155
   132
   107
   116
   145
   138
    91
    81
   127
   171
   159
   140
   116
   112
   127
   142
   127
   122
   118
   121
   142
   164
   175
   177
   180
   173
   159
   163
   166
   158
   135
   129
   130
   121
    85
    82
    72
    62
    52
    50
    49
    71
    65
    56
    44
    30
    45
    42
    42
    29
    29
    25
    54
    56
    59
    72
    85
    81
    77
    75
    93
   126
   154
   178
   186
   188
   192
   196
   195
   198
   200
   199
   196
   192
   195
   194
   195
   196
   196
   199
   203
   203
   203
   204
   200
   185
   162
   155
   136
   109
   152
   180
   120
   139
   143
   113
   149
   164
   154
   123
   115
   141
   172
   190
   195
   196
   187
   178
   185
   194
   178
   146
   129
   123
   124
   169
   171
   132
    87
   117
   166
   159
   151
   136
   134
   127
   122
   110
   102
   112
    96
   107
   169
   185
   185
   186
   184
   173
   172
   160
   160
   163
   165
   166
   142
   125
   111
   101
    93
    78
    75
    56
    43
    42
    41
    47
    38
    42
    38
    36
    28
    38
    29
    24
    44
    43
    58
    80
    90
    82
    88
    99
   115
   118
   150
   182
   191
   192
   194
   193
   195
   197
   198
   197
   196
   195
   193
   194
   193
   191
   194
   197
   201
   205
   207
   207
   203
   191
   175
   164
   147
   117
   159
   194
   126
   124
   138
   119
   108
   132
   136
   125
   112
   137
   173
   182
   192
   189
   179
   180
   184
   168
   125
   127
   115
    73
   123
   131
   116
   100
   125
   170
   176
   158
   157
   141
   120
   116
   120
   112
   110
    89
    78
    98
   160
   182
   191
   176
   178
   171
   160
   152
   156
   157
   160
   150
   143
   143
   127
   118
   104
    93
    73
    68
    75
    68
    65
    44
    36
    32
    45
    38
    29
    20
    31
    26
    33
    55
    61
    71
    90
    89
    85
   104
   104
   113
   144
   171
   187
   191
   190
   195
   196
   197
   200
   200
   198
   198
   197
   198
   193
   195
   200
   201
   202
   203
   204
   205
   205
   197
   175
   172
   168
   134
   143
   199
   129
   123
   141
   134
   107
   129
   149
   136
   121
   140
   168
   183
   189
   186
   184
   182
   176
   147
   145
   111
   110
   186
   191
   162
   112
   104
   126
   157
   166
   154
   119
   106
   103
   109
   122
   131
   121
    87
    60
    73
   141
   154
   180
   174
   158
   174
   164
   150
   146
   157
   154
   153
   149
   147
   153
   132
   123
   112
    90
    75
    64
    53
    46
    62
    52
    40
    33
    41
    38
    34
    23
    20
    59
    59
    62
    67
    73
    78
    94
    97
   101
   130
   148
   183
   192
   193
   194
   198
   197
   199
   201
   200
   198
   197
   197
   198
   198
   194
   198
   200
   203
   205
   206
   208
   208
   204
   197
   186
   166
   142
   155
   202
   118
   118
   133
   162
   133
   139
   167
   145
   119
   140
   170
   182
   173
   170
   174
   192
   187
   140
    87
   127
   189
   183
   173
   148
   110
   102
    95
    92
   106
   100
    92
    94
   112
   121
   137
   126
   100
    71
    48
    77
   126
   144
   155
   173
   161
   140
   150
   139
   128
   130
   141
   163
   174
   182
   175
   152
   121
   105
    97
    79
    53
    51
    61
    45
    61
    50
    51
    35
    29
    31
    31
    40
    55
    48
    55
    68
    74
    93
   110
    96
   103
   116
   148
   183
   198
   195
   195
   197
   199
   199
   202
   198
   197
   199
   197
   197
   197
   198
   196
   196
   201
   206
   209
   210
   206
   200
   200
   200
   187
   158
   164
   199
   124
   128
   121
   157
   181
   175
   175
   144
   125
   151
   162
   159
   162
   173
   186
   149
   109
   131
   181
   183
   159
   149
   146
   124
    73
    80
    72
    56
    93
   122
   124
   117
   113
   126
   137
   107
    78
    61
    33
    62
   140
   145
   162
   148
   161
   149
   134
   147
   140
   136
   143
   156
   164
   175
   170
   136
   121
   108
    86
    84
    87
    80
    82
    83
    75
    65
    38
    35
    31
    36
    41
    25
    37
    46
    68
    71
    77
   102
   103
   110
   100
   117
   155
   162
   172
   189
   196
   198
   200
   201
   201
   201
   201
   196
   195
   199
   199
   196
   196
   199
   199
   206
   208
   207
   205
   206
   202
   198
   192
   183
   176
   180
   114
   165
   149
   142
   166
   187
   169
   143
   142
   153
   161
   173
   172
   142
    96
   127
   182
   200
   203
   204
   184
   157
   149
   138
    59
    23
    41
    60
   102
   122
   110
   110
   115
   146
   140
   116
    87
    55
    22
    46
   149
   155
   162
   163
   141
   155
   134
   134
   146
   124
   119
   144
   173
   177
   161
   140
   125
   108
    99
    90
    94
    99
    62
    44
    51
    39
    39
    37
    31
    28
    30
    33
    39
    37
    48
    66
    94
   100
   109
   102
   101
   125
   150
   160
   190
   194
   194
   197
   200
   202
   202
   201
   200
   199
   198
   201
   200
   196
   195
   195
   196
   200
   206
   208
   206
   203
   202
   196
   192
   192
   195
   173
    99
   125
   171
   174
   157
   127
   132
   153
   163
   160
   142
    89
    52
    75
   156
   193
   197
   196
   199
   209
   203
   177
   156
   154
   152
    73
    24
    45
    68
    79
    87
   106
   132
   122
   144
   123
    73
    38
    17
    56
   158
   156
   152
   157
   146
   138
   143
   113
   120
   127
   129
   130
   156
   167
   154
   152
   127
   114
   110
   107
    89
    63
    74
    68
    42
    40
    39
    48
    43
    30
    25
    32
    28
    34
    55
    72
    75
    94
    98
   103
   120
   139
   142
   163
   177
   192
   197
   198
   200
   200
   204
   202
   199
   202
   202
   201
   199
   197
   197
   197
   201
   201
   200
   198
   200
   201
   199
   201
   198
   192
   197
   173
   102
   123
   117
   132
   160
   203
   194
    88
    54
    49
    71
   116
   169
   194
   202
   198
   188
   188
   190
   190
   192
   179
   169
   159
   135
   123
    61
    37
    52
    94
   123
   109
    76
    77
   126
   117
    62
    49
    32
    78
   144
   162
   159
   184
   161
   131
   143
   123
   124
   117
   104
   123
   160
   174
   171
   154
   132
   120
   105
    89
    86
    90
    83
    67
    63
    44
    49
    39
    40
    37
    32
    41
    39
    36
    46
    58
    66
    80
    87
   100
    92
   126
   160
   158
   173
   184
   190
   197
   201
   201
   203
   199
   199
   200
   200
   202
   202
   201
   200
   200
   202
   206
   209
   212
   210
   206
   198
   197
   198
   198
   202
   171
   132
   196
   189
   130
    82
    87
   159
    76
    67
   152
   203
   217
   207
   197
   192
   189
   191
   193
   196
   209
   207
   180
   151
   143
   115
    92
    92
    67
    52
    42
    76
    86
   102
   144
   139
   117
    60
    51
    43
   117
   135
   138
   151
   178
   167
   133
   131
   114
    86
    97
   103
   114
   130
   148
   150
   143
   156
   160
   145
   132
   121
    99
    73
    62
    65
    58
    36
    33
    35
    38
    37
    24
    38
    42
    52
    58
    63
    79
   104
   102
    99
   126
   133
   144
   158
   171
   190
   197
   195
   197
   202
   199
   198
   198
   201
   202
   201
   199
   197
   197
   199
   201
   204
   209
   209
   202
   194
   194
   192
   198
   197
   170
   148
   206
   177
   126
   157
   181
   181
    74
   142
   200
   197
   189
   191
   196
   201
   200
   198
   194
   201
   213
   207
   182
   162
   138
   111
    86
    72
    80
    68
    68
    56
    72
   103
   161
   155
   107
    61
    40
    53
   169
   214
   197
   149
   165
   157
   162
   137
   124
    72
    87
   105
   128
   140
   157
   161
   157
   137
   119
   123
   131
   124
   119
   106
    80
    46
    34
    35
    24
    19
    25
    34
    39
    38
    44
    33
    47
    46
    62
    88
   111
   116
   124
   135
   145
   152
   176
   187
   192
   198
   201
   200
   197
   198
   200
   200
   202
   202
   201
   198
   192
   190
   195
   200
   204
   208
   209
   211
   209
   208
   204
   202
   174
   141
   197
   144
   113
   171
   193
   181
    75
   147
   199
   196
   198
   207
   204
   193
   190
   191
   188
   195
   209
   209
   174
   160
   143
   116
    87
    68
    47
    53
    45
    36
    53
   101
   148
   176
   101
    65
    76
    69
   141
   187
   201
   160
   165
   158
   144
   125
   118
    76
    80
    91
   118
   138
   152
   147
   133
   121
   113
   116
   118
   113
   102
    63
    30
    52
    55
    56
    65
    52
    39
    32
    32
    27
    25
    44
    57
    66
    78
    79
   100
   111
   121
   131
   119
   116
   154
   185
   195
   199
   199
   201
   196
   197
   198
   199
   201
   199
   198
   199
   199
   198
   198
   199
   201
   204
   206
   208
   208
   210
   208
   197
   170
   133
   186
   125
   110
   169
   196
   173
    78
   136
   187
   183
   181
   178
   178
   173
   171
   178
   183
   183
   178
   183
   171
   133
   124
   110
    86
    74
    60
    33
    28
    34
    65
    94
   138
   175
   112
    72
    54
    39
   156
   162
   136
   145
   167
   164
   141
   138
   122
    65
    78
    82
    87
   121
   137
   137
   151
   173
   156
   128
   118
   107
   107
    87
    82
    60
    41
    33
    41
    25
    22
    17
    27
    72
    63
    57
    63
    57
    76
    69
    89
    96
   114
   124
   134
   144
   177
   190
   195
   199
   201
   201
   202
   201
   199
   197
   196
   196
   197
   199
   199
   201
   204
   202
   203
   202
   202
   195
   187
   184
   191
   181
   169
   147
   191
   115
    83
   151
   160
   144
    66
   128
   172
   171
   172
   176
   178
   176
   172
   170
   170
   169
   177
   174
   158
   137
   120
   108
   104
    93
    50
    45
    43
    29
    18
    60
   122
   181
   104
    73
    59
    51
   135
   194
   217
   176
   165
   157
   138
   135
   131
    69
    88
    90
   108
   122
   117
   134
   141
   134
   128
   114
   106
    91
    81
    85
    80
    57
    54
    37
    23
    20
    28
    29
    25
    23
    36
    64
    50
    58
    47
    66
    86
    73
    90
   107
   125
   148
   179
   193
   198
   201
   202
   205
   201
   200
   202
   201
   201
   196
   199
   202
   199
   203
   206
   204
   200
   196
   187
   182
   180
   185
   182
   174
   169
    98
   155
   151
   138
   170
   186
   164
    86
    79
   141
   169
   180
   190
   191
   183
   174
   169
   171
   170
   176
   181
   151
   122
   116
   114
    87
    45
    32
    53
    58
    66
    86
    99
   120
   162
   112
    67
    26
    34
   103
   124
   137
   151
   174
   167
   153
   154
   119
    74
    86
   101
   118
   127
   150
   147
   126
   136
   139
   113
    99
    94
    93
    84
    72
    60
    39
    38
    44
    41
    37
    38
    28
    41
    42
    35
    57
    44
    51
    67
    79
    89
    95
   112
   139
   177
   187
   195
   199
   201
   200
   203
   201
   202
   203
   202
   199
   196
   196
   198
   201
   204
   206
   208
   210
   209
   207
   197
   189
   190
   194
   178
   165
    99
   105
   103
    93
    77
    98
    90
    69
    80
    89
    73
    58
    77
   133
   183
   179
   176
   168
   164
   175
   173
   148
   128
   110
    95
    51
    36
    38
    46
    62
    92
   121
   127
   118
   132
   111
    83
    54
    58
   158
   195
   202
   176
   156
   158
   157
   130
   110
    48
    62
    96
   105
   117
   127
   118
   147
   127
   106
    96
   104
    98
    93
    78
    60
    40
    51
    35
    23
    30
    26
    30
    35
    56
    57
    48
    57
    55
    50
    70
    88
    91
    99
   126
   162
   180
   192
   195
   198
   199
   202
   199
   196
   198
   196
   201
   203
   200
   192
   193
   197
   203
   207
   210
   211
   209
   209
   207
   202
   203
   196
   186
   160
    95
   122
   120
   116
   109
    97
    82
    79
    68
    67
    80
    89
    70
    67
   121
   175
   176
   177
   175
   165
   165
   148
   127
   111
    71
    31
    39
    59
    45
    69
    86
    94
   128
   118
   149
   115
    85
    50
    46
   114
   164
   188
   159
   172
   151
   130
   137
   119
    75
    74
    62
   112
   148
   141
   131
   139
   138
   127
   127
   112
   116
    97
    60
    49
    60
    47
    28
    38
    25
    21
    22
    23
    42
    34
    32
    38
    60
    66
    70
    80
    81
   105
   120
   148
   174
   183
   193
   197
   199
   197
   198
   197
   196
   198
   194
   198
   196
   195
   195
   199
   200
   203
   206
   205
   207
   205
   203
   197
   192
   191
   185
   148
   113
   105
   110
   123
   126
   114
   112
   118
   118
   119
   119
   110
   110
    96
    63
    82
   151
   173
   170
   174
   176
   166
   147
   114
    58
    30
    42
    48
    45
    71
    89
   117
    94
   105
   109
   111
    84
    45
    57
   111
   156
   182
   157
   164
   162
   158
   126
   104
    55
    80
   107
   138
   142
   160
   172
   171
   171
   163
   151
   120
    92
    81
    91
    94
    54
    32
    30
    21
    28
    33
    32
    33
    31
    43
    58
    58
    73
    66
    66
    75
    86
   104
   132
   152
   170
   182
   188
   194
   196
   201
   198
   198
   197
   200
   200
   198
   194
   195
   196
   200
   202
   205
   210
   208
   205
   205
   190
   179
   169
   159
   179
   139
   118
   110
   116
   123
   116
   110
   105
   111
   120
   135
   134
   138
   139
   136
   134
    88
    37
    77
   142
   152
   161
   162
   156
   129
    73
    29
    33
    48
    60
    76
   114
   124
   133
   135
   128
   100
    87
    45
    67
   140
   201
   201
   165
   173
   154
   135
   127
   100
    72
    76
   105
   122
   140
   157
   159
   165
   163
   157
   150
   150
   120
    90
    55
    21
    32
    35
    28
    27
    28
    15
    30
    27
    40
    41
    57
    68
    55
    52
    82
    91
    96
   106
   121
   149
   172
   181
   189
   190
   195
   199
   200
   198
   202
   200
   198
   199
   194
   193
   195
   199
   201
   204
   205
   207
   207
   201
   191
   169
   160
   129
   182
   130
   105
   101
    94
   116
   146
   139
   113
   107
   131
   140
   135
   129
   128
   134
   135
   147
   129
    58
    59
   138
   162
   168
   156
   126
    81
    32
    30
    43
    59
    88
   113
   135
   111
   121
   130
   116
    96
    34
    52
    99
   134
   149
   150
   156
   142
   128
   119
    89
    70
    69
   104
   136
   144
   170
   170
   149
   157
   167
   156
   111
   117
   122
   110
    76
    55
    24
    19
    15
    30
    49
    34
    32
    36
    50
    60
    48
    52
    84
    86
    87
   101
   123
   129
   145
   174
   182
   186
   189
   188
   189
   192
   190
   186
   188
   194
   191
   189
   192
   198
   198
   203
   203
   207
   206
   204
   194
   176
   150
   136
   113
   179
   121
   118
   110
   124
   167
   170
   164
   132
    94
   103
   138
   138
   118
   115
   121
   133
   146
   150
   144
    87
    84
   151
   165
   164
   140
    98
    50
    33
    54
    89
    96
    92
    81
   103
   107
   121
   107
    87
    67
    63
    89
   110
   141
   156
   146
   130
   121
   124
    77
    88
    97
   110
   127
   153
   133
   157
   159
   136
   108
    97
   104
   102
    76
    52
    55
    52
    72
    77
    80
    60
    34
    28
    24
    62
    47
    28
    45
    93
    81
    89
    96
   100
   114
   116
   136
   166
   177
   182
   190
   190
   192
   192
   190
   190
   191
   193
   191
   192
   191
   197
   199
   199
   203
   201
   196
   184
   164
   150
   136
   122
    99
   168
   128
   125
   120
   146
   139
   119
   161
   152
    99
    93
   133
   159
   157
   143
   133
   131
   135
   146
   141
   134
    94
    83
   158
   164
   150
   110
    76
    39
    60
    99
   118
   109
   100
    86
    96
   109
   110
    86
    73
    51
    77
   139
   156
   155
   156
   122
   129
   112
   108
   107
    94
   102
   125
   150
   159
   152
   148
   123
   116
   121
   104
    75
    75
    63
    52
    66
    35
    30
    22
    44
    27
    14
    23
    22
    32
    49
    60
    55
    66
    86
   101
   101
   103
   104
   142
   176
   178
   183
   182
   188
   189
   182
   180
   183
   185
   186
   185
   188
   191
   193
   196
   201
   203
   201
   194
   174
   166
   150
   133
   117
   102
   170
   134
   120
   124
   125
   120
   144
   154
   130
   100
   104
   123
   145
   160
   160
   153
   152
   151
   156
   168
   151
   133
    89
    71
   146
   157
   127
    76
    50
    58
    98
   129
   126
   107
   108
    90
   109
   136
    90
    64
    48
    70
   153
   163
   147
   125
   129
   124
   102
    85
    87
   102
   114
   123
   155
   131
   129
   127
   124
   106
    92
   112
   107
    75
    50
    42
    33
    45
    33
    25
    22
    52
    36
    31
    33
    36
    29
    31
    51
    71
    81
    86
    85
    93
   111
   149
   167
   178
   180
   181
   179
   182
   182
   180
   180
   184
   188
   181
   182
   188
   192
   196
   197
   202
   192
   171
   159
   154
   133
   113
    99
    91
   135
   110
   111
   129
   106
   115
   139
   142
   125
    94
   110
   145
   173
   173
   166
   163
   163
   163
   162
   169
   176
   155
   138
    78
    49
    54
    38
    35
    36
    63
   128
   141
   129
   129
   115
   119
    96
    91
    86
    63
    65
   133
   138
   149
   139
   130
   137
   112
   113
   114
    93
    99
   121
   128
   152
   153
   126
   113
    90
    95
   103
    68
    58
    82
    76
    48
    26
    23
    23
    20
    27
    35
    19
    27
    53
    42
    55
    64
    57
    66
    78
    79
    81
   109
   120
   150
   169
   169
   177
   179
   176
   178
   182
   180
   180
   178
   180
   177
   183
   187
   190
   192
   193
   187
   184
   173
   143
   132
   117
   106
    93
    87
   143
   107
   129
   126
    98
   164
   161
   137
   116
    98
   111
   160
   171
   177
   176
   175
   178
   185
   185
   178
   185
   184
   160
   142
    89
    68
    43
    56
    93
   123
   145
   144
   112
    77
    90
    96
   115
   112
   111
    77
    53
   103
   132
   124
   126
   149
   126
   112
   112
   104
   105
   102
   132
   144
   157
   162
   152
   132
   134
   112
    82
    77
    85
    53
    43
    27
    30
    27
    27
    35
    28
    27
    18
    17
    44
    36
    37
    41
    54
    64
    73
    71
    88
    91
   108
   134
   155
   165
   173
   177
   177
   179
   175
   174
   173
   176
   178
   177
   178
   185
   187
   189
   196
   195
   191
   175
   144
   130
   114
    98
    87
   106
   114
   112
   139
   110
   133
   177
   174
   151
   112
    98
   120
   153
   178
   188
   187
   174
   178
   169
   163
   169
   175
   181
   173
   158
   125
   100
    85
    74
   137
   177
   182
   170
   155
   122
    98
    96
   108
    86
    86
    71
    45
    83
   116
   135
   157
   130
   114
   121
   123
   121
   111
   126
   151
   151
   144
   146
   138
   112
    84
   108
   122
    73
    40
    29
    30
    37
    25
    26
    26
    22
    32
    20
    23
    27
    44
    56
    43
    43
    56
    53
    50
    76
    74
    87
   108
   129
   136
   151
   173
   176
   179
   179
   177
   173
   167
   169
   173
   167
   173
   183
   185
   182
   183
   190
   192
   174
   132
   130
   108
    92
    97
   158
   119
   127
   129
   121
   177
   200
   185
   138
   104
    96
   117
   153
   172
   179
   188
   186
   179
   183
   184
   175
   169
   169
   178
   165
   153
    98
   116
    65
    93
   160
   178
   169
   138
   125
   118
   101
    83
    74
    75
    91
    58
   112
   161
   165
   145
   148
   127
   134
   143
   138
   130
   149
   151
   140
   131
   119
   119
   103
    93
    67
    37
    47
    44
    46
    45
    26
    20
    22
    22
    27
    35
    27
    32
    23
    48
    46
    52
    55
    58
    55
    61
    53
    70
    82
    94
   113
   131
   154
   167
   172
   173
   174
   172
   169
   170
   170
   171
   170
   168
   172
   177
   179
   184
   184
   187
   174
   147
   121
   101
    91
   110
   184
   122
   135
   110
    80
    71
   117
   172
   141
    98
   102
   120
   159
   176
   180
   192
   193
   184
   179
   179
   179
   174
   175
   170
   173
   165
   125
   103
    79
    68
   130
   174
   175
   158
   145
   117
   113
   120
   121
   111
   115
   102
   125
   165
   165
   165
   162
   156
   149
   140
   134
   143
   139
   137
   135
   120
   111
   101
    92
    76
    62
    60
    60
    42
    39
    27
    27
    30
    26
    22
    28
    31
    35
    17
    23
    41
    42
    36
    54
    47
    60
    75
    78
    71
    84
    98
   108
   128
   151
   164
   168
   167
   169
   169
   170
   166
   164
   169
   164
   165
   172
   183
   181
   178
   175
   182
   180
   157
   127
   107
    92
   130
   192
   127
   148
    80
    17
    44
    57
    85
   119
   100
   105
   128
   147
   170
   178
   185
   189
   185
   181
   172
   173
   173
   170
   170
   172
   170
   149
    96
    78
    68
   124
   169
   174
   172
   134
   117
   100
   102
    98
    92
   105
   116
   114
   146
   168
   162
   162
   157
   149
   136
   142
   146
   120
   120
   102
   103
   100
   108
    95
    68
    61
    53
    42
    51
    47
    37
    25
    22
    25
    29
    30
    27
    22
    25
    29
    52
    47
    39
    33
    39
    68
    62
    58
    67
    79
    84
   103
   117
   131
   151
   161
   171
   171
   172
   165
   168
   163
   165
   163
   167
   169
   173
   177
   174
   177
   177
   173
   155
   123
   106
   102
   144
   196
   127
   150
   136
   188
    93
    63
    75
   110
    91
   105
   131
   150
   167
   173
   177
   186
   187
   180
   178
   178
   175
   169
   163
   157
   164
   165
   102
    70
    64
   125
   169
   182
   177
   173
   162
   142
    96
   110
   120
   106
   129
   136
   150
   132
   151
   146
   139
   136
   139
   140
   128
   133
   116
    87
    89
    69
    73
    60
    75
    59
    34
    43
    34
    25
    20
    22
    20
    25
    22
    14
    20
    26
    35
    38
    32
    28
    35
    44
    57
    52
    49
    82
    78
    83
   100
   110
   107
   111
   133
   156
   159
   164
   164
   167
   165
   163
   160
   158
   158
   164
   166
   167
   166
   167
   169
   167
   159
   132
   122
   117
   157
   193
   130
   160
   103
    27
    15
    57
    65
    96
    89
   100
   122
   146
   154
   168
   170
   172
   179
   172
   170
   175
   166
   164
   160
   161
   158
   152
    99
    68
    65
   122
   167
   178
   180
   181
   176
   162
   143
   111
   103
   119
   108
   122
   135
   151
   152
   156
   150
   139
   135
   134
   151
   119
   114
   107
    87
    71
    63
    60
    37
    43
    50
    45
    31
    28
    30
    28
    20
    24
    21
    26
    29
    26
    25
    22
    44
    53
    56
    50
    48
    54
    70
    51
    55
    67
    82
    92
   100
   108
   134
   149
   156
   158
   162
   163
   157
   156
   155
   160
   155
   153
   163
   168
   163
   158
   162
   160
   150
   146
   130
   124
   143
   172
   122
   136
   112
    55
    53
    73
    73
   100
    97
   111
   127
   140
   154
   169
   165
   175
   171
   165
   169
   173
   170
   167
   165
   153
   154
   149
   106
    77
    74
   127
   166
   164
   168
   175
   176
   165
   160
   146
   124
   106
   120
   132
   132
   110
   121
   122
   119
   140
   129
   109
   104
   104
   106
    84
    67
    62
    52
    47
    45
    35
    39
    50
    43
    38
    42
    22
    21
    30
    25
    25
    21
    26
    23
    21
    39
    44
    43
    46
    52
    57
    30
    41
    61
    72
    80
    85
    95
   108
   129
   148
   154
   158
   159
   158
   153
   158
   156
   157
   158
   158
   157
   171
   167
   156
   153
   156
   160
   150
   142
   132
   145
   162
   122
   119
   121
    78
    51
    44
    85
   118
    99
   109
   119
   135
   152
   164
   170
   162
   168
   170
   164
   165
   160
   162
   161
   152
   141
   136
   102
    90
    87
   124
   157
   160
   167
   170
   172
   171
   170
   176
   166
   134
   119
   114
   129
   141
   125
   126
   115
   110
   116
   104
   102
    94
    81
    90
    61
    59
    57
    42
    35
    36
    28
    20
    30
    34
    23
    27
    23
    24
    34
    20
    24
    24
    33
    31
    49
    41
    42
    51
    49
    45
    50
    58
    61
    65
    67
    75
    95
   113
   123
   132
   145
   150
   153
   158
   158
   158
   158
   159
   157
   151
   149
   157
   164
   157
   155
   157
   149
   158
   146
   142
   149
   156
   124
   121
   133
    91
    76
    95
   122
   125
   108
   108
   114
   124
   148
   164
   169
   171
   170
   167
   159
   159
   163
   164
   169
   162
   154
   147
   109
   113
    99
   118
   159
   165
   165
   162
   164
   162
   152
   162
   169
   163
   161
   144
   142
   141
   135
   130
   107
    89
    81
    97
   104
    85
    88
    62
    60
    43
    33
    36
    34
    35
    37
    50
    44
    34
    31
    29
    28
    31
    31
    30
    30
    39
    37
    29
    37
    44
    46
    43
    42
    46
    46
    50
    65
    67
    77
    85
    91
   102
   111
   128
   144
   151
   154
   153
   152
   154
   155
   154
   158
   156
   151
   155
   163
   154
   153
   154
   151
   152
   155
   148
   157
   153
   129
   124
   134
   119
    87
   113
   128
   128
   121
   116
   119
   117
   140
   156
   166
   173
   168
   168
   167
   163
   166
   168
   161
   160
   156
   157
   114
   125
   110
   122
   150
   161
   163
   166
   161
   161
   162
   162
   166
   173
   164
   160
   151
   144
   143
   124
   127
   113
    88
    72
    56
    46
    42
    50
    52
    63
    54
    49
    49
    47
    39
    40
    42
    37
    33
    28
    24
    26
    28
    31
    29
    37
    47
    70
    59
    51
    47
    49
    47
    48
    57
    59
    58
    64
    77
    97
   104
   110
   122
   134
   139
   145
   148
   148
   150
   153
   153
   150
   153
   157
   155
   157
   157
   157
   141
   143
   146
   146
   143
   134
   147
   153
   129
   127
   123
   124
    82
    92
   115
   134
   128
   113
   108
   109
   135
   158
   167
   163
   163
   163
   161
   161
   165
   167
   161
   161
   162
   156
   112
   134
   112
   112
   134
   159
   159
   159
   168
   165
   160
   151
   151
   152
   151
   153
   151
   153
   141
   135
   126
   117
   109
    90
    71
    68
    71
    67
    63
    59
    47
    39
    36
    46
    45
    42
    36
    32
    38
    29
    30
    26
    29
    26
    34
    48
    67
    71
    58
    56
    46
    46
    52
    50
    50
    43
    49
    58
    59
    71
    86
   104
   117
   130
   136
   141
   146
   153
   148
   151
   155
   155
   152
   156
   152
   155
   152
   153
   143
   141
   148
   149
   142
   134
   142
   148
   132
   122
   120
   102
    91
    72
    84
   105
   112
   116
   105
   102
   124
   153
   162
   163
   167
   171
   170
   164
   162
   166
   169
   169
   162
   143
   116
   138
   116
   114
   119
   143
   154
   159
   152
   155
   152
   148
   140
   138
   139
   127
   129
   132
   122
   120
   107
    87
    81
    68
    70
    75
    55
    32
    30
    38
    40
    38
    30
    35
    37
    34
    43
    29
    26
    29
    27
    27
    26
    30
    41
    58
    74
    83
    55
    64
    55
    48
    46
    52
    53
    64
    67
    64
    72
    78
    92
   104
   121
   124
   131
   135
   139
   139
   142
   139
   146
   149
   155
   157
   157
   155
   155
   153
   151
   142
   139
   142
   139
   138
   130
   130
   130
   108
   133
    92
    85
    87
    97
   103
   111
   112
    98
   100
   120
   144
   161
   165
   166
   169
   169
   159
   152
   161
   160
   162
   164
   132
   125
   144
   128
   114
   115
   128
   143
   139
   149
   151
   156
   152
   146
   135
   117
   116
   115
   106
   109
   107
    98
   106
    71
    61
    61
    56
    58
    74
    62
    47
    41
    43
    48
    47
    41
    33
    30
    34
    26
    28
    35
    33
    40
    56
    61
    77
    82
    83
    41
    60
    67
    64
    53
    50
    52
    52
    51
    57
    59
    60
    68
    96
   114
   122
   123
   128
   133
   141
   148
   148
   145
   148
   150
   149
   152
   153
   152
   150
   150
   147
   135
   143
   149
   141
   139
   133
   126
    93
   117
   122
    84
   112
   122
   118
   124
   113
    98
    93
   118
   137
   149
   158
   162
   165
   167
   161
   153
   154
   149
   155
   151
   122
   141
   148
   125
   108
   104
   114
   131
   139
   140
   146
   129
   127
   135
   139
   143
   132
   112
    99
    92
    95
    98
    76
    71
    68
    64
    69
    71
    65
    59
    67
    68
    63
    53
    49
    43
    36
    38
    40
    37
    36
    44
    50
    46
    59
    66
    78
    84
    87
    50
    65
    63
    59
    52
    44
    46
    50
    55
    58
    60
    61
    49
    86
   109
   117
   121
   123
   127
   129
   138
   145
   145
   146
   149
   152
   150
   151
   144
   141
   142
   141
   139
   130
   133
   134
   137
   124
   129
   114
    98
   123
   115
   109
   120
   128
   131
   120
    99
    97
   113
   134
   153
   163
   169
   167
   166
   157
   149
   156
   158
   161
   142
   115
   145
   151
   136
   108
   102
   114
   128
   149
   147
   137
   134
   126
   119
   110
    99
    97
    91
    83
    91
    82
    81
    84
    77
    77
    71
    62
    55
    60
    50
    40
    46
    44
    32
    31
    44
    39
    32
    41
    48
    41
    44
    52
    71
    64
    77
    85
    86
    85
    36
    36
    48
    61
    67
    63
    59
    61
    66
    67
    61
    62
    55
    67
    98
   110
   120
   123
   122
   123
   124
   127
   134
   140
   142
   144
   145
   143
   145
   143
   140
   135
   131
   131
   123
   122
   137
   133
   131
   118
    91
   110
   131
   121
   123
   125
   125
   112
   100
   105
   114
   134
   152
   160
   165
   163
   164
   158
   157
   156
   156
   157
   133
   133
   149
   152
   148
   119
   103
   111
   114
   133
   150
   152
   143
   136
   132
   106
    94
    93
    93
    83
    78
    68
    75
    83
    83
    68
    56
    69
    66
    59
    68
    67
    41
    41
    46
    42
    39
    44
    47
    53
    49
    64
    65
    79
    86
    87
    83
    85
    80
    79
    38
    31
    40
    45
    55
    72
    70
    61
    64
    69
    75
    67
    55
    42
    76
   108
   115
   121
   123
   120
   124
   124
   127
   132
   134
   137
   138
   138
   138
   144
   144
   139
   133
   125
   121
   112
   122
   121
   120
   115
   100
   100
   119
   123
   112
   125
   129
   109
   106
   113
   117
   124
   143
   157
   164
   170
   170
   166
   162
   143
   134
   140
   127
   143
   149
   154
   148
   124
   106
    99
   109
   118
   122
   135
   119
   119
   116
   126
   118
   101
   108
    94
    84
    85
    71
    64
    68
    85
    86
    73
    72
    70
    52
    64
    67
    43
    37
    39
    44
    34
    34
    47
    65
    68
    75
    80
    90
    89
    82
    84
    87
    90
    42
    38
    29
    36
    34
    38
    48
    55
    68
    71
    68
    64
    59
    62
    64
    95
   106
   109
   114
   118
   117
   117
   118
   123
   133
   131
   132
   134
   135
   135
   138
   139
   140
   132
   126
   118
   110
   110
   117
   111
   116
    98
    96
   113
   115
   126
   123
   118
   123
   126
   122
   123
   134
   146
   154
   158
   158
   151
   139
   131
   149
   158
   132
   144
   145
   149
   147
   125
   108
   104
   106
   118
   123
   121
   120
   133
   128
   115
   108
   110
    94
    91
    99
    91
    89
    83
    72
    75
    79
    72
    63
    60
    66
    57
    56
    52
    52
    56
    51
    46
    63
    72
    76
    86
    92
    86
    85
    86
    87
    90
    83
    76
    43
    44
    38
    32
    33
    34
    36
    55
    45
    48
    60
    64
    65
    64
    62
    64
    94
   102
   103
   105
   106
   109
   113
   111
   113
   124
   134
   133
   131
   129
   125
   127
   123
   126
   126
   123
   114
   103
   103
   106
   115
   116
   102
    95
   120
   134
   135
   130
   137
   141
   133
   126
   129
   137
   146
   150
   145
   142
   144
   141
   121
   116
   137
   138
   141
   150
   146
   135
   115
   106
    98
    98
   110
   108
   108
    92
    95
    95
   108
   116
    99
   103
    88
    75
    67
    68
    72
    73
    65
    59
    57
    36
    34
    64
    57
    48
    43
    39
    37
    60
    77
    83
    90
    89
    86
    87
    82
    79
    78
    77
    80
    76
    41
    41
    41
    39
    38
    37
    31
    28
    48
    53
    51
    55
    59
    56
    53
    50
    60
    91
   102
   105
   104
   110
   112
   114
   114
   111
   105
   108
   111
   120
   125
   125
   123
   122
   117
   118
   118
   113
   110
   109
   109
   107
   118
   116
    92
   104
   123
   137
   153
   146
   135
   128
   136
   143
   148
   150
   151
   140
   108
    84
   110
   128
   128
   124
   129
   130
   127
   120
   112
   107
   101
    99
    85
    94
   102
    96
    83
    92
    86
    81
    91
    87
    89
    75
    77
    74
    65
    50
    44
    53
    46
    51
    50
    38
    44
    42
    45
    54
    84
    89
    91
    98
    96
    91
    86
    84
    82
    78
    71
    57
    32
    21
    39
    42
    45
    43
    41
    34
    34
    25
    24
    36
    61
    72
    77
    70
    66
    55
    43
    53
    94
   112
   113
   108
   103
   104
   106
   103
   108
   107
   109
   107
   107
   110
   114
   112
   113
   114
   112
   107
   112
   109
   105
   106
   109
   120
   139
   120
    88
   120
   124
   135
   129
   127
   125
   129
   122
   105
    83
    75
    96
   130
   132
   124
   120
   121
   120
   122
   122
   116
   109
    98
    93
    98
    93
    81
    92
    94
    85
    79
    69
    85
    89
    86
    88
    70
    71
    69
    62
    66
    66
    67
    52
    40
    44
    47
    54
    65
    78
    89
    85
    70
    57
    46
    39
    43
    43
    38
    32
    20
    12
     7
    10
    17
    41
    42
    42
    42
    44
    42
    30
    32
    27
    24
    20
    36
    53
    71
    71
    64
    56
    46
    44
    76
   108
   114
   112
   107
   105
   103
    98
    96
    98
   104
   100
    99
    98
   102
   103
   107
   106
   106
   106
   113
   113
   111
   113
   115
   118
   115
   117
    79
    46
    34
    52
    66
    66
    69
    73
    87
   108
   119
   121
   115
   111
   110
   108
   110
   113
   113
   117
   118
   113
   107
    92
    92
    91
    80
    65
    67
    89
    87
    83
    76
    77
    72
    64
    63
    56
    56
    65
    56
    46
    50
    69
    58
    51
    55
    48
    37
    29
    27
    66
    42
    17
    29
    15
     9
    10
    10
    12
    16
    25
    23
    17
    22
    43
    41
    43
    45
    43
    43
    39
    26
    27
    30
    35
    33
    32
    42
    53
    61
    62
    55
    42
    32
    47
    80
    95
   101
   106
   107
   104
   104
   100
    98
   102
   100
   105
   104
   102
   101
   104
   106
   105
   104
   109
   116
   119
   115
   111
    95
    84
    71
    59
    65
   120
   131
   127
   122
   120
   112
   110
   107
   103
   106
   108
   105
   104
   103
   104
   103
   103
   112
   110
   105
    98
    91
    83
    86
    81
    67
    59
    76
    83
    82
    85
    66
    56
    49
    52
    56
    56
    47
    50
    43
    32
    24
    20
    14
    14
    17
    16
    15
    31
    89
    63
    30
    39
    33
    16
    16
    13
    21
    25
    36
    37
    42
    44
    42
    41
    39
    45
    44
    43
    34
    26
    24
    27
    34
    38
    39
    37
    42
    54
    59
    56
    44
    29
    32
    57
    67
    85
    89
    99
    90
    93
   100
   101
   105
   103
   102
   102
   105
   104
   105
   108
   105
    99
    97
   102
   104
    97
    81
    95
   127
   103
    90
   118
   116
   115
   112
   109
   104
   103
   103
   103
   104
   105
   106
   103
   104
   106
   105
   100
    95
    98
    99
    84
    79
    67
    66
    88
    98
    75
    79
    81
    80
    65
    61
    77
    64
    65
    63
    46
    30
    19
    17
    18
    21
    21
    21
    21
    22
    24
    26
    21
    36
    93
    78
    38
    43
    53
    48
    34
    31
    40
    41
    42
    35
    39
    40
    42
    45
    40
    41
    44
    43
    32
    31
    30
    31
    35
    36
    37
    44
    50
    57
    64
    64
    52
    45
    47
    48
    61
    66
    78
   103
   105
   105
   105
   122
   111
   100
    95
    96
    98
   107
   102
   102
   107
   105
   102
   102
    74
    88
    63
    56
    58
    91
   111
   113
   113
   110
   111
   106
   104
   107
   106
   106
   105
   104
   106
   101
    95
    87
    87
    89
    79
    74
    71
    60
    56
    62
    68
    84
    84
    85
    82
    99
    82
    65
    55
    53
    45
    35
    20
    20
    19
    20
    20
    20
    22
    19
    20
    20
    18
    21
    18
    10
    21
    89
   103
    67
    57
    71
    81
    67
    42
    42
    60
    78
    45
    43
    40
    39
    40
    41
    43
    41
    44
    31
    31
    33
    32
    42
    55
    49
    43
    49
    64
    71
    74
    67
    46
    40
    45
    51
    62
    66
    75
    80
    74
    71
    82
    79
    81
    78
    81
    90
    97
    95
    98
    97
    98
    72
    62
    65
    57
    68
    91
   103
   104
   105
   106
   107
   102
   104
   103
   101
   101
    95
    89
    92
    80
    75
    71
    75
    76
    72
    67
    66
    73
    72
    73
    82
    73
    62
    53
    50
    40
    41
    29
    23
    22
    22
    25
    17
    19
    20
    22
    21
    20
    21
    20
    22
    19
    18
    19
    19
    18
    19
    17
    13
    59
   110
   101
    82
    75
    87
   106
    93
    66
    59
    34
    36
    44
    43
    42
    42
    41
    40
    40
    45
    43
    35
    33
    28
    31
    48
    58
    53
    53
    71
    75
    66
    63
    52
    42
    41
    38
    58
    74
    70
    82
    77
    68
    65
    54
    58
    64
    71
    78
    71
    76
    85
    71
    47
    44
    44
    43
    30
    34
    45
    54
    59
    64
    76
    93
    88
    74
    66
    57
    60
    72
    68
    69
    85
    93
    97
    90
    90
    94
    91
    80
    62
    31
    20
    17
    26
    29
    17
    23
    25
    26
    26
    19
    21
    20
    19
    20
    22
    18
    20
    20
    20
    20
    18
    20
    21
    20
    19
    21
    20
    17
    20
    10
    26
    89
   118
   103
    91
    88
   110
   136
   153
    44
    41
    38
    39
    42
    43
    37
    40
    41
    39
    41
    40
    38
    33
    30
    30
    39
    50
    46
    44
    58
    77
    72
    71
    63
    58
    49
    27
    28
    51
    50
    59
    65
    72
    71
    51
    55
    48
    38
    42
    42
    37
    37
    40
    40
    38
    42
    47
    45
    48
    57
    67
    81
    91
    91
    90
   104
   105
   104
   105
   108
   115
   121
   118
   108
   100
   106
   107
   105
   102
    88
    74
    39
    20
    23
    18
    16
    18
    23
    20
    22
    27
    28
    21
    24
    24
    23
    20
    23
    23
    22
    22
    20
    22
    23
    21
    21
    19
    20
    20
    22
    20
    20
    15
    22
    77
   106
   119
   110
   102
   109
   135
    40
    40
    42
    40
    40
    40
    44
    41
    41
    36
    39
    37
    36
    42
    39
    32
    27
    31
    36
    39
    41
    44
    54
    71
    77
    80
    85
    82
    75
    57
    43
    40
    44
    47
    48
    52
    52
    53
    53
    44
    30
    32
    29
    26
    34
    43
    74
    97
   114
   123
   125
   117
   112
   106
    81
    58
    66
    96
   116
   129
   128
    98
    89
    99
   104
    99
    98
   104
   100
   104
    99
    88
    64
    26
    19
    23
    21
    24
    21
    21
    20
    23
    22
    22
    20
    20
    20
    26
    21
    20
    20
    20
    21
    19
    24
    23
    21
    21
    20
    21
    19
    19
    20
    22
    22
    66
    58
    64
   109
   131
   137
   136
    39
    40
    43
    45
    42
    42
    38
    40
    41
    42
    39
    37
    37
    33
    35
    38
    33
    28
    30
    33
    33
    37
    43
    49
    57
    69
    78
    94
    96
    76
    64
    56
    54
    50
    47
    54
    50
    42
    41
    39
    40
    44
    48
    45
    44
    42
    55
    84
   107
   107
    99
    88
    83
   104
   107
    84
    60
    44
    49
    63
    52
    60
    80
   110
   112
   105
    99
   102
    97
   104
   107
    99
    54
    23
    25
    23
    23
    20
    20
    21
    24
    18
    21
    19
    21
    21
    24
    20
    21
    21
    23
    23
    21
    25
    21
    23
    24
    25
    21
    24
    23
    24
    19
    21
    20
    37
    83
    55
    58
    80
   115
   156
    41
    43
    39
    37
    40
    40
    44
    41
    38
    41
    41
    38
    38
    33
    35
    29
    32
    30
    32
    28
    25
    24
    30
    37
    43
    44
    53
    51
    58
    69
    89
    94
    82
    78
    70
    55
    49
    48
    47
    46
    45
    42
    43
    49
    53
    48
    68
    97
   107
   109
   121
   121
   116
   110
   112
    98
    80
    56
    45
    31
    40
    52
   100
   122
   121
   115
   116
   112
   108
   112
   105
    79
    24
    27
    18
    21
    22
    22
    25
    23
    20
    24
    22
    23
    21
    20
    17
    17
    22
    22
    20
    22
    23
    20
    21
    23
    23
    22
    23
    20
    22
    21
    23
    20
    20
    19
    53
    85
   104
    81
    35
    34
    40
    39
    40
    42
    41
    42
    41
    40
    41
    39
    39
    37
    38
    38
    34
    32
    30
    34
    31
    28
    29
    30
    25
    28
    29
    32
    26
    25
    24
    30
    27
    29
    37
    43
    46
    48
    44
    40
    38
    40
    49
    51
    38
    32
    31
    63
   103
   117
   100
   106
   118
   119
   118
   120
   123
   109
    94
    81
    69
    66
    58
    61
    84
   111
   113
   111
   106
   107
   103
   105
    87
    22
    21
    23
    26
    22
    20
    23
    16
    21
    24
    22
    24
    24
    23
    21
    24
    21
    22
    20
    22
    17
    21
    23
    22
    20
    20
    23
    21
    25
    21
    23
    22
    23
    24
    21
    30
    97
   124
   120
    61
    44
    39
    40
    42
    41
    40
    37
    40
    40
    39
    39
    39
    38
    35
    32
    33
    35
    33
    29
    27
    29
    33
    30
    29
    28
    29
    28
    28
    29
    30
    26
    28
    39
    34
    35
    27
    32
    32
    29
    37
    38
    34
    26
    19
    16
    28
    84
   117
   108
    45
    30
    63
    89
    98
    97
   107
   116
   119
   118
   113
   106
   103
   111
   113
   109
   103
    99
   100
   103
   108
    82
    28
    18
    19
    22
    23
    22
    20
    16
    21
    24
    19
    21
    22
    23
    21
    20
    20
    25
    22
    24
    21
    24
    20
    21
    21
    20
    19
    21
    21
    19
    21
    21
    21
    22
    23
    18
    39
   110
    99
   139
    92
    78
    40
    39
    42
    44
    41
    41
    39
    38
    41
    41
    39
    43
    43
    38
    39
    35
    35
    35
    29
    31
    31
    30
    28
    26
    29
    32
    30
    28
    21
    29
    26
    26
    28
    41
    81
    68
    42
    29
    23
    21
    24
    23
    23
    24
    23
    81
   114
   105
    65
    41
    25
    25
    30
    43
    55
    64
    75
    85
    88
    92
    94
    95
    91
    91
    98
   110
   120
   116
    74
    22
    19
    25
    24
    23
    18
    20
    21
    26
    21
    19
    23
    20
    21
    23
    23
    23
    23
    24
    21
    20
    20
    19
    19
    17
    17
    18
    22
    19
    20
    19
    20
    20
    22
    21
    19
    23
    33
   104
    91
    99
   123
    91
    37
    42
    38
    36
    40
    41
    43
    42
    38
    37
    40
    33
    32
    35
    34
    38
    32
    34
    34
    30
    27
    26
    24
    29
    27
    27
    28
    24
    29
    27
    28
    31
    32
    23
    10
    20
    18
    19
    21
    26
    20
    23
    20
    25
    23
    32
   100
   123
   110
    91
    80
    77
    76
    73
    70
    66
    64
    67
    71
    78
    90
   101
   113
   122
   121
   116
    83
    36
    10
    18
    24
    21
    19
    22
    24
    24
    20
    19
    20
    22
    20
    22
    20
    20
    20
    18
    18
    16
    22
    25
    22
    20
    23
    21
    20
    19
    18
    19
    16
    20
    16
    20
    19
    17
    19
    22
    35
   110
    96
    80
   124
   104
    40
    39
    44
    41
    37
    42
    40
    34
    38
    36
    36
    39
    37
    36
    39
    33
    38
    34
    29
    29
    31
    30
    28
    25
    27
    26
    26
    32
    26
    25
    25
    25
    26
    24
    25
    29
    28
    28
    24
    27
    27
    24
    30
    23
    24
    17
    14
    55
    85
   103
   127
   138
   137
   132
   129
   128
   125
   128
   129
   129
   127
   117
    93
    68
    38
    15
     6
    14
    26
    21
    17
    23
    22
    20
    18
    17
    20
    24
    22
    22
    21
    19
    20
    21
    22
    22
    22
    22
    21
    18
    22
    25
    23
    22
    24
    22
    19
    20
    25
    21
    21
    20
    20
    21
    22
    23
    33
   109
   108
    80
   121
   118
    37
    39
    40
    42
    42
    36
    39
    43
    39
    41
    38
    38
    38
    37
    35
    41
    36
    33
    37
    35
    32
    27
    32
    29
    29
    28
    24
    24
    27
    30
    24
    25
    19
    28
    26
    25
    24
    23
    25
    21
    26
    25
    21
    23
    25
    26
    20
    15
    12
     7
    17
    42
    63
    84
   101
    93
    86
    63
    46
    36
    23
    11
     9
    12
    18
    18
    21
    23
    18
    19
    27
    19
    23
    21
    23
    22
    20
    20
    20
    22
    23
    21
    25
    22
    18
    22
    22
    22
    16
    22
    21
    21
    24
    24
    26
    27
    27
    23
    19
    22
    19
    22
    24
    22
    18
    22
    27
   105
   108
    90
   127
   120
    42
    40
    41
    37
    43
    43
    39
    36
    38
    38
    37
    37
    37
    40
    39
    35
    35
    36
    37
    35
    34
    34
    27
    28
    29
    23
    29
    26
    28
    24
    26
    25
    28
    25
    27
    24
    24
    26
    23
    26
    26
    26
    25
    29
    26
    25
    26
    24
    23
    24
    23
    19
    16
     7
     7
     5
    11
    11
    16
    16
    21
    19
    23
    25
    21
    22
    22
    21
    23
    25
    20
    25
    19
    22
    24
    20
    22
    16
    19
    22
    17
    20
    17
    22
    24
    21
    21
    18
    26
    21
    17
    21
    19
    23
    18
    20
    19
    23
    24
    22
    28
    25
    16
    21
    22
    19
    29
   107
   111
    94
   157
   149
    33
    37
    38
    39
    38
    39
    38
    38
    37
    37
    38
    41
    36
    36
    37
    40
    37
    38
    37
    33
    31
    31
    30
    29
    30
    30
    28
    25
    30
    30
    26
    29
    27
    26
    24
    26
    25
    26
    25
    25
    22
    26
    27
    24
    24
    23
    22
    23
    25
    27
    26
    25
    23
    26
    27
    30
    25
    27
    27
    28
    22
    24
    23
    22
    22
    20
    23
    25
    24
    24
    23
    24
    21
    23
    19
    22
    23
    25
    22
    18
    22
    19
    26
    23
    20
    22
    21
    23
    19
    21
    22
    23
    23
    20
    20
    22
    26
    20
    24
    25
    22
    20
    27
    23
    22
    27
    32
    96
   108
   104
   145
   196
    40
    43
    38
    35
    41
    42
    39
    41
    37
    36
    40
    35
    39
    38
    39
    32
    38
    33
    35
    37
    34
    31
    33
    31
    30
    27
    28
    31
    25
    27
    28
    25
    24
    24
    23
    25
    28
    25
    28
    24
    30
    22
    26
    26
    26
    26
    27
    30
    24
    22
    26
    26
    25
    27
    28
    25
    27
    24
    26
    21
    27
    25
    25
    24
    23
    29
    27
    22
    23
    19
    22
    22
    26
    21
    22
    18
    20
    21
    22
    26
    20
    23
    21
    19
    26
    20
    21
    21
    22
    20
    24
    19
    21
    21
    25
    22
    18
    23
    19
    22
    20
    24
    22
    22
    23
    18
    24
   102
   113
   114
   122
   173
    39
    38
    37
    39
    40
    37
    37
    35
    36
    40
    37
    42
    39
    37
    36
    42
    40
    38
    38
    32
    38
    39
    34
    35
    29
    29
    27
    26
    26
    27
    27
    25
    29
    29
    27
    28
    27
    27
    27
    23
    25
    27
    21
    22
    23
    23
    25
    21
    24
    30
    24
    29
    26
    22
    22
    26
    26
    30
    27
    28
    25
    25
    21
    24
    25
    21
    21
    24
    25
    21
    23
    28
    19
    25
    22
    24
    21
    18
    22
    20
    23
    23
    25
    22
    21
    27
    24
    22
    24
    27
    23
    25
    22
    24
    22
    21
    26
    21
    22
    18
    22
    19
    21
    22
    23
    26
    32
   113
   130
   121
   121
   110
