    37
    44
    40
    39
    34
    37
    47
    44
    43
    46
    42
    40
    53
    51
    70
    88
    94
    93
    83
    67
    53
    79
    92
    86
    99
   118
    90
    80
    81
    75
    82
    75
    75
    66
    70
    72
    66
    54
    65
    70
    65
    51
    65
    54
    31
    20
    28
    40
    49
    51
    49
    49
    47
    43
    50
    51
    50
    46
    49
    47
    51
    49
    55
    49
    52
    45
    50
    48
    49
    53
    46
    55
    54
    50
    46
    54
    47
    52
    48
    51
    50
    55
    56
    53
    49
    53
    52
    51
    51
    49
    53
    50
    43
    33
   109
   212
   198
   178
   177
   192
   207
   212
   215
   213
   214
   212
   218
   221
   221
   215
   204
   189
    36
    35
    35
    41
    42
    36
    36
    40
    48
    46
    37
    44
    44
    70
    83
    51
    35
    40
    45
    41
    75
    83
    75
   101
   125
   101
    95
    83
    73
    78
    71
    62
    60
    62
    56
    56
    48
    42
    37
    45
    69
   130
   161
   180
   166
   142
    82
    31
    15
    20
    43
    40
    52
    50
    47
    48
    44
    49
    49
    52
    46
    50
    46
    52
    50
    49
    50
    47
    53
    48
    50
    49
    48
    51
    53
    50
    53
    48
    49
    49
    49
    50
    49
    47
    52
    51
    56
    53
    50
    50
    54
    35
    41
   132
   192
   186
   188
   203
   211
   213
   214
   217
   219
   222
   216
   212
   199
   190
   176
   167
   159
   155
    34
    40
    42
    37
    40
    46
    48
    43
    45
    58
    75
   103
    98
    60
    59
    87
    57
    31
    61
    98
    85
    71
   104
   126
   118
   115
    98
    80
    79
    85
    66
    55
    63
    63
    62
    52
    53
    48
    44
    36
    39
    67
   129
    91
   116
   152
   186
   181
   139
    85
    47
    25
    22
     8
     3
    15
    29
    35
    45
    47
    46
    42
    40
    36
    39
    39
    44
    48
    45
    54
    52
    54
    52
    51
    52
    50
    52
    49
    56
    56
    53
    51
    51
    49
    49
    52
    47
    47
    51
    55
    29
    34
   146
   198
   206
   211
   215
   213
   217
   220
   220
   205
   184
   171
   172
   165
   157
   150
   149
   154
   164
   179
    42
    38
    40
    45
    53
    42
    33
    31
    35
    47
    69
    96
   105
    79
    50
    44
    51
    71
    78
    68
    70
    95
   117
   100
    90
    83
    82
    80
    90
    95
    80
    81
    77
    69
    66
    70
    77
    70
    47
    40
    31
    28
    65
   125
    74
    77
   101
   132
   177
   211
   215
   215
   207
   199
   155
    98
    64
    41
    32
    26
    40
    41
    46
    49
    47
    47
    41
    41
    31
    22
    11
     8
    28
    34
    44
    55
    50
    59
    50
    51
    50
    49
    49
    54
    49
    51
    51
    58
    47
    15
    60
   179
   217
   218
   214
   220
   221
   217
   203
   188
   163
   152
   145
   141
   144
   155
   168
   185
   198
   205
   205
   204
    39
    38
    44
    39
    32
    25
    27
    32
    38
    41
    49
    76
    67
    81
    72
    41
    46
    64
    74
    93
   117
   133
   113
   112
   114
    95
   103
    97
   102
    94
    93
    94
    92
    85
    79
    93
    78
    68
    39
    37
    34
    15
    11
   126
   193
   185
   189
   199
   206
   215
   215
   199
   187
   191
   204
   211
   197
   174
   162
   160
   170
   176
   177
   180
   178
   177
   177
   173
   158
   138
   126
    98
    85
    64
    41
    23
    18
    18
    30
    56
    51
    54
    53
    50
    57
    48
    54
    35
    20
    95
   203
   226
   223
   218
   215
   199
   181
   167
   151
   139
   142
   155
   168
   179
   191
   199
   201
   196
   189
   191
   190
   194
    37
    42
    37
    28
    31
    33
    38
    33
    32
    35
    50
    52
    64
    62
    60
    71
    74
    80
   104
   132
   143
   119
   117
   146
   134
   136
   135
   142
   140
   149
   165
   166
   171
   171
   167
   157
   150
   135
   101
    50
    19
    85
   142
   152
   123
   130
   172
   177
   179
   176
   168
   163
   167
   174
   178
   183
   189
   196
   198
   198
   196
   191
   189
   186
   186
   182
   182
   183
   181
   184
   184
   194
   188
   187
   177
   167
   138
    92
    67
    36
    14
    27
    40
    54
    55
    55
    33
    39
   153
   232
   229
   217
   201
   182
   157
   145
   145
   153
   165
   184
   196
   194
   186
   183
   180
   179
   180
   191
   190
   186
   180
   177
    41
    36
    34
    39
    33
    36
    36
    35
    28
    25
    36
    50
    40
    43
    63
   105
   115
   132
   135
   127
   126
   123
   144
   152
   149
   155
   168
   180
   184
   189
   194
   194
   193
   189
   187
   186
   188
   188
   195
   185
   144
   123
    99
   127
   175
   188
   189
   192
   187
   189
   188
   192
   180
   175
   167
   165
   170
   178
   179
   176
   178
   179
   183
   182
   183
   184
   184
   182
   180
   174
   175
   179
   176
   175
   170
   172
   175
   175
   168
   158
   118
    75
    36
    23
    33
    20
    66
   186
   227
   211
   190
   164
   152
   148
   145
   163
   181
   183
   178
   173
   168
   167
   166
   172
   174
   162
   156
   144
   140
   132
   124
   121
    40
    39
    43
    36
    49
    38
    30
    23
    27
    30
    29
    41
    51
    76
   101
   120
   131
   132
   132
   132
   147
   165
   168
   170
   168
   178
   183
   184
   192
   195
   193
   189
   191
   192
   190
   187
   190
   191
   194
   193
   202
   154
    19
    79
   180
   134
   111
    95
    84
    91
   104
   120
   156
   185
   193
   166
   157
   160
   161
   163
   167
   169
   171
   171
   177
   179
   180
   183
   181
   180
   174
   171
   168
   172
   171
   163
   166
   163
   165
   169
   173
   170
   150
   109
    59
    84
   198
   211
   187
   168
   154
   164
   179
   196
   190
   182
   180
   172
   165
   179
   187
   183
   154
   138
   133
   128
   119
   113
   113
   115
   118
   126
    42
    41
    39
    37
    38
    31
    28
    30
    33
    33
    39
    44
    71
    93
   107
   120
   133
   126
   126
   154
   165
   171
   180
   178
   185
   190
   198
   190
   189
   186
   191
   193
   193
   192
   193
   195
   188
   185
   189
   206
   209
   123
    56
    74
   107
   120
   130
   139
   136
   125
   113
    96
    70
    48
    79
   168
   193
   176
   177
   173
   175
   175
   174
   177
   172
   177
   174
   173
   178
   175
   175
   177
   176
   175
   174
   172
   170
   166
   161
   155
   155
   150
   158
   161
   163
   153
   139
   109
   111
   134
   141
   139
   143
   145
   142
   134
   119
   120
   110
    93
    89
    79
    90
    97
   102
   110
   117
   128
   141
   150
   156
   160
    32
    36
    39
    36
    31
    31
    28
    31
    31
    38
    59
    59
    59
    83
   100
   120
   130
   133
   148
   162
   176
   179
   181
   187
   185
   190
   189
   193
   194
   195
   194
   198
   200
   200
   198
   190
   187
   191
   197
   179
    89
   105
   116
   170
   183
   181
   173
   168
   169
   174
   176
   176
   178
   170
   133
    66
   132
   199
   184
   177
   177
   179
   177
   176
   178
   180
   183
   173
   174
   173
   177
   175
   171
   170
   172
   178
   173
   166
   165
   162
   156
   152
   151
   154
   159
   150
   135
   107
    59
    32
    54
    80
    99
   108
   105
   105
   100
    97
    89
    98
   108
   116
   121
   125
   126
   129
   127
   126
   129
   132
   132
   138
    41
    40
    38
    34
    39
    35
    30
    31
    42
    66
    77
    56
    54
    93
   128
   131
   123
   132
   155
   168
   180
   184
   181
   186
   192
   202
   201
   201
   203
   203
   199
   192
   191
   190
   187
   189
   187
   191
   181
    85
   144
   185
   122
   154
   183
   185
   190
   190
   184
   184
   184
   181
   183
   189
   197
   183
    90
   141
   203
   189
   183
   177
   181
   179
   178
   180
   180
   180
   175
   174
   175
   176
   171
   162
   163
   170
   165
   162
   164
   167
   159
   158
   151
   151
   149
   149
   153
   152
   149
   112
    53
     4
    11
    26
    38
    64
    98
   123
   131
   128
   123
   123
   122
   121
   121
   126
   130
   128
   121
   115
   118
   118
    38
    36
    34
    43
    40
    33
    32
    41
    60
    74
    75
    67
    59
   109
   119
   118
   129
   144
   159
   171
   170
   171
   181
   187
   191
   191
   199
   207
   208
   204
   207
   213
   205
   192
   186
   185
   180
   180
    97
   155
   192
   183
   123
   149
   194
   197
   193
   184
   177
   177
   175
   169
   174
   177
   185
   191
   197
   105
   163
   200
   194
   191
   183
   185
   176
   179
   178
   183
   181
   177
   171
   164
   166
   166
   160
   157
   161
   161
   157
   152
   156
   154
   157
   145
   146
   149
   151
   150
   150
   150
   158
   138
   106
    67
    27
     4
    13
    29
    58
    84
   105
   110
   108
   103
    95
    86
    88
    86
    89
    88
    82
    80
    32
    40
    40
    46
    42
    39
    40
    57
    73
    77
    92
    80
    60
    93
   107
   119
   140
   155
   156
   160
   172
   183
   180
   184
   190
   194
   202
   203
   205
   205
   201
   197
   206
   207
   201
   194
   187
   124
   131
   187
   184
   168
   118
   121
   163
   169
   163
   165
   156
   159
   156
   163
   165
   170
   181
   190
   202
   193
    92
   184
   203
   196
   194
   188
   185
   172
   172
   170
   162
   164
   165
   167
   169
   170
   166
   167
   160
   157
   153
   151
   153
   150
   152
   152
   152
   150
   149
   143
   145
   152
   148
   150
   150
   145
   134
    93
    48
    22
    25
    34
    33
    46
    61
    82
   100
   112
   107
   111
   112
   115
   114
   116
    48
    38
    35
    42
    43
    45
    50
    56
    75
    94
    90
    61
    58
    93
   113
   128
   152
   162
   166
   169
   176
   176
   184
   187
   186
   194
   202
   204
   207
   206
   205
   200
   199
   195
   184
   188
   175
   101
   183
   181
   172
   159
   123
   118
   131
   143
   149
   145
   145
   146
   149
   157
   172
   172
   177
   181
   184
   191
   186
    74
   183
   196
   192
   184
   188
   179
   174
   175
   173
   160
   162
   163
   163
   165
   166
   164
   160
   158
   157
   156
   155
   153
   151
   147
   148
   146
   143
   144
   141
   138
   147
   149
   144
   143
   139
   146
   139
   102
    63
    51
    60
    62
    57
    50
    53
    67
    96
   110
   119
   123
   126
   125
    35
    34
    41
    45
    38
    34
    42
    59
    67
    75
    71
    75
    75
    96
   120
   150
   165
   166
   173
   185
   185
   190
   184
   188
   194
   197
   191
   200
   203
   201
   202
   203
   202
   186
   179
   187
   130
   153
   184
   177
   170
   159
    98
    96
   123
   133
   129
   121
   133
   139
   145
   155
   155
   165
   172
   186
   182
   183
   196
   168
   147
   195
   199
   196
   188
   178
   166
   167
   161
   162
   159
   153
   156
   158
   152
   152
   151
   150
   149
   153
   148
   148
   147
   147
   149
   147
   145
   145
   145
   141
   138
   144
   142
   139
   137
   132
   128
   135
   126
    93
    64
    62
    70
    81
    73
    66
    52
    56
    62
    76
    85
    93
    29
    29
    41
    41
    37
    29
    35
    51
    66
    64
    72
    73
    77
    89
   123
   146
   159
   166
   178
   187
   185
   184
   190
   194
   198
   194
   191
   200
   200
   197
   196
   198
   189
   171
   173
   191
   122
   179
   176
   169
   163
   142
   102
    91
   122
   138
   138
   146
   137
   135
   139
   149
   159
   165
   173
   179
   183
   186
   185
   188
   176
   179
   191
   187
   175
   166
   165
   162
   165
   155
   150
   150
   145
   155
   150
   147
   151
   153
   154
   148
   144
   144
   145
   145
   143
   144
   142
   135
   132
   129
   130
   126
   132
   137
   132
   131
   126
   121
   128
   127
   110
    76
    67
    72
    83
    85
    84
    74
    69
    65
    61
    68
    36
    50
    47
    30
    24
    30
    43
    53
    61
    75
    77
    68
    83
   120
   142
   155
   161
   169
   172
   180
   187
   189
   188
   197
   190
   187
   197
   193
   195
   194
   194
   190
   173
   161
   180
   169
   120
   171
   162
   154
   140
   130
   109
   103
   114
   122
   146
   153
   140
   139
   135
   137
   139
   152
   164
   169
   172
   173
   187
   193
   152
   136
   166
   167
   171
   167
   159
   154
   135
   152
   150
   146
   151
   151
   147
   149
   146
   148
   145
   147
   145
   142
   144
   146
   140
   140
   139
   135
   138
   135
   135
   127
   125
   129
   133
   134
   131
   122
   118
   124
   124
   120
    91
    73
    79
    84
    90
    95
    90
    84
    81
    74
    48
    46
    30
    29
    37
    55
    64
    79
    83
    69
    63
    58
    95
   135
   152
   151
   157
   161
   165
   175
   187
   185
   192
   190
   192
   191
   190
   192
   195
   194
   192
   178
   160
   149
   167
   132
   151
   176
   165
   165
   155
   136
   123
    96
   108
   123
   139
   145
   144
   144
   139
   125
   130
   142
   154
   156
   158
   166
   170
   177
   172
   112
   138
   146
   156
   162
   156
   151
   147
   140
   141
   141
   140
   140
   141
   137
   138
   141
   141
   136
   131
   133
   141
   135
   134
   141
   137
   136
   131
   132
   129
   128
   131
   128
   126
   132
   131
   125
   120
   113
   115
   116
   121
   104
    89
    85
    87
    88
    92
    92
    89
    89
    38
    37
    31
    32
    33
    40
    46
    48
    52
    48
    48
    62
   121
   143
   149
   152
   154
   160
   165
   170
   179
   186
   187
   192
   197
   198
   199
   198
   197
   194
   185
   167
   149
   133
   158
   118
   149
   192
   187
   175
   164
   144
   104
    94
   103
   121
   137
   145
   151
   149
   139
   130
   133
   140
   146
   149
   157
   159
   168
   162
   162
   121
   135
   152
   157
   154
   151
   141
   140
   138
   133
   131
   130
   128
   134
   133
   134
   137
   141
   143
   136
   135
   140
   143
   138
   138
   134
   137
   132
   129
   124
   121
   126
   121
   120
   123
   130
   129
   124
   116
   112
   110
   104
   105
    99
    90
    95
    95
    95
    96
   100
    96
    39
    31
    25
    33
    45
    54
    59
    62
    60
    63
    46
    91
   134
   147
   153
   157
   161
   162
   161
   164
   172
   175
   172
   179
   186
   191
   194
   192
   190
   190
   176
   163
   150
   134
   140
   108
   171
   192
   186
   189
   166
   119
    90
   104
    95
    96
   122
   139
   156
   157
   152
   139
   126
   131
   139
   135
   142
   148
   148
   146
   154
   131
   118
   135
   152
   151
   142
   139
   135
   126
   129
   131
   132
   126
   126
   132
   135
   137
   136
   129
   133
   134
   143
   145
   140
   136
   129
   127
   131
   127
   132
   134
   130
   127
   122
   117
   113
   115
   122
   119
   110
   104
   103
   106
   108
    98
    88
    94
    98
    96
    95
    96
    29
    25
    33
    36
    40
    51
    66
    70
    78
    62
    60
   116
   140
   146
   153
   157
   161
   160
   166
   169
   167
   167
   172
   167
   173
   177
   186
   191
   188
   182
   164
   154
   149
   127
   134
   105
   167
   187
   183
   168
   142
   103
   138
   122
    75
    78
   128
   153
   156
   156
   151
   141
   131
   128
   132
   132
   141
   144
   141
   140
   148
   129
    95
   120
   140
   141
   132
   124
   122
   119
   123
   117
   118
   114
   122
   122
   124
   124
   123
   124
   124
   132
   135
   139
   138
   135
   133
   137
   138
   138
   133
   130
   133
   133
   125
   118
   111
   102
   117
   116
   119
   115
    98
    98
   107
   107
    97
    89
    96
   101
   101
   100
    25
    31
    32
    37
    54
    73
    74
    71
    59
    55
    88
   126
   144
   144
   147
   151
   155
   166
   166
   166
   162
   153
   158
   162
   164
   162
   168
   179
   188
   177
   163
   149
   137
   132
   137
   115
   163
   172
   154
   139
   113
   113
   151
   107
    76
    76
   114
   160
   136
   149
   151
   138
   126
   120
   128
   134
   137
   139
   139
   140
   140
   133
    98
   108
   130
   126
   119
   119
   117
   115
   110
   106
   106
   112
   107
   115
   110
   108
   119
   112
   114
   110
   112
   121
   120
   125
   131
   133
   133
   132
   139
   140
   138
   135
   130
   126
   124
   109
   105
   126
   125
   114
   107
    96
    94
   104
   106
   100
    95
    96
    99
   101
    37
    33
    42
    58
    66
    50
    35
    31
    56
    76
   109
   131
   140
   144
   145
   148
   152
   158
   163
   156
   151
   153
   157
   156
   160
   168
   177
   175
   175
   175
   161
   144
   121
   123
   122
   108
   154
   159
   142
   126
   107
   112
   115
    75
    72
   116
    89
   109
   124
   132
   133
   122
   121
   117
   120
   122
   128
   130
   134
   138
   139
   134
    93
   106
   126
   128
   126
   116
   111
   105
   104
   106
   104
   101
   101
   103
   106
   113
   110
   110
   111
   106
   104
   114
   115
   119
   117
   124
   133
   134
   132
   138
   139
   141
   143
   134
   129
   122
   118
   114
   123
   115
   111
   105
    91
    91
   103
    97
    91
    93
   102
   105
    36
    43
    58
    62
    53
    36
    40
    61
    76
    94
   124
   136
   141
   140
   142
   146
   145
   149
   150
   160
   155
   152
   151
   151
   153
   154
   154
   165
   171
   170
   160
   133
   123
   114
   108
   105
   158
   157
   137
   127
   104
   111
   106
    87
   119
   127
   101
   111
   104
   107
    80
    83
   115
   118
   114
   126
   129
   132
   137
   136
   135
   133
    90
   100
   125
   126
   121
   109
   109
   101
   101
   104
   100
    98
   106
   101
    99
    95
    97
   100
   104
   110
   112
   110
   115
   120
   130
   133
   127
   134
   139
   136
   140
   143
   139
   135
   122
   123
   120
   117
   121
   116
   108
   108
   100
    90
    95
   101
    96
    91
    95
   103
    36
    51
    55
    57
    43
    49
    62
    73
    86
   109
   125
   135
   137
   136
   143
   147
   146
   143
   147
   147
   152
   152
   149
   150
   147
   145
   155
   154
   158
   161
   154
   134
   110
   109
   101
   110
   163
   151
   129
   113
   101
   104
    97
    63
    80
    80
    92
    88
   102
   108
    88
    92
   111
   117
   116
   118
   127
   134
   135
   134
   136
   136
    91
    97
   123
   121
   114
   108
   109
   107
   105
    99
    90
    91
    94
   100
    96
    99
    98
    98
    95
   101
   111
   123
   123
   131
   131
   125
   133
   140
   142
   135
   136
   135
   135
   129
   130
   127
   125
   117
   111
   112
   113
   109
   103
    91
    87
    97
    99
    96
    90
    97
    45
    50
    55
    50
    54
    63
    72
    83
    99
   119
   131
   131
   135
   137
   134
   139
   144
   145
   149
   149
   146
   149
   147
   148
   152
   152
   149
   159
   157
   156
   154
   135
   101
   101
    98
   106
   145
   130
   114
   110
    99
    99
    80
    44
    33
    37
    64
    81
    88
   106
   106
   105
   108
   115
   118
   121
   123
   133
   137
   135
   139
   135
    88
    86
   116
   116
   110
   106
   103
    97
    98
    96
    93
    88
    91
    96
    98
    99
   104
   109
   128
   124
   126
   129
   130
   126
   127
   127
   135
   139
   141
   142
   138
   134
   132
   130
   131
   126
   122
   121
   117
   108
   112
   111
   106
    98
    84
    78
    91
    94
    91
    89
    42
    40
    47
    53
    63
    71
    78
    89
   106
   117
   123
   128
   128
   133
   137
   139
   141
   147
   147
   147
   146
   143
   147
   145
   143
   144
   148
   145
   151
   151
   152
   126
   103
    92
    96
   119
   145
   125
   119
   105
    93
   101
    75
    35
    44
    57
    69
    75
    85
   101
    99
   100
   108
   105
   117
   123
   129
   136
   137
   140
   132
   129
    84
    86
   107
   116
   111
   105
    96
    98
    92
    94
    92
    90
    97
   104
    99
   102
   109
   118
   126
   129
   126
   122
   119
   124
   136
   138
   137
   141
   140
   144
   144
   133
   126
   126
   132
   121
   123
   117
   115
   106
   101
   101
   104
    97
    91
    79
    83
    84
    89
    86
    41
    43
    49
    62
    69
    78
    85
    98
   111
   121
   123
   124
   129
   132
   133
   136
   144
   136
   136
   140
   138
   142
   142
   144
   149
   152
   142
   151
   153
   152
   149
   129
    94
    87
    60
    88
   166
   138
    93
    94
    86
   105
    84
    85
    35
    37
    70
    77
    88
    96
    97
   103
   104
   114
   124
   126
   129
   132
   134
   128
   128
   124
    84
    83
   111
   110
   105
   101
    99
    94
    91
    92
    97
   102
   104
   101
   106
   112
   124
   134
   137
   124
   112
   112
   122
   137
   140
   143
   140
   133
   133
   136
   131
   122
   128
   134
   130
   128
   130
   130
   125
   115
   100
    96
   102
   103
    92
    87
    71
    80
    83
    85
    37
    46
    54
    60
    71
    79
    90
   105
   117
   121
   128
   126
   127
   129
   133
   140
   139
   142
   141
   141
   139
   140
   141
   140
   143
   142
   150
   145
   144
   144
   145
   125
    96
    81
    89
   173
   215
   222
   213
   141
    96
    96
    78
    47
    38
    50
    72
    79
    86
    93
    94
    98
   104
   115
   124
   129
   134
   132
   130
   124
   121
   119
    79
    76
   104
   112
   103
   100
    92
    86
    93
   100
   104
   103
   107
   120
   129
   131
   136
   131
   124
   106
   109
   120
   134
   144
   149
   144
   146
   142
   132
   134
   132
   131
   129
   128
   131
   138
   130
   129
   130
   115
   101
    88
    86
    94
    97
    84
    74
    69
    73
    83
    25
    34
    49
    58
    76
    88
   103
   110
   117
   124
   126
   126
   132
   134
   138
   137
   141
   137
   143
   140
   137
   139
   141
   148
   145
   147
   147
   151
   146
   149
   148
   125
   101
    81
   149
   204
   224
   220
   224
   210
   141
   112
    82
    49
    55
    62
    69
    71
    86
    87
    96
    97
   107
   119
   128
   131
   134
   139
   137
   130
   129
   119
    81
    82
   107
   101
    99
    96
    93
    96
   105
   106
   106
   107
   120
   138
   140
   140
   129
   128
   127
   112
   103
   122
   144
   147
   144
   142
   139
   140
   140
   143
   140
   134
   127
   127
   125
   126
   132
   129
   129
   125
   122
   110
    92
    89
    97
    93
    77
    67
    72
    69
    40
    42
    51
    76
    82
    98
   106
   114
   124
   120
   123
   127
   130
   131
   132
   135
   141
   139
   140
   141
   140
   142
   144
   137
   141
   143
   150
   149
   149
   149
   142
   119
    89
    74
   114
   206
   222
   230
   226
   222
   164
   117
    86
    51
    54
    63
    74
    74
    82
    88
    92
    93
   114
   124
   132
   133
   133
   133
   137
   132
   126
   118
    79
    84
   101
   105
    95
    91
   101
   106
   111
   110
   113
   125
   136
   146
   141
   129
   127
   146
   138
   100
   110
   143
   153
   151
   142
   143
   141
   138
   136
   132
   129
   120
   126
   131
   129
   127
   128
   129
   129
   122
   113
   113
   102
    85
    85
    89
    87
    69
    63
    70
    36
    35
    58
    75
    93
   104
   110
   115
   119
   125
   125
   127
   129
   132
   136
   135
   139
   142
   144
   141
   138
   144
   145
   143
   141
   148
   148
   150
   152
   149
   144
   119
    91
    84
    67
   105
   181
   165
   209
   164
   120
    94
    83
    63
    80
    88
    76
    76
    81
    83
    87
   100
   119
   129
   126
   131
   136
   139
   143
   132
   130
   109
    73
    80
   103
    89
    89
    98
   109
   113
   111
   115
   119
   135
   141
   143
   143
   138
   147
   155
   127
    84
    94
   140
   168
   168
   154
   147
   142
   141
   135
   128
   121
   122
   123
   125
   132
   133
   129
   130
   125
   125
   122
   118
   107
    93
    84
    78
    78
    71
    61
    54
    32
    44
    65
    83
   102
   112
   111
   117
   123
   123
   124
   123
   128
   129
   135
   137
   134
   139
   140
   141
   144
   140
   143
   144
   143
   144
   146
   147
   153
   154
   145
   121
   102
    90
   114
   112
   147
   152
   108
   104
    95
    63
    67
    64
    62
    66
    68
    70
    76
    86
    94
   106
   125
   137
   146
   161
   165
   152
   137
   133
   133
    97
    76
    95
   103
   100
   107
   110
   108
   108
   114
   117
   130
   135
   151
   158
   151
   156
   162
   158
   115
    60
    75
   107
   145
   169
   164
   152
   143
   136
   127
   126
   122
   121
   123
   123
   128
   133
   132
   123
   126
   122
   122
   119
   114
   100
    72
    70
    76
    71
    61
    54
    33
    45
    68
    90
   105
   111
   116
   117
   119
   124
   123
   122
   127
   130
   136
   133
   136
   143
   143
   145
   142
   140
   140
   141
   141
   143
   146
   153
   155
   152
   137
   120
   102
    95
   124
   127
   147
   124
    93
    85
    79
    63
    59
    62
    44
    55
    64
    78
    79
    79
    93
   121
   143
   148
   148
   151
   149
   159
   145
   133
   109
    79
    79
   103
   104
   106
   109
   111
   115
   119
   126
   140
   151
   156
   152
   159
   163
   164
   162
   138
    92
    61
   114
   138
   132
   153
   163
   153
   137
   131
   133
   124
   122
   122
   118
   112
   118
   115
   116
   125
   129
   123
   115
   110
   108
   105
    95
    73
    73
    74
    65
    53
    33
    41
    65
    92
   109
   116
   117
   118
   123
   116
   123
   126
   128
   130
   137
   134
   134
   138
   142
   141
   141
   139
   144
   144
   142
   142
   144
   149
   147
   155
   154
   135
   106
    92
   108
   113
   130
   107
    89
    80
    71
    65
    52
    53
    49
    63
    71
    79
    82
    89
   106
   136
   156
   147
   125
   121
   126
   118
   121
   121
    71
    70
    86
   101
   108
   111
   116
   111
   115
   123
   133
   143
   149
   150
   146
   154
   160
   161
   148
   119
    80
    82
   139
   146
   147
   142
   148
   145
   135
   117
   117
   123
   121
   118
   117
   118
   118
   114
   122
   127
   119
   117
   117
   110
   108
   101
    96
    81
    70
    68
    70
    55
    35
    31
    53
    84
   104
   110
   114
   121
   119
   121
   123
   124
   124
   128
   134
   138
   143
   140
   138
   145
   142
   149
   150
   144
   137
   139
   140
   147
   149
   146
   144
   141
   120
    95
   168
   142
   121
   111
    97
    79
    81
    73
    59
    53
    57
    65
    85
    97
    89
   101
   130
   150
   151
   144
   132
   130
   132
   140
   131
    80
   113
   113
   100
   106
   114
   111
   119
   130
   135
   141
   143
   150
   157
   153
   159
   153
   157
   159
   140
   103
    77
    96
   129
   134
   143
   129
   127
   139
   138
   129
   123
   120
   117
   109
   108
   114
   117
   121
   124
   113
   111
   117
   114
   111
   107
   100
    96
    82
    67
    66
    61
    60
    37
    38
    42
    75
    99
   107
   114
   120
   120
   120
   120
   124
   125
   129
   134
   135
   138
   144
   150
   149
   146
   143
   143
   141
   140
   143
   146
   150
   149
   146
   141
   138
   125
   104
   146
   128
   113
   108
   105
    91
    77
    72
    68
    59
    59
    60
    87
    94
    95
   125
   142
   143
   150
   147
   138
   134
   161
   151
   104
   156
   149
   139
   150
   169
   172
   144
   111
   118
   144
   142
   151
   157
   154
   147
   140
   148
   154
   155
   129
    98
    72
    79
   110
   113
   117
   125
   124
   127
   137
   133
   123
   114
   114
   115
   114
   114
   112
   116
   121
   121
   118
   122
   117
   113
   108
    98
    87
    81
    68
    62
    65
    61
    35
    40
    45
    63
    95
   112
   114
   120
   121
   120
   125
   123
   121
   126
   127
   134
   137
   130
   139
   145
   147
   138
   135
   140
   136
   144
   147
   151
   151
   143
   145
   140
   130
   113
   134
   113
   107
   116
   114
   101
    79
    74
    67
    73
    77
    77
    87
    91
   112
   141
   144
   147
   131
   118
   129
   149
   116
   103
   153
   142
   130
   143
   167
   186
   171
   149
   126
   110
   131
   141
   142
   142
   143
   147
   151
   158
   154
   151
   125
    98
    48
    21
    73
    99
   109
   108
   113
   118
   124
   126
   118
   113
   111
   111
   116
   110
   115
   123
   127
   120
   114
   108
   115
   111
   102
    91
    87
    83
    73
    62
    58
    62
    35
    40
    43
    57
    88
   106
   113
   112
   114
   116
   116
   122
   126
   127
   130
   127
   133
   130
   142
   143
   146
   145
   142
   146
   142
   140
   144
   149
   150
   151
   144
   137
   134
   124
   139
    92
   100
   105
   121
   120
   106
    78
    75
    72
    93
   112
   102
   110
   124
   110
   110
   106
   118
   151
   152
   103
   101
   117
   104
   114
   138
   155
   168
   175
   164
   141
   107
   100
   120
   132
   144
   149
   153
   151
   144
   146
   148
   132
   107
    89
    49
    19
    33
    85
    95
   102
   114
   117
   111
   118
   118
   110
   105
   107
   106
   113
   125
   129
   124
   125
   124
   129
   121
   102
    96
    96
    96
    80
    70
    57
    59
    60
    36
    43
    46
    51
    78
   107
   114
   118
   115
   115
   118
   118
   120
   122
   128
   128
   126
   135
   140
   145
   143
   149
   145
   144
   139
   138
   144
   147
   149
   147
   147
   139
   127
   124
   129
   110
    79
   108
   117
   124
   117
   104
    76
    75
    84
    94
   110
   120
   118
   154
   134
   137
   152
   122
    87
    99
   110
   118
   144
   155
   155
   168
   176
   178
   161
   135
    82
    77
   111
   137
   142
   143
   142
   144
   141
   141
   140
   122
   101
    79
    48
    43
    58
    83
   101
   101
   114
   111
   114
   116
   113
   104
    96
    96
   104
   112
   122
   128
   128
   127
   123
   119
   109
   107
   104
    99
    93
    80
    75
    66
    55
    59
    38
    39
    43
    46
    74
   107
   116
   118
   119
   117
   117
   117
   120
   121
   123
   129
   128
   131
   136
   142
   145
   138
   146
   134
   137
   141
   143
   141
   147
   145
   139
   138
   130
   126
   123
    77
    68
    80
   109
   116
   120
   116
   105
   101
   106
   118
   124
   129
   130
   176
   166
   112
    94
   103
   111
   118
   136
   149
   157
   159
   160
   163
   181
   186
   155
   130
    85
    62
    93
   123
   123
   117
   129
   139
   143
   152
   142
   125
   101
    71
    30
    21
    55
    87
    82
   108
   114
   104
   104
   107
   108
    97
    90
    94
   103
   110
   119
   130
   128
   122
   123
   113
   109
   109
    96
    90
    85
    79
    72
    65
    54
    56
    37
    42
    45
    48
    65
    99
   117
   116
   115
   118
   115
   121
   123
   125
   126
   128
   135
   132
   135
   134
   129
   137
   137
   139
   137
   136
   124
   124
   123
   125
   136
   135
   133
   125
   143
   145
   123
    68
    80
   121
   131
   137
   130
   125
   128
   135
   137
   138
   143
    91
    70
    68
   100
   112
   118
   144
   158
   159
   165
   177
   177
   171
   170
   175
   153
   137
    90
    64
   101
   117
   124
   120
   128
   136
   134
   135
   133
   115
    91
    59
    48
    46
    46
    95
   106
    88
   110
   119
   114
   101
   110
    93
    78
    89
   102
   111
   125
   124
   123
   117
   118
   115
   111
   109
   103
    92
    87
    82
    73
    63
    57
    56
    36
    31
    42
    42
    56
    99
   114
   114
   114
   117
   117
   116
   119
   123
   126
   130
   121
   133
   139
   141
   138
   141
   149
   143
   148
   139
   129
   110
   103
   115
   135
   142
   134
   128
   146
   124
   105
   107
    73
    66
   104
   138
   158
   165
   143
   125
   105
    75
    77
    60
    44
    80
   106
   127
   146
   154
   160
   167
   180
   190
   190
   188
   183
   188
   164
   144
   120
    74
    97
   112
   126
   134
   140
   138
   135
   136
   124
   107
    89
    68
    66
   109
    86
    99
   135
   100
   102
   107
   100
   100
    99
   100
    79
    83
    98
   114
   121
   123
   124
   121
   121
   115
   109
   101
    92
    88
    88
    84
    75
    71
    56
    51
    36
    42
    42
    46
    63
    99
   109
   113
   116
   118
   116
   121
   118
   121
   126
   121
   124
   128
   132
   138
   150
   148
   142
   142
   140
   144
   133
   123
   125
   130
   137
   127
   135
   136
   129
   122
   106
   101
   140
   122
   141
   174
   110
   103
    98
   100
   112
   118
   122
   121
   131
   139
   143
   153
   156
   163
   170
   183
   181
   175
   178
   182
   181
   200
   184
   145
   136
    88
    79
    98
   117
   136
   135
   129
   128
   127
   115
   101
    85
    60
    70
   111
    92
    94
   124
   115
    93
    95
   108
   107
    97
    93
    62
    73
    92
   107
   119
   118
   123
   125
   121
   110
   111
   103
    91
    90
    86
    80
    73
    63
    57
    58
    39
    39
    48
    43
    60
    94
   112
   114
   114
   117
   123
   119
   116
   118
   126
   131
   124
   128
   131
   136
   143
   149
   144
   137
   140
   138
   140
   136
   136
   145
   146
   141
   138
   132
   134
   127
   124
   108
   135
   156
   155
   180
   143
   164
   173
   164
   151
   134
   114
   126
   137
   145
   154
   155
   154
   152
   171
   165
   173
   180
   181
   182
   178
   191
   173
   136
   129
   118
    70
    67
    88
   119
   125
   125
   126
   125
   115
   101
    83
    61
    67
   106
    91
    62
    88
   101
    93
   102
   116
   101
    96
    88
    64
    70
    93
   107
   107
   111
   115
   112
   108
   107
   103
   103
    98
    90
    87
    85
    74
    70
    59
    51
    36
    42
    44
    46
    59
    90
   105
   110
   115
   110
   111
   115
   118
   118
   117
   129
   130
   129
   128
   132
   141
   145
   143
   143
   140
   143
   140
   136
   139
   144
   147
   144
   138
   135
   138
   118
    99
   100
   123
   134
   100
   146
   118
   147
   156
   147
   138
   123
   128
   123
   133
   140
   141
   146
   147
   142
   161
   160
   166
   163
   167
   165
   161
   151
   136
   132
   130
   130
    98
    60
    62
    88
   111
   116
   115
   116
   109
    98
    76
    60
    68
   114
   105
    88
   135
   142
   109
   105
   106
   102
    88
    95
    58
    64
    86
   105
   119
   121
   117
   115
   112
   107
   105
   104
   101
    89
    85
    87
    76
    70
    60
    51
    32
    41
    46
    49
    63
    96
   105
   111
   111
   116
   117
   116
   118
   120
   128
   126
   123
   121
   126
   131
   138
   141
   148
   146
   143
   143
   144
   149
   150
   150
   150
   148
   144
   136
   137
   126
   115
   100
   121
   133
   138
   229
   121
   127
   145
   137
   125
   123
   118
   118
   127
   136
   135
   137
   140
   138
   145
   145
   143
   141
   147
   150
   148
   148
   132
   118
   113
   109
   109
    68
    58
    55
    85
   101
   100
   107
   111
   100
    90
    66
    78
   111
    84
    85
   137
   142
   106
   104
   114
   112
    96
    84
    63
    65
    91
    98
   106
   115
   120
   117
   117
   113
   103
    99
    96
    91
    89
    79
    73
    69
    57
    53
    31
    40
    49
    60
    66
    91
   108
   111
   115
   113
   114
   119
   121
   121
   126
   131
   131
   125
   125
   132
   143
   136
   142
   146
   148
   145
   153
   141
   140
   146
   152
   151
   150
   137
   134
   103
    94
    93
   118
   137
   161
   231
   194
   130
   134
   129
   125
   118
   116
   117
   118
   122
   125
   131
   128
   134
   137
   139
   143
   144
   142
   145
   164
   156
   130
   116
   108
   101
    86
    73
    47
    49
    68
   103
   115
   116
   118
   105
    85
    58
    20
    24
    54
    83
   106
   110
   102
   111
   109
   107
    95
    89
    58
    60
    88
   100
   109
   119
   116
   113
   104
   101
   105
    98
    94
    86
    87
    79
    77
    67
    55
    50
    33
    37
    53
    67
    68
    89
   105
   111
   112
   114
   117
   115
   122
   123
   128
   126
   131
   133
   137
   139
   142
   140
   139
   145
   147
   150
   148
   151
   151
   140
   143
   147
   144
   139
   132
   120
   101
    93
   116
   124
   107
   179
   129
   112
   120
   122
   116
   114
   111
   109
   113
   116
   114
   116
   124
   129
   129
   135
   142
   143
   146
   151
   156
   144
   126
   119
   108
    97
    82
    64
    42
    45
    58
    85
   106
   108
   114
   105
    88
    62
    32
    27
    51
    86
   112
   122
   106
   108
   111
   108
    99
    90
    59
    50
    80
    97
   112
   113
   115
   111
   108
   105
   104
   104
   100
    97
    80
    76
    72
    72
    59
    54
    35
    42
    56
    60
    73
    93
   105
   111
   111
   111
   119
   126
   123
   122
   127
   132
   131
   121
   127
   132
   139
   140
   138
   138
   142
   136
   138
   140
   147
   154
   147
   137
   134
   130
   126
    90
    91
    90
   115
   130
   116
    65
    94
   110
   120
   113
   112
   110
   110
   110
   112
   110
   117
   117
   116
   117
   119
   124
   132
   137
   134
   144
   152
   149
   132
   117
   109
    95
    83
    77
    48
    42
    52
    79
   102
   101
   111
   104
    93
    78
    66
   105
    90
    74
   127
   142
   113
   114
   113
   112
   102
    86
    57
    58
    90
   105
   110
   113
   111
   111
   111
   109
    99
    97
    98
    94
    89
    81
    78
    69
    57
    48
    34
    50
    58
    66
    77
    99
   106
   108
   113
   114
   113
   115
   121
   125
   128
   125
   126
   126
   127
   138
   137
   134
   136
   146
   144
   148
   152
   144
   144
   146
   149
   148
   139
   132
   124
   122
    96
    97
   114
   127
   128
    87
   117
   128
   131
   124
   108
   107
   109
   112
   114
   116
   116
   123
   120
   120
   122
   120
   117
   113
   120
   123
   131
   131
   123
   119
   109
    99
    98
    89
    52
    43
    46
    74
   105
   111
   111
   104
    87
    73
    59
    89
    86
    63
   112
   121
   103
   100
    98
   107
    97
    88
    65
    55
    89
   103
   108
   114
   111
   109
   111
   110
   105
    97
    92
    89
    83
    80
    74
    72
    59
    56
    40
    51
    52
    67
    80
    91
   103
   110
   113
   114
   115
   117
   116
   117
   121
   123
   126
   129
   130
   129
   135
   144
   144
   140
   143
   142
   147
   151
   146
   141
   139
   138
   132
   129
   122
    80
    99
    97
   118
   132
   126
    83
   127
   130
   137
   138
   128
    96
    90
    90
   101
   114
   116
   120
   125
   120
   119
   120
   125
   126
   123
   123
   123
   126
   122
   112
   113
   112
   114
    92
    55
    41
    45
    68
   105
   109
   113
    95
    79
    62
    62
    93
   101
    59
    77
    99
   100
   111
   107
    96
    96
    93
    69
    58
    88
   104
   115
   114
   118
   115
   109
   109
   102
   101
   102
    90
    85
    81
    74
    65
    55
    51
    43
    47
    53
    64
    75
    95
   100
   109
   111
   114
   113
   118
   114
   115
   118
   124
   126
   128
   130
   132
   136
   138
   139
   144
   137
   142
   142
   148
   151
   150
   143
   143
   134
   127
   127
   114
    92
    95
   121
   136
   131
    86
   104
   109
   111
   108
   110
   102
    92
   103
   112
   111
   120
   123
   122
   124
   122
   126
   125
   127
   122
   126
   129
   125
   119
   122
   120
   122
   115
    89
    74
    51
    51
    83
   114
   114
   106
    89
    81
    66
    70
   101
   109
    84
   122
   140
   106
   100
   103
   102
    94
    88
    67
    59
    84
   100
   110
   116
   107
   108
   109
   109
   108
   105
   100
    97
    90
    81
    78
    69
    58
    59
    41
    46
    56
    71
    79
    94
   100
   102
   110
   113
   114
   114
   121
   123
   122
   122
   128
   125
   126
   130
   130
   130
   134
   137
   142
   141
   143
   147
   148
   148
   147
   144
   132
   130
   115
    64
    92
    95
   111
   109
   108
   112
   110
   105
   101
    99
    92
    91
    87
    85
   106
    73
    90
   117
   121
   123
   130
   132
   134
   129
   127
   128
   130
   149
   172
   131
   126
   127
   114
    83
    71
    58
    65
    93
   114
   109
   111
    97
    85
    77
    96
   129
   117
    77
   107
   123
   104
   101
   103
   103
    98
    92
    68
    65
    87
    97
   114
   117
   117
   114
   108
   111
   109
   101
    99
    91
    86
    80
    76
    73
    61
    63
    35
    43
    54
    66
    83
    91
   101
   103
   106
   111
   115
   112
   113
   115
   116
   121
   123
   132
   132
   127
   134
   137
   138
   136
   134
   141
   137
   130
   136
   140
   141
   127
   125
   120
   118
   109
    99
   102
    95
   109
   106
   103
   100
   100
    98
    99
   101
   101
    88
    65
    33
    54
    74
    76
    99
   121
   124
   129
   131
   131
   133
   131
   134
   152
   187
   144
   129
   131
   110
    90
    82
    82
    93
   101
   105
   106
    97
    88
    78
    63
    80
   109
    73
    52
    88
    94
    89
   104
    97
    92
   101
    94
    77
    75
    90
   106
   114
   117
   115
   115
   116
   107
   108
   103
    98
    97
    92
    88
    83
    64
    58
    66
    39
    40
    60
    73
    86
   100
    96
   105
   105
   108
   109
   115
   119
   121
   122
   119
   124
   125
   126
   130
   128
   133
   136
   134
   132
   131
   133
   129
   138
   136
   133
   131
   124
   115
   103
    85
   100
    98
   108
   124
   122
   108
    98
    90
    80
    74
    85
    98
   103
    91
   105
    93
    83
    93
    91
    86
   112
   124
   132
   133
   129
   130
   130
   154
   146
   132
   109
   112
   105
    91
    88
   104
   109
   110
   112
   111
   100
    87
    72
    54
    49
    43
    42
    88
   104
    90
    90
    98
   102
    91
    95
    99
    78
    81
    94
   101
   110
   115
   119
   117
   114
   109
   103
   102
    92
    87
    84
    83
    81
    63
    65
    68
    37
    49
    64
    72
    85
    95
   103
   105
   107
   105
   111
   109
   110
   110
   112
   122
   120
   125
   130
   129
   129
   124
   129
   131
   132
   134
   135
   133
   128
   132
   133
   132
   126
   110
    92
    46
    62
    87
   106
   111
   121
   115
   103
    92
    86
   100
    88
    94
   105
   115
   125
    92
    94
    78
    85
   100
    89
   105
   123
   116
   126
   130
   137
   158
   148
   127
    88
    99
   106
   101
   106
   110
   111
   115
   114
   113
   106
    90
    73
    56
    55
    89
    42
    58
    79
    78
    93
    92
    88
    96
    96
    93
    89
    88
    98
   104
   110
   117
   118
   118
   113
   104
   105
   103
   100
    96
    92
    90
    75
    69
    71
    70
    54
    67
    65
    79
    94
    94
    96
   101
   101
   109
   109
   111
   114
   117
   118
   115
   125
   123
   124
   129
   125
   127
   130
   125
   122
   125
   133
   131
   130
   138
   138
   134
   126
   119
   103
    50
    60
    94
   110
   107
   121
   114
    99
    92
    85
    79
    82
    73
    99
   114
   112
   119
   112
   114
    99
    71
    85
    91
   102
   121
   120
   127
   143
   156
   150
   132
    89
   104
   115
   110
   110
   115
   116
   119
   123
   126
   123
    99
    77
    52
    92
    84
    43
    40
    69
    86
    92
   100
   113
   107
   107
   106
    96
   100
   101
   106
   111
   114
   114
   113
   117
   114
   105
   105
   104
    95
    90
    84
    67
    66
    68
    78
    54
    60
    64
    78
    87
    92
    97
   103
   104
   105
   108
   113
   111
   116
   117
   120
   115
   123
   121
   122
   118
   122
   119
   128
   131
   129
   125
   133
   134
   135
   141
   126
   121
   117
    99
    57
    91
   115
   124
   117
   130
   121
    96
    78
    63
    63
    60
    85
    79
   108
   119
   118
   127
   121
   117
   110
    82
    75
    87
    99
   122
   129
   134
   144
   154
   129
    98
   114
   115
   117
   116
   119
   122
   122
   125
   121
   117
   108
    86
    56
    28
    26
    27
    48
    92
    99
    99
   106
   110
   107
   109
   105
   101
   104
   104
   105
   112
   117
   119
   115
   112
   112
   107
   106
   102
    97
    98
    87
    77
    78
    79
    74
    49
    53
    67
    82
    88
    91
    97
   101
   104
   103
   105
   111
   117
   117
   118
   116
   121
   125
   125
   123
   127
   129
   129
   125
   127
   125
   126
   130
   131
   133
   128
   133
   121
   101
    87
    68
    93
   119
   121
   116
   143
   123
    86
    70
    68
    59
    61
    83
    90
    82
   108
   119
   113
   114
   117
   111
   117
   103
    64
    77
   103
   125
   131
   145
   165
   143
   126
    94
    88
   108
   115
   111
   114
   117
   124
   132
   130
   113
    93
    59
    38
    36
    23
    59
    84
    93
   100
   109
   109
   116
   117
   112
   107
   111
   113
   116
   110
   108
   115
   121
   120
   119
   121
   112
   107
    98
    93
    75
    71
    75
    82
    68
    42
    52
    72
    85
    89
    92
   101
   100
   104
   105
   107
   107
   107
   110
   116
   121
   117
   118
   124
   121
   121
   117
   121
   123
   121
   124
   130
   124
   126
   126
   128
   131
   121
    94
    79
    68
    93
   118
   112
    83
    63
    59
    60
    67
    69
    53
    70
    76
    83
    88
    96
   113
   116
   113
   108
   112
   115
   126
   119
    66
    67
   101
   135
   155
   173
   151
    86
    57
    83
   114
   123
   125
   127
   131
   129
   131
   130
   124
    98
    69
    29
    18
    35
    84
   109
   109
   114
   126
   123
   124
   122
   111
   112
   113
   108
   109
   114
   117
   116
   119
   127
   116
   117
   114
   106
   106
    82
    79
    77
    82
    86
    62
    40
    59
    73
    85
    91
    96
    94
   100
   104
   103
   100
   110
   112
   114
   116
   113
   116
   120
   118
   120
   113
   120
   122
   121
   121
   120
   120
   125
   125
   125
   125
   131
   116
    90
    84
    72
    98
   113
   113
    78
   170
   209
   124
    95
    73
    71
    76
    81
    86
    85
    86
   103
   119
   116
   116
   117
   114
   120
   119
   111
    53
    56
    72
    81
    82
    48
    30
    59
    79
    96
   114
   129
   130
   134
   141
   131
   136
   133
   109
    84
    46
    34
    90
   110
   124
   125
   124
   119
   135
   135
   120
   114
   113
   116
   116
   116
   119
   119
   120
   124
   128
   118
   107
   109
   110
    98
    84
    80
    82
    88
    75
    51
    36
    57
    75
    83
    88
    93
    96
    99
    96
   100
   106
   109
   111
   112
   114
   117
   115
   120
   122
   118
   117
   118
   117
   121
   121
   118
   121
   125
   128
   124
   130
   131
   110
    97
    81
    77
    93
   113
   113
   137
   226
   220
   205
   110
    77
    91
   104
    91
    80
    79
    88
    88
   103
   123
   109
   110
   110
   114
   113
   116
    96
    51
    64
    71
    70
    75
    83
    82
    82
    87
    94
   107
   119
   122
   139
   146
   143
   148
   118
    94
    68
    50
    85
   116
   123
   106
   118
   142
   133
   121
   119
   112
   107
   106
   111
   117
   121
   126
   121
   122
   117
   116
   118
   108
    97
    77
    79
    88
    92
    93
    68
    55
    42
    61
    76
    83
    90
    94
    96
   100
   103
   105
   106
   105
   104
   109
   111
   111
   111
   113
   115
   118
   114
   115
   118
   117
   114
   117
   121
   121
   120
   126
   125
   127
   113
    89
    76
    78
    94
    94
   102
   118
   196
   217
   170
   106
    66
    51
    60
    78
    76
    77
    80
    83
    91
   105
   112
   110
   112
   111
   112
   115
   123
    74
    66
    86
    87
    89
    89
    85
    81
    82
    87
    96
   113
   128
   130
   148
   148
   150
   137
   102
    69
    41
    66
    91
    94
   121
   144
   140
   125
   119
   118
   121
   119
   119
   120
   115
   119
   124
   121
   120
   124
   118
   119
   109
    96
    85
    88
    95
    97
    88
    59
    56
    43
    63
    75
    83
    90
    96
    91
    93
    96
   100
   102
   108
   105
   104
   108
   111
   107
   112
   114
   116
   117
   117
   115
   116
   118
   122
   120
   123
   125
   124
   129
   125
   109
    86
    74
    72
    85
    90
    88
    94
    75
    83
    90
    85
    40
    51
    58
    82
    76
    75
    79
    88
    91
   102
   105
   109
   106
   114
   114
   118
   122
    95
    59
    84
    87
    83
    85
    84
    85
    83
    84
    86
    92
   115
   134
   145
   155
   154
   155
   129
    92
    51
    70
   104
   127
   145
   136
   123
   117
   122
   123
   126
   118
   115
   122
   125
   119
   117
   123
   126
   121
   116
   108
   102
    94
    96
   100
    95
   100
    71
    61
    60
    42
    63
    77
    81
    92
    93
    97
    95
    94
    93
   102
   102
   104
   109
   111
   114
   117
   114
   116
   112
   111
   114
   116
   112
   114
   115
   121
   124
   124
   129
   130
   127
   113
    89
    70
    64
    98
    92
    93
    96
    95
    79
    78
    84
    89
    49
    45
    69
    76
    68
    78
    86
    92
    93
   104
   108
   112
   113
   116
   108
   115
   109
    59
    81
   105
    92
    81
    86
    90
    93
    92
    88
    86
    85
   106
   133
   138
   155
   151
   146
   113
    82
    88
   114
   134
   131
   127
   128
   132
   132
   131
   118
   123
   125
   122
   114
   119
   122
   121
   117
   113
   108
   104
    94
    97
    99
   101
   109
    85
    64
    66
    69
    44
    52
    68
    79
    83
    88
    92
    94
    93
    92
    97
   101
   103
   103
   107
   113
   111
   113
   113
   114
   114
   114
   113
   118
   118
   120
   120
   119
   122
   122
   124
   126
   107
    85
    65
    72
   100
    92
    87
    94
    91
    72
    90
    80
    62
    43
    42
    61
    73
    72
    76
    82
    88
    96
    92
   102
   106
   109
   116
   122
   124
   119
    66
    81
   107
   102
    96
    85
    85
    88
    89
    94
    95
    91
    90
   103
   124
   126
   135
   141
   118
    95
    97
   100
   106
   114
   118
   125
   126
   125
   126
   121
   121
   119
   114
   116
   118
   120
   120
   113
   112
   108
   105
   103
   104
   106
   107
    99
    69
    71
    73
    68
    30
    41
    51
    69
    78
    91
    88
    90
    90
    93
    98
   102
   100
   104
   103
   106
   106
   104
   107
   109
   109
   116
   119
   119
   120
   118
   119
   121
   124
   124
   126
   121
   104
    83
    72
    67
    96
    91
    84
    91
    89
    76
    76
    73
    33
    38
    47
    60
    88
    73
    78
    85
    94
    93
   104
   102
   108
   113
   119
   122
   117
   116
    70
    81
   108
   111
    99
    95
    85
    81
    91
    97
    93
    87
    89
    82
    96
   102
   104
   115
   117
   102
    94
    94
    98
   100
   108
   116
   122
   122
   119
   109
   114
   114
   117
   113
   121
   124
   118
   115
   112
   108
   107
   102
   103
   107
   107
    81
    69
    77
    79
    83
    28
    29
    37
    57
    76
    85
    88
    92
    95
    98
   101
   103
   103
    98
   102
   110
   114
   112
   113
   114
   111
   111
   114
   116
   118
   119
   121
   122
   125
   127
   121
   119
   105
    87
    73
    78
    99
    93
    87
    91
    89
    77
    77
    73
    29
    16
    18
    50
    75
    85
    84
    85
    86
    91
    96
   104
   107
   110
   110
   104
   115
   119
    76
    76
   107
   111
   109
   101
    94
    89
    79
    81
    90
    92
    82
    79
    77
    82
    92
    97
    96
    96
   100
    97
    88
    87
    93
    99
    99
    98
   113
   122
   118
   115
   117
   121
   120
   116
   111
   110
   111
   108
   107
   106
   107
   114
   101
    68
    88
    87
    85
    86
    26
    32
    34
    47
    66
    74
    93
    93
    93
    94
    96
   100
   101
   106
   110
   109
   108
   110
   114
   114
   114
   117
   117
   112
   113
   114
   118
   122
   123
   126
   129
   124
   110
    91
    77
    71
   105
    98
    86
    88
    90
    69
    75
    78
    51
   118
   139
    81
    91
    87
    91
    92
    89
    96
   100
    99
   108
   103
   106
   109
   115
   120
    70
    78
   114
   117
   115
   112
   105
   101
    94
    84
    86
    88
    95
    92
    86
    85
    81
    77
    88
    91
    90
    97
    96
   101
   101
   107
   108
   106
   105
   100
   114
   115
   111
   115
   116
   114
   112
   108
   107
   104
   108
   117
   118
   106
    85
    92
    91
    91
    96
    96
    36
    28
    35
    42
    61
    68
    77
    87
    90
    95
   101
   104
   103
   103
   101
   105
   109
   112
   112
   114
   112
   112
   117
   113
   115
   119
   121
   121
   127
   127
   129
   127
   105
    86
    78
    78
    99
   102
    88
    91
    89
    75
    76
    93
    76
   203
   228
   114
   107
   108
   101
    95
    97
    92
    98
   104
   102
   109
   116
   115
   112
   116
    79
    77
   110
   115
   114
   106
   109
   105
   101
    90
    87
    86
    87
    91
    92
    93
    95
   101
   101
   101
   105
   109
   111
   114
   112
   107
   104
   105
   115
   114
   109
   114
   115
   118
   118
   116
   118
   111
   109
   109
   110
   112
   111
    87
    79
    93
   100
   104
   104
   101
    32
    37
    34
    44
    51
    73
    77
    86
    93
    92
    94
    98
   103
   101
   104
   106
   107
   109
   113
   111
   112
   111
   111
   113
   111
   116
   117
   121
   120
   126
   127
   119
   114
   100
    92
    79
   107
   103
    87
    89
    88
    82
    76
    91
    90
    60
    90
    91
   128
   128
   118
   108
    99
    97
    99
   103
   107
   104
   104
   111
   113
   117
    74
    71
   110
   114
   114
   112
   105
    99
   102
    95
    94
    94
    92
    94
   100
   105
   111
   109
   111
   111
   111
   111
   106
   112
   116
   107
    99
   106
   101
   109
   118
   123
   129
   126
   120
   117
   114
   111
   112
   112
   114
   116
    98
    95
   112
   112
   109
   108
   102
    76
    28
    34
    36
    49
    53
    63
    73
    87
    94
    94
    93
    96
    96
    97
   102
   103
   107
   111
   109
   112
   109
   110
   109
   112
   115
   114
   120
   123
   127
   124
   127
   124
   112
   109
    90
    78
   109
   112
    97
    89
    94
    91
    77
   103
   127
    83
    54
    98
   149
   139
   130
   115
   104
    97
    93
    99
   106
   105
   107
   116
   114
   117
    79
    80
   109
   115
   115
   108
   109
   109
   102
    98
   100
   101
   108
   105
   101
   109
   112
   112
   112
   111
   113
   113
   110
   108
   107
   110
   117
   112
   117
   121
   118
   121
   121
   126
   115
   111
   112
   112
   113
   115
   118
   103
    97
   122
   124
   119
   121
   117
    88
    69
    30
    46
    46
    44
    54
    73
    82
    83
    89
    94
    94
    99
   103
   105
   104
   107
   106
   107
   108
   108
   111
   110
   117
   112
   119
   122
   121
   120
   127
   132
   131
   121
   116
   112
    96
    78
   108
   114
   102
    92
    92
    99
    85
   100
   133
   115
    66
   103
   127
   137
   133
   110
    99
    95
    99
   106
   102
   107
   110
   105
   114
   118
    73
    77
   114
   115
   116
   110
    97
   106
   104
    99
   101
   102
    95
    96
   101
   104
   100
   107
   104
   111
   113
   114
   114
   116
   117
   119
   121
   129
   129
   125
   126
   119
   119
   113
   112
   113
   114
   117
   114
   117
   107
   106
   119
   121
   125
   131
   120
    85
    57
    40
    29
    44
    48
    61
    64
    75
    77
    81
    93
    94
    95
    92
    98
   101
   105
   109
   112
   112
   112
   112
   116
   114
   114
   121
   123
   119
   126
   129
   134
   134
   131
   127
   114
   110
   102
    80
   110
   119
   115
    99
    99
   117
   121
    89
   121
   124
    98
   102
   119
   127
   129
   110
   100
    99
   105
   109
   109
   107
   106
   108
   113
   118
    80
    96
   113
   115
   113
   111
   110
   106
   106
   107
   103
   110
   106
   101
   107
   106
   105
   101
   112
   110
   108
   115
   120
   123
   128
   128
   127
   125
   128
   125
   122
   121
   118
   117
   111
   118
   119
   120
   125
   115
   109
   124
   131
   133
   134
   113
    75
    44
    38
    42
    41
    60
    68
    66
    74
    82
    85
    83
    94
   101
   103
   101
   104
   103
   106
   106
   111
   111
   113
   113
   111
   116
   115
   117
   121
   121
   125
   127
   133
   136
   137
   134
   123
   111
   109
    78
   111
   126
   132
   118
   112
   122
   136
   131
   104
   121
   127
   121
   114
   122
   114
   103
   100
   108
   113
   115
   113
   116
   119
   120
   124
   117
    83
    91
   119
   129
   114
   109
   112
   120
   117
   117
   113
   108
   117
   117
   116
   115
   118
   120
   113
   117
   127
   128
   126
   125
   130
   125
   125
   122
   124
   119
   119
   120
   117
   113
   123
   120
   121
   124
   110
   106
   127
   133
   142
   139
   107
    47
    29
    33
    23
    12
    43
    54
    64
    76
    64
    79
    82
    92
    97
    94
    97
   103
   101
   104
   104
   107
   110
   111
   112
   114
   111
   113
   113
   116
   120
   126
   128
   127
   135
   135
   135
   132
   127
   115
   112
    84
   105
   141
   154
   133
   106
   107
   120
   130
   127
   124
   125
   134
   118
   123
   112
   100
    99
   109
   112
   113
   115
   115
   118
   117
   128
   113
    83
   106
   129
   126
   125
   125
   127
   122
   117
   114
   123
   127
   117
   122
   129
   137
   128
   122
   126
   132
   134
   131
   137
   139
   135
   134
   127
   128
   124
   125
   121
   122
   123
   129
   125
   125
   126
   116
   122
   141
   150
   144
   105
    48
    18
    23
    16
     8
    29
    64
    49
    49
    67
    58
    59
    67
    83
    91
    92
    99
   100
   102
   107
   105
   107
   113
   117
   113
   112
   110
   112
   112
   116
   119
   127
   127
   129
   133
   124
   132
   132
   143
   136
   121
   113
    84
   103
   145
   156
   137
   107
   104
   119
   135
   136
   140
   135
   120
   124
   119
   106
   104
   112
   116
   120
   126
   125
   124
   123
   131
   135
   106
   102
   119
   132
   137
   133
   127
   119
   130
   134
   133
   137
   138
   140
   131
   135
   142
   140
   135
   142
   141
   144
   142
   137
   139
   133
   131
   132
   130
   127
   125
   126
   124
   129
   124
   132
   140
   141
   148
   155
   141
    94
    48
    19
     9
     4
     6
    14
    51
    94
   122
    39
    43
    59
    62
    59
    55
    77
    95
    96
    95
   100
   102
   104
   106
   105
   111
   113
   113
   112
   113
   115
   113
   120
   120
   128
   131
   132
   132
   137
   140
   142
   146
   142
   141
   125
    97
    90
   129
   145
   151
   123
   102
   116
   132
   136
   135
   137
   128
   114
   106
   110
   110
   112
   119
   123
   125
   125
   124
   120
   130
   141
   105
   108
   122
   135
   145
   152
   148
   133
   135
   134
   138
   142
   145
   149
   150
   150
   150
   147
   136
   136
   136
   138
   136
   135
   136
   137
   134
   133
   131
   128
   128
   130
   126
   126
   140
   147
   125
   106
    76
    43
    13
     2
     1
     5
    13
    34
    58
    73
    83
    82
    89
    30
    42
    53
    48
    39
    39
    59
    71
    91
   101
   106
   105
   107
   108
   105
   110
   111
   107
   106
   113
   111
   113
   115
   118
   118
   127
   129
   132
   137
   134
   137
   144
   143
   133
   126
   117
    96
   123
   136
   142
   131
   104
   112
   136
   134
   133
   120
   108
    99
   105
   103
   109
   116
   123
   127
   132
   129
   129
   137
   153
   140
   103
   137
   153
   157
   153
   152
   164
   158
   148
   143
   145
   147
   150
   152
   149
   145
   154
   159
   151
   145
   145
   141
   141
   141
   136
   136
   142
   137
   128
   134
   136
   138
   139
   151
   137
    52
    18
    11
     5
    11
    14
    20
    42
    68
    74
    81
    97
   125
   135
   130
   107
    28
    21
    28
    33
    27
    32
    42
    51
    64
    83
   101
   105
   108
   108
   109
   106
   109
   112
   110
   112
   118
   117
   112
   119
   120
   122
   128
   129
   126
   133
   136
   139
   145
   146
   142
   134
    89
   133
   142
   143
   141
   110
   119
   155
   155
   146
   138
   121
   118
   114
   115
   120
   123
   128
   131
   131
   137
   145
   149
   161
   148
   117
   153
   158
   180
   183
   172
   166
   157
   150
   154
   155
   156
   153
   156
   161
   157
   158
   159
   156
   152
   152
   145
   145
   145
   144
   141
   142
   141
   134
   132
   131
   139
   147
    98
    25
     8
    11
     9
    10
    22
    38
    56
    64
    61
    76
   104
   135
   134
   119
   119
   136
    29
    30
    25
    22
    26
    31
    38
    44
    53
    63
    65
    79
    92
   102
   105
   108
   104
   104
   106
   108
   112
   112
   117
   118
   118
   118
   120
   127
   130
   130
   139
   153
   148
   148
   154
   148
   115
   112
   147
   140
   142
   127
   112
   161
   177
   177
   164
   149
   133
   132
   127
   123
   124
   131
   129
   142
   146
   154
   167
   169
   153
   139
   164
   172
   187
   187
   179
   175
   170
   161
   152
   150
   152
   159
   161
   158
   155
   159
   159
   165
   151
   153
   159
   148
   151
   152
   144
   141
   135
   137
   137
   153
   117
    54
    34
    50
    79
    90
    86
    88
    79
    66
    52
    43
    49
    60
    89
   102
   123
   148
   159
   147
    23
    26
    26
    29
    24
    25
    30
    40
    58
    61
    65
    71
    78
    85
    93
    99
   102
   104
   101
   101
   107
   114
   115
   119
   123
   127
   128
   131
   132
   132
   135
   155
   156
   158
   161
   163
   156
    88
   129
   143
   142
   134
    95
   127
   170
   173
   162
   154
   152
   148
   149
   141
   141
   142
   151
   155
   164
   178
   173
   200
   156
   170
   174
   175
   176
   180
   175
   169
   163
   153
   150
   155
   155
   159
   164
   168
   164
   164
   160
   155
   157
   151
   151
   150
   146
   145
   143
   140
   139
   153
   157
   122
   167
   143
   112
   124
   126
   138
   163
   173
   172
   159
   140
   132
   127
   123
    96
    87
    87
    95
   104
   127
    30
    28
    27
    25
    24
    20
    27
    27
    36
    54
    77
    82
    73
    78
    85
    91
    99
   103
   107
   107
   111
   113
   121
   123
   126
   129
   130
   139
   134
   131
   139
   150
   157
   162
   158
   162
   165
   100
   109
   144
   156
   154
   133
   107
   140
   157
   169
   166
   171
   171
   169
   175
   181
   180
   178
   188
   185
   172
   196
   122
   149
   166
   168
   172
   168
   163
   158
   157
   161
   162
   159
   160
   164
   166
   163
   159
   166
   166
   152
   152
   156
   158
   158
   154
   155
   149
   141
   154
   167
   143
    67
    13
    41
   178
   198
   141
   116
    97
    92
   105
   115
   131
   153
   154
   156
   170
   181
   168
   136
   110
   109
   111
    32
    25
    22
    26
    28
    30
    35
    29
    21
    34
    49
    60
    75
    76
    77
    88
    97
   104
   109
   115
   115
   123
   121
   124
   132
   136
   136
   140
   143
   146
   139
   141
   145
   147
   147
   142
   146
   153
    71
    73
    56
    69
    80
    68
   102
   126
   107
   110
    98
   117
   126
   107
    77
    60
    61
    55
    67
   167
   119
   147
   171
   175
   172
   168
   173
   172
   177
   176
   173
   170
   173
   175
   169
   165
   168
   171
   168
   169
   167
   165
   156
   157
   156
   159
   157
   166
   170
   149
    81
    26
    22
    41
    34
    23
   128
   217
   199
   171
   143
   114
   100
    91
    97
   127
   150
   161
   144
   143
   155
   163
   150
   121
    27
    23
    20
    22
    21
    23
    27
    28
    29
    28
    34
    46
    57
    73
    76
    76
    82
    90
   101
   110
   112
   116
   124
   126
   127
   134
   146
   148
   147
   149
   151
   145
   142
   139
   136
   135
   138
   151
   127
    72
    71
    37
    43
    50
    50
    37
    47
    36
    36
    32
    23
    24
    26
    28
    24
    69
   166
   135
   132
   171
   171
   169
   171
   168
   164
   170
   171
   174
   175
   176
   176
   175
   175
   171
   169
   167
   170
   170
   161
   153
   159
   161
   154
   160
   167
   148
   103
    36
    26
    36
    42
    43
    44
    32
    18
    85
   193
   196
   183
   178
   155
   127
   105
   108
   116
   128
   153
   172
   157
   144
   151
   161
    24
    24
    21
    22
    23
    26
    30
    32
    33
    34
    26
    29
    31
    44
    60
    66
    71
    76
    79
    90
   104
   110
   111
   113
   118
   124
   124
   131
   132
   142
   150
   153
   148
   148
   150
   147
   145
   145
   158
   125
    77
    92
    82
    80
    73
    64
    45
    39
    37
    49
    41
    45
    38
    62
   119
   178
   120
   122
   155
   154
   150
   154
   154
   158
   162
   159
   163
   169
   170
   171
   174
   175
   174
   183
   180
   173
   169
   169
   165
   164
   169
   179
   176
   142
    85
    33
    28
    34
    39
    41
    42
    43
    39
    39
    42
    13
    36
   158
   189
   189
   194
   182
   183
   151
   117
   108
   109
   124
   147
   173
   180
   172
    26
    30
    28
    29
    32
    29
    24
    32
    35
    38
    43
    46
    39
    34
    37
    42
    57
    58
    69
    69
    73
    82
    96
    99
   103
   110
   108
   108
   112
   110
   108
   111
   129
   135
   134
   132
   141
   145
   155
   166
   147
   123
   106
   112
   109
    88
    81
    76
    77
    74
    84
    96
   119
   130
   120
   105
   129
   147
   140
   138
   140
   143
   143
   148
   149
   161
   163
   163
   168
   169
   170
   169
   173
   171
   173
   177
   184
   185
   183
   173
   139
   107
    63
    23
    24
    31
    36
    44
    44
    40
    41
    42
    40
    45
    39
    44
    23
    29
   128
   174
   167
   193
   201
   199
   194
   171
   132
   110
   106
   112
   125
   145
    39
    33
    35
    31
    30
    29
    31
    36
    35
    46
    47
    50
    55
    56
    47
    50
    48
    57
    58
    61
    60
    68
    77
    81
    86
    87
    93
    84
    79
    81
    80
    75
    79
    86
    95
    99
    93
   100
   100
   116
   134
   108
    24
    49
    79
    92
    98
   108
   103
   109
   113
   114
   107
   106
   122
   131
   136
   130
   128
   137
   140
   147
   156
   153
   153
   158
   160
   159
   166
   167
   179
   178
   182
   184
   180
   169
   142
   124
    85
    50
    17
    15
    20
    36
    41
    45
    46
    46
    47
    44
    43
    45
    46
    41
    43
    40
    45
    36
    18
   106
   182
   157
   167
   198
   204
   198
   196
   186
   147
   108
   107
   117
    30
    34
    30
    32
    27
    31
    32
    29
    37
    35
    41
    48
    48
    46
    53
    53
    59
    62
    64
    62
    54
    48
    51
    65
    69
    64
    59
    67
    65
    56
    47
    52
    61
    56
    52
    51
    54
    55
    57
    48
    55
    36
    44
    52
    99
   129
   125
   109
   117
   172
   177
   133
   100
    66
    49
    52
    75
   119
   166
   172
   174
   165
   152
   154
   161
   157
   161
   155
   139
   132
   120
   107
    87
    68
    47
    20
    17
    25
    20
    23
    39
    40
    42
    40
    44
    41
    39
    39
    41
    42
    43
    44
    42
    40
    38
    41
    40
    45
    43
    23
    58
   183
   181
   145
   153
   191
   206
   199
   199
   201
   186
   160
    33
    31
    33
    29
    31
    33
    32
    33
    37
    36
    36
    43
    51
    48
    47
    44
    45
    43
    45
    46
    47
    47
    44
    42
    48
    49
    51
    54
    60
    65
    69
    70
    69
    57
    50
    38
    38
    33
    47
    39
    36
   109
   183
   156
   124
   120
   119
   158
   159
   171
   187
   187
   170
   146
   155
   175
   189
   179
   154
   129
   105
    68
    46
    58
    97
    97
    88
    58
    24
    21
    18
    14
    17
    25
    27
    34
    37
    38
    42
    41
    43
    38
    45
    45
    46
    44
    45
    44
    43
    43
    42
    41
    40
    42
    39
    38
    42
    42
    43
    42
    34
   109
   164
   198
   185
   149
   152
   184
   205
   211
   212
   207
    34
    38
    35
    35
    34
    29
    29
    38
    29
    40
    49
    45
    43
    43
    35
    50
    48
    36
    40
    35
    38
    51
    49
    42
    48
    54
    56
    55
    59
    57
    64
    80
    83
    87
    80
    78
    68
    62
    58
    63
    73
    62
    75
    87
    76
    43
    60
    80
    87
    90
   136
   182
   190
   175
   154
   117
    79
    66
    39
    37
    19
    29
    32
    33
    36
    25
    30
    25
    37
    40
    41
    42
    47
    47
    46
    45
    43
    47
    49
    47
    45
    47
    44
    42
    41
    42
    39
    44
    47
    41
    39
    40
    45
    44
    42
    41
    44
    41
    37
    38
    36
    71
   128
   144
   187
   214
   193
   155
   146
   166
   189
   210
