    95
    95
    91
    94
    91
    87
    92
    86
    91
    90
    87
    97
    89
    88
    91
    91
    90
    97
    94
    93
    87
    91
    79
    77
   104
   117
   113
    98
    73
    74
    67
    53
    54
    69
    44
    43
    46
    50
    45
    49
    66
    75
    87
    90
    87
    81
    81
    89
    99
   106
   114
   120
   120
   122
   124
   131
   133
   126
   124
   127
   142
   166
   158
   112
    49
    66
   101
    49
    22
    28
    34
    46
    53
    54
    52
    66
    82
    89
   115
   112
    78
    56
    55
    58
    58
    48
    52
    52
    56
    59
    55
    55
    52
    57
    52
    58
    55
    54
    54
    51
    55
    74
   106
   131
   133
   129
   142
   151
   161
   173
   180
   184
    89
    95
    95
    93
    91
    83
    86
    95
    93
    98
   100
    91
    92
    82
    85
    97
    92
    86
    93
    98
    93
    81
    82
    97
   108
   111
   118
    97
    81
    72
    57
    50
    51
    70
    54
    47
    41
    34
    42
    41
    43
    53
    64
    78
    76
    74
    86
    93
    95
   103
   106
    98
    96
   101
   101
   108
   111
   118
   124
   126
   124
   119
   116
    90
    36
     8
     4
     5
     0
     5
    10
    19
    43
    51
    60
    62
    55
    68
    76
    48
    32
    29
    42
    45
    47
    48
    58
    56
    58
    57
    55
    53
    55
    55
    58
    52
    56
    58
    55
    57
    73
   105
   124
   121
   134
   153
   174
   193
   208
   209
   209
   207
    89
    93
    94
    91
    90
    94
   100
   105
   105
   104
    99
    91
    88
    91
    92
   102
    98
    94
    91
    89
    79
    83
    90
    91
   106
   107
   115
    99
    83
    54
    56
    50
    46
    68
    48
    38
    37
    37
    46
    55
    48
    50
    64
    65
    63
    68
    70
    78
    88
    90
    94
    93
    96
    93
    94
    92
    89
    92
    97
   103
   104
   105
   103
   107
   110
    96
    85
    86
    82
    77
    86
    89
    94
   104
   105
   105
   102
    93
    78
    74
    67
    59
    54
    34
    20
    29
    43
    57
    56
    58
    53
    62
    57
    57
    54
    60
    49
    36
    30
    41
    65
    69
    71
    93
   119
   153
   182
   194
   203
   208
   209
   208
    90
    88
   102
   101
   106
   100
    91
    94
   100
    90
    90
    95
    85
    83
    86
    84
    83
    90
    93
    80
    74
    92
    85
    96
   103
   100
   113
    81
    86
    65
    47
    52
    54
    55
    35
    30
    31
    48
    64
    53
    46
    44
    51
    51
    58
    68
    77
    89
    89
    96
   105
   111
   109
   113
   112
   109
   108
   103
    97
    97
   100
   104
   112
   115
   116
   120
   123
   123
   124
   125
   122
   126
   125
   122
   124
   122
   123
   121
   122
   122
   121
   115
   107
    96
    68
    45
    40
    43
    60
    61
    59
    56
    59
    51
    47
    38
    47
    61
    86
   121
   132
   143
   150
   148
   151
   138
   138
   142
   149
   156
   170
   179
    91
    91
   108
   108
    95
    89
    93
    97
    94
    89
    93
    89
    82
    78
    86
    86
    87
    94
    90
    81
    93
    88
    84
    95
    97
   103
   113
    92
    80
    54
    61
    48
    51
    48
    36
    40
    58
    62
    44
    39
    33
    45
    45
    44
    56
    60
    72
    85
   100
   113
   119
   117
   118
   120
   120
   125
   121
   122
   117
   117
   121
   121
   117
   117
   115
   116
   121
   115
   120
   120
   118
   115
   116
   115
   119
   120
   118
   125
   118
   113
   117
   114
   110
   106
   100
    93
    82
    65
    40
    45
    59
    51
    44
    55
    74
   103
   121
   145
   172
   196
   207
   214
   229
   239
   237
   228
   230
   218
   201
   187
   170
   155
    99
   104
    96
    87
    81
    88
    91
    93
    91
    88
    92
    89
    87
    85
    90
    89
    88
    82
    82
    89
    84
    85
    87
    97
    89
    81
   108
   100
    96
    71
    66
    67
    47
    41
    49
    64
    66
    56
    40
    40
    42
    41
    46
    64
    76
    94
   109
   116
   123
   126
   127
   131
   127
   122
   121
   123
   125
   123
   125
   123
   123
   124
   120
   118
   124
   122
   120
   124
   120
   118
   118
   109
   111
   113
   109
   109
   112
   112
   118
   118
   119
   116
   117
   116
   114
   106
   103
   100
    93
    61
    38
    60
    77
    95
    94
    79
    72
    68
    69
    76
    79
    90
   101
   119
   145
   165
   197
   217
   219
   227
   242
   232
   110
    98
    84
    83
    93
    90
    89
    85
    87
    87
    89
    87
    93
    94
    93
    93
    89
    84
    85
    81
    81
    91
    94
    89
    84
    83
    96
    89
   103
    85
    67
    63
    50
    57
    61
    65
    57
    42
    47
    50
    65
    79
    97
   113
   122
   127
   130
   127
   128
   126
   128
   129
   129
   130
   130
   129
   127
   130
   132
   128
   129
   127
   128
   133
   133
   130
   134
   129
   126
   124
   122
   123
   117
   114
   113
   109
   107
   109
   111
   117
   120
   122
   121
   124
   118
   112
   106
    99
    94
    90
    85
    75
    74
    60
    44
    38
    34
    28
    25
    20
    16
    17
    19
    14
    14
    24
    29
    53
    75
   109
   170
   205
    96
    88
    84
    93
    94
    90
    88
    81
    88
    92
    90
    94
    93
    90
    91
    94
    89
    83
    86
    83
    87
    97
    92
    84
    85
    88
    94
    88
   104
    90
    75
    65
    61
    62
    61
    50
    50
    55
    60
    78
    99
   116
   124
   138
   137
   136
   134
   131
   126
   129
   125
   129
   131
   129
   132
   132
   131
   137
   135
   137
   140
   140
   139
   140
   140
   140
   136
   133
   133
   130
   127
   123
   124
   118
   116
   116
   107
   110
   110
   110
   117
   121
   119
   124
   124
   119
   116
   111
    94
    90
    94
    98
    95
    95
    97
    97
    99
    98
    98
    98
   104
   105
   102
   103
   100
    95
    98
    82
    63
    51
    48
    64
    87
    92
   101
   101
    93
    86
    88
    93
    89
    85
    89
    87
    89
    94
    99
    87
    79
    86
    82
    85
    86
    92
    79
    80
    93
    78
    91
    86
   100
    93
    82
    66
    55
    57
    69
    72
    71
    88
   109
   119
   128
   132
   138
   137
   143
   142
   139
   139
   143
   140
   140
   137
   140
   137
   136
   143
   143
   146
   147
   150
   151
   151
   153
   152
   148
   140
   141
   141
   144
   139
   136
   138
   129
   127
   119
   120
   111
   112
   110
   110
   112
   112
   115
   119
   122
   128
   125
   120
   113
    99
    87
    90
   105
   105
   104
   107
   106
   110
   112
   111
   113
   115
   120
   123
   126
   132
   130
   136
   141
   136
   117
   101
    90
   100
   100
    96
    91
    85
    85
    91
    90
    86
    80
    76
    91
    96
    90
    73
    78
    76
    81
    76
    86
    81
    68
    74
    93
    83
    86
    86
    91
    90
    82
    60
    52
    64
    76
    90
   100
   111
   128
   137
   142
   141
   139
   141
   144
   143
   146
   149
   146
   146
   145
   147
   147
   149
   150
   154
   155
   157
   161
   160
   158
   159
   161
   161
   159
   152
   147
   148
   149
   144
   145
   143
   139
   134
   126
   117
   116
   114
   111
   114
   116
   120
   120
   119
   120
   123
   124
   121
   119
   115
   105
    90
    88
   102
   102
   101
   101
   105
   107
   112
   111
   115
   116
   119
   124
   129
   134
   137
   143
   145
   146
   145
    98
    95
    92
    92
    90
    86
    87
    84
    91
    83
    76
    92
    95
    77
    69
    72
    74
    75
    77
    79
    72
    74
    66
    74
    85
    79
    85
    88
    89
    99
    82
    64
    77
    87
   103
   112
   120
   131
   136
   142
   148
   145
   142
   143
   142
   146
   146
   151
   155
   155
   156
   159
   158
   159
   158
   159
   162
   162
   162
   159
   163
   161
   162
   160
   160
   158
   156
   156
   153
   153
   150
   147
   142
   136
   129
   123
   115
   112
   114
   114
   115
   125
   128
   130
   127
   127
   129
   130
   124
   124
   118
   106
    93
    84
    91
    93
    95
    91
    95
    94
    98
   106
   112
   113
   118
   122
   129
   135
   138
   143
   146
   151
    95
    89
    87
    94
    93
    92
    86
    91
    86
    83
    92
    92
    80
    75
    78
    81
    78
    76
    82
    74
    66
    67
    75
    76
    80
    75
    82
    94
    90
   104
    98
    93
   104
   110
   113
   123
   131
   136
   140
   143
   142
   147
   139
   144
   145
   143
   146
   146
   154
   156
   159
   160
   161
   161
   161
   163
   158
   160
   158
   161
   161
   164
   166
   165
   164
   166
   164
   165
   161
   155
   148
   151
   145
   144
   142
   131
   124
   116
   110
   114
   116
   117
   125
   131
   135
   133
   134
   134
   133
   128
   128
   121
   112
    94
    88
    87
    76
    86
    89
    92
    97
   100
   102
   107
   114
   118
   121
   125
   132
   141
   144
   151
    93
    81
    90
    94
    96
    94
    91
    91
    88
    95
    95
    73
    77
    80
    81
    78
    76
    80
    75
    65
    67
    75
    73
    70
    79
    85
    89
    89
    92
   107
   103
   115
   119
   120
   131
   134
   138
   138
   139
   137
   139
   141
   147
   142
   142
   142
   146
   145
   151
   156
   159
   165
   167
   169
   162
   167
   170
   170
   168
   163
   165
   169
   173
   172
   168
   171
   167
   163
   163
   162
   159
   152
   153
   147
   138
   138
   125
   120
   115
   115
   115
   117
   116
   124
   128
   134
   134
   136
   135
   137
   132
   124
   115
   113
    97
    89
    83
    60
    75
    80
    91
    96
    94
    99
   105
   110
   116
   120
   129
   137
   148
   151
    88
    94
    99
    92
   101
    96
    96
    93
    99
   104
    77
    72
    73
    74
    73
    74
    74
    69
    66
    68
    74
    78
    73
    61
    82
    89
   101
    98
   107
   110
   122
   120
   131
   138
   133
   141
   144
   142
   142
   147
   139
   141
   130
   135
   137
   138
   138
   145
   147
   154
   163
   174
   174
   174
   173
   171
   173
   171
   175
   174
   172
   173
   177
   176
   172
   166
   170
   169
   163
   166
   160
   160
   156
   153
   146
   140
   138
   126
   111
   113
   118
   127
   128
   125
   130
   133
   135
   137
   136
   132
   136
   133
   130
   121
   115
   103
    92
    88
    69
    77
    79
    83
    90
    96
    96
   103
   111
   119
   124
   128
   138
   146
    88
   106
   104
    97
   105
   103
   104
   103
   109
    84
    79
    75
    72
    73
    76
    69
    70
    68
    78
    80
    77
    68
    73
    79
    81
    90
   100
   100
   108
   120
   129
   131
   141
   143
   144
   146
   147
   145
   140
   143
   143
   141
   130
   123
   124
   125
   133
   138
   144
   149
   160
   179
   182
   179
   178
   179
   178
   180
   179
   181
   181
   179
   178
   177
   173
   171
   174
   171
   166
   167
   163
   159
   162
   154
   146
   148
   136
   128
   117
   112
   117
   125
   128
   135
   134
   136
   138
   138
   133
   137
   134
   135
   134
   129
   124
   108
    98
    91
    82
    72
    73
    83
    84
    87
    95
    99
   105
   110
   116
   119
   125
   137
   109
   120
   103
   105
   111
   112
   107
   108
    94
    86
    83
    75
    77
    78
    74
    75
    77
    78
    84
    77
    73
    70
    74
    87
    91
    93
   100
   104
   123
   133
   142
   145
   150
   147
   143
   149
   148
   145
   148
   146
   142
   143
   134
   128
   136
   131
   133
   137
   133
   141
   157
   174
   181
   181
   183
   183
   183
   185
   183
   182
   179
   181
   179
   181
   182
   181
   182
   178
   174
   170
   167
   165
   161
   159
   154
   152
   141
   135
   126
   122
   118
   123
   133
   142
   143
   144
   142
   142
   141
   138
   141
   134
   130
   125
   119
   118
   108
    98
    94
    70
    69
    74
    80
    80
    87
    93
   100
   105
   113
   116
   125
   133
   133
   119
   114
   117
   115
   119
   113
   108
    88
    88
    77
    77
    78
    79
    82
    87
    82
    86
    77
    76
    75
    75
    83
    88
    88
    91
   107
   119
   136
   150
   154
   153
   157
   153
   153
   150
   149
   149
   148
   143
   136
   137
   133
   124
   137
   135
   128
   129
   133
   125
   133
   162
   175
   180
   183
   188
   188
   188
   187
   184
   184
   185
   184
   185
   187
   181
   180
   181
   178
   177
   169
   172
   164
   161
   157
   153
   137
   132
   126
   122
   120
   124
   130
   138
   149
   151
   154
   149
   147
   144
   141
   140
   135
   138
   135
   121
   120
   108
    95
    96
    78
    77
    78
    82
    83
    89
    95
    99
   105
   113
   117
   125
   135
   128
   127
   118
   118
   110
   112
   103
    94
    80
    86
    86
    89
    90
    88
    89
    85
    76
    79
    74
    74
    80
    81
    83
    91
    98
   113
   125
   147
   151
   160
   159
   157
   152
   155
   152
   151
   150
   143
   138
   125
   129
   145
   139
   135
   134
   127
   128
   128
   118
   116
   146
   170
   179
   183
   188
   188
   191
   190
   189
   187
   188
   188
   187
   186
   182
   183
   181
   178
   179
   178
   170
   169
   164
   158
   151
   142
   136
   127
   125
   117
   121
   130
   141
   150
   150
   150
   149
   148
   145
   145
   144
   141
   138
   137
   129
   125
   115
   103
    92
    89
    73
    78
    79
    83
    85
    89
    93
   100
   107
   116
   119
   137
   131
   131
   123
   117
   110
   112
   102
    88
    91
   101
   106
   101
    96
    90
    87
    83
    76
    72
    76
    78
    76
    77
    83
    95
   104
   111
   133
   148
   157
   162
   160
   157
   154
   152
   155
   153
   154
   143
   135
   122
   132
   154
   158
   150
   136
   124
   118
   117
   108
   107
   131
   162
   178
   183
   185
   186
   189
   192
   191
   188
   193
   194
   192
   192
   186
   186
   190
   181
   180
   181
   176
   169
   169
   160
   154
   143
   138
   131
   126
   119
   113
   125
   137
   147
   155
   157
   155
   153
   152
   147
   146
   143
   143
   140
   137
   132
   122
   118
    96
    94
    85
    75
    77
    78
    86
    87
    89
    92
    99
   111
   117
   139
   139
   134
   128
   123
   113
   115
   110
   100
   113
   115
   115
   114
   106
    96
    89
    84
    91
    91
    88
    90
    91
    95
   100
   102
   116
   127
   146
   158
   162
   160
   159
   160
   162
   159
   159
   161
   160
   151
   125
   120
   141
   165
   160
   150
   136
   123
   109
    98
    96
    98
   109
   153
   174
   179
   187
   186
   184
   187
   192
   197
   194
   198
   193
   191
   190
   187
   185
   186
   180
   181
   179
   170
   165
   158
   152
   145
   142
   129
   123
   114
   113
   124
   134
   143
   152
   161
   158
   156
   157
   155
   152
   154
   152
   148
   140
   140
   133
   120
   113
    95
    95
    82
    76
    79
    79
    84
    90
    95
    98
   100
   109
   138
   140
   138
   129
   122
   119
   118
   103
   122
   130
   123
   119
   115
   113
   111
   104
   110
   107
   102
   102
    92
    97
   103
   109
   121
   130
   137
   154
   161
   162
   167
   168
   173
   167
   165
   167
   169
   168
   157
   125
   120
   147
   168
   162
   154
   136
   120
   111
    92
    78
    71
    77
   120
   149
   165
   176
   181
   179
   188
   192
   195
   198
   198
   200
   200
   193
   190
   186
   187
   183
   178
   179
   170
   162
   155
   149
   145
   141
   129
   127
   116
   113
   125
   133
   137
   142
   148
   153
   155
   153
   153
   155
   156
   153
   150
   150
   146
   137
   131
   118
   106
    95
    92
    82
    78
    84
    86
    84
    89
    92
    99
   101
   144
   140
   126
   131
   122
   121
   120
   126
   132
   125
   127
   120
   108
   110
   112
   119
   116
   112
   109
   107
   104
   110
   108
   116
   126
   139
   151
   159
   166
   170
   168
   174
   176
   171
   165
   173
   172
   176
   162
   125
   119
   152
   173
   169
   155
   141
   112
    85
    83
    69
    56
    90
    72
    97
   128
   159
   167
   167
   182
   196
   195
   195
   196
   198
   195
   199
   195
   193
   187
   184
   180
   174
   167
   164
   162
   158
   150
   143
   137
   125
   118
   123
   132
   138
   135
   131
   143
   151
   147
   154
   159
   154
   153
   156
   160
   154
   148
   146
   138
   127
   112
    95
    89
    85
    81
    82
    78
    81
    83
    91
    95
   103
   137
   137
   131
   135
   126
   127
   125
   132
   130
   124
   120
   111
   111
   112
   110
   111
   116
   115
   112
   112
   108
   109
   119
   125
   135
   152
   160
   164
   167
   172
   176
   175
   178
   181
   179
   177
   180
   178
   154
   138
   122
   158
   177
   171
   160
   137
   109
    75
    69
    47
    46
    87
   105
    80
   104
   140
   162
   169
   173
   190
   194
   195
   196
   199
   200
   199
   198
   195
   189
   186
   181
   180
   175
   171
   164
   155
   149
   144
   137
   126
   123
   121
   139
   145
   133
   124
   135
   143
   150
   149
   143
   154
   157
   161
   161
   159
   155
   151
   143
   134
   120
   105
    94
    95
    78
    77
    82
    80
    86
    85
    88
    96
   127
   147
   139
   134
   129
   135
   123
   127
   124
   120
   112
   115
   117
   116
   111
   114
   122
   125
   126
   124
   130
   136
   144
   150
   153
   155
   165
   167
   171
   173
   178
   181
   181
   177
   180
   183
   183
   178
   146
   128
   135
   165
   178
   174
   161
   133
    99
    80
    59
    37
    55
   100
   121
   106
   100
   138
   155
   164
   160
   183
   194
   195
   195
   197
   200
   200
   198
   195
   194
   192
   185
   181
   175
   174
   167
   160
   151
   144
   135
   128
   120
   130
   141
   142
   128
   114
   125
   149
   151
   145
   140
   143
   155
   155
   158
   158
   152
   151
   147
   138
   126
   109
    96
    89
    90
    82
    83
    86
    81
    84
    84
    87
   126
   152
   143
   141
   137
   141
   124
   112
   110
   112
   116
   113
   111
   105
   112
   118
   125
   134
   131
   133
   135
   137
   143
   152
   163
   170
   172
   172
   174
   174
   177
   178
   181
   178
   176
   182
   186
   170
   143
   121
   139
   166
   177
   173
   156
   127
    86
    77
    55
    56
   109
   144
   149
   131
   115
   138
   157
   157
   156
   172
   188
   195
   196
   198
   200
   200
   199
   195
   190
   189
   187
   182
   177
   175
   164
   159
   150
   145
   136
   127
   118
   132
   148
   138
   116
   106
   139
   150
   155
   154
   154
   145
   152
   160
   161
   156
   153
   154
   153
   145
   137
   123
   102
    89
    94
    87
    79
    79
    84
    84
    86
    88
   129
   154
   142
   139
   140
   128
   114
   105
   112
   111
   118
   114
   108
   111
   121
   125
   131
   136
   138
   138
   140
   141
   149
   161
   164
   172
   169
   172
   173
   177
   178
   178
   179
   180
   180
   179
   179
   158
   134
   127
   137
   168
   179
   172
   156
   121
    87
    82
    56
    72
   106
   118
   131
   151
   139
   135
   153
   148
   153
   167
   190
   195
   198
   197
   196
   198
   197
   197
   193
   188
   182
   182
   175
   171
   167
   159
   152
   143
   130
   115
   130
   141
   152
   147
   119
   102
   134
   152
   159
   162
   157
   152
   143
   143
   153
   152
   153
   154
   151
   143
   138
   133
   122
    97
    88
    91
    80
    81
    81
    77
    77
    86
   143
   151
   144
   143
   138
   122
   104
    97
   105
   111
   109
   108
   106
   124
   130
   141
   147
   150
   153
   161
   164
   163
   167
   170
   172
   172
   177
   173
   176
   181
   183
   181
   182
   183
   183
   183
   177
   158
   137
   123
   145
   172
   181
   172
   151
   114
    72
    63
    47
    59
    80
    93
    86
   108
   141
   131
   140
   156
   160
   169
   186
   197
   198
   197
   198
   198
   199
   198
   195
   195
   188
   179
   178
   173
   163
   160
   151
   143
   132
   123
   133
   149
   154
   145
   116
    99
   130
   149
   155
   161
   164
   166
   165
   151
   147
   156
   157
   152
   153
   146
   140
   142
   130
   114
    98
    98
    89
    76
    76
    81
    83
    80
   138
   148
   144
   142
   135
   119
    96
    99
   107
   116
   110
   104
   117
   130
   142
   149
   158
   161
   168
   174
   170
   167
   174
   176
   172
   175
   176
   176
   177
   182
   184
   184
   182
   182
   184
   182
   176
   161
   137
   125
   139
   173
   174
   170
   152
   115
    88
    76
    46
    51
    85
    87
   100
    96
   111
   136
   139
   150
   155
   162
   184
   190
   195
   195
   197
   200
   198
   194
   192
   187
   187
   181
   174
   170
   165
   160
   147
   138
   126
   126
   141
   154
   158
   142
   108
    97
   129
   142
   160
   165
   167
   170
   165
   168
   159
   154
   159
   164
   155
   150
   148
   143
   138
   126
   109
    93
    99
    80
    79
    78
    79
    80
   127
   136
   128
   124
   124
   116
    98
    96
   102
   113
   110
   107
   126
   135
   145
   157
   166
   169
   174
   172
   172
   175
   181
   179
   178
   177
   177
   179
   177
   183
   186
   184
   185
   184
   184
   186
   184
   172
   149
   130
   128
   160
   177
   171
   149
   118
    80
    73
    54
    69
    34
    27
    73
   105
    94
   141
   133
   138
   146
   159
   177
   187
   193
   194
   197
   199
   197
   196
   190
   191
   185
   179
   175
   167
   157
   150
   148
   137
   131
   133
   150
   160
   158
   138
   104
    82
   139
   137
   146
   155
   163
   165
   163
   165
   164
   158
   153
   158
   159
   155
   150
   143
   138
   135
   122
    99
    92
    90
    77
    77
    78
    75
   108
   118
   121
   109
   112
    97
    95
    99
   103
   108
   113
   112
   131
   144
   153
   168
   173
   179
   177
   177
   180
   184
   184
   182
   181
   182
   178
   177
   182
   184
   186
   188
   190
   189
   182
   184
   185
   175
   150
   131
   120
   153
   175
   166
   149
   123
    97
    80
    45
    64
   122
    31
    33
    98
   110
   137
   136
   152
   157
   160
   180
   185
   192
   199
   198
   196
   198
   195
   192
   190
   187
   182
   172
   166
   162
   155
   146
   142
   139
   153
   167
   168
   158
   149
   111
    64
   107
   155
   131
   142
   153
   159
   167
   169
   170
   170
   169
   167
   160
   153
   148
   147
   145
   134
   125
   117
    98
    95
    81
    77
    75
    76
   102
   104
   106
    97
   103
    94
    97
    93
   106
   112
   113
   113
   133
   151
   163
   170
   177
   176
   179
   183
   179
   182
   181
   181
   183
   182
   185
   183
   182
   183
   186
   188
   185
   181
   179
   184
   185
   178
   155
   135
   109
   134
   172
   169
   148
   128
    93
    90
    56
    57
   135
    99
    54
    98
   101
   133
   134
   149
   162
   164
   178
   183
   189
   198
   201
   199
   198
   195
   194
   190
   185
   176
   166
   164
   156
   152
   147
   143
   155
   163
   174
   175
   164
   155
   122
    61
    90
   134
   148
   124
   136
   151
   157
   168
   173
   174
   171
   174
   174
   166
   158
   153
   148
   135
   125
   110
   100
    93
    88
    73
    75
    72
   102
   100
    98
    95
    99
    91
    91
   105
   112
   116
   115
   120
   134
   153
   163
   168
   176
   182
   183
   186
   183
   178
   178
   180
   184
   187
   181
   182
   182
   185
   186
   184
   186
   186
   184
   188
   185
   176
   161
   143
   109
   119
   156
   160
   144
   128
    96
   103
    71
    55
    73
    85
    95
    90
   115
   134
   129
   159
   166
   173
   181
   185
   193
   195
   195
   198
   195
   193
   188
   187
   180
   176
   165
   156
   151
   146
   153
   160
   171
   171
   171
   173
   168
   159
   136
    72
    80
   116
   138
   141
   122
   133
   147
   162
   169
   172
   174
   174
   171
   171
   165
   157
   148
   143
   131
   122
   109
    93
    91
    82
    73
    72
    78
    89
    86
    86
    90
    87
    80
    95
   108
   119
   121
   126
   144
   155
   169
   174
   173
   182
   185
   184
   182
   184
   186
   184
   185
   186
   184
   181
   182
   182
   185
   187
   186
   189
   187
   189
   184
   178
   166
   151
   118
   112
   149
   153
   141
   128
    96
    77
    52
    37
    62
    79
    85
   114
   154
   141
   118
   129
   149
   168
   179
   185
   191
   196
   198
   196
   197
   194
   191
   187
   183
   173
   169
   160
   149
   154
   160
   167
   173
   173
   174
   174
   172
   165
   141
    87
    75
   114
   125
   143
   132
   120
   136
   153
   166
   170
   172
   178
   179
   174
   170
   164
   152
   144
   142
   133
   112
    99
    88
    90
    74
    70
    76
    88
    93
    94
    96
    97
    90
    91
   106
   118
   121
   134
   147
   161
   172
   176
   178
   183
   187
   187
   183
   185
   186
   187
   189
   184
   188
   187
   184
   185
   185
   188
   190
   190
   189
   186
   188
   180
   170
   163
   135
   107
   145
   151
   143
   128
   102
    74
    82
    52
    70
   112
   137
   166
   169
   145
   137
   139
   153
   167
   174
   185
   195
   196
   198
   195
   196
   197
   194
   190
   178
   174
   166
   159
   158
   159
   165
   170
   175
   177
   181
   179
   173
   164
   147
    96
    76
   114
   121
   120
   147
   123
   122
   142
   162
   169
   174
   179
   178
   178
   176
   167
   158
   149
   148
   137
   121
   107
    92
    90
    68
    67
    90
    83
    85
    82
    89
   100
   104
   103
   110
   115
   129
   136
   149
   163
   173
   179
   181
   181
   186
   188
   187
   188
   183
   185
   188
   191
   188
   187
   187
   189
   189
   190
   189
   189
   187
   187
   186
   185
   178
   173
   144
   110
   120
   143
   140
   125
   116
    80
    92
    77
    58
   113
   159
   170
   170
   139
   132
   140
   157
   169
   172
   186
   197
   200
   196
   197
   195
   192
   190
   183
   174
   165
   159
   153
   158
   171
   170
   165
   171
   169
   171
   174
   173
   168
   154
   108
    76
    97
   126
   117
   114
   137
   115
   125
   151
   174
   176
   178
   179
   177
   172
   172
   166
   158
   149
   140
   128
   114
    94
    86
    80
    66
    93
    89
    89
    90
    87
    88
    96
   101
   109
   116
   125
   134
   146
   164
   169
   173
   180
   187
   190
   189
   188
   193
   191
   190
   190
   190
   187
   189
   187
   186
   190
   189
   192
   191
   192
   188
   188
   188
   184
   177
   150
   120
   111
   128
   134
   128
   125
   101
    74
   106
    78
    53
    96
   147
   156
   144
   144
   143
   161
   171
   176
   188
   195
   196
   197
   194
   194
   193
   186
   179
   169
   155
   144
   134
   125
   147
   169
   170
   168
   171
   173
   174
   176
   170
   156
   116
    77
    82
   125
   120
   107
   124
   128
   112
   136
   159
   168
   180
   174
   175
   171
   165
   163
   158
   152
   142
   130
   121
   105
    93
    84
    65
    84
    90
    93
    94
    93
    84
    85
    95
   108
   113
   119
   127
   141
   152
   172
   176
   186
   192
   194
   193
   192
   192
   191
   193
   194
   192
   189
   191
   191
   191
   191
   195
   193
   194
   193
   192
   192
   187
   187
   182
   158
   121
   106
   111
   123
   127
   122
   124
    97
    85
   111
    77
    59
   100
   132
   126
   145
   146
   164
   170
   177
   192
   196
   196
   195
   195
   195
   191
   189
   179
   168
   163
   154
   144
   128
   116
   130
   158
   172
   172
   174
   177
   176
   173
   164
   125
    78
    77
   130
   135
   124
   103
   128
   116
   118
   145
   168
   184
   182
   177
   173
   168
   161
   155
   146
   139
   129
   116
   104
    90
    84
    72
    82
    79
    78
    80
    85
    94
    94
    90
   100
   114
   125
   133
   147
   153
   166
   185
   191
   194
   197
   197
   198
   198
   195
   195
   196
   196
   194
   193
   194
   193
   192
   195
   194
   193
   192
   194
   191
   193
   186
   186
   179
   146
   111
   115
   119
   127
   120
   118
   121
    96
    92
   130
   119
    73
    90
   127
   148
   164
   168
   176
   190
   194
   192
   192
   194
   195
   193
   190
   183
   176
   172
   169
   172
   173
   155
   136
    97
    98
   158
   178
   176
   180
   178
   177
   171
   133
    90
    81
   130
   162
   139
   113
   109
   121
   113
   137
   160
   179
   180
   176
   178
   179
   171
   164
   153
   146
   133
   115
   104
    98
    83
    72
    70
    75
    75
    81
    84
    83
    93
    98
    95
   107
   130
   141
   152
   164
   175
   188
   195
   197
   198
   196
   195
   199
   196
   194
   195
   196
   193
   190
   193
   194
   192
   193
   193
   192
   193
   193
   194
   192
   190
   190
   184
   163
   117
   104
   114
   115
   123
   121
   125
   128
   103
    92
   122
   119
    92
   134
   158
   174
   167
   176
   187
   191
   190
   188
   189
   192
   190
   189
   179
   175
   176
   175
   179
   175
   165
   151
   116
    80
   120
   159
   173
   178
   180
   178
   171
   142
    93
    82
   125
   159
   143
   123
   107
   117
   110
   129
   157
   181
   181
   176
   175
   179
   169
   160
   151
   146
   139
   124
   111
   103
    91
    78
    62
    67
    70
    75
    77
    80
    78
    90
   101
    99
   115
   139
   155
   171
   184
   186
   192
   196
   199
   197
   197
   201
   197
   194
   191
   193
   194
   192
   191
   194
   193
   197
   195
   192
   192
   193
   195
   193
   191
   188
   186
   165
   124
    99
    94
   102
   111
   111
   122
   128
   134
   115
    91
   121
   127
    95
   142
   175
   172
   185
   192
   190
   189
   189
   192
   191
   194
   188
   175
   170
   177
   184
   185
   179
   173
   159
   123
    78
   101
   144
   161
   174
   178
   178
   176
   150
   102
    89
   107
   162
   156
   133
   109
   106
   104
   123
   145
   175
   190
   183
   179
   178
   170
   162
   158
   147
   135
   128
   113
   104
    99
    85
    65
    66
    64
    67
    67
    79
    89
    93
   104
   118
   119
   134
   151
   171
   187
   193
   195
   200
   201
   200
   201
   197
   196
   197
   195
   194
   196
   193
   193
   193
   193
   195
   194
   194
   196
   194
   195
   197
   194
   193
   191
   179
   134
   109
    98
    91
    95
   104
   113
   129
   136
   138
   128
   104
   129
   140
   137
   168
   176
   184
   191
   194
   193
   193
   193
   193
   193
   187
   176
   178
   184
   183
   185
   187
   183
   169
   124
    74
    90
   135
   154
   170
   177
   180
   176
   155
   104
    98
    97
   147
   161
   127
   114
   101
   104
   118
   145
   174
   187
   184
   180
   177
   169
   167
   157
   148
   137
   126
   118
   109
    95
    82
    47
    52
    48
    65
    74
    82
    85
    83
    97
   107
   124
   133
   144
   161
   183
   191
   193
   197
   198
   199
   199
   198
   199
   197
   199
   195
   194
   196
   194
   194
   193
   192
   195
   192
   194
   197
   197
   195
   195
   192
   191
   188
   152
   108
   100
    89
    91
    99
   107
   119
   132
   145
   145
   131
   120
   152
   168
   167
   176
   184
   188
   193
   193
   193
   193
   192
   189
   185
   178
   183
   190
   189
   186
   188
   189
   177
   137
    73
    83
   128
   145
   162
   174
   178
   177
   161
   111
    95
    93
   147
   173
   127
   111
    95
    99
   121
   140
   164
   180
   182
   180
   178
   172
   164
   157
   147
   138
   130
   113
   110
   103
    85
    49
    51
    66
    82
    86
    88
    91
    92
    91
   101
   116
   133
   140
   153
   176
   187
   195
   200
   198
   200
   200
   200
   198
   199
   199
   199
   199
   196
   193
   196
   194
   193
   193
   193
   193
   196
   195
   193
   192
   188
   190
   184
   176
   136
   111
    95
    98
   104
   109
   112
   126
   133
   139
   140
   139
   140
   157
   169
   177
   184
   187
   186
   185
   183
   184
   185
   186
   181
   173
   175
   180
   183
   187
   186
   179
   177
   145
    87
    71
   112
   141
   150
   161
   167
   176
   165
   111
    87
    92
   126
   183
   140
   114
    99
    93
   103
   130
   157
   180
   178
   175
   176
   168
   158
   155
   144
   132
   126
   114
   108
   100
    88
    45
    68
    79
    83
    91
    95
    99
    98
    99
   103
   112
   127
   142
   160
   175
   186
   193
   198
   200
   200
   198
   199
   199
   201
   198
   198
   198
   199
   195
   196
   194
   194
   197
   197
   195
   195
   193
   193
   192
   191
   188
   186
   185
   163
   128
   105
    90
   106
   115
   109
   117
   126
   134
   142
   146
   152
   159
   172
   183
   191
   189
   188
   185
   181
   182
   184
   180
   177
   176
   171
   171
   176
   183
   183
   177
   168
   147
   104
    64
   105
   132
   141
   154
   166
   168
   169
   126
    77
    75
   102
   146
   141
   114
   101
   105
   101
   118
   153
   174
   179
   177
   176
   166
   162
   150
   146
   131
   123
   111
   101
    94
    87
    67
    80
    96
    90
    91
    90
    90
    92
    93
   103
   115
   126
   141
   164
   175
   187
   191
   193
   197
   199
   201
   200
   200
   201
   201
   199
   200
   197
   198
   198
   198
   198
   197
   196
   198
   197
   198
   195
   190
   191
   189
   188
   184
   182
   153
   132
   114
   113
   119
   122
   114
   125
   129
   138
   148
   161
   173
   180
   187
   190
   189
   185
   187
   190
   186
   185
   183
   184
   180
   177
   174
   170
   174
   179
   174
   166
   151
   117
    58
    62
   116
   138
   146
   152
   157
   165
   142
    83
    72
    91
   133
   136
   117
   110
   103
   100
   116
   149
   170
   178
   178
   181
   168
   155
   153
   143
   129
   121
   112
   105
    93
    79
    63
    72
    82
    78
    73
    72
    77
    83
    97
   101
   113
   125
   137
   160
   176
   183
   193
   195
   197
   198
   198
   199
   201
   200
   200
   200
   198
   199
   199
   197
   196
   197
   197
   200
   198
   195
   196
   197
   191
   188
   188
   184
   183
   178
   177
   165
   151
   145
   138
   128
   128
   126
   125
   129
   136
   153
   167
   178
   183
   185
   187
   187
   186
   186
   185
   180
   182
   180
   183
   181
   179
   177
   172
   173
   171
   163
   141
   126
   103
    60
    65
   108
   132
   136
   148
   163
   156
    97
    69
    84
   131
   143
   124
   100
    96
   102
   123
   150
   167
   172
   174
   166
   162
   156
   148
   137
   126
   116
   105
   100
    98
    80
    77
    77
    67
    54
    59
    71
    82
    83
    88
    98
   109
   128
   143
   155
   172
   182
   189
   194
   196
   196
   197
   200
   200
   201
   201
   202
   199
   197
   197
   199
   199
   197
   197
   198
   200
   198
   196
   194
   195
   190
   185
   185
   183
   180
   178
   170
   162
   152
   146
   137
   130
   136
   135
   137
   138
   151
   165
   176
   181
   185
   186
   186
   183
   181
   182
   184
   183
   180
   177
   176
   177
   177
   176
   172
   171
   161
   141
   136
   120
   103
    69
    62
   104
   127
   144
   156
   166
   118
    77
    79
   117
   138
   113
   102
    92
    95
   116
   148
   160
   170
   163
   161
   155
   143
   135
   131
   124
   116
   108
   103
    92
    74
    54
    55
    66
    71
    66
    76
    77
    78
    82
    90
   102
   111
   133
   158
   168
   181
   188
   195
   197
   197
   197
   199
   199
   201
   201
   200
   199
   198
   200
   200
   198
   197
   199
   198
   198
   199
   196
   195
   194
   192
   187
   188
   186
   182
   177
   170
   165
   156
   152
   150
   142
   143
   151
   157
   163
   167
   172
   183
   184
   185
   185
   184
   185
   185
   180
   179
   182
   182
   183
   181
   183
   184
   177
   178
   179
   170
   148
   135
   128
   115
    90
    66
    83
   119
   142
   160
   166
   128
    77
    73
   113
   128
   118
   101
    93
    97
   119
   143
   157
   161
   162
   164
   164
   152
   138
   132
   124
   114
   109
   106
    86
    70
    44
    40
    53
    65
    74
    73
    69
    67
    76
    87
    95
   106
   113
   136
   171
   187
   191
   194
   198
   194
   197
   198
   200
   200
   201
   200
   201
   198
   198
   199
   198
   200
   196
   199
   196
   198
   198
   199
   194
   193
   190
   186
   184
   180
   176
   172
   169
   164
   156
   154
   150
   155
   162
   172
   178
   183
   187
   186
   188
   190
   192
   192
   191
   189
   188
   189
   186
   187
   189
   190
   193
   194
   189
   186
   184
   175
   159
   143
   127
   115
    89
    59
    70
   111
   139
   154
   161
   124
    81
    77
   107
   132
   119
   105
    91
    99
   109
   146
   160
   159
   155
   153
   153
   147
   135
   131
   129
   116
   109
    94
    85
    72
    58
    53
    56
    58
    62
    59
    71
    80
    88
    97
   101
   105
   119
   139
   154
   181
   189
   191
   193
   194
   195
   197
   198
   199
   199
   199
   199
   197
   197
   197
   198
   196
   196
   198
   198
   198
   195
   196
   192
   189
   188
   185
   179
   179
   174
   169
   162
   166
   160
   155
   162
   165
   165
   179
   182
   186
   191
   195
   193
   193
   194
   196
   195
   196
   198
   197
   193
   191
   189
   192
   194
   197
   199
   190
   185
   181
   165
   151
   134
   123
    97
    72
    61
    99
   136
   155
   157
   115
    81
    76
   106
   124
   110
    93
    93
    99
   109
   134
   149
   151
   152
   151
   147
   142
   133
   131
   123
   116
   108
    98
    80
    66
    51
    56
    52
    47
    50
    66
    83
    88
    89
    90
    99
   119
   127
   135
   151
   170
   187
   193
   197
   198
   199
   198
   199
   199
   201
   201
   201
   201
   199
   198
   196
   198
   194
   197
   199
   199
   196
   193
   189
   188
   189
   182
   179
   178
   175
   171
   170
   162
   160
   162
   163
   170
   178
   180
   188
   192
   193
   195
   197
   197
   195
   197
   196
   193
   191
   192
   192
   187
   188
   188
   187
   192
   195
   199
   200
   188
   173
   158
   138
   120
   105
    78
    69
   107
   135
   145
   148
   112
    79
    75
   101
   120
   101
    88
    94
   100
   111
   133
   143
   151
   153
   149
   147
   135
   132
   128
   121
   112
    97
    87
    75
    67
    52
    50
    49
    51
    61
    82
    85
    81
    82
    89
    92
   101
   113
   130
   148
   172
   189
   194
   195
   199
   198
   200
   200
   199
   200
   201
   202
   200
   199
   200
   198
   198
   197
   197
   196
   195
   196
   195
   192
   188
   186
   185
   183
   179
   178
   174
   170
   168
   166
   162
   166
   173
   182
   190
   193
   197
   199
   199
   201
   200
   199
   197
   194
   191
   193
   190
   190
   188
   187
   188
   189
   188
   191
   196
   200
   191
   174
   163
   139
   120
   105
    81
    82
   119
   142
   149
   147
   112
    87
    74
    87
   109
   105
    90
   103
   101
   109
   134
   143
   146
   145
   148
   152
   143
   132
   129
   119
   109
    96
    92
    68
    67
    51
    45
    42
    49
    77
    77
    77
    85
    89
    95
   101
   106
   116
   139
   159
   178
   188
   195
   196
   199
   196
   197
   199
   200
   199
   200
   202
   200
   200
   197
   194
   195
   193
   192
   196
   196
   197
   194
   189
   188
   187
   185
   180
   179
   176
   177
   174
   169
   163
   162
   160
   170
   180
   187
   193
   200
   201
   201
   199
   200
   196
   193
   190
   190
   190
   192
   191
   187
   185
   187
   189
   190
   191
   190
   188
   182
   165
   147
   133
   119
    99
    75
    98
   132
   144
   148
   142
   109
    84
    70
    78
    93
    95
    90
   100
   103
   112
   130
   143
   143
   146
   143
   136
   134
   127
   121
   112
   102
    96
    78
    63
    70
    51
    45
    43
    65
    69
    69
    69
    83
    94
    98
   104
   113
   124
   139
   155
   175
   185
   192
   194
   195
   196
   197
   200
   200
   202
   202
   200
   199
   198
   199
   196
   195
   194
   192
   195
   195
   192
   190
   187
   186
   184
   182
   179
   182
   180
   177
   172
   169
   167
   158
   161
   166
   176
   184
   187
   193
   196
   196
   195
   191
   190
   190
   188
   186
   186
   188
   188
   186
   183
   185
   187
   187
   190
   189
   179
   170
   154
   140
   124
   110
    81
    79
   116
   136
   144
   148
   143
   110
    81
    72
    72
    91
    84
    95
   107
   107
   113
   135
   138
   141
   140
   138
   136
   126
   124
   119
   109
    98
    90
    74
    68
    73
    48
    42
    61
    64
    66
    63
    71
    76
    95
   116
   124
   125
   131
   143
   147
   164
   177
   191
   196
   194
   199
   198
   197
   200
   200
   200
   201
   200
   198
   198
   199
   198
   195
   189
   191
   191
   187
   188
   187
   190
   186
   188
   184
   180
   180
   175
   171
   166
   160
   159
   158
   161
   168
   178
   182
   185
   189
   191
   187
   184
   181
   176
   181
   177
   177
   176
   167
   175
   179
   179
   184
   183
   180
   179
   173
   162
   148
   132
   117
    97
    63
    82
   122
   138
   144
   145
   141
   117
    84
    68
    66
    84
    85
   102
   105
   110
   121
   133
   139
   138
   139
   135
   128
   127
   118
   111
   109
   105
    90
    68
    75
    80
    47
    45
    61
    63
    59
    68
    68
    78
    96
   120
   127
   128
   134
   144
   156
   170
   174
   185
   193
   194
   196
   200
   201
   200
   199
   200
   199
   200
   199
   197
   200
   197
   194
   194
   192
   191
   193
   191
   192
   190
   189
   189
   185
   185
   184
   179
   176
   167
   163
   156
   156
   160
   169
   172
   178
   181
   178
   172
   171
   167
   164
   165
   159
   158
   151
   148
   150
   150
   156
   161
   160
   161
   165
   163
   158
   154
   137
   123
   103
    72
    56
    99
   138
   146
   145
   148
   146
   125
    87
    75
    61
    86
    95
   110
   103
   113
   127
   135
   136
   137
   133
   126
   122
   119
   111
   109
   102
    94
    77
    71
    79
    91
    49
    55
    65
    61
    59
    59
    66
    80
   101
   115
   120
   118
   110
   123
   143
   162
   175
   183
   190
   197
   196
   198
   198
   201
   200
   196
   197
   199
   200
   198
   196
   196
   191
   186
   186
   191
   191
   190
   190
   188
   185
   185
   186
   180
   181
   178
   174
   165
   159
   153
   156
   159
   160
   164
   162
   157
   156
   152
   148
   144
   145
   141
   143
   144
   146
   140
   141
   138
   137
   132
   133
   135
   136
   134
   134
   135
   130
   123
   103
    70
    55
   100
   134
   140
   145
   143
   140
   127
    91
    65
    65
    73
    96
   106
   109
   121
   130
   134
   135
   130
   125
   125
   122
   111
   112
   103
    93
    81
    72
    78
    89
    93
    57
    56
    63
    61
    60
    61
    63
    82
    96
   105
   106
   109
    99
   107
   121
   132
   154
   173
   187
   195
   197
   196
   198
   195
   195
   195
   195
   195
   197
   194
   194
   193
   190
   188
   187
   187
   190
   190
   191
   189
   191
   188
   185
   181
   177
   173
   169
   164
   159
   151
   152
   156
   155
   150
   149
   145
   136
   126
   125
   132
   127
   131
   138
   141
   138
   143
   141
   146
   142
   139
   134
   136
   147
   145
   136
   131
   130
   125
   114
    71
    60
   104
   132
   139
   141
   138
   139
   128
    89
    57
    57
    89
   103
   100
   110
   124
   127
   131
   125
   121
   121
   120
   117
   118
   108
   101
    89
    79
    71
    84
    89
    99
    63
    63
    70
    61
    60
    57
    59
    75
    90
    96
    95
    99
    91
    99
   105
   119
   134
   164
   184
   191
   195
   200
   198
   198
   198
   197
   196
   196
   193
   192
   196
   194
   191
   192
   192
   193
   193
   192
   193
   192
   190
   184
   181
   182
   179
   177
   173
   165
   153
   152
   153
   150
   144
   140
   135
   125
   122
   125
   123
   126
   136
   141
   139
   140
   145
   144
   143
   144
   154
   153
   146
   148
   156
   163
   162
   158
   152
   142
   119
    85
    75
   108
   129
   140
   142
   140
   134
   122
    97
    48
    73
   108
   105
   114
   127
   125
   121
   123
   124
   124
   123
   123
   118
   111
   101
    91
    86
    83
    87
    90
   100
   106
    76
    80
    69
    65
    58
    55
    58
    78
    88
    85
    88
    87
    83
    89
    95
    98
   124
   145
   155
   179
   189
   193
   194
   194
   196
   196
   197
   195
   194
   192
   193
   193
   192
   193
   194
   192
   193
   193
   192
   191
   190
   186
   183
   181
   182
   177
   171
   163
   155
   151
   147
   139
   136
   128
   114
   111
   107
   109
   121
   131
   134
   138
   143
   147
   148
   145
   145
   150
   156
   158
   149
   138
   153
   162
   169
   168
   161
   143
   115
    90
    97
   122
   136
   137
   138
   136
   132
   117
    94
    53
    85
   114
   118
   128
   129
   129
   126
   126
   128
   127
   124
   120
   116
   107
    99
    90
    87
    82
    91
    96
   104
   111
    68
    86
    83
    69
    56
    53
    67
    71
    79
    84
    87
    86
    76
    74
    84
    86
    99
   131
   137
   139
   160
   179
   191
   190
   194
   194
   193
   196
   192
   193
   193
   194
   193
   192
   193
   192
   190
   191
   191
   188
   187
   184
   179
   178
   177
   175
   170
   164
   160
   152
   147
   135
   126
   111
   103
    99
   101
   121
   139
   137
   153
   147
   153
   154
   154
   158
   154
   158
   162
   162
   150
   139
   128
   141
   151
   153
   147
   133
   113
   112
   121
   129
   135
   133
   135
   130
   126
   117
    97
    58
    96
   114
   129
   135
   132
   128
   128
   125
   127
   129
   128
   123
   114
   105
    96
    93
    89
    87
    91
   101
   107
   118
    63
    67
    91
    79
    65
    66
    67
    66
    73
    86
    84
    80
    71
    72
    79
    87
    91
   110
   130
   125
   133
   159
   176
   185
   192
   192
   192
   192
   195
   193
   194
   197
   194
   190
   190
   191
   188
   188
   188
   188
   186
   181
   181
   181
   177
   179
   171
   168
   155
   146
   139
   127
   116
   104
    98
    97
   107
   125
    93
   108
   153
   158
   153
   161
   164
   165
   167
   167
   163
   165
   163
   151
   129
   126
   122
   123
   122
   121
   126
   130
   135
   138
   135
   131
   131
   125
   121
   114
   103
    76
    95
   130
   136
   133
   127
   130
   131
   131
   134
   129
   121
   119
   113
   102
    93
    92
    88
    90
    96
   103
   114
   127
    69
    56
    80
    79
    76
    70
    63
    69
    81
    82
    84
    79
    72
    75
    88
    84
    93
    90
   110
   122
   123
   142
   163
   170
   181
   193
   194
   197
   196
   194
   192
   193
   193
   194
   192
   193
   190
   191
   189
   189
   186
   187
   183
   183
   179
   173
   169
   165
   159
   148
   136
   123
   103
    95
    91
    91
   123
   114
   118
   107
   152
   155
   151
   157
   166
   163
   167
   167
   170
   166
   163
   161
   153
   139
   129
   120
   121
   126
   129
   135
   132
   134
   131
   131
   130
   130
   124
   110
   105
    88
   101
   132
   139
   138
   136
   134
   134
   133
   130
   126
   120
   112
   106
    96
    92
    94
    89
    94
   102
   108
   116
   126
   104
    73
    81
    89
    96
    79
    56
    74
    91
    68
    77
    83
    85
    87
    85
    78
    90
    87
    90
   111
   120
   128
   152
   164
   175
   185
   192
   192
   192
   192
   190
   191
   192
   192
   190
   189
   190
   190
   189
   188
   185
   184
   179
   177
   173
   174
   165
   157
   152
   141
   126
   115
   102
    90
    82
   104
    97
    88
   138
   161
   151
   149
   154
   146
   156
   170
   168
   170
   168
   166
   165
   167
   162
   155
   152
   146
   142
   140
   138
   134
   131
   126
   128
   128
   135
   132
   126
   118
   112
   103
   105
   118
   131
   131
   133
   130
   132
   127
   126
   118
   112
   111
    99
    96
    94
    89
    97
   102
   106
   111
   121
   120
   115
    87
    69
    85
    93
    78
    69
    76
    71
    71
    76
    75
    84
    80
    76
    68
    76
    84
    84
   100
   116
   122
   138
   160
   176
   185
   185
   189
   191
   191
   189
   189
   188
   188
   185
   183
   184
   188
   187
   185
   184
   180
   179
   172
   172
   169
   163
   159
   152
   138
   121
   103
    91
    87
    87
   108
    92
   105
   122
   118
   131
   143
   143
   148
   153
   164
   167
   171
   174
   171
   168
   167
   169
   166
   158
   156
   147
   134
   134
   140
   128
   124
   120
   121
   129
   129
   134
   130
   117
   108
   111
   126
   132
   134
   131
   132
   128
   122
   119
   111
   107
   101
    97
    94
    97
    94
    97
    96
   100
   104
    98
    92
   114
   106
    80
    83
    95
    69
    67
    72
    51
    64
    79
    90
    81
    79
    72
    65
    67
    82
    85
   100
   112
   125
   136
   152
   171
   185
   190
   188
   193
   191
   192
   190
   189
   188
   183
   186
   181
   183
   184
   180
   181
   178
   173
   174
   168
   162
   167
   164
   150
   126
   100
    80
    76
    77
    92
    85
    82
   139
   164
   142
   131
   130
   130
   144
   157
   159
   168
   178
   171
   172
   169
   167
   164
   162
   159
   153
   152
   146
   142
   142
   142
   132
   121
   113
   120
   129
   130
   123
   115
   111
   113
   119
   132
   129
   133
   126
   122
   120
   116
   109
   105
   100
    96
    99
    97
    93
    82
    71
    64
    71
    97
   153
   117
   112
    92
    88
    99
    75
    69
    73
    72
    88
    97
    87
    79
    82
    76
    62
    64
    79
    86
    93
   103
   121
   132
   146
   162
   179
   186
   190
   189
   190
   190
   193
   191
   187
   185
   184
   184
   180
   176
   176
   173
   171
   172
   169
   170
   168
   162
   160
   139
    97
    81
    71
    70
    68
    80
    55
    65
    76
    86
   122
   115
   118
   123
   132
   142
   155
   161
   172
   179
   172
   171
   172
   169
   167
   163
   157
   150
   144
   142
   140
   137
   132
   127
   118
   113
   117
   119
   115
   115
   122
   128
   129
   130
   130
   124
   119
   115
   109
   107
   102
   103
    99
    98
    74
    43
    22
    24
    49
   103
   148
   191
   185
   111
   115
   113
    95
   105
    82
    71
    69
    75
    90
    82
    76
    70
    84
    73
    56
    60
    76
    78
    91
    99
   116
   130
   139
   158
   175
   185
   190
   190
   191
   188
   186
   186
   184
   176
   180
   179
   182
   178
   173
   173
   173
   173
   167
   167
   164
   159
   145
   117
    89
    70
    64
    61
    57
    51
    41
    81
    98
    97
    84
   107
   113
   118
   126
   139
   146
   155
   169
   177
   179
   174
   174
   171
   169
   167
   162
   152
   146
   147
   144
   142
   132
   128
   125
   115
   114
   110
   114
   119
   124
   129
   131
   131
   125
   121
   115
   114
   109
   103
   105
    93
    81
    42
    16
    20
    66
   117
   166
   195
   190
   162
   146
   113
   114
   105
   105
   101
    89
    64
    60
    83
    86
    70
    69
    79
    87
    73
    59
    64
    75
    82
    96
   102
   112
   122
   133
   150
   174
   184
   187
   188
   188
   187
   185
   180
   178
   178
   181
   171
   173
   173
   173
   172
   173
   172
   170
   167
   168
   160
   136
   106
    79
    63
    60
    64
    81
    71
    46
    33
    35
    66
    97
   107
   119
   123
   128
   128
   141
   149
   162
   171
   177
   180
   174
   175
   171
   170
   166
   153
   147
   141
   144
   136
   133
   128
   121
   118
   116
   113
   114
   116
   122
   126
   123
   121
   118
   113
   110
   105
   103
   102
    91
    83
    66
    70
   109
   151
   180
   191
   182
   163
   158
   164
   179
   101
   111
   113
   102
   102
    94
    57
    50
    76
    80
    93
    84
    82
    82
    76
    68
    62
    85
    89
    95
   102
   110
   118
   135
   152
   171
   185
   189
   191
   192
   187
   187
   181
   181
   177
   181
   179
   175
   174
   175
   173
   172
   170
   172
   171
   166
   157
   137
   107
    71
    59
    65
    64
   100
    82
    57
   124
    54
    27
    75
    85
   105
   104
   125
   132
   134
   146
   161
   176
   180
   179
   178
   174
   170
   169
   161
   159
   150
   144
   137
   133
   130
   122
   119
   117
   113
   109
   107
   114
   120
   121
   119
   115
   113
   108
   104
   106
   103
    94
    96
   107
   120
   134
   147
   158
   160
   158
   151
   158
   164
   170
   169
   113
    99
   118
   105
   100
   107
    64
    50
    66
    56
    73
    94
    77
    72
    77
    71
    72
    87
    97
    99
   103
   106
   114
   131
   156
   171
   184
   189
   189
   186
   184
   182
   181
   180
   172
   180
   178
   176
   179
   173
   171
   171
   169
   169
   166
   165
   153
   132
    92
    77
    67
    79
    72
    88
    58
    32
    82
   118
    31
    66
    72
    97
   108
   124
   129
   130
   143
   153
   172
   175
   177
   178
   178
   172
   168
   162
   155
   153
   146
   140
   133
   122
   121
   116
   113
   109
   103
   109
   110
   114
   112
   110
   108
   100
   102
   105
   105
    95
    95
   102
   113
   124
   124
   123
   121
   122
   127
   133
   138
   147
   150
   156
   111
    98
   116
   116
   117
   116
    77
    52
    58
    42
    63
    80
    69
    82
    86
    65
    69
    94
    97
   104
   101
   111
   118
   132
   155
   173
   184
   185
   183
   183
   182
   182
   180
   178
   180
   176
   175
   172
   173
   173
   170
   173
   170
   162
   165
   162
   154
   126
    94
    78
    74
    87
    74
    95
    61
    51
    40
    30
    62
    79
    86
   103
    92
   116
   135
   132
   133
   154
   166
   171
   173
   177
   174
   171
   167
   163
   154
   149
   142
   138
   133
   125
   119
   118
   113
   106
   107
   103
   110
   110
   108
   106
   102
   106
   109
   107
   103
    98
   103
   123
   132
   146
   160
   175
   181
   174
   165
   164
   170
   177
   183
   185
   104
   108
   100
   120
   112
   116
    98
    54
    53
    46
    61
    68
    67
    85
    72
    67
    83
    95
   104
    98
    97
   107
   116
   133
   152
   174
   181
   182
   183
   184
   180
   180
   178
   177
   175
   176
   171
   169
   168
   169
   168
   170
   173
   166
   163
   161
   155
   132
   100
    73
    85
    97
    78
    95
    62
    35
    55
    66
    73
    75
   109
   125
   105
   114
   125
   130
   131
   148
   164
   169
   168
   173
   171
   165
   165
   164
   155
   152
   143
   135
   130
   123
   112
   111
   107
   104
   103
   105
   106
   100
   100
   102
   105
   112
   109
   100
    94
    88
    80
   101
   143
   167
   178
   191
   195
   200
   200
   195
   194
   193
   191
   190
   100
   105
    94
   112
   106
   101
   110
    56
    44
    44
    58
    68
    69
    80
    62
    61
    91
    91
   101
    91
    94
   103
   111
   132
   155
   174
   175
   178
   179
   179
   182
   178
   177
   171
   164
   169
   173
   165
   168
   169
   164
   166
   167
   169
   166
   165
   156
   135
    97
    76
    93
   105
    86
    73
    55
    32
    47
    65
    75
   109
   135
   119
   104
   112
   121
   127
   126
   145
   158
   170
   166
   171
   171
   167
   160
   158
   156
   157
   148
   134
   127
   120
   110
   106
   103
    99
   101
    97
    99
    97
    95
   101
   105
   104
   101
    98
    82
    49
    44
    69
   102
   155
   191
   199
   197
   198
   196
   197
   195
   188
   185
   185
   110
   108
    92
    93
   103
    94
   109
    84
    36
    35
    57
    62
    65
    67
    64
    71
    85
    81
    90
    79
    90
   101
   108
   130
   154
   170
   175
   174
   173
   172
   174
   170
   172
   171
   170
   165
   165
   171
   164
   165
   165
   164
   165
   160
   163
   156
   146
   123
    98
    86
    97
   108
    93
    74
    91
    47
    58
   111
   132
   138
   131
   104
    88
   111
   127
   129
   130
   147
   158
   168
   166
   155
   155
   158
   157
   154
   153
   143
   135
   128
   122
   119
   116
   106
   104
    99
    93
    95
    90
    97
   103
   102
   100
    94
    85
    61
    47
    47
    51
    43
    51
    97
   135
   162
   186
   193
   194
   191
   189
   188
   185
   187
   118
   105
   100
    85
    94
    90
   105
    86
    52
    48
    63
    56
    62
    61
    80
    88
    94
    93
    92
    72
    85
    98
   112
   140
   157
   164
   169
   172
   174
   172
   166
   163
   166
   165
   167
   164
   162
   164
   166
   162
   158
   161
   160
   162
   161
   151
   134
   116
    94
    99
   109
   114
   105
    81
   104
    53
    29
    76
   114
   117
   114
    96
    77
   101
   119
   127
   130
   148
   164
   167
   164
   165
   153
   149
   151
   151
   147
   146
   134
   130
   124
   120
   110
    96
    90
    89
    87
    89
    94
    93
   101
   101
    96
    85
    71
    37
    39
    56
    56
    51
    48
    44
   100
   128
   125
   152
   176
   185
   187
   184
   179
   173
   122
   109
   101
    88
    91
    91
    88
    94
    47
    34
    45
    51
    55
    54
    74
    86
    85
    87
    86
    70
    81
    91
   108
   133
   152
   162
   168
   166
   166
   165
   165
   161
   162
   162
   161
   164
   159
   162
   162
   162
   161
   163
   167
   157
   155
   151
   127
   105
    92
   102
   129
   126
   108
    69
    81
    68
    34
    17
    43
    79
    96
    78
    82
   105
   118
   125
   132
   149
   165
   164
   159
   150
   148
   146
   147
   146
   141
   135
   135
   129
   121
   115
   107
    97
    88
    85
    89
    95
    94
    99
    95
    81
    67
    42
    52
    58
    51
    51
    53
    54
    50
    51
    62
   151
   171
   137
   130
   143
   150
   153
   148
   146
   120
   112
    98
    90
    82
    89
    87
    92
    60
    31
    38
    42
    49
    53
    70
    76
    72
    74
    67
    73
    80
    93
   107
   133
   149
   158
   163
   165
   167
   162
   165
   166
   165
   160
   162
   162
   158
   157
   158
   159
   156
   157
   159
   157
   144
   138
   124
    96
    83
   112
   135
   129
   115
    87
    55
    82
    52
    27
    27
    41
    65
    60
    63
    97
   124
   133
   141
   152
   162
   164
   161
   156
   149
   148
   142
   135
   134
   134
   123
   117
   115
   112
   106
    98
    89
    92
    94
   101
    96
    78
    58
    33
    28
    41
    49
    55
    49
    51
    53
    49
    52
    50
    45
    64
   149
   181
   159
   150
   148
   148
   162
   180
   125
   117
   105
    95
    84
    86
    88
    83
    70
    37
    35
    40
    49
    58
    73
    71
    68
    72
    69
    70
    84
    85
   107
   133
   146
   155
   161
   160
   158
   162
   160
   159
   159
   159
   155
   155
   151
   153
   154
   154
   153
   149
   152
   150
   145
   129
   116
   100
    90
   121
   134
   134
   119
   101
    61
    60
    76
    30
    21
    24
    40
    61
    84
    98
   122
   136
   146
   152
   157
   155
   154
   151
   153
   144
   135
   135
   126
   123
   122
   109
   108
   109
   100
    90
    79
    93
    71
    46
    31
    27
    25
    29
    39
    58
    60
    51
    55
    56
    50
    49
    51
    54
    53
    36
    47
   121
   169
   161
   156
   147
   143
   147
   124
   124
   111
    97
    81
    82
    81
    84
    80
    52
    39
    43
    44
    45
    68
    73
    62
    70
    59
    64
    65
    80
   103
   126
   136
   147
   157
   157
   161
   154
   158
   154
   150
   156
   154
   154
   150
   149
   148
   146
   148
   147
   147
   144
   145
   138
   110
    88
    93
   127
   136
   132
   128
   109
    95
    57
    55
    62
    43
    39
    54
    91
   114
   137
   139
   147
   153
   154
   156
   152
   145
   141
   142
   139
   136
   129
   129
   121
   115
   115
   108
   100
    95
    85
    48
    52
    21
    49
    28
    20
    31
    46
    49
    39
    48
    44
    41
    53
    54
    55
    52
    52
    53
    53
    37
    24
   110
   169
   174
   177
   173
   167
   122
   122
   113
   108
    83
    82
    77
    78
    83
    58
    31
    37
    48
    39
    58
    74
    61
    58
    53
    51
    56
    77
   104
   121
   130
   137
   151
   153
   155
   151
   145
   148
   149
   146
   149
   148
   145
   144
   143
   140
   145
   144
   142
   137
   138
   138
   113
    91
    90
   119
   135
   140
   128
   116
   104
    86
    76
    63
    61
    52
    67
   101
   114
   129
   142
   150
   150
   148
   145
   144
   138
   132
   131
   132
   131
   129
   117
   119
   116
   113
   107
    98
    76
    43
    47
    83
    62
   121
   110
    44
    34
    33
    36
    39
    29
    34
    46
    53
    50
    52
    51
    49
    49
    50
    55
    53
    40
   131
   182
   180
   182
   187
   115
   123
   111
   113
   104
    73
    84
    76
    81
    71
    46
    28
    42
    49
    36
    55
    62
    48
    49
    46
    48
    65
    91
   110
   123
   131
   136
   143
   142
   144
   147
   147
   144
   143
   135
   139
   141
   136
   138
   139
   134
   135
   138
   136
   133
   127
   110
   101
    90
   110
   131
   129
   128
   115
   108
    95
    86
    80
    72
    74
    90
    94
   124
   118
   128
   135
   136
   128
   131
   131
   126
   133
   119
   117
   116
   119
   117
   113
   104
   105
    95
    86
   114
   139
   193
   226
   203
   200
   131
    93
    40
    40
    36
    39
    41
    43
    49
    55
    57
    50
    52
    52
    54
    54
    51
    48
    47
    57
   169
   184
   174
   178
   120
   118
   117
   107
   114
    94
    73
    74
    70
    70
    60
    29
    31
    58
    50
    49
    60
    71
    65
    44
    40
    45
    68
    95
   109
   117
   130
   132
   136
   139
   138
   136
   134
   132
   131
   128
   125
   134
   137
   133
   135
   133
   139
   136
   134
   126
   119
   106
    83
    93
   123
   128
   124
   116
   108
    94
    89
    84
    81
    99
   113
   115
   128
   135
   129
   126
   125
   120
   118
   120
   122
   119
   123
   114
   113
   137
   106
   111
    99
    80
    82
    70
    58
    83
   114
   175
   192
   189
   130
    80
    53
    51
    56
    56
    51
    56
    58
    53
    53
    54
    52
    51
    51
    50
    54
    52
    52
    48
   112
   183
   186
   170
   125
   112
   123
   103
   109
   102
    83
    74
    66
    72
    68
    52
    18
    29
    66
    55
    55
    73
    64
    51
    37
    33
    57
    78
    92
   106
   111
   120
   124
   122
   122
   124
   125
   120
   120
   122
   118
   112
   118
   131
   140
   144
   138
   136
   132
   131
   123
   109
    87
    83
   110
   120
   118
   114
   101
    90
    81
    89
   100
   112
   126
   129
   135
   139
   132
   125
   120
   121
   118
   114
   109
   106
   107
   115
    80
    56
    82
    70
    37
    28
    30
    33
    40
    42
    19
    26
    98
   145
   105
    49
    53
    50
    50
    52
    52
    54
    50
    53
    53
    54
    52
    51
    51
    52
    51
    54
    53
    47
    66
   173
   182
   186
   127
   121
   111
   106
   107
   109
    89
    77
    84
    68
    70
    74
    64
    28
    28
    66
    58
    49
    65
    71
    65
    57
    42
    50
    63
    73
    89
    96
   103
   112
   113
   109
   113
   110
   106
   109
   115
   123
   126
   120
   121
   124
   128
   120
   123
   121
   118
   102
    82
    78
    93
   109
   102
    99
    95
    89
    90
    95
   105
   112
   119
   127
   128
   124
   122
   117
   110
   101
   100
   102
   107
   112
   116
    99
   107
   112
    34
    29
    24
    31
    25
    38
    38
    37
    39
    48
    15
    10
    19
    42
    46
    51
    48
    45
    51
    51
    52
    53
    53
    53
    52
    55
    53
    53
    55
    56
    51
    51
    43
    97
   197
   183
   118
   124
   118
   112
   107
   110
   105
    87
    78
    86
    74
    68
    66
    66
    49
    45
    64
    71
    58
    61
    80
    64
    46
    36
    51
    63
    79
   101
    97
    94
    96
    97
    95
    93
    88
    91
   100
   111
   121
   120
   116
   120
   109
   103
   110
   106
    95
    96
    73
    61
    63
    77
    83
    91
    91
   101
   106
   108
   111
   117
   116
   112
   102
    98
    93
    91
    94
    99
   112
   123
   128
   119
    72
    29
    49
   167
   104
    59
    52
    51
    50
    47
    42
    42
    44
    41
    35
    23
    34
    50
    52
    51
    42
    53
    55
    58
    58
    54
    53
    53
    53
    55
    58
    51
    54
    50
    52
    52
    50
    52
   173
   200
    94
   108
   115
   116
   113
   106
   105
    95
    82
    87
    90
    69
    67
    53
    70
    83
    73
    73
    80
    63
    66
    89
    72
    54
    52
    67
    66
    55
    59
    72
    85
    81
    77
    70
    73
    70
    63
    60
    81
   107
   114
    99
    93
   103
   108
    89
    87
    80
    70
    66
    67
    79
    82
    85
    93
    95
    95
    95
    89
    79
    78
    72
    73
    87
    83
    85
    99
   112
   109
    96
    74
    50
    47
    67
    59
    39
    79
    85
    87
    79
    73
    68
    63
    62
    55
    52
    46
    42
    35
    41
    42
    42
    47
    50
    50
    57
    54
    54
    57
    55
    55
    54
    54
    57
    54
    55
    55
    50
    53
    46
    77
   170
    96
   100
   110
   111
   113
   109
   108
   106
    96
    88
    95
    87
    79
    76
    54
    55
    83
    79
    75
    87
    71
    58
    77
    78
    62
    59
    55
    47
    56
    79
    88
    81
    79
    74
    76
    65
    54
    51
    48
    56
    54
    79
    89
   103
    85
    76
    64
    61
    55
    48
    53
    49
    42
    39
    30
    36
    43
    40
    36
    37
    33
    49
    68
    74
    80
    86
    87
    81
    82
    88
    92
   101
   118
   120
   120
   110
   102
   104
   106
   102
    93
    89
    90
    80
    72
    63
    61
    56
    58
    45
    45
    47
    52
    51
    54
    54
    52
    56
    53
    52
    54
    51
    52
    54
    53
    53
    52
    54
    52
    51
    39
    99
    90
    87
   100
   105
   112
   114
   104
   109
   110
    98
    88
    95
    91
    87
    79
    52
    51
    86
    88
    81
    81
    74
    62
    75
    81
    86
    87
    87
    83
    84
    81
    82
    77
    77
    71
    58
    55
    74
    71
    43
    41
    77
    83
    72
    41
    31
    25
    24
    35
    36
    27
    14
     6
    21
    33
    51
    53
    48
    34
    33
    47
    57
    60
    69
    71
    80
    84
    95
   110
   119
   128
   138
   142
   134
   129
   122
   124
   120
   120
   116
   112
   102
    94
    87
    83
    75
    71
    67
    67
    63
    54
    53
    43
    47
    57
    54
    58
    55
    55
    55
    54
    59
    59
    50
    51
    51
    52
    53
    52
    52
    54
    81
   103
    89
    80
    94
    97
   117
   113
    93
   101
   115
   104
    94
    96
    94
    92
    86
    70
    44
    50
    78
    85
    86
    88
    77
    88
    82
    75
    77
    87
    93
    88
    79
    77
    72
    77
    68
    75
    88
    71
    61
    84
    91
    75
    41
    32
    19
    28
    45
    59
    53
    53
    59
    51
    60
    75
    72
    59
    54
    67
    61
    56
    58
    62
    68
    80
    86
    99
   108
   111
   116
   123
   124
   121
   116
   108
   103
    92
    94
    93
    97
   104
   106
   106
   102
    94
    86
    79
    74
    65
    74
    60
    42
    41
    49
    52
    55
    50
    54
    57
    58
    56
    52
    56
    58
    53
    56
    55
    53
    52
    57
    54
    43
   112
   107
    99
    90
   103
    97
   112
   123
    92
    97
   116
   107
    99
   101
    99
    96
    89
    84
    71
    60
    68
    77
    81
    88
    88
    90
    92
    92
    88
    84
    77
    78
    72
    69
    83
    98
    94
    88
    76
    92
   105
    92
    66
    47
    51
    64
    64
    77
    73
    62
    61
    60
    80
    83
    75
    69
    56
    45
    41
    51
    52
    59
    68
    84
    94
   100
   109
   113
   122
   126
   124
   120
   107
    93
    90
    91
   105
   105
    93
    83
    71
    58
    75
    91
    97
    95
    86
    86
    76
    82
    80
    72
    62
    63
    63
    58
    57
    59
    59
    54
    54
    55
    54
    52
    56
    54
    53
    52
    54
    54
    58
    55
    91
   111
   100
    88
    91
    99
    92
   107
   123
    90
    93
   120
   119
   117
   102
   102
   113
   101
    90
    94
    81
    67
    69
    79
    81
    78
    75
    77
    77
    79
    75
    64
    64
    82
    98
    93
    94
    92
    78
    89
   113
    89
    50
    59
    79
    87
    88
    73
    63
    57
    60
    85
    82
    79
    72
    54
    44
    45
    39
    39
    52
    59
    73
    77
    94
    99
   109
   126
   118
   115
   107
   103
    96
   105
   110
   120
   113
   112
   105
   100
    97
    93
    75
    72
    82
    95
    99
    91
    91
    85
    81
    75
    80
    72
    54
    59
    60
    58
    55
    57
    60
    56
    57
    57
    55
    58
    55
    53
    54
    54
    54
    55
