    67
    66
    65
    59
    65
    62
    67
    71
    71
    71
    74
    74
    76
    82
    86
    77
    73
    69
    65
    81
    85
    74
    62
    63
    47
    45
    42
    59
    66
    68
    76
    79
    69
    59
    58
    62
    58
    58
    54
    58
    59
    58
    53
    55
    61
    58
    58
    58
    55
    58
    61
    58
    56
    51
    51
    52
    54
    55
    53
    52
    55
    58
    55
    58
    54
    56
    52
    50
    52
    54
    56
    59
    57
    59
    49
    51
    49
    48
    47
    48
    51
    52
    53
    55
    54
    53
    53
    50
    51
    52
    50
    51
    48
    50
    49
    50
    48
    52
    52
    53
    52
    46
    47
    49
    47
    46
    50
    54
    48
    51
    52
    48
    62
    57
    71
    79
    80
    67
    71
    71
    75
    78
    75
    80
    79
    74
    82
    80
    81
    84
    84
    64
    61
    67
    65
    57
    63
    53
    52
    60
    62
    71
    73
    71
    62
    59
    54
    62
    63
    61
    63
    63
    59
    55
    57
    54
    54
    55
    57
    58
    59
    54
    52
    54
    54
    56
    56
    56
    52
    50
    54
    55
    59
    60
    62
    56
    58
    51
    60
    63
    58
    57
    58
    53
    54
    61
    59
    58
    58
    57
    56
    53
    52
    56
    55
    53
    51
    51
    51
    53
    51
    50
    50
    51
    50
    52
    49
    49
    50
    43
    50
    51
    49
    53
    49
    51
    51
    49
    51
    50
    48
    47
    50
    53
    88
    75
    74
    63
    68
    63
    62
    65
    67
    62
    64
    65
    78
    87
    90
    99
   103
   105
   102
   104
    83
    64
    58
    57
    53
    58
    61
    61
    59
    50
    48
    37
    31
    35
    47
    49
    54
    59
    53
    53
    58
    56
    57
    60
    57
    57
    58
    54
    54
    54
    55
    56
    61
    62
    60
    58
    64
    65
    61
    63
    60
    55
    54
    59
    58
    57
    48
    46
    46
    39
    35
    37
    40
    37
    48
    46
    43
    45
    49
    49
    51
    52
    53
    50
    49
    50
    54
    50
    50
    51
    52
    48
    52
    51
    50
    51
    50
    54
    49
    51
    50
    49
    49
    50
    49
    48
    47
    48
    51
    50
    50
    55
    79
    82
    82
    54
    41
    45
    48
    57
    60
    62
    63
    72
    84
    93
    98
   102
   102
    96
   101
    96
    95
    87
    76
    81
    81
    70
    56
    50
    52
    53
    37
    19
    11
    12
    15
    12
    23
    30
    50
    64
    53
    57
    50
    49
    59
    56
    57
    58
    56
    54
    63
    60
    54
    56
    56
    63
    57
    55
    65
    56
    48
    54
    49
    40
    42
    42
    57
    69
    71
    82
    86
    77
    79
    78
    66
    63
    53
    51
    59
    61
    56
    53
    55
    51
    51
    51
    50
    53
    52
    50
    51
    51
    50
    51
    52
    48
    50
    49
    49
    51
    49
    52
    48
    51
    47
    52
    52
    46
    50
    54
    53
    50
    84
    76
    72
    76
    53
    47
    51
    52
    52
    56
    59
    75
    90
    96
    98
   103
   104
   109
   110
   110
   107
   106
   112
   109
   108
   108
   105
   103
   111
   113
   113
   116
   107
    97
    88
    73
    67
    75
    78
    72
    74
    66
    70
    70
    59
    56
    52
    53
    53
    65
    65
    65
    65
    62
    64
    52
    54
    60
    50
    60
    66
    66
    76
    83
    87
   101
   105
   105
   113
   113
   108
   107
   102
   100
   100
    86
    86
    71
    62
    54
    55
    59
    55
    52
    51
    52
    54
    51
    49
    52
    50
    51
    52
    50
    50
    52
    52
    53
    50
    50
    52
    51
    50
    48
    49
    49
    48
    53
    52
    47
    46
    52
    95
    89
    83
    75
    88
    67
    49
    48
    55
    66
    75
    87
    95
   108
   112
   117
   123
   127
   128
   128
   130
   127
   122
   119
   117
   120
   119
   119
   121
   122
   124
   125
   126
   127
   133
   127
   113
   100
    94
    88
    98
   102
    95
    84
    71
    64
    73
    71
    65
    55
    57
    53
    56
    65
    65
    73
    84
    85
    84
    91
   100
   108
   112
   112
   113
   107
   105
    99
    97
    90
    81
    82
    80
    84
    88
    89
    91
    93
    81
    81
    65
    53
    53
    53
    52
    52
    53
    50
    53
    53
    53
    51
    51
    51
    52
    52
    53
    48
    51
    52
    52
    51
    53
    51
    54
    50
    51
    50
    51
    52
    51
    46
   114
   104
    90
    63
    75
    87
    82
    72
    69
    69
    85
    98
   114
   119
   123
   132
   139
   137
   133
   134
   131
   131
   129
   125
   125
   124
   127
   129
   131
   132
   133
   129
   131
   131
   127
   113
    98
    90
    96
   113
   123
   123
   117
   101
    80
    67
    64
    72
    81
    86
    88
    95
    96
   101
   104
   109
   105
   100
   108
   113
   109
   108
   106
   107
   106
   102
    94
    93
    91
    96
    89
    84
    88
    94
    95
    96
    94
    95
    98
    85
    82
    69
    60
    51
    55
    52
    50
    53
    49
    47
    53
    51
    50
    53
    51
    50
    52
    55
    50
    50
    51
    50
    49
    49
    46
    53
    53
    49
    52
    48
    48
    43
    91
    97
    95
    76
    65
    86
    87
    87
   100
    96
   104
   112
   128
   130
   135
   145
   144
   141
   143
   138
   139
   140
   140
   138
   128
   132
   133
   136
   138
   138
   134
   136
   135
   137
   128
   116
   108
    97
   101
   122
   128
   124
   117
   100
    86
    70
    60
    54
    61
    78
    99
   122
   136
   134
   134
   131
   126
   132
   128
   129
   130
   126
   124
   123
   115
   116
   107
   100
    96
    91
    94
   103
   103
   102
   103
   103
    96
    95
    89
    98
    87
    70
    63
    63
    53
    52
    53
    51
    52
    51
    49
    51
    50
    49
    53
    52
    50
    47
    53
    52
    55
    55
    52
    51
    54
    50
    53
    53
    52
    51
    46
    64
    83
    80
    90
    94
    80
    78
    93
    94
   102
   108
   120
   131
   142
   145
   155
   158
   152
   152
   152
   149
   148
   150
   145
   139
   144
   138
   135
   135
   139
   139
   142
   137
   143
   141
   130
   117
   104
    91
    91
   122
   128
   130
   119
    98
    80
    73
    63
    54
    49
    66
    89
   117
   132
   142
   147
   155
   155
   151
   155
   154
   149
   151
   140
   141
   137
   130
   127
   119
   111
   104
    93
    80
    83
    88
    91
    96
    92
    93
    96
   103
   104
    98
    68
    59
    63
    58
    55
    54
    50
    54
    51
    54
    50
    53
    51
    55
    53
    54
    51
    52
    48
    48
    51
    52
    50
    54
    54
    52
    48
    46
    59
   124
    89
    88
    82
    81
    90
    94
   100
   109
   113
   125
   140
   145
   157
   157
   161
   161
   162
   164
   164
   164
   162
   160
   157
   155
   149
   149
   152
   147
   147
   146
   142
   143
   146
   144
   130
   119
   101
    84
    90
   120
   132
   124
   112
    88
    54
    49
    42
    32
    33
    44
    76
    99
   109
   114
   129
   150
   167
   166
   163
   163
   157
   157
   151
   149
   149
   141
   138
   134
   126
   115
   103
    98
    83
    74
    78
    85
    91
    94
    99
   100
   107
   104
    90
    59
    57
    57
    54
    53
    54
    51
    54
    53
    53
    49
    49
    50
    51
    51
    52
    53
    52
    54
    52
    52
    53
    50
    51
    47
    51
    50
    96
   183
    96
    93
    86
    80
    82
    97
   107
   117
   126
   138
   152
   153
   159
   169
   168
   166
   166
   167
   165
   162
   161
   165
   158
   158
   162
   156
   158
   158
   157
   157
   155
   147
   147
   143
   135
   126
   110
    83
    82
   105
   122
   119
   103
    71
    48
    42
    29
    28
    32
    48
    51
    71
    93
   106
   110
   133
   166
   175
   177
   172
   170
   167
   161
   156
   153
   150
   141
   141
   133
   127
   119
   108
    98
    83
    74
    74
    82
    91
    99
   103
    95
    94
    96
    70
    57
    53
    57
    55
    54
    54
    52
    51
    51
    51
    52
    53
    53
    50
    51
    53
    52
    48
    52
    55
    52
    54
    53
    50
    45
    67
   164
   197
    85
    80
    81
    88
    90
   100
   106
   122
   134
   144
   157
   163
   169
   171
   174
   174
   171
   172
   172
   169
   164
   167
   161
   160
   163
   161
   163
   164
   162
   160
   159
   159
   159
   155
   149
   141
   119
    94
    83
    95
   109
   108
   100
    63
    52
    31
    29
    31
    47
    67
    79
    77
   110
   114
   109
   115
   159
   177
   175
   175
   172
   173
   171
   166
   160
   154
   145
   141
   136
   129
   125
   118
   112
    93
    84
    72
    66
    70
    75
    93
   110
   106
   101
    83
    60
    57
    55
    53
    51
    52
    55
    52
    53
    51
    50
    54
    54
    52
    55
    46
    54
    55
    56
    52
    52
    53
    49
    47
    62
   148
   191
   191
    85
    84
    86
    90
    95
   100
   107
   120
   136
   156
   167
   172
   177
   178
   179
   179
   179
   178
   180
   177
   174
   173
   168
   167
   165
   165
   169
   166
   166
   169
   166
   165
   163
   159
   160
   152
   136
   105
    91
    86
    94
    95
    85
    74
    55
    35
    50
    79
    91
    89
    98
    99
   119
   132
   124
   111
   143
   173
   179
   178
   180
   176
   173
   171
   165
   158
   151
   149
   138
   133
   124
   118
   113
   105
    97
    89
    80
    69
    64
    70
    99
   116
   115
   102
    69
    52
    56
    53
    52
    51
    54
    53
    50
    54
    55
    52
    55
    53
    51
    56
    52
    51
    52
    55
    55
    54
    52
    56
   119
   184
   190
   201
    79
    75
    78
    84
    90
   106
   118
   135
   152
   158
   171
   172
   176
   185
   185
   183
   181
   184
   177
   176
   177
   179
   173
   171
   169
   164
   165
   167
   166
   168
   170
   171
   173
   171
   164
   164
   142
   108
    96
    90
    85
    87
    75
    60
    51
    48
   101
   135
   141
   130
   117
   110
   113
   125
   127
   126
   141
   168
   182
   179
   180
   179
   178
   169
   164
   156
   153
   149
   144
   140
   133
   124
   114
   109
   101
    95
    92
    88
    79
    66
    68
    94
   115
   104
    77
    59
    53
    53
    55
    56
    53
    55
    52
    53
    52
    52
    51
    54
    55
    51
    51
    53
    52
    49
    49
    52
    51
    78
   164
   188
   194
   195
    89
    89
    85
    82
    89
   104
   126
   140
   153
   166
   176
   182
   182
   183
   185
   186
   186
   184
   182
   180
   175
   177
   176
   176
   169
   167
   167
   169
   169
   170
   174
   171
   172
   171
   171
   167
   149
   115
    87
    85
    82
    75
    64
    52
    42
    54
    90
    99
   103
   128
   141
   120
   112
   126
   131
   131
   149
   170
   181
   178
   177
   176
   172
   169
   161
   157
   146
   145
   143
   142
   133
   126
   118
   112
   100
   102
    97
    98
   104
    99
    72
    61
    75
    92
    70
    52
    54
    58
    51
    50
    55
    52
    52
    52
    50
    52
    53
    54
    52
    53
    55
    51
    56
    52
    55
    47
    46
   127
   182
   186
   183
   188
    83
    90
    88
    94
   101
   112
   124
   151
   168
   174
   181
   186
   189
   187
   187
   186
   185
   185
   183
   183
   181
   182
   179
   179
   179
   175
   179
   180
   174
   173
   172
   175
   176
   173
   173
   175
   158
   123
   101
    86
    75
    73
    61
    48
    40
    43
    78
    93
    94
    86
   112
   124
   120
   140
   149
   146
   153
   165
   178
   181
   183
   177
   172
   164
   159
   151
   148
   142
   137
   136
   135
   127
   121
   115
   111
   101
    90
    96
   122
   127
   118
    96
    73
    69
    71
    58
    52
    50
    56
    57
    55
    57
    57
    56
    57
    53
    49
    49
    50
    50
    51
    55
    52
    52
    49
    48
    92
   167
   176
   179
   191
   199
    68
    73
    84
    90
    98
   118
   124
   142
   164
   178
   181
   183
   185
   187
   186
   187
   184
   186
   188
   184
   182
   180
   181
   182
   178
   177
   177
   179
   176
   178
   177
   174
   175
   175
   174
   171
   168
   143
   113
    93
    80
    75
    62
    46
    42
    39
    55
    69
    77
   103
    92
   110
   117
   138
   148
   151
   157
   165
   180
   181
   174
   170
   166
   159
   157
   156
   148
   144
   137
   133
   129
   128
   122
   118
   109
   100
    95
    91
   117
   142
   138
   127
   101
    72
    70
    70
    63
    57
    48
    56
    57
    51
    55
    52
    53
    55
    56
    57
    56
    56
    53
    53
    53
    55
    51
    72
   140
   174
   179
   188
   197
   200
    56
    72
    79
    90
   106
   121
   137
   152
   170
   179
   184
   186
   186
   185
   188
   187
   188
   186
   186
   185
   184
   186
   182
   180
   180
   181
   182
   180
   181
   178
   179
   175
   173
   173
   170
   174
   173
   158
   124
    98
    82
    73
    70
    53
    46
    44
    55
    36
    37
    79
    95
   110
   123
   131
   146
   157
   164
   172
   179
   177
   171
   164
   160
   159
   153
   146
   138
   138
   129
   127
   126
   121
   124
   119
   115
   110
   101
    96
   104
   126
   146
   144
   140
   123
    96
    76
    71
    66
    61
    46
    49
    55
    52
    54
    53
    54
    54
    51
    52
    55
    53
    55
    52
    50
    59
   119
   159
   167
   177
   183
   186
   189
    59
    63
    83
    93
   108
   129
   145
   163
   177
   183
   185
   187
   190
   189
   188
   187
   187
   188
   187
   186
   187
   185
   183
   183
   183
   183
   183
   181
   179
   181
   181
   182
   182
   176
   176
   171
   173
   165
   146
   110
    83
    77
    68
    63
    50
    50
   117
   119
    36
    83
   104
   119
   128
   142
   150
   161
   164
   171
   173
   171
   168
   165
   165
   160
   151
   145
   135
   126
   129
   129
   127
   126
   122
   116
   112
   106
   108
   106
   106
   115
   137
   147
   148
   141
   131
   105
    81
    73
    70
    65
    54
    51
    55
    56
    57
    53
    51
    50
    53
    53
    53
    54
    54
    58
    77
   143
   153
   158
   164
   175
   181
   186
    76
    81
    84
    98
   111
   135
   151
   168
   180
   187
   191
   189
   185
   188
   190
   189
   188
   185
   185
   184
   181
   183
   185
   184
   182
   181
   183
   184
   184
   182
   183
   179
   179
   176
   177
   174
   171
   167
   157
   141
   111
    90
    78
    70
    55
    51
    50
    82
    99
    98
   109
   125
   127
   141
   158
   163
   169
   176
   172
   167
   170
   164
   163
   156
   149
   145
   138
   132
   128
   125
   120
   114
   111
   105
   100
   101
    97
   100
    99
    99
   112
   134
   152
   158
   153
   141
   118
    87
    73
    76
    69
    48
    49
    55
    52
    54
    53
    56
    57
    55
    54
    53
    51
    52
    89
   133
   136
   148
   165
   180
   187
   190
    77
    81
    85
    92
   108
   130
   150
   169
   181
   185
   190
   190
   190
   189
   187
   188
   189
   187
   187
   184
   184
   186
   184
   184
   187
   186
   185
   184
   184
   183
   182
   181
   181
   180
   180
   179
   177
   168
   166
   150
   138
   112
    89
    82
    76
    56
    56
    62
    77
    89
   112
   136
   136
   152
   159
   164
   172
   175
   171
   169
   169
   167
   160
   149
   133
   118
   110
   102
    95
    93
    90
    87
    86
    81
    86
    92
    98
    97
    96
    96
   101
   119
   137
   153
   161
   159
   148
   129
   103
    70
    68
    73
    52
    55
    55
    55
    53
    54
    53
    56
    52
    52
    57
    60
    97
   119
   135
   159
   171
   177
   181
   185
    89
    94
    97
    96
   100
   120
   147
   171
   181
   187
   189
   192
   191
   191
   192
   190
   189
   189
   188
   187
   188
   188
   186
   185
   184
   185
   186
   187
   187
   186
   184
   182
   181
   180
   174
   174
   171
   168
   165
   155
   145
   126
   102
    82
    89
    73
    59
    77
   127
   140
   129
   135
   145
   158
   166
   171
   172
   170
   168
   168
   169
   159
   149
   137
   120
   110
   101
    86
    61
    49
    51
    54
    54
    65
    68
    77
    85
    86
    94
    93
   101
   116
   136
   149
   156
   167
   165
   157
   141
   114
    79
    69
    73
    50
    48
    60
    57
    58
    59
    55
    57
    61
    59
    72
   101
   117
   141
   161
   168
   175
   175
   180
    87
    83
    73
    78
   102
   116
   131
   155
   176
   188
   192
   192
   194
   195
   192
   193
   192
   192
   193
   190
   189
   188
   188
   188
   184
   183
   188
   188
   192
   189
   188
   185
   184
   183
   179
   175
   172
   166
   162
   156
   146
   130
   110
    90
    85
    95
    68
    78
   102
   129
   130
   144
   149
   157
   163
   166
   167
   168
   171
   172
   168
   150
   143
   147
   153
   154
   151
   143
   119
    88
    73
    75
    81
    86
    89
    90
    90
    86
    82
    72
    80
   102
   122
   137
   148
   152
   163
   166
   161
   153
   121
    85
    73
    70
    55
    50
    54
    51
    49
    51
    44
    29
    36
    61
    88
   118
   139
   164
   176
   184
   185
   185
    69
    65
    85
   101
   101
   116
   129
   141
   154
   176
   192
   196
   194
   193
   194
   192
   190
   191
   190
   188
   189
   191
   187
   188
   189
   189
   187
   186
   184
   185
   187
   184
   184
   181
   179
   177
   174
   170
   162
   153
   144
   133
   122
    97
    75
    79
    84
    70
    69
    81
   118
   137
   139
   144
   155
   162
   164
   169
   169
   170
   161
   142
   148
   165
   168
   164
   158
   147
   140
   115
    87
    97
   109
   110
   114
   113
   104
    85
    50
    44
    62
    78
    89
   118
   133
   135
   136
   152
   165
   166
   159
   136
    95
    77
    71
    48
    50
    51
    44
    41
    49
    73
    98
   125
   140
   146
   153
   154
   158
   163
   169
   180
    71
    93
   100
    97
    91
    98
   118
   134
   141
   146
   165
   181
   190
   192
   192
   192
   190
   191
   190
   188
   189
   186
   185
   182
   180
   184
   186
   185
   185
   184
   181
   183
   181
   180
   177
   177
   173
   166
   159
   154
   148
   136
   127
   112
    92
    75
    71
    74
    66
    67
    87
   115
   130
   143
   150
   153
   155
   158
   161
   160
   148
   135
   134
   140
   140
   132
   128
   126
   113
   106
    79
    68
    80
    98
   108
   112
   106
    82
    43
    21
    47
    85
   103
    97
   103
   126
   127
   124
   134
   142
   154
   150
   139
   108
    81
    69
    47
    54
    77
   107
   139
   161
   168
   166
   160
   155
   145
   143
   141
   137
   141
   145
    92
    92
    83
    75
    80
   107
   104
   114
   122
   124
   145
   166
   181
   186
   192
   193
   195
   194
   194
   192
   192
   190
   186
   186
   184
   181
   185
   187
   186
   185
   185
   181
   181
   180
   179
   177
   171
   170
   164
   155
   151
   145
   140
   130
   112
   102
    74
    69
    85
   106
   116
   134
   142
   144
   145
   144
   144
   146
   146
   149
   147
   141
   142
   139
   137
   133
   128
   120
   107
    89
    75
    53
    55
    66
    79
    94
   105
    80
    43
    24
    34
    56
    93
   115
   101
    98
   115
   128
   130
   125
   119
   123
   124
   119
   107
    89
    90
    96
   110
   131
   148
   146
   140
   134
   132
   129
   130
   130
   131
   134
   135
   141
    96
    85
    76
    76
    90
   100
    97
    99
   111
   117
   131
   155
   171
   180
   186
   190
   192
   191
   191
   191
   192
   189
   187
   185
   184
   183
   185
   185
   185
   184
   183
   183
   183
   183
   179
   176
   173
   166
   164
   158
   150
   149
   151
   150
   146
   139
   132
   123
   111
   118
   128
   130
   138
   142
   137
   137
   134
   136
   147
   154
   160
   167
   167
   169
   167
   162
   160
   152
   123
    97
    77
    54
    44
    53
    63
    81
    90
    76
    43
    12
    14
    47
    77
    93
   104
    98
    90
   103
   122
   130
   138
   128
   119
   121
   118
   110
    94
   111
   135
   141
   136
   136
   136
   137
   131
   129
   126
   130
   129
   130
   132
   133
    87
    83
    82
    82
    92
    92
    80
    85
   101
   111
   123
   143
   163
   178
   185
   188
   190
   193
   192
   192
   191
   187
   185
   185
   184
   183
   182
   184
   185
   184
   184
   182
   183
   180
   177
   178
   175
   169
   161
   158
   157
   155
   156
   159
   165
   162
   159
   157
   158
   157
   154
   157
   153
   159
   158
   158
   165
   163
   163
   169
   177
   185
   185
   181
   181
   178
   174
   168
   154
   131
    95
    76
    52
    57
    64
    77
    93
    78
    59
    55
    25
     9
    59
    94
    96
    98
    96
    83
    91
   112
   130
   144
   143
   135
   134
   126
   110
    88
   105
   128
   132
   130
   129
   126
   128
   129
   129
   122
   123
   126
   126
   128
    81
    70
    71
    74
    77
    78
    82
    81
    91
   105
   122
   138
   164
   183
   191
   190
   192
   190
   191
   192
   190
   191
   189
   186
   187
   186
   187
   185
   183
   185
   186
   185
   183
   184
   179
   175
   176
   174
   166
   158
   157
   155
   163
   171
   176
   179
   184
   182
   181
   182
   181
   182
   183
   179
   185
   186
   185
   184
   185
   185
   189
   190
   190
   194
   194
   189
   185
   179
   167
   147
   123
    98
    81
    52
    64
    79
    98
    80
    53
    66
   106
    83
    38
    77
   101
   101
    92
    95
    77
    83
   116
   134
   144
   145
   145
   143
   142
   126
    94
    81
    99
   107
   112
   113
   111
   112
   114
   118
   119
   116
   120
   124
    73
    66
    68
    75
    73
    75
    71
    78
    90
   111
   127
   144
   164
   179
   190
   192
   191
   192
   191
   190
   188
   191
   190
   188
   187
   184
   184
   186
   187
   185
   183
   183
   179
   181
   182
   176
   174
   171
   169
   161
   159
   160
   162
   170
   183
   186
   188
   191
   196
   196
   194
   196
   191
   190
   192
   194
   195
   199
   196
   192
   189
   191
   195
   198
   197
   194
   187
   180
   168
   156
   138
   109
    90
    59
    57
    86
   105
    89
    61
    65
    73
    85
    92
    88
    94
   104
   104
    96
    93
    82
   103
   124
   136
   142
   142
   147
   143
   139
   134
   110
    85
    89
    94
   109
   108
   106
   107
   107
   109
   113
   115
   116
    76
    71
    69
    70
    68
    70
    78
    85
    94
   113
   133
   145
   166
   179
   188
   190
   192
   192
   193
   193
   191
   188
   190
   188
   189
   189
   188
   187
   184
   187
   183
   180
   178
   176
   178
   175
   169
   162
   155
   158
   160
   160
   166
   172
   180
   187
   196
   201
   199
   201
   203
   200
   202
   202
   200
   201
   201
   197
   201
   194
   192
   196
   200
   202
   202
   202
   196
   184
   170
   151
   136
   122
    96
    60
    64
    98
   127
    99
    49
    69
   105
    96
    64
    65
    86
   106
   109
   102
   102
    97
    96
   126
   141
   145
   146
   141
   142
   140
   133
   132
   116
    97
    81
    64
    91
   102
   103
   106
   110
   108
   108
   109
    72
    72
    61
    66
    75
    77
    78
    92
   102
   119
   137
   152
   168
   182
   187
   194
   195
   197
   198
   195
   193
   193
   190
   190
   189
   190
   192
   191
   189
   185
   187
   185
   182
   181
   181
   177
   169
   163
   157
   155
   161
   166
   174
   177
   183
   191
   199
   201
   203
   205
   203
   203
   203
   203
   202
   203
   200
   196
   195
   193
   196
   195
   195
   195
   198
   202
   197
   184
   164
   156
   141
   125
   107
    70
    69
   110
   130
   100
    57
    61
    90
   104
    97
    51
    78
   106
   118
   111
   103
   107
   103
   120
   140
   146
   152
   153
   148
   143
   138
   130
   125
   108
    91
    61
    27
    57
    79
    98
   100
   104
   115
   115
    61
    52
    58
    75
    75
    88
    91
   102
   113
   121
   138
   158
   176
   185
   192
   194
   198
   196
   195
   198
   196
   195
   194
   194
   193
   192
   190
   186
   189
   190
   188
   183
   185
   182
   181
   179
   178
   172
   166
   162
   160
   165
   170
   179
   185
   188
   194
   200
   202
   201
   201
   201
   200
   199
   198
   197
   196
   196
   196
   196
   194
   194
   192
   197
   197
   196
   192
   181
   163
   152
   143
   132
   108
    74
    90
   129
   143
   122
    74
   109
   141
   140
   124
    99
    84
   109
   118
   115
   108
   112
   111
   124
   144
   151
   155
   152
   152
   144
   138
   130
   121
   114
    92
    88
    64
    18
    24
    38
    68
    86
    94
   105
    43
    51
    73
    80
    87
    80
    95
   105
   123
   134
   146
   165
   177
   186
   193
   196
   197
   198
   197
   195
   195
   193
   192
   192
   191
   189
   188
   188
   186
   186
   185
   183
   184
   184
   184
   178
   172
   168
   161
   159
   158
   156
   165
   172
   180
   186
   192
   194
   195
   196
   196
   198
   196
   194
   195
   193
   190
   192
   194
   191
   191
   190
   189
   190
   191
   192
   188
   179
   162
   147
   138
   123
   107
   103
   118
   137
   139
   117
    83
   117
   147
   146
   136
   123
   104
   105
   115
   112
   107
   113
   112
   126
   144
   158
   158
   162
   154
   140
   139
   137
   134
   116
   103
    83
    77
    56
    47
    40
    31
    39
    74
    95
    52
    79
    89
    96
    90
    89
    96
   117
   130
   136
   163
   178
   188
   191
   195
   199
   199
   198
   200
   195
   195
   195
   196
   194
   195
   195
   189
   191
   190
   188
   186
   187
   184
   183
   179
   179
   170
   166
   162
   159
   157
   156
   158
   167
   174
   179
   183
   188
   191
   195
   196
   192
   194
   196
   195
   193
   192
   191
   190
   191
   187
   186
   186
   185
   187
   187
   183
   173
   152
   140
   122
   101
   107
   130
   125
   138
   139
   116
    78
   109
   159
   161
   141
   124
   108
   117
   124
   118
   109
   119
   126
   132
   146
   157
   163
   171
   172
   154
   143
   141
   134
   122
   102
    90
    79
    70
    56
    53
    55
    46
    36
    51
    66
    94
   102
   108
   106
    89
   101
   117
   127
   148
   177
   185
   191
   196
   198
   198
   199
   199
   200
   200
   198
   198
   199
   198
   195
   197
   197
   193
   191
   192
   190
   189
   186
   184
   182
   178
   174
   169
   159
   152
   151
   153
   156
   161
   168
   174
   176
   182
   185
   189
   192
   194
   194
   193
   194
   196
   197
   195
   194
   193
   189
   184
   187
   185
   187
   185
   182
   177
   149
   123
    93
   100
   124
   142
   138
   135
   137
   104
    61
    73
   124
   149
   149
   126
   100
   108
   115
   116
   116
   119
   130
   144
   142
   152
   168
   173
   170
   159
   150
   144
   131
   120
   108
    98
    87
    76
    62
    56
    59
    59
    58
    51
    70
    93
   110
   104
    95
    94
   100
   121
   142
   165
   183
   189
   196
   197
   200
   200
   199
   199
   199
   197
   197
   195
   199
   199
   198
   196
   195
   196
   195
   192
   189
   186
   186
   186
   184
   180
   165
   151
   148
   149
   150
   149
   151
   157
   160
   165
   172
   176
   183
   187
   188
   191
   192
   192
   192
   191
   192
   194
   192
   191
   187
   184
   184
   186
   187
   191
   188
   178
   149
   106
    88
   123
   151
   157
   147
   146
   131
    97
    83
   118
   128
   125
   118
   103
    98
   106
   112
   110
   117
   127
   129
   140
   143
   150
   163
   174
   170
   160
   154
   142
   133
   127
   116
   102
    88
    77
    72
    60
    60
    58
    60
    61
    87
    99
   111
    94
    90
    91
   105
   132
   156
   175
   183
   190
   195
   200
   201
   202
   200
   200
   200
   200
   198
   197
   199
   199
   196
   198
   195
   194
   192
   190
   187
   185
   181
   180
   176
   167
   138
   126
   123
   129
   140
   139
   144
   151
   159
   165
   176
   182
   185
   190
   191
   193
   191
   191
   190
   193
   193
   194
   194
   192
   188
   188
   192
   192
   191
   190
   189
   179
   138
    89
   104
   149
   164
   158
   151
   151
   134
    93
   103
   143
   154
   147
   132
   101
    97
   113
   111
   110
   118
   128
   139
   142
   139
   153
   166
   176
   173
   159
   154
   146
   135
   127
   116
   108
    98
    86
    81
    62
    64
    65
    63
    67
    95
   107
   100
    94
    97
    99
   117
   147
   169
   179
   187
   193
   198
   201
   201
   202
   202
   200
   199
   200
   199
   201
   199
   199
   198
   197
   200
   197
   195
   193
   193
   190
   187
   183
   167
   138
   112
   105
   104
   114
   126
   134
   146
   146
   152
   161
   168
   170
   176
   185
   193
   197
   197
   198
   195
   192
   195
   195
   197
   195
   194
   193
   192
   193
   195
   196
   192
   175
   126
    91
   124
   163
   169
   167
   164
   159
   129
    91
   127
   164
   169
   158
   143
   112
    99
   111
   118
   115
   116
   125
   143
   151
   148
   153
   174
   181
   172
   168
   160
   149
   139
   125
   113
   107
    98
    85
    81
    68
    67
    66
    69
    72
    96
   112
   100
    95
    95
   109
   133
   165
   176
   187
   188
   195
   200
   200
   201
   201
   202
   199
   202
   201
   198
   197
   201
   201
   197
   199
   195
   197
   196
   189
   189
   188
   186
   180
   154
   118
    94
    96
    98
   109
   121
   131
   136
   141
   147
   151
   159
   166
   172
   177
   186
   196
   196
   194
   195
   196
   195
   198
   196
   195
   192
   191
   191
   193
   194
   195
   185
   164
   110
    92
   141
   163
   169
   168
   166
   161
   126
    91
   123
   175
   184
   173
   149
   112
   108
   113
   116
   113
   117
   127
   146
   151
   158
   164
   171
   178
   173
   168
   164
   149
   134
   123
   109
   103
    99
    87
    80
    70
    69
    69
    74
    74
   104
   104
    90
    88
    92
   116
   147
   169
   180
   183
   189
   196
   200
   201
   202
   201
   201
   202
   204
   202
   201
   202
   200
   200
   202
   199
   198
   198
   198
   195
   190
   188
   182
   173
   138
   102
    80
    78
    88
   109
   122
   129
   136
   136
   133
   134
   147
   166
   176
   179
   182
   190
   195
   197
   197
   194
   195
   196
   198
   192
   189
   186
   188
   190
   191
   188
   175
   153
   104
   107
   154
   170
   172
   169
   167
   159
   111
    71
    85
   127
   153
   153
   141
   103
   106
   117
   123
   118
   119
   128
   144
   158
   160
   168
   171
   182
   174
   168
   162
   150
   137
   125
   104
    94
    92
    86
    84
    65
    67
    74
    73
    77
   118
   111
    93
    79
    87
   125
   150
   169
   177
   184
   193
   198
   200
   201
   201
   202
   202
   199
   196
   202
   201
   202
   202
   201
   200
   200
   198
   200
   197
   196
   195
   192
   186
   166
   125
    96
    73
    82
    97
   113
   126
   131
   124
   119
   120
   120
   129
   140
   164
   178
   188
   195
   199
   200
   198
   198
   197
   199
   198
   187
   182
   190
   190
   190
   192
   185
   164
   140
   104
   135
   166
   174
   173
   169
   168
   149
   108
    82
   126
   145
   148
   140
   120
   113
   116
   120
   126
   122
   126
   129
   153
   167
   172
   169
   173
   180
   175
   169
   162
   151
   140
   128
   104
    94
    86
    88
    86
    73
    72
    75
    74
    74
    96
   108
    91
    73
    94
   122
   150
   164
   177
   185
   190
   194
   199
   202
   201
   201
   202
   200
   201
   201
   201
   203
   200
   200
   201
   202
   200
   199
   198
   198
   194
   189
   185
   168
   123
    94
    98
   109
   121
   122
   127
   126
   117
   116
   113
   115
   104
   110
   143
   157
   169
   190
   199
   200
   198
   197
   198
   198
   197
   179
   174
   185
   186
   191
   187
   175
   156
   126
   114
   150
   166
   167
   170
   169
   163
   153
   106
   106
   153
   168
   166
   149
   128
   116
   123
   132
   133
   131
   125
   137
   159
   172
   173
   177
   176
   177
   172
   171
   165
   147
   134
   122
   109
    94
    89
    89
    90
    71
    69
    74
    80
    82
    98
   103
   101
    91
   100
   124
   142
   165
   174
   182
   192
   198
   199
   200
   202
   202
   201
   201
   201
   200
   202
   199
   200
   201
   199
   198
   201
   199
   199
   195
   194
   190
   177
   160
   113
   104
   119
   134
   122
   121
   119
   112
   110
   111
    99
    95
   115
   119
   140
   151
   154
   176
   193
   196
   196
   196
   195
   197
   194
   179
   165
   183
   187
   178
   174
   158
   131
   126
   153
   164
   170
   168
   169
   169
   170
   150
    99
    98
   153
   175
   168
   138
   102
   112
   129
   142
   138
   134
   131
   138
   157
   174
   183
   184
   181
   179
   174
   172
   167
   152
   134
   123
   108
    92
    89
    86
    87
    72
    71
    73
    77
    83
   121
   111
    94
    81
    83
   113
   147
   163
   173
   181
   194
   199
   200
   201
   201
   201
   199
   200
   199
   200
   200
   201
   200
   200
   200
   199
   196
   200
   201
   198
   197
   186
   173
   146
   104
   110
   130
   130
   123
   111
    99
    95
    84
    55
    71
    96
   113
   119
   131
   147
   151
   157
   185
   196
   197
   195
   195
   196
   197
   183
   156
   169
   167
   160
   147
   134
   133
   148
   161
   166
   173
   170
   171
   171
   171
   147
    97
    83
   117
   131
   152
   134
   104
   129
   151
   153
   143
   137
   134
   148
   169
   178
   185
   185
   188
   183
   179
   172
   168
   150
   141
   130
   109
    97
    86
    79
    84
    70
    73
    79
    84
    89
   113
   120
   113
    88
    75
   112
   138
   165
   171
   180
   188
   195
   198
   195
   193
   194
   196
   198
   199
   200
   198
   198
   200
   200
   199
   198
   198
   199
   200
   200
   194
   179
   153
   131
   114
   119
   128
   123
   111
   103
   111
    86
    54
    75
   114
   122
   113
   111
   121
   131
   143
   161
   181
   194
   195
   196
   197
   199
   198
   190
   167
   145
   141
   129
   122
   139
   164
   167
   166
   170
   170
   174
   171
   173
   171
   140
   101
   116
   144
   126
    93
    99
   117
   142
   169
   159
   138
   138
   141
   159
   177
   181
   184
   185
   189
   185
   183
   171
   165
   153
   138
   129
   111
    94
    85
    85
    72
    71
    74
    72
    82
    84
   112
   115
   118
   103
    96
    99
   122
   152
   157
   162
   177
   183
   186
   189
   189
   194
   195
   197
   197
   197
   196
   194
   194
   194
   192
   191
   195
   198
   199
   193
   187
   170
   140
   117
   119
   137
   140
   122
    97
   100
    92
    58
    59
   108
   135
   142
   135
   115
   120
   132
   139
   162
   177
   192
   196
   198
   198
   197
   196
   193
   176
   144
   128
   132
   135
   149
   164
   167
   168
   172
   176
   175
   172
   173
   164
   133
   100
   126
   154
   152
   135
   116
   127
   157
   166
   149
   144
   142
   149
   164
   177
   185
   189
   186
   186
   183
   181
   172
   162
   150
   138
   126
   111
    96
    88
    80
    71
    70
    74
    82
    83
    91
    97
   114
   118
   125
   100
    69
    95
   125
   146
   164
   168
   172
   181
   183
   184
   190
   190
   187
   191
   191
   192
   192
   191
   190
   190
   194
   197
   200
   197
   195
   185
   158
   126
   116
   138
   146
   132
   117
    90
    97
    71
    55
   110
   152
   160
   158
   150
   123
   122
   131
   143
   157
   173
   190
   198
   197
   196
   197
   198
   195
   186
   159
   133
   121
   136
   152
   163
   170
   174
   173
   178
   179
   180
   176
   166
   126
    93
   112
   127
   131
   121
   122
   140
   161
   159
   135
   137
   144
   157
   176
   184
   187
   183
   180
   182
   187
   185
   173
   160
   150
   135
   122
   111
    98
    88
    73
    69
    73
    77
    78
    87
    96
   115
   100
   108
   115
   107
    81
    75
    91
   119
   139
   154
   162
   171
   176
   175
   182
   182
   183
   181
   182
   181
   182
   184
   188
   191
   191
   197
   198
   197
   193
   177
   148
   120
   128
   152
   155
   137
   110
    83
    82
    50
    62
   103
   123
   145
   166
   160
   129
   120
   141
   144
   153
   171
   186
   198
   198
   195
   196
   198
   193
   189
   172
   147
   123
   126
   144
   156
   164
   165
   173
   178
   178
   175
   173
   162
   123
    89
    86
    95
   106
   110
   127
   146
   157
   148
   141
   144
   153
   173
   178
   185
   186
   184
   182
   185
   181
   183
   176
   163
   150
   139
   124
   107
    96
    83
    65
    69
    74
    80
    87
    94
    99
   120
   112
   114
   115
   122
   118
    85
    95
    96
   106
   122
   137
   145
   153
   159
   164
   167
   175
   176
   177
   178
   178
   183
   183
   188
   189
   191
   193
   193
   181
   160
   132
   125
   154
   164
   158
   141
   110
    99
    95
    57
    54
    90
    95
    84
    99
   147
   134
   133
   142
   148
   154
   171
   188
   197
   198
   196
   195
   195
   194
   190
   176
   153
   127
   110
   128
   148
   158
   163
   167
   169
   168
   172
   169
   154
   116
    94
   117
   120
   107
   114
   132
   146
   146
   141
   143
   152
   168
   180
   184
   182
   186
   185
   187
   184
   180
   172
   161
   158
   150
   135
   121
   103
    90
    68
    70
    71
    80
    85
    95
   105
   110
   135
   147
   144
   131
   126
   135
   142
   132
   119
   121
   121
   125
   138
   146
   154
   157
   158
   157
   165
   176
   179
   180
   182
   182
   183
   182
   179
   176
   178
   173
   147
   122
   132
   163
   168
   158
   139
   108
   106
    85
    52
    46
    35
    66
   102
   101
   104
   122
   134
   154
   155
   157
   175
   187
   198
   200
   200
   197
   195
   195
   191
   179
   160
   138
   116
   112
   136
   149
   153
   158
   165
   164
   166
   164
   154
   109
    77
    93
   101
   105
   129
   148
   150
   143
   144
   153
   167
   177
   181
   180
   187
   187
   187
   184
   182
   172
   167
   161
   149
   139
   121
   110
    90
    68
    66
    67
    78
    89
    98
   109
   110
   112
   137
   138
   143
   150
   142
   134
   142
   135
   137
   134
   136
   141
   140
   139
   143
   157
   164
   161
   153
   151
   161
   170
   174
   171
   167
   165
   164
   171
   174
   169
   141
   120
   138
   175
   172
   160
   141
   106
   101
    90
    52
    73
   101
    30
    51
    91
   106
   132
   138
   148
   157
   161
   179
   192
   197
   200
   197
   195
   194
   192
   192
   184
   165
   146
   126
   106
   112
   134
   143
   152
   160
   162
   162
   155
   146
   106
    60
    55
    87
   121
   144
   154
   150
   147
   155
   169
   177
   178
   181
   184
   186
   187
   188
   184
   178
   177
   166
   158
   146
   123
   111
    99
    79
    65
    70
    83
    94
   102
   110
   112
   111
   114
   149
   135
   128
   126
   129
   124
   118
   126
   130
   126
   121
   111
    99
   103
   119
   134
   149
   153
   160
   162
   155
   158
   159
   164
   167
   170
   179
   186
   181
   166
   143
   120
   145
   175
   169
   163
   144
   109
   108
    91
    56
    61
   130
    89
    48
    91
   110
   132
   149
   159
   158
   159
   181
   193
   200
   201
   197
   195
   193
   193
   190
   186
   174
   154
   138
   122
   103
   108
   133
   139
   152
   158
   158
   149
   144
    93
    40
    70
   120
   144
   153
   149
   143
   156
   168
   178
   181
   178
   180
   185
   186
   187
   183
   178
   176
   169
   158
   148
   127
   117
   100
    86
    67
    69
    79
    93
   109
   115
   114
   117
   120
   120
   149
   156
   156
   155
   150
   141
   137
   134
   131
   127
   110
   106
   107
   114
   121
   126
   133
   150
   159
   163
   160
   158
   171
   172
   182
   189
   189
   188
   182
   166
   146
   125
   141
   172
   172
   170
   151
   113
    97
    92
    56
    63
    58
    60
    89
    91
   109
   130
   151
   162
   160
   164
   185
   197
   199
   200
   199
   198
   194
   192
   189
   180
   174
   158
   141
   132
   118
   102
   102
   130
   144
   151
   153
   148
   141
    86
    45
   105
   150
   161
   157
   157
   164
   174
   173
   170
   174
   180
   185
   184
   183
   182
   182
   178
   171
   159
   147
   135
   127
   109
    90
    80
    71
    72
    92
   111
   116
   119
   121
   119
   122
   122
   135
   138
   147
   152
   159
   170
   168
   159
   154
   154
   154
   158
   151
   141
   139
   139
   135
   145
   155
   167
   175
   171
   178
   183
   191
   192
   192
   191
   184
   176
   162
   128
   143
   174
   170
   165
   150
   116
    93
    92
    57
    36
    50
    70
    87
    94
   108
   121
   153
   169
   161
   173
   192
   199
   200
   200
   199
   195
   193
   191
   189
   181
   175
   162
   150
   136
   126
   116
    98
   103
   133
   135
   149
   154
   147
   110
    99
   140
   160
   159
   164
   166
   174
   177
   171
   174
   181
   183
   181
   179
   182
   179
   175
   167
   157
   146
   141
   129
   109
    89
    83
    70
    70
    90
   108
   118
   124
   126
   123
   122
   123
   122
   129
   135
   143
   136
   121
   108
   131
   145
   140
   139
   140
   141
   143
   145
   128
   108
   102
   107
   130
   160
   176
   177
   174
   179
   184
   182
   187
   188
   184
   173
   164
   136
   143
   163
   163
   166
   151
   123
    92
   108
    75
    51
    65
    90
   109
   114
   121
   142
   155
   169
   167
   180
   193
   201
   201
   201
   197
   192
   190
   187
   187
   180
   175
   166
   157
   148
   135
   124
   112
    97
   113
   134
   143
   147
   139
   113
   122
   156
   161
   164
   168
   174
   174
   177
   176
   179
   180
   179
   179
   178
   177
   174
   168
   161
   154
   143
   130
   108
    89
    81
    77
    74
    86
   101
   116
   127
   125
   125
   115
   115
   122
   123
   151
   137
   134
   148
   144
   126
   101
   102
   115
   111
   105
    90
    87
    84
    93
    98
    89
    85
    95
   128
   152
   162
   169
   174
   179
   183
   185
   184
   186
   179
   147
   125
   141
   153
   164
   166
   157
   135
    96
   107
    79
    51
    73
   117
   125
   107
   120
   155
   174
   176
   170
   187
   197
   201
   200
   197
   194
   193
   190
   188
   185
   183
   176
   161
   151
   150
   135
   128
   117
   110
    93
   119
   132
   134
   132
   117
   124
   146
   158
   163
   175
   177
   177
   174
   176
   178
   179
   178
   176
   175
   175
   170
   164
   156
   142
   123
   104
    88
    83
    84
    80
    83
    97
   115
   126
   134
   134
   125
   122
   124
   122
   124
   159
   152
   153
   145
   144
   153
   142
   116
    98
   108
   109
   105
    87
    90
    83
    81
    95
    81
    84
   106
   129
   142
   153
   162
   165
   170
   169
   178
   183
   177
   140
   132
   142
   150
   166
   168
   158
   141
   114
    94
    87
    54
    50
    76
   105
   100
   107
   151
   174
   176
   182
   195
   199
   204
   201
   198
   192
   193
   194
   192
   189
   181
   180
   172
   157
   150
   142
   133
   128
   117
   108
   101
   128
   129
   130
   125
   122
   140
   157
   165
   167
   167
   176
   176
   175
   176
   176
   178
   179
   179
   173
   167
   153
   140
   128
   110
   100
    92
    87
    77
    75
    91
   113
   122
   132
   135
   133
   129
   130
   123
   123
   124
   165
   161
   156
   162
   155
   147
   151
   155
   137
   118
   112
   112
   110
   100
    95
    80
    74
    87
    88
    85
   107
   130
   142
   149
   156
   156
   161
   168
   173
   165
   130
   130
   140
   150
   158
   160
   157
   145
   126
    98
    90
    65
    44
    58
    77
   119
   148
   156
   174
   180
   187
   197
   200
   198
   198
   199
   198
   197
   199
   198
   192
   185
   174
   167
   161
   153
   141
   134
   126
   119
   108
    99
   112
   137
   132
   123
   122
   132
   145
   155
   166
   166
   170
   171
   171
   171
   174
   166
   169
   170
   165
   154
   143
   130
   118
   103
    96
    87
    82
    75
    88
   105
   120
   135
   140
   137
   135
   133
   127
   126
   126
   128
   131
   165
   167
   157
   159
   163
   153
   154
   153
   143
   128
   115
   101
   100
   110
   122
   123
   115
   110
   105
   108
   117
   125
   131
   140
   147
   146
   151
   165
   165
   126
   127
   140
   146
   162
   156
   151
   144
   136
   116
    91
    94
    74
    57
    88
   125
   163
   177
   178
   186
   192
   195
   198
   197
   194
   195
   198
   200
   199
   197
   192
   185
   173
   160
   152
   147
   140
   131
   130
   124
   116
   102
    98
   129
   136
   133
   132
   136
   142
   150
   157
   160
   162
   165
   172
   173
   171
   164
   165
   161
   151
   145
   136
   124
   117
   102
    89
    81
    75
    80
   100
   116
   130
   136
   140
   137
   135
   128
   128
   128
   127
   129
   126
   120
   154
   164
   172
   165
   166
   173
   171
   158
   152
   153
   147
   137
   131
   126
   113
   103
   105
   100
    94
    96
   106
   111
   122
   128
   136
   138
   148
   151
   120
   112
   139
   149
   160
   160
   152
   143
   138
   133
   114
   108
   107
   111
   127
   162
   177
   181
   188
   192
   192
   198
   198
   197
   200
   201
   198
   197
   197
   194
   189
   181
   175
   168
   158
   148
   141
   131
   129
   127
   115
   111
   116
   122
   140
   148
   151
   157
   160
   157
   160
   162
   161
   163
   164
   164
   165
   164
   159
   156
   146
   138
   130
   126
   115
    96
    84
    76
    78
    92
   110
   123
   134
   140
   139
   136
   134
   132
   128
   129
   129
   133
   159
   123
   119
   147
   151
   161
   167
   173
   172
   172
   171
   167
   154
   147
   134
   119
   118
   105
    98
    91
    93
   100
   103
   105
   100
   109
   119
   133
   130
   125
   114
   117
   143
   156
   158
   158
   151
   143
   135
   133
   129
   113
   119
   137
   154
   176
   183
   186
   186
   191
   195
   196
   196
   199
   201
   201
   197
   193
   189
   185
   184
   178
   173
   169
   163
   155
   147
   136
   129
   123
   119
   114
   121
   136
   149
   157
   161
   164
   164
   167
   161
   159
   159
   157
   158
   157
   152
   151
   151
   146
   142
   134
   130
   118
   103
    90
    80
    78
    87
   102
   120
   126
   134
   138
   135
   133
   133
   133
   130
   127
   130
   131
   168
   150
   120
   121
   143
   140
   145
   149
   160
   166
   172
   174
   175
   167
   162
   153
   142
   143
   138
   124
   107
   101
    97
    91
   100
   107
   107
    99
   100
    94
    88
    97
   122
   144
   155
   156
   149
   142
   138
   135
   130
   130
   134
   149
   171
   184
   188
   189
   192
   191
   195
   197
   197
   195
   195
   197
   191
   187
   184
   181
   178
   171
   164
   163
   156
   150
   139
   135
   129
   127
   123
   121
   122
   136
   147
   153
   156
   160
   157
   158
   159
   153
   151
   148
   149
   147
   141
   142
   144
   141
   136
   130
   118
   111
    95
    79
    76
    83
    97
   113
   123
   131
   138
   140
   140
   138
   135
   132
   130
   133
   132
   135
   153
   166
   139
   109
   117
   140
   150
   143
   131
   138
   145
   148
   151
   157
   162
   161
   156
   149
   149
   146
   145
   142
   135
   133
   128
   124
   114
   108
   106
   103
    96
    91
    96
   109
   137
   148
   154
   144
   141
   141
   138
   137
   146
   163
   173
   181
   186
   188
   181
   184
   190
   194
   194
   190
   192
   190
   187
   189
   188
   186
   181
   173
   164
   154
   154
   149
   140
   130
   128
   126
   125
   120
   128
   132
   143
   151
   154
   154
   157
   156
   148
   149
   147
   145
   143
   140
   140
   143
   140
   136
   130
   125
   115
    98
    83
    79
    77
    89
   104
   114
   127
   132
   137
   137
   136
   133
   134
   130
   132
   130
   132
   135
   131
   155
   159
   133
   103
   105
   129
   146
   148
   142
   120
   112
   117
   118
   120
   119
   128
   133
   134
   130
   132
   131
   134
   136
   135
   132
   130
   122
   117
   116
   116
   114
   114
   110
   116
   124
   136
   144
   145
   144
   146
   151
   157
   172
   180
   185
   188
   187
   177
   175
   182
   186
   186
   190
   188
   189
   189
   186
   181
   178
   172
   167
   159
   152
   153
   151
   139
   125
   124
   130
   132
   133
   137
   142
   140
   140
   148
   152
   153
   149
   151
   150
   145
   141
   139
   138
   137
   135
   130
   126
   124
   114
   102
    91
    83
    75
    87
   105
   114
   121
   129
   135
   134
   136
   135
   135
   133
   134
   133
   131
   134
   137
   137
   125
   156
   155
   133
    98
   100
   116
   130
   145
   145
   133
   117
    96
    96
    96
    86
    78
    80
    89
    86
    85
    88
    89
   100
   109
   112
   115
   116
   116
   115
   112
   111
   116
   120
   130
   121
   128
   137
   145
   148
   156
   167
   173
   176
   184
   185
   185
   180
   176
   181
   186
   187
   187
   183
   180
   183
   183
   178
   174
   171
   163
   163
   160
   153
   146
   136
   130
   127
   131
   135
   135
   135
   137
   141
   144
   147
   148
   153
   151
   146
   144
   141
   137
   135
   139
   137
   132
   132
   128
   118
   109
    93
    82
    80
    87
    95
   107
   119
   126
   131
   135
   139
   139
   136
   135
   135
   130
   130
   131
   131
   142
   156
   140
   127
   155
   147
   123
    99
    98
   105
   114
   128
   137
   136
   127
   106
    94
    98
    91
    79
    67
    72
    84
    77
    67
    66
    78
    98
   106
   106
   105
   113
   123
   127
   129
   122
   121
   134
   130
   138
   156
   160
   169
   174
   178
   180
   179
   181
   181
   178
   179
   174
   174
   176
   178
   177
   171
   173
   174
   173
   176
   176
   171
   161
   159
   154
   147
   140
   134
   128
   123
   129
   137
   139
   139
   138
   146
   145
   146
   145
   143
   142
   142
   144
   139
   138
   132
   133
   130
   124
   122
   110
    99
    88
    81
    86
    94
   107
   115
   121
   123
   130
   134
   136
   137
   136
   136
   135
   131
   131
   131
   136
   141
   131
   147
   142
   128
   152
   136
   115
    98
    98
   101
   105
   109
   115
   129
   125
   110
    96
    97
    95
    92
    74
    66
    78
    89
    86
    79
    86
   107
   111
   106
   111
   120
   126
   133
   144
   138
   131
   135
   149
   156
   165
   169
   173
   182
   181
   181
   180
   176
   176
   174
   177
   179
   176
   175
   173
   175
   169
   167
   169
   169
   171
   167
   162
   159
   150
   142
   141
   134
   130
   130
   128
   139
   140
   138
   138
   140
   141
   141
   141
   140
   143
   143
   142
   142
   141
   135
   129
   124
   121
   113
   103
    91
    85
    84
    92
   104
   113
   119
   124
   126
   128
   133
   135
   135
   132
   133
   133
   133
   134
   138
   140
   142
   150
   129
   135
   133
   125
   153
   139
   107
    86
    86
    98
   101
   100
   102
   113
   115
   111
    98
    88
    86
    94
    84
    61
    62
    81
    78
    79
    93
   105
   106
   107
   115
   128
   130
   141
   150
   148
   147
   146
   154
   163
   172
   176
   176
   179
   179
   178
   176
   170
   174
   174
   172
   172
   177
   176
   172
   168
   168
   168
   168
   158
   162
   159
   153
   146
   137
   131
   129
   123
   124
   127
   125
   133
   136
   136
   138
   142
   144
   143
   144
   144
   144
   140
   134
   133
   130
   126
   121
   112
   103
    91
    85
    79
    89
   102
   110
   115
   122
   127
   129
   135
   136
   137
   134
   136
   133
   133
   134
   140
   141
   141
   140
   160
   153
   130
   130
   133
   125
   140
   134
   113
    86
    70
    84
    97
    98
   102
   107
   108
   108
   104
    88
    75
    83
    85
    73
    57
    71
    71
    83
   103
   110
   108
   119
   124
   139
   144
   146
   155
   153
   150
   158
   164
   167
   173
   176
   170
   170
   172
   173
   173
   167
   171
   171
   169
   171
   166
   163
   165
   164
   161
   161
   160
   152
   150
   148
   147
   142
   134
   126
   128
   125
   128
   130
   134
   142
   147
   147
   149
   150
   146
   147
   144
   140
   137
   135
   132
   125
   122
   113
   101
    96
    89
    84
    96
   104
   112
   114
   123
   129
   131
   132
   130
   134
   140
   136
   131
   132
   134
   139
   139
   139
   142
   143
   153
   158
   150
   132
   118
   131
   131
   136
   131
   109
    82
    64
    75
    90
    91
    93
   100
    96
   101
   100
    96
    85
    73
    79
    83
    60
    72
    82
    96
   110
   105
   112
   119
   131
   143
   149
   149
   147
   151
   157
   159
   162
   163
   167
   163
   162
   159
   164
   164
   166
   168
   168
   170
   169
   167
   163
   162
   162
   158
   150
   150
   149
   151
   145
   144
   141
   140
   136
   141
   137
   135
   138
   138
   144
   147
   150
   153
   149
   146
   143
   143
   139
   134
   133
   126
   123
   118
   108
    98
    89
    86
    95
   106
   113
   117
   125
   123
   127
   129
   133
   137
   137
   139
   139
   139
   141
   146
   142
   143
   145
   143
   148
   144
   147
   150
   144
   136
   118
   122
   131
   132
   125
   104
    85
    64
    65
    76
    84
    82
    92
    87
    89
    91
    99
    99
    81
    66
    81
    70
    70
    83
    90
   107
   108
   112
   129
   151
   153
   151
   147
   149
   154
   156
   151
   152
   154
   153
   153
   151
   150
   153
   155
   155
   157
   162
   164
   160
   167
   163
   160
   160
   156
   148
   149
   150
   150
   148
   142
   141
   139
   138
   138
   138
   138
   142
   143
   145
   149
   150
   147
   146
   143
   137
   133
   130
   127
   121
   112
   106
    96
    87
    83
    97
   107
   115
   120
   123
   125
   129
   133
   135
   134
   138
   139
   139
   137
   137
   145
   144
   143
   144
   143
   143
   145
   136
   136
   141
   140
   138
   130
   113
   112
   123
   125
   121
   100
    77
    64
    62
    70
    83
    82
    89
    91
    85
    80
    93
   100
    87
    75
    78
    73
    68
    79
    92
   102
   109
   126
   145
   154
   154
   149
   146
   149
   151
   150
   144
   141
   144
   143
   139
   141
   142
   142
   146
   151
   156
   154
   150
   152
   157
   157
   155
   149
   153
   155
   153
   145
   144
   140
   140
   138
   136
   133
   136
   141
   140
   142
   142
   142
   143
   141
   137
   137
   133
   129
   124
   118
   112
   105
    98
    89
    88
    98
   107
   114
   119
   125
   129
   127
   130
   135
   136
   137
   137
   139
   140
   138
   144
   143
   145
   141
   145
   149
   149
   146
   132
   138
   128
   137
   137
   133
   133
   120
   112
   113
   123
   124
   104
    76
    64
    60
    58
    71
    78
    78
    86
    89
    79
    78
    88
    94
    88
    83
    81
    74
    83
    95
   104
   119
   143
   146
   148
   151
   146
   147
   146
   144
   145
   144
   137
   136
   138
   139
   140
   141
   140
   145
   147
   151
   153
   152
   151
   153
   150
   149
   146
   143
   141
   142
   145
   141
   138
   135
   134
   135
   132
   138
   141
   138
   143
   135
   135
   134
   135
   132
   127
   122
   116
   111
   104
    97
    86
    85
    96
   109
   118
   119
   126
   126
   126
   133
   133
   134
   136
   142
   142
   142
   138
   143
   146
   148
   147
   150
   147
   148
   148
   150
   117
   122
   140
   120
   124
   130
   119
   122
   122
   119
   109
   115
   117
   105
    73
    59
    56
    53
    66
    70
    69
    80
    93
    84
    65
    79
    91
    94
    82
    65
    67
    89
   100
   119
   128
   142
   146
   145
   142
   143
   144
   146
   143
   144
   143
   141
   139
   140
   144
   145
   146
   141
   141
   142
   142
   143
   146
   146
   146
   148
   143
   138
   130
   136
   139
   138
   136
   134
   136
   138
   142
   136
   131
   130
   131
   133
   134
   130
   132
   126
   122
   118
   109
   104
    95
    83
    88
    99
   114
   117
   124
   128
   126
   127
   132
   133
   136
   139
   141
   138
   138
   139
   145
   148
   149
   147
   148
   149
   150
   150
   149
   146
   128
   112
   109
   138
   132
   125
   124
   113
   111
   116
   112
   103
   110
   116
   105
    70
    59
    57
    54
    60
    75
    69
    77
    87
    82
    60
    63
    84
    95
    86
    73
    79
    84
   106
   133
   139
   141
   143
   143
   147
   146
   141
   141
   143
   143
   143
   143
   144
   143
   142
   142
   139
   135
   133
   135
   131
   129
   135
   131
   132
   137
   131
   133
   128
   126
   128
   129
   130
   133
   134
   134
   136
   134
   133
   137
   135
   133
   132
   126
   124
   117
   111
   104
    94
    89
    93
   102
   115
   119
   124
   130
   126
   128
   133
   134
   136
   138
   138
   136
   137
   140
   145
   146
   146
   148
   148
   151
   149
   152
   149
   144
   140
   132
   126
   115
   114
   127
   127
   121
   117
   107
   106
   104
   113
   105
    98
   107
    98
    70
    57
    58
    57
    53
    58
    64
    81
    82
    85
    62
    63
    78
    90
    79
    76
    76
    94
   114
   132
   141
   144
   141
   146
   147
   145
   146
   144
   144
   145
   138
   135
   138
   139
   142
   139
   138
   133
   127
   128
   128
   125
   123
   127
   128
   129
   133
   136
   133
   133
   134
   131
   132
   130
   130
   130
   134
   134
   133
   125
   126
   124
   121
   115
   111
   103
    94
    86
    86
    87
    99
   111
   117
   121
   126
   130
   130
   127
   133
   134
   139
   142
   142
   145
   144
   145
   148
   148
   149
   149
   151
   151
   147
   143
   136
   130
   102
   121
   120
   110
   104
   119
   123
   114
   109
   102
    92
    83
    97
   106
   100
   106
   100
    68
    56
    56
    56
    51
    68
    53
    63
    73
    80
    66
    72
    80
    76
    60
    52
    67
    95
   110
   121
   130
   135
   141
   142
   144
   140
   141
   138
   136
   135
   134
   133
   139
   137
   137
   138
   140
   134
   134
   131
   134
   132
   132
   128
   131
   131
   133
   132
   131
   129
   131
   124
   119
   120
   126
   125
   125
   125
   125
   123
   121
   114
   104
    93
    87
    88
    93
   100
   105
   114
   120
   125
   128
   129
   130
   130
   138
   137
   137
   139
   141
   145
   145
   150
   150
   151
   151
   149
   152
   151
   147
   138
   128
   129
   152
   118
    99
   106
   107
   102
    97
   114
   119
   107
    95
    89
    87
    75
    81
    93
   100
   100
   100
    73
    52
    53
    58
    52
    64
    54
    61
    75
    79
    68
    76
    87
    74
    49
    51
    77
    89
   101
   117
   124
   130
   138
   137
   139
   136
   137
   137
   139
   135
   137
   135
   135
   134
   131
   133
   133
   129
   135
   134
   134
   133
   131
   129
   131
   129
   130
   129
   129
   128
   126
   126
   126
   124
   123
   121
   126
   118
   113
   107
    98
    95
    95
    98
   105
   109
   114
   121
   124
   125
   126
   125
   130
   131
   134
   135
   136
   139
   140
   143
   144
   144
   150
   152
   148
   151
   155
   148
   144
   130
   125
   132
   166
   197
   130
   121
    98
   106
   107
   101
    87
    97
   111
   104
    85
    81
    82
    68
    56
    62
    80
    94
    98
    77
    53
    52
    51
    49
    61
    60
    62
    78
    70
    71
    79
    73
    48
    45
    60
    67
    78
    89
   105
   116
   115
   127
   130
   130
   135
   138
   135
   135
   130
   127
   125
   127
   129
   127
   126
   133
   127
   132
   136
   133
   135
   132
   128
   127
   129
   128
   128
   131
   128
   124
   121
   120
   118
   116
   111
   104
    95
    89
    87
    97
   102
   116
   121
   121
   123
   119
   123
   123
   123
   131
   131
   128
   131
   137
   138
   136
   140
   142
   139
   141
   144
   149
   150
   148
   143
   136
   125
   122
   146
   189
   200
   173
   125
   126
   115
    96
    96
   104
    99
    84
    87
    98
    94
    82
    70
    72
    68
    53
    45
    53
    75
    96
    74
    54
    50
    53
    58
    53
    56
    69
    80
    81
    75
    59
    55
    53
    56
    65
    70
    75
    83
    96
   105
   108
   112
   117
   120
   120
   128
   129
   126
   127
   125
   120
   123
   125
   126
   127
   129
   127
   125
   127
   128
   126
   125
   124
   122
   122
   125
   125
   118
   117
   112
   105
   103
    99
    93
    97
   100
   103
   107
    99
   101
   106
   113
   117
   119
   119
   121
   120
   122
   123
   125
   129
   133
   134
   136
   141
   139
   142
   146
   149
   151
   150
   148
   141
   132
   117
   127
   166
   197
   189
   160
   157
   121
   116
   124
   122
    99
    90
    96
    97
    85
    72
    82
    87
    80
    67
    61
    58
    60
    48
    35
    46
    83
    75
    53
    49
    57
    65
    63
    66
    80
    77
    67
    59
    40
    47
    47
    52
    64
    69
    69
    82
    92
   100
   109
   105
   108
   107
    98
   104
   107
   114
   120
   127
   130
   130
   130
   124
   119
   116
   117
   116
   117
   118
   116
   112
   110
   107
   103
   101
   100
    96
    98
    95
    95
   107
   109
   107
   106
   106
   105
    97
    85
    88
    98
   107
   112
   119
   120
   123
   125
   122
   128
   128
   130
   132
   135
   139
   138
   145
   145
   144
   143
   136
   129
   114
   113
   149
   190
   195
   171
   152
   169
   191
   142
   124
   113
   115
   119
   100
    84
    86
    89
    90
    73
    69
    76
    78
    72
    61
    55
    57
    58
    43
    41
    75
    67
    48
    49
    68
    63
    76
    79
    76
    64
    56
    47
    47
    48
    53
    60
    73
    79
    80
    88
    97
   111
   123
   125
   129
   126
   119
   112
   112
   115
   125
   131
   129
   129
   127
   125
   121
   116
   115
   110
   107
   108
   102
   105
   102
   106
   111
   111
   112
   110
   105
   102
   100
   104
   102
    97
    94
    93
    93
    81
    74
    77
    96
   109
   112
   117
   123
   125
   129
   129
   129
   133
   136
   136
   136
   137
   135
   135
   124
   119
   106
    94
   117
   169
   197
   181
   146
   152
   176
   187
   188
   141
   138
   128
   112
   107
   113
   107
    83
    78
    80
    84
    80
    72
    67
    61
    67
    67
    63
    57
    55
    44
    42
    67
    65
    56
    58
    80
    90
    80
    74
    61
    55
    58
    51
    52
    60
    62
    67
    81
    87
    96
   111
   121
   133
   144
   146
   149
   149
   151
   149
   144
   131
   135
   137
   141
   143
   145
   148
   132
   115
   107
    99
    94
    96
    87
    85
    82
    80
    86
    91
    88
    79
    77
    79
    77
    86
    85
    88
    79
    81
    86
    84
    90
    94
   102
   106
   105
   105
   105
   104
   111
   123
   131
   133
   129
   123
   119
   109
    92
    82
    83
   105
   163
   200
   194
   152
   140
   161
   181
   187
   187
   189
   136
   134
   122
   113
   113
   105
   101
   102
    87
    75
    72
    70
    65
    66
    66
    55
    50
    49
    54
    54
    49
    48
    59
    66
    64
    59
    64
    70
    79
    69
    54
    52
    60
    51
    58
    62
    67
    75
    74
    89
   109
   128
   146
   158
   157
   160
   163
   169
   171
   170
   165
   161
   153
   144
   138
   127
    96
    71
    41
    29
    43
    67
    64
    37
    24
    21
    17
    20
    33
    48
    52
    46
    52
    52
    66
    89
    86
    84
    75
    71
    73
    81
    86
    99
    99
   101
   105
   120
   131
   124
   107
    81
    77
    84
    79
    70
    63
    66
    89
   130
   173
   201
   191
   166
   144
   156
   177
   187
   186
   189
   191
   191
   134
   128
   130
   123
   111
   110
   105
   103
    99
    90
    83
    74
    65
    61
    68
    69
    64
    51
    51
    56
    55
    48
    45
    64
    65
    63
    68
    69
    75
    56
    43
    48
    61
    55
    57
    64
    73
    72
    73
    86
    93
   118
   139
   155
   159
   152
   155
   159
   166
   167
   160
   155
   157
   148
   137
    79
     1
    12
    20
    11
    16
    34
    65
    53
    22
    18
    28
    34
    47
    55
    56
    48
    63
    58
    50
    64
    78
    83
    72
    62
    57
    57
    56
    51
    53
    59
    64
    70
    78
    85
    85
    59
     8
     9
    33
    73
   119
   166
   201
   210
   196
   168
   154
   159
   177
   187
   188
   188
   191
   191
   193
   189
   164
   146
   125
   115
   123
   112
   107
    99
   102
   101
    93
    88
    88
    75
    61
    63
    65
    64
    55
    51
    51
    60
    53
    58
    65
    68
    72
    73
    54
    27
    40
    51
    63
    71
    82
    87
    86
    92
   106
   121
   131
   123
   120
   127
   133
   144
   144
   138
   124
   151
   152
   151
   165
   166
   153
   125
    18
    23
     9
    14
    26
    27
    36
    66
    44
    25
    22
     7
    10
    21
    48
    44
    54
    46
    47
    51
    65
    73
    77
    95
    96
    75
    66
    60
    51
    51
    50
    50
    49
    53
    70
    95
   138
   169
   197
   213
   208
   195
   180
   163
   159
   166
   178
   181
   184
   182
   185
   186
   188
   190
   186
   183
   171
   175
   160
   127
   105
   113
   118
   112
   102
    99
    93
    95
    89
    89
    87
    73
    63
    61
    62
    61
    55
    44
    50
    59
    69
    75
    77
    79
    92
    99
    97
   101
    99
   100
    91
    94
   107
   128
   143
   147
   158
   162
   155
   153
   148
   145
   128
   113
   131
   157
   158
   158
   172
   174
   160
   137
    91
   141
   123
    36
    26
    39
    45
    63
    33
    13
    13
    16
    66
    59
    25
    48
    48
    44
    49
    58
    63
    66
    58
    63
    81
   105
   128
   164
   190
   189
   188
   183
   185
   194
   200
   204
   203
   194
   182
   168
   163
   156
   150
   154
   157
   159
   164
   165
   170
   178
   181
   187
   185
   185
   184
   173
   153
   158
   171
   168
   153
   119
   106
   108
   103
   101
    96
    91
    85
    85
    85
    88
    84
    69
    62
    62
    63
    59
    40
    61
    78
    86
    88
   125
   140
   144
   145
   127
   126
   137
   111
    78
    96
   124
   141
   159
   169
   171
   164
   151
   123
    99
   105
   137
   160
   166
   159
   159
   161
   171
   171
   140
    82
    47
   139
    72
    43
    34
    43
    54
    56
    50
   101
   105
   182
   147
   111
    34
    37
    41
    52
    61
    74
    66
    50
    53
    43
    41
    50
    66
    87
   125
   155
   173
   181
   169
   159
   146
   133
   125
   125
   127
   126
   132
   136
   147
   157
   168
   172
   179
   185
   186
   187
   186
   185
   177
   171
   166
   158
   156
   150
   158
   167
   166
   150
   129
   115
    94
    89
    88
    93
    96
    93
    89
    86
    82
    71
    61
    54
    55
    58
    53
    71
    99
   130
   157
   157
   154
   135
   117
   136
   141
   126
   110
   100
   116
   130
   140
   158
   179
   175
   162
   148
   154
   170
   172
   166
   159
   156
   159
   151
   116
   134
    94
    35
     3
     0
     4
    27
    58
    73
   143
   138
   178
   237
   184
   232
   182
   127
    71
    35
    45
    52
    61
    61
    58
    65
    61
    57
    51
    46
    41
    29
    26
    67
   130
   177
   200
   203
   196
   200
   192
   181
   173
   165
   165
   172
   177
   184
   189
   192
   195
   194
   193
   192
   184
   179
   176
   170
   167
   141
   149
   155
   151
   144
   145
   154
   156
   156
   153
   129
   107
    77
    64
    69
    79
    87
    95
    95
    81
    65
    64
    69
    59
    96
   145
   150
   153
   157
   133
   123
   148
   156
   145
   131
   115
   110
   117
   128
   138
   140
   146
   148
   139
   142
   168
   176
   167
   165
   164
   164
   172
   172
   153
   103
   138
   143
    71
    61
    53
    58
    64
    79
    68
    93
   101
   186
   179
   231
   179
   122
    62
    51
    50
    57
    58
    60
    62
    64
    59
    55
    59
    55
    52
    55
    56
    60
    91
   125
   151
   180
   195
   195
   196
   200
   199
   201
   199
   196
   198
   193
   193
   191
   188
   187
   183
   179
   178
   173
   166
   161
   157
   151
   140
   142
   150
   155
   147
   138
   129
   137
   145
   151
   150
   145
   127
    99
    74
    57
    44
    58
    83
    84
    69
    70
    78
   128
   149
   151
   147
   130
   111
   137
   154
   156
   147
   135
   127
   111
   116
   125
   130
   132
   129
   129
   143
   145
   141
   142
   151
   159
   161
   162
   165
   169
   165
   138
    82
   154
   140
    96
    80
    65
    57
    54
    82
    76
    38
    19
    52
   135
   115
    72
    49
    54
    60
    54
    56
    50
    58
    61
    59
    55
    62
    59
    56
    56
    51
    50
    54
    89
   129
   156
   166
   179
   195
   198
   196
   194
   197
   195
   193
   192
   189
   187
   189
   188
   184
   180
   171
   157
   147
   140
   145
