    30
    31
    36
    31
    35
    39
    34
    33
    38
    37
    39
    35
    38
    38
    39
    39
    37
    38
    39
    40
    37
    42
    37
    41
    43
    44
    45
    45
    43
    42
    40
    43
    41
    45
    55
    49
    49
    51
    44
    50
    50
    56
    49
    74
   106
   110
   104
    76
    75
    93
    92
    96
   115
   116
    91
    57
    35
    39
    45
    48
    43
    44
    40
    40
    42
    42
    37
    41
    43
    39
    36
    40
    42
    44
    36
    39
    38
    38
    38
    40
    39
    41
    40
    40
    40
    38
    39
    38
    40
    36
    42
    40
    39
    40
    41
    43
    39
    39
    40
    37
    40
    40
    39
    40
    42
    40
    42
    38
    38
    42
    40
    36
    37
    38
    37
    36
    37
    34
    40
    37
    36
    39
    37
    37
    38
    36
    39
    38
    39
    36
    36
    37
    38
    36
    40
    40
    39
    38
    38
    40
    45
    42
    38
    36
    40
    59
    83
    66
    68
    79
    84
   102
   106
   112
   126
   138
   144
   143
   138
   146
   142
   150
   160
   152
   148
   142
   131
   107
    70
    29
    12
    15
    24
    31
    41
    39
    38
    38
    45
    41
    40
    44
    41
    42
    35
    36
    38
    37
    38
    35
    35
    39
    37
    37
    37
    35
    42
    42
    38
    40
    40
    41
    36
    41
    38
    40
    39
    42
    43
    43
    39
    40
    43
    40
    42
    41
    36
    40
    37
    40
    35
    37
    35
    39
    35
    30
    30
    35
    38
    38
    39
    39
    35
    36
    37
    39
    39
    40
    39
    37
    39
    38
    38
    36
    43
    39
    36
    38
    42
    40
    40
    41
    38
    38
    46
    40
    67
    99
    97
    95
   107
   105
   124
   124
   136
   139
   141
   132
   127
   137
   141
   138
   142
   133
   126
   126
   120
   119
   124
   132
   142
   148
   141
   119
    84
    52
    35
    16
    22
    27
    34
    38
    40
    34
    37
    39
    38
    39
    40
    37
    35
    39
    39
    38
    37
    39
    40
    39
    34
    35
    40
    36
    36
    40
    42
    36
    40
    40
    34
    36
    37
    36
    40
    41
    40
    44
    40
    37
    39
    39
    40
    41
    42
    39
    36
    34
    33
    35
    43
    38
    39
    41
    35
    36
    38
    38
    40
    37
    36
    39
    39
    40
    37
    39
    37
    42
    37
    40
    41
    41
    41
    42
    40
    36
    43
    53
    37
    65
   103
   117
   122
   125
   121
   128
   126
   138
   150
   141
   134
   137
   141
   140
   135
   131
   133
   145
   144
   142
   145
   151
   150
   147
   145
   145
   144
   144
   145
   160
   164
   151
   112
    82
    47
    32
    39
    42
    42
    35
    36
    37
    33
    39
    37
    38
    36
    39
    40
    36
    36
    37
    41
    40
    34
    39
    43
    38
    36
    39
    39
    39
    42
    42
    38
    37
    40
    40
    39
    37
    39
    41
    40
    38
    35
    36
    36
    37
    40
    42
    35
    38
    32
    35
    35
    35
    38
    37
    36
    38
    38
    37
    39
    39
    38
    38
    40
    40
    40
    41
    42
    39
    38
    39
    39
    41
    44
    49
    46
    71
    98
   112
   115
   119
   113
   116
   130
   131
   136
   129
   115
   123
   133
   141
   143
   145
   148
   145
   145
   149
   154
   153
   148
   146
   154
   158
   167
   178
   179
   173
   177
   177
   154
   127
   114
   117
   103
    52
    23
    38
    38
    42
    38
    44
    40
    37
    37
    35
    39
    37
    35
    39
    34
    37
    39
    37
    38
    37
    35
    34
    37
    36
    33
    37
    42
    42
    37
    40
    39
    40
    42
    46
    38
    37
    42
    40
    41
    43
    39
    43
    37
    34
    34
    33
    36
    35
    39
    38
    38
    38
    40
    40
    38
    38
    41
    38
    40
    41
    38
    39
    37
    36
    40
    41
    41
    37
    41
    39
    43
    67
   102
   127
   132
   129
   118
   126
   125
   147
   138
   123
   119
   123
   130
   137
   139
   132
   127
   127
   139
   150
   145
   140
   135
   133
   141
   149
   149
   147
   140
   136
   145
   157
   151
   157
   171
   169
   136
   100
   119
   118
    95
    54
    28
    21
    17
    15
    28
    29
    36
    42
    35
    37
    38
    32
    35
    36
    32
    36
    38
    42
    37
    44
    38
    36
    39
    39
    38
    39
    42
    41
    38
    33
    34
    37
    41
    42
    37
    39
    38
    43
    43
    39
    40
    38
    36
    36
    40
    37
    33
    34
    35
    36
    34
    37
    37
    38
    38
    38
    36
    37
    40
    41
    42
    41
    38
    40
    37
    42
    38
    45
    86
   120
   123
   127
   135
   131
   127
   130
   127
   135
   140
   130
   131
   139
   153
   147
   136
   130
   132
   136
   132
   131
   134
   137
   138
   147
   153
   149
   146
   140
   136
   136
   132
   139
   147
   147
   140
   154
   167
   148
   101
   103
   128
   148
   153
   135
   118
    98
    85
    57
    21
    17
    23
    29
    31
    38
    36
    31
    38
    36
    35
    37
    37
    34
    37
    34
    37
    41
    38
    39
    38
    39
    36
    40
    43
    41
    38
    42
    40
    42
    41
    37
    35
    39
    39
    42
    36
    35
    36
    37
    39
    39
    38
    38
    40
    38
    39
    39
    38
    39
    40
    42
    38
    38
    40
    44
    41
    41
    48
    37
    70
   128
   132
   128
   123
   127
   135
   136
   127
   129
   138
   146
   130
   118
   128
   146
   148
   148
   135
   132
   131
   138
   136
   132
   132
   137
   143
   143
   142
   136
   138
   136
   132
   137
   139
   128
   123
   129
   136
   131
   123
   128
   119
   125
   148
   166
   179
   179
   178
   174
   164
   152
   149
   130
    79
    24
    22
    33
    32
    38
    32
    34
    31
    34
    33
    37
    34
    35
    35
    34
    37
    37
    37
    37
    36
    38
    36
    38
    41
    38
    39
    39
    38
    39
    39
    41
    39
    38
    39
    35
    35
    35
    38
    36
    36
    40
    37
    38
    37
    38
    39
    38
    41
    40
    39
    43
    40
    33
    45
    59
    59
   104
   143
   141
   126
   124
   125
   136
   138
   130
   123
   124
   131
   133
   135
   138
   135
   138
   140
   134
   133
   140
   144
   145
   138
   151
   163
   164
   164
   156
   151
   142
   105
   105
   113
   129
   128
   132
   145
   138
   122
   123
   129
   132
   144
   159
   159
   158
   163
   159
   157
   159
   166
   169
   150
   164
   165
   142
    60
    23
    31
    30
    32
    31
    35
    33
    32
    34
    33
    33
    34
    35
    36
    37
    38
    41
    37
    37
    37
    39
    39
    38
    38
    40
    42
    41
    40
    39
    38
    40
    34
    35
    36
    36
    38
    37
    39
    37
    39
    35
    41
    41
    38
    40
    39
    38
    39
    38
    38
    46
    81
   101
   121
   142
   144
   140
   132
   132
   130
   129
   125
   123
   123
   130
   144
   146
   144
   141
   150
   167
   174
   180
   176
   171
   173
   181
   188
   190
   181
   174
   171
   165
   160
   144
   174
   188
   158
   144
   139
   130
   126
   134
   135
   122
   112
   113
   132
   151
   140
   135
   136
   138
   135
   128
   131
   157
   164
   155
   159
   161
   159
    90
    24
    35
    35
    36
    32
    33
    31
    30
    31
    34
    32
    33
    30
    34
    35
    34
    36
    37
    38
    36
    36
    39
    38
    41
    42
    39
    40
    39
    37
    40
    36
    37
    36
    37
    36
    39
    36
    40
    37
    41
    38
    36
    39
    38
    39
    42
    39
    36
    51
    76
   121
   131
   139
   138
   140
   130
   137
   131
   127
   123
   119
   117
   119
   127
   127
   122
   129
   149
   161
   166
   169
   177
   184
   202
   202
   208
   202
   181
   162
   156
   142
   123
    91
    55
    91
    79
    72
   117
   121
   116
   107
    97
   101
   108
   111
   111
   122
   135
   123
   111
   111
   131
   143
   142
   144
   168
   171
   160
   154
   164
   170
   154
    77
    25
    33
    30
    32
    36
    36
    37
    34
    33
    35
    33
    37
    35
    32
    35
    34
    37
    39
    37
    39
    36
    42
    41
    40
    38
    37
    40
    38
    37
    36
    34
    37
    37
    39
    38
    39
    36
    40
    35
    42
    41
    40
    37
    41
    38
    38
    43
    75
   123
   137
   134
   138
   139
   140
   137
   133
   131
   122
   112
   110
   108
   111
   119
   126
   134
   133
   140
   145
   144
   145
   149
   156
   165
   190
   192
   176
   147
   119
    94
    74
    56
    61
    93
    82
    41
    49
   109
   115
   125
   129
   126
   121
   108
   105
   104
   112
   100
    82
    74
   102
   123
   123
   138
   155
   166
   173
   173
   166
   159
   160
   153
   136
    44
    39
    39
    37
    34
    31
    31
    36
    33
    35
    34
    35
    34
    32
    34
    38
    34
    33
    36
    38
    39
    34
    36
    40
    43
    42
    40
    40
    40
    38
    38
    39
    39
    39
    40
    39
    37
    40
    40
    36
    38
    39
    40
    35
    39
    44
    76
   113
   139
   141
   133
   133
   135
   143
   143
   140
   146
   127
   109
   119
   113
   122
   133
   136
   133
   130
   133
   140
   141
   138
   139
   155
   179
   163
   141
   115
   104
   102
   119
   129
   152
   153
   132
   116
   110
   101
    90
    81
    64
    61
    83
   112
   149
   166
   130
   117
   102
    89
   141
   180
   195
   187
   162
   120
   133
   168
   176
   176
   168
   158
   162
   149
    76
    26
    27
    34
    31
    34
    36
    31
    30
    31
    32
    36
    36
    38
    35
    30
    33
    34
    35
    32
    35
    35
    38
    34
    36
    38
    40
    37
    39
    38
    36
    38
    36
    35
    39
    40
    42
    39
    39
    39
    38
    36
    37
    47
    42
    83
   124
   142
   152
   151
   149
   142
   138
   151
   148
   146
   144
   138
   121
   125
   122
   131
   134
   130
   136
   147
   151
   152
   151
   155
   156
   152
   150
   147
   139
   147
   152
   152
    90
    89
   116
   129
   130
   110
   101
   114
   114
   126
   153
   173
   179
   146
    79
    40
   129
   155
   135
   131
   120
   106
   100
   108
   124
   132
   129
   162
   180
   179
   170
   171
   170
   151
   105
    50
    51
    32
    38
    34
    35
    35
    34
    36
    34
    34
    32
    29
    31
    33
    31
    32
    35
    32
    32
    36
    32
    33
    38
    38
    33
    34
    36
    35
    37
    36
    34
    41
    35
    36
    36
    40
    40
    39
    42
    45
    44
    45
    86
   127
   138
   137
   155
   162
   160
   153
   140
   145
   151
   142
   151
   144
   137
   147
   154
   141
   142
   152
   156
   156
   166
   177
   175
   170
   168
   169
   164
   163
   165
   161
   160
   110
   136
   170
   154
   124
   113
    95
    64
    44
    46
    41
    37
    29
    32
    70
   146
   193
   100
    85
   147
   143
   142
   139
   134
   128
   124
   124
   123
   114
   102
   109
   114
   124
   130
   130
    79
    16
     5
    25
    34
    32
    35
    27
    34
    28
    30
    30
    34
    34
    32
    33
    33
    33
    35
    36
    37
    35
    38
    36
    31
    33
    37
    37
    36
    42
    35
    39
    41
    37
    41
    40
    38
    39
    43
    51
    59
    53
    64
    90
   126
   143
   146
   147
   160
   159
   156
   157
   141
   155
   156
   147
   147
   149
   146
   148
   143
   144
   149
   153
   160
   165
   167
   168
   165
   164
   165
   165
   166
   168
   163
   166
   120
   120
   136
   132
   141
   150
   160
   136
   122
   135
   110
    66
    28
    26
    41
    40
    28
    49
   163
   137
    85
   138
   138
   140
   142
   133
   132
   130
   128
   128
   131
   125
   127
   129
   130
   124
   140
   147
   120
    72
    32
    16
    20
    37
    30
    36
    34
    31
    31
    33
    37
    34
    38
    37
    33
    37
    37
    34
    30
    34
    38
    31
    38
    31
    11
    35
    36
    40
    35
    41
    40
    41
    42
    44
    46
    55
    62
    73
    92
   129
   139
   142
   131
   138
   166
   152
   159
   157
   143
   147
   153
   148
   149
   141
   146
   152
   149
   143
   146
   158
   165
   168
   165
   163
   166
   164
   166
   168
   166
   166
   167
   151
   123
   192
   218
   211
   193
   172
   150
   119
   108
   131
   146
   166
   174
   127
    47
    51
    56
    46
    51
   214
   151
   134
   149
   146
   151
   148
   144
   138
   138
   138
   139
   140
   145
   151
   146
   144
   143
   145
   142
   147
   146
   122
    55
    15
    30
    35
    31
    36
    37
    33
    32
    35
    33
    35
    35
    32
    33
    33
    34
    34
    32
    39
    17
    24
   115
    40
    36
    37
    39
    35
    36
    36
    37
    40
    41
    56
    85
   114
   132
   149
   142
   144
   147
   138
   150
   154
   154
   158
   150
   150
   147
   146
   145
   150
   154
   154
   151
   155
   163
   169
   171
   170
   164
   167
   167
   170
   165
   164
   165
   164
   158
   128
   142
   162
   138
   108
    79
    47
    47
    62
    62
    84
    96
    94
   107
   126
   113
    47
    24
    38
    51
   104
   182
   120
   161
   155
   148
   148
   146
   141
   141
   139
   143
   145
   142
   140
   142
   147
   149
   149
   149
   146
   139
   138
   143
   121
    38
    13
    35
    34
    33
    38
    37
    36
    34
    34
    35
    37
    35
    36
    38
    36
    34
    12
    82
   187
   202
    38
    41
    38
    36
    40
    41
    40
    41
    46
    52
    75
   110
   137
   148
   151
   149
   144
   142
   141
   155
   153
   153
   156
   148
   147
   139
   143
   145
   147
   153
   157
   156
   157
   160
   169
   172
   170
   170
   169
   171
   169
   165
   167
   162
   162
   165
   122
   151
   145
   144
   147
   147
   196
   235
   243
   227
   184
   161
   165
   162
   160
   154
   159
   147
   127
    89
    46
   141
   114
   164
   158
   150
   148
   148
   150
   147
   149
   150
   148
   147
   147
   153
   149
   149
   152
   151
   152
   153
   147
   146
   137
   143
    99
    25
    27
    33
    33
    37
    36
    34
    34
    36
    35
    33
    34
    32
    19
    57
   149
   184
   148
   138
    37
    36
    39
    39
    37
    36
    41
    40
    46
    72
   105
   135
   148
   151
   159
   156
   146
   137
   145
   153
   157
   159
   145
   140
   140
   133
   138
   145
   149
   160
   161
   161
   165
   164
   167
   167
   174
   175
   177
   172
   168
   169
   166
   166
   162
   157
   118
   155
   165
   155
   144
   147
   189
   222
   223
   216
   195
   193
   185
   170
   159
   159
   160
   160
   158
   164
   156
   144
   116
   159
   161
   161
   152
   147
   143
   150
   153
   158
   158
   153
   148
   146
   149
   147
   149
   156
   151
   150
   154
   147
   148
   145
   142
   133
    52
    29
    38
    41
    38
    37
    35
    37
    38
    37
    31
    21
   110
   183
   151
   118
   117
   117
    39
    37
    37
    38
    41
    43
    38
    54
    57
   108
   132
   146
   150
   163
   161
   156
   148
   138
   143
   157
   159
   159
   143
   135
   138
   144
   158
   146
   157
   163
   156
   159
   156
   157
   168
   172
   177
   179
   178
   174
   174
   174
   170
   164
   163
   141
   125
   151
   146
   135
   139
   145
   145
   153
   153
   146
   174
   186
   176
   168
   163
   166
   176
   178
   172
   169
   168
   158
   122
   161
   169
   163
   165
   160
   157
   155
   161
   158
   159
   161
   157
   157
   156
   155
   150
   148
   152
   149
   149
   150
   155
   149
   147
   141
   141
    84
    25
    14
    26
    34
    39
    35
    35
    30
    36
   128
   148
    98
    92
   103
   118
   113
    39
    39
    41
    42
    40
    50
    50
    59
    85
   123
   146
   155
   148
   154
   151
   146
   139
   136
   155
   165
   172
   158
   158
   157
   152
   153
   167
   149
   156
   161
   164
   164
   155
   157
   162
   167
   170
   174
   175
   178
   174
   176
   170
   159
   152
   138
   128
   140
   134
   150
   168
   170
   160
   146
   137
   137
   156
   164
   162
   159
   161
   165
   170
   177
   184
   180
   174
   167
   124
   154
   163
   160
   155
   161
   169
   167
   166
   168
   166
   161
   159
   157
   159
   156
   155
   151
   150
   151
   149
   143
   145
   144
   141
   142
   139
   138
   120
    97
    84
    62
    47
    31
    22
    38
   120
   102
    55
    65
    76
    79
    45
    31
    38
    37
    38
    42
    43
    44
    58
    77
   100
   126
   143
   138
   147
   148
   148
   149
   132
   147
   172
   169
   172
   158
   165
   169
   163
   171
   169
   153
   156
   159
   156
   154
   155
   157
   157
   160
   173
   181
   183
   177
   174
   179
   163
   149
   152
   132
   128
   147
   165
   179
   180
   150
   124
   120
   118
   125
   148
   161
   167
   164
   163
   164
   168
   175
   176
   171
   177
   179
   124
   159
   173
   168
   165
   169
   179
   181
   179
   172
   168
   169
   169
   163
   160
   156
   155
   156
   156
   154
   150
   152
   149
   147
   137
   139
   139
   138
   136
   131
   137
   144
   143
   140
   131
   127
   124
    98
    94
    87
    58
    39
    47
    42
    39
    40
    42
    40
    44
    54
    88
    87
   112
   124
   134
   132
   150
   145
   150
   142
   141
   168
   174
   179
   175
   164
   158
   170
   176
   175
   174
   158
   154
   155
   162
   164
   154
   149
   145
   162
   180
   180
   179
   179
   180
   173
   164
   156
   149
   134
   137
   167
   204
   192
   157
   145
   154
   126
   118
   115
   134
   162
   172
   180
   174
   166
   165
   166
   171
   169
   177
   185
   135
   157
   175
   171
   164
   176
   184
   185
   183
   178
   173
   168
   163
   162
   165
   163
   157
   153
   159
   157
   158
   159
   157
   152
   149
   147
   144
   139
   140
   136
   127
   123
   134
   141
   138
   135
   129
   133
   134
   139
   141
   146
   148
   148
    40
    39
    36
    40
    44
    69
   107
   108
   115
   124
   131
   138
   148
   147
   146
   139
   167
   176
   180
   185
   168
   157
   165
   171
   170
   161
   166
   157
   151
   151
   151
   166
   159
   142
   144
   175
   184
   183
   182
   177
   179
   169
   159
   146
   127
   137
   139
   170
   180
   157
   148
   156
   134
   122
   131
   130
   138
   162
   179
   183
   172
   161
   159
   155
   153
   158
   165
   189
   133
   161
   172
   170
   179
   183
   184
   180
   179
   179
   178
   178
   177
   170
   165
   165
   165
   165
   162
   157
   157
   153
   153
   155
   153
   154
   149
   143
   139
   143
   140
   130
   117
   123
   128
   132
   139
   137
   134
   132
   130
   137
   141
   141
    39
    39
    41
    39
    36
    77
   112
   127
   123
   122
   130
   139
   143
   147
   144
   162
   179
   178
   188
   185
   157
   148
   157
   168
   167
   158
   169
   155
   148
   144
   144
   157
   158
   144
   162
   183
   186
   186
   185
   181
   175
   167
   155
   126
    99
    93
   105
   142
   155
   140
   184
   174
   143
   142
   139
   141
   145
   157
   179
   170
   165
   160
   154
   149
   148
   153
   158
   175
   128
   159
   175
   175
   188
   182
   184
   181
   182
   179
   178
   179
   176
   177
   172
   169
   169
   172
   173
   171
   163
   157
   150
   153
   152
   153
   154
   153
   148
   143
   138
   138
   132
   122
   125
   126
   127
   133
   136
   137
   134
   132
   135
   145
    38
    41
    40
    41
    45
    98
   126
   135
   134
   127
   128
   140
   146
   144
   148
   160
   170
   188
   191
   154
   142
   143
   164
   163
   162
   151
   166
   153
   146
   135
   140
   153
   151
   146
   176
   185
   188
   191
   188
   184
   180
   166
   148
   131
    74
   216
   195
   151
   204
   172
   184
   155
   166
   163
   149
   147
   149
   154
   168
   167
   161
   153
   148
   144
   149
   150
   152
   166
   117
   137
   154
   180
   189
   191
   186
   186
   181
   181
   182
   177
   181
   180
   180
   184
   180
   173
   170
   167
   175
   168
   158
   152
   151
   144
   146
   146
   143
   140
   145
   142
   137
   130
   122
   125
   129
   129
   133
   135
   137
   136
   134
   136
    38
    38
    38
    39
    64
   104
   129
   136
   140
   134
   134
   148
   146
   147
   153
   157
   175
   185
   175
   134
   143
   147
   156
   161
   159
   161
   169
   148
   144
   143
   142
   151
   144
   162
   184
   187
   189
   190
   189
   181
   181
   159
   139
   121
    62
   219
   206
   186
   218
   225
   179
   163
   181
   172
   150
   137
   141
   149
   158
   161
   157
   151
   146
   141
   146
   155
   156
   163
   107
   126
   158
   180
   189
   188
   190
   191
   186
   182
   183
   181
   179
   177
   176
   175
   177
   182
   180
   178
   173
   173
   165
   156
   149
   150
   140
   138
   141
   141
   143
   144
   140
   137
   128
   120
   124
   131
   133
   133
   135
   134
   136
   137
    40
    41
    41
    44
    70
   114
   124
   135
   135
   139
   143
   155
   145
   139
   143
   166
   178
   172
   133
   132
   140
   147
   156
   156
   163
   166
   166
   147
   142
   146
   150
   151
   147
   174
   186
   189
   191
   193
   187
   182
   177
   152
   137
   117
    68
   213
   184
   183
   238
   218
   136
    85
    98
   137
   135
   130
   122
   127
   143
   146
   146
   146
   143
   146
   149
   157
   163
   157
   100
   119
   169
   187
   183
   187
   184
   183
   184
   186
   185
   181
   179
   172
   170
   169
   173
   178
   181
   172
   173
   166
   169
   166
   151
   144
   145
   141
   145
   146
   142
   141
   140
   135
   132
   123
   112
   121
   131
   131
   125
   131
   133
   130
    42
    36
    40
    63
    97
   127
   132
   132
   144
   140
   141
   154
   144
   142
   145
   163
   162
   142
   136
   143
   146
   157
   151
   155
   152
   168
   162
   156
   146
   149
   160
   157
   158
   180
   186
   187
   185
   185
   184
   183
   178
   153
   132
   111
    59
   212
   158
   154
   148
   142
   132
   152
   107
    97
   124
   129
   121
   123
   141
   144
   143
   141
   143
   147
   152
   150
   157
   122
    85
   116
   178
   186
   186
   181
   180
   185
   185
   186
   185
   183
   176
   171
   168
   165
   164
   167
   171
   173
   165
   169
   161
   161
   150
   148
   143
   145
   146
   142
   142
   135
   136
   135
   134
   132
   123
   116
   118
   123
   124
   118
   127
   132
    36
    44
    46
    75
   110
   127
   127
   134
   138
   135
   139
   151
   136
   135
   152
   158
   141
   143
   150
   147
   162
   162
   147
   140
   159
   181
   168
   144
   140
   149
   153
   152
   170
   183
   187
   185
   189
   185
   183
   180
   170
   149
   127
   110
    67
   196
   145
   147
   130
   119
    83
    64
    58
   110
   127
   118
   112
   124
   139
   142
   147
   148
   147
   153
   157
   155
   154
    98
    93
   148
   186
   182
   176
   172
   178
   183
   181
   180
   183
   184
   188
   187
   178
   175
   174
   172
   167
   168
   169
   156
   159
   147
   147
   146
   150
   145
   141
   146
   142
   139
   131
   134
   129
   130
   127
   118
   117
   123
   129
   125
   130
   133
    40
    55
    66
   100
   126
   137
   146
   141
   148
   138
   144
   155
   131
   146
   149
   146
   138
   152
   155
   172
   168
   156
   144
   159
   175
   185
   162
   149
   159
   158
   148
   151
   164
   181
   188
   189
   188
   185
   184
   189
   178
   154
   133
   104
    57
   202
   145
   145
   137
   118
    80
    44
    66
   108
   114
   108
   110
   132
   140
   145
   144
   144
   149
   147
   151
   158
   134
    87
    99
   158
   178
   182
   173
   169
   179
   179
   179
   183
   178
   174
   170
   167
   167
   165
   170
   172
   170
   162
   162
   150
   137
   141
   137
   149
   151
   146
   145
   147
   145
   143
   143
   145
   136
   138
   134
   128
   112
   117
   120
   126
   128
   126
    40
    46
    87
   110
   123
   137
   136
   141
   149
   137
   148
   154
   140
   143
   136
   145
   146
   155
   164
   162
   157
   156
   147
   165
   179
   178
   167
   157
   166
   163
   146
   155
   174
   183
   185
   188
   188
   185
   186
   187
   175
   143
   123
   102
    62
   187
   139
   129
   140
   114
    95
    70
    90
   116
   110
   100
   114
   134
   139
   142
   149
   146
   144
   151
   154
   157
    97
    94
   122
   176
   178
   176
   170
   181
   182
   182
   183
   175
   173
   171
   170
   168
   174
   176
   166
   157
   145
   153
   160
   125
   141
   152
   149
   148
   159
   152
   137
   139
   142
   143
   146
   145
   143
   135
   134
   127
   123
   110
   118
   126
   122
   122
    41
    48
    85
   115
   132
   145
   137
   137
   151
   141
   141
   157
   143
   132
   134
   148
   153
   156
   150
   153
   148
   148
   151
   174
   173
   181
   169
   164
   157
   160
   144
   151
   177
   186
   189
   190
   189
   189
   186
   184
   165
   131
   114
    95
    66
   189
   137
   117
   138
   108
    98
    85
    82
   105
    97
   101
   124
   138
   141
   140
   137
   138
   144
   152
   165
   116
   100
   100
   149
   174
   170
   164
   176
   180
   182
   185
   183
   176
   172
   171
   168
   170
   176
   178
   171
   149
   135
   142
   130
   133
   161
   161
   155
   147
   140
   144
   142
   141
   140
   147
   148
   151
   148
   148
   143
   131
   122
   120
   112
   113
   122
   130
    45
    54
    99
   122
   134
   139
   134
   141
   156
   141
   137
   146
   135
   129
   137
   154
   158
   147
   139
   139
   149
   153
   157
   174
   166
   182
   162
   168
   170
   160
   155
   148
   176
   185
   187
   186
   188
   185
   186
   186
   169
   133
   114
   104
    82
   170
   131
   116
   127
   123
    93
    93
    82
   108
   109
   115
   134
   145
   144
   144
   147
   149
   151
   166
   119
   102
   114
   116
   158
   156
   172
   176
   184
   184
   183
   172
   172
   170
   165
   173
   171
   167
   170
   176
   169
   151
   122
   133
   145
   165
   167
   165
   155
   150
   142
   138
   125
   136
   140
   150
   155
   152
   152
   152
   145
   140
   126
   115
   112
   110
   115
   116
    36
    44
    96
   126
   135
   142
   137
   134
   153
   140
   126
   136
   132
   138
   141
   146
   146
   142
   136
   146
   150
   163
   171
   161
   173
   177
   167
   172
   163
   162
   152
   148
   176
   180
   179
   186
   191
   198
   198
   188
   161
   133
   114
   106
    92
   175
   123
   109
   123
   122
   119
   122
   120
   129
   124
   127
   135
   142
   145
   147
   150
   157
   165
   109
   106
   122
    96
   132
   156
   161
   163
   175
   174
   175
   177
   175
   169
   170
   169
   166
   164
   171
   175
   177
   173
   133
   101
   150
   172
   173
   170
   159
   147
   143
   137
   133
   131
   133
   141
   146
   148
   152
   154
   149
   149
   140
   133
   116
   109
   108
   112
   117
    58
    84
   111
   135
   132
   141
   143
   134
   140
   144
   122
   133
   147
   151
   139
   143
   139
   138
   133
   139
   149
   167
   160
   162
   182
   172
   165
   169
   166
   163
   154
   152
   175
   182
   182
   183
   195
   200
   197
   188
   164
   134
   118
   109
   101
   184
   117
   115
   115
   121
   122
   131
   165
   159
   140
   141
   143
   147
   149
   163
   170
   140
    91
   118
   119
    92
   129
   154
   168
   170
   161
   154
   158
   170
   169
   164
   165
   168
   168
   166
   172
   178
   176
   164
   129
    87
    83
   140
   163
   170
   165
   158
   146
   139
   134
   130
   135
   133
   137
   141
   147
   153
   151
   149
   144
   144
   135
   125
   109
   104
   108
   118
    93
   120
   124
   132
   129
   141
   150
   135
   141
   138
   109
   132
   142
   145
   133
   139
   131
   138
   134
   147
   159
   158
   156
   169
   175
   158
   173
   162
   167
   163
   148
   157
   176
   179
   185
   187
   188
   196
   195
   178
   159
   145
   125
   112
   114
   169
    76
   105
   118
   123
   127
   144
   164
   153
   141
   147
   158
   175
   174
   127
    88
   104
   138
    98
   100
   143
   183
   192
   174
   162
   151
   137
   128
   154
   163
   163
   166
   169
   171
   167
   164
   171
   178
   148
    89
    69
   103
   120
   135
   159
   168
   161
   149
   141
   136
   126
   125
   126
   128
   134
   146
   153
   148
   148
   151
   143
   136
   125
   116
   103
   103
   108
   102
   125
   129
   132
   134
   142
   151
   139
   138
   147
   120
   136
   140
   144
   131
   133
   125
   136
   139
   163
   161
   151
   160
   173
   162
   170
   170
   167
   171
   163
   152
   160
   173
   176
   184
   181
   184
   195
   195
   187
   161
   147
   131
   122
   122
   143
    79
    58
   129
   160
   162
   157
   154
   156
   161
   158
   134
    89
    65
    89
   113
   111
   109
   131
   162
   172
   171
   162
   148
   129
   111
   100
   111
   147
   160
   166
   169
   169
   169
   175
   181
   182
   167
   117
    84
    65
   114
   121
   123
   144
   163
   163
   148
   141
   137
   127
   119
   120
   123
   127
   138
   153
   152
   150
   142
   135
   130
   123
   112
    98
   102
   103
    95
   115
   128
   131
   136
   142
   150
   145
   140
   148
   128
   134
   143
   146
   129
   126
   121
   135
   149
   161
   149
   143
   162
   159
   171
   167
   158
   167
   165
   161
   159
   166
   177
   178
   179
   185
   185
   191
   196
   191
   178
   154
   141
   132
   128
   105
    97
   107
    68
    94
   112
   117
   113
    90
    76
    72
    85
   110
   121
   124
   129
   150
   163
   166
   160
   162
   155
   148
   127
    88
    55
    73
   123
   151
   165
   160
   166
   174
   168
   172
   181
   182
   137
    96
    89
    85
   122
   117
   128
   132
   153
   157
   143
   135
   129
   124
   123
   124
   132
   135
   147
   142
   147
   139
   137
   124
   116
   114
   109
   100
    96
   100
    65
   102
   119
   125
   137
   140
   151
   151
   138
   147
   132
   130
   132
   142
   126
   123
   132
   133
   137
   155
   145
   159
   166
   166
   173
   152
   162
   169
   168
   157
   164
   170
   176
   175
   177
   184
   184
   179
   175
   171
   169
   161
   148
   134
   135
   101
   107
   144
   158
   123
   134
   158
   101
   100
   117
   117
   125
   140
   156
   161
   165
   163
   169
   185
   185
   168
   148
   136
    81
    27
    30
    92
   143
   150
   161
   166
   165
   163
   168
   176
   188
   168
   119
    95
    75
    79
   128
   125
   116
   125
   141
   153
   147
   131
   117
   111
   112
   122
   129
   145
   149
   145
   145
   139
   130
   123
   112
   109
   104
    91
    91
    91
    53
    95
   111
   123
   127
   140
   147
   149
   137
   146
   139
   137
   133
   135
   130
   129
   128
   124
   137
   146
   147
   167
   161
   165
   163
   163
   162
   167
   170
   163
   168
   176
   183
   181
   180
   180
   186
   191
   196
   191
   184
   170
   146
   140
   146
   107
   122
   151
   153
   143
   167
   143
   128
   133
   125
   145
   162
   168
   169
   169
   170
   167
   165
   169
   180
   177
   150
   146
   103
    45
    56
    77
   148
   167
   172
   175
   170
   169
   176
   186
   184
   144
   111
   101
    92
    64
   130
   130
   123
   120
   128
   137
   134
   119
   100
   101
   114
   125
   140
   154
   153
   148
   147
   151
   136
   120
   107
   106
   100
    92
    84
    94
    46
    90
   109
   115
   129
   139
   143
   147
   132
   141
   134
   132
   130
   130
   125
   124
   122
   134
   137
   154
   150
   152
   162
   170
   167
   160
   162
   172
   161
   162
   175
   179
   182
   182
   182
   178
   192
   195
   192
   188
   179
   167
   156
   151
   163
   101
   138
   175
   171
   144
   201
   182
   123
   158
   183
   182
   178
   175
   172
   169
   164
   164
   167
   172
   184
   204
   176
   153
   150
    97
    73
   114
   141
   164
   174
   171
   170
   170
   175
   180
   173
   117
    95
    88
    68
    64
   111
   125
   123
   120
   121
   116
   117
   100
    82
    83
    97
   118
   140
   149
   152
   161
   159
   146
   138
   125
   112
   105
    91
    85
    87
    87
    40
    76
    97
   109
   125
   130
   143
   153
   139
   141
   136
   129
   134
   127
   120
   118
   126
   136
   153
   159
   145
   150
   154
   162
   162
   159
   169
   166
   165
   166
   170
   180
   180
   177
   178
   184
   190
   197
   193
   184
   165
   158
   157
   156
   161
    97
   139
   169
   160
   126
   150
   101
   121
   169
   171
   174
   178
   173
   171
   165
   164
   159
   163
   177
   184
   181
   164
   154
   143
   143
   134
   126
   138
   164
   173
   165
   166
   164
   163
   180
   166
   123
   100
   105
    77
    59
   116
   130
   121
   116
   115
   101
    91
    75
    62
    72
    95
   126
   148
   150
   152
   157
   151
   140
   132
   121
   106
   102
    87
    75
    80
    89
    48
    69
    90
   103
   113
   129
   137
   153
   135
   138
   131
   120
   134
   124
   118
   121
   132
   146
   157
   144
   141
   145
   162
   167
   170
   171
   168
   165
   174
   178
   173
   180
   181
   179
   181
   186
   193
   192
   196
   195
   189
   175
   167
   163
   168
    94
   155
   186
   159
   124
    93
    50
    90
   152
   159
   160
   158
   154
   154
   155
   154
   163
   173
   208
   205
   176
   156
   142
   126
   115
   115
   134
   125
   135
   162
   164
   157
   154
   167
   167
   163
   125
    99
    92
    63
    58
   121
   123
   121
   113
    86
    61
    65
    67
    64
    73
    94
   120
   142
   146
   157
   156
   151
   133
   121
   116
   106
    93
    87
    80
    76
    83
    44
    73
    84
    95
   110
   121
   130
   151
   130
   135
   140
   128
   133
   113
   122
   145
   151
   150
   149
   142
   143
   158
   158
   161
   165
   167
   169
   168
   174
   168
   179
   186
   183
   183
   186
   186
   192
   191
   192
   185
   177
   169
   163
   154
   157
    84
   137
   163
   152
   125
    85
    62
   112
   155
   161
   155
   152
   152
   155
   150
   146
   140
   147
   173
   171
   153
   145
   129
   106
    87
    88
    93
    95
    79
    93
   117
   125
   128
   134
   140
   150
   150
   113
    96
    57
    50
   109
   128
   118
   133
   120
    74
    60
    71
    69
    73
    94
   140
   155
   151
   153
   153
   136
   124
   115
   105
    96
    86
    72
    76
    75
    84
    44
    74
    76
    89
   101
   111
   127
   138
   127
   140
   143
   133
   128
   126
   143
   146
   141
   140
   140
   143
   145
   160
   150
   170
   176
   170
   168
   179
   180
   170
   174
   174
   180
   178
   183
   185
   193
   196
   188
   185
   181
   166
   151
   143
   147
    85
   150
   174
   160
   124
    89
    53
    98
   127
   156
   163
   158
   154
   147
   143
   143
   145
   149
   154
   156
   147
   138
   126
   113
    94
    94
    97
    85
    93
   127
   157
   165
   168
   167
   166
   164
   156
   103
    67
    33
    47
   112
   126
   130
   120
    90
    52
    54
    75
    85
    90
   106
   135
   151
   149
   153
   152
   147
   134
   120
   103
    96
    81
    75
    73
    76
    81
    57
    74
    83
    94
   100
   112
   123
   131
   123
   128
   140
   133
   125
   136
   134
   131
   140
   146
   147
   141
   157
   153
   163
   178
   162
   165
   178
   180
   163
   168
   177
   179
   179
   178
   181
   186
   189
   197
   188
   170
   168
   159
   152
   134
   127
    72
   127
   149
   145
   105
   124
    88
    74
   100
    94
   109
   135
   151
   152
   149
   148
   147
   148
   146
   158
   141
   122
   111
   115
   116
   110
   106
    96
    92
   133
   162
   174
   177
   182
   182
   173
   130
    85
    70
    48
    46
   112
   128
   121
   111
    85
    78
    87
    89
    88
    89
   110
   146
   146
   151
   154
   152
   147
   129
   114
    98
    84
    69
    68
    71
    76
    80
    56
    80
    82
    86
    95
   108
   118
   125
   118
   123
   134
   128
   125
   124
   125
   136
   145
   143
   145
   155
   157
   157
   174
   170
   165
   172
   178
   166
   160
   173
   178
   179
   174
   176
   182
   182
   191
   193
   186
   169
   152
   145
   133
   126
   111
    64
   114
   103
    78
   110
   115
   123
   109
    80
    82
    83
    78
   100
   136
   145
   141
   139
   143
   163
   189
   145
   115
   114
   112
    74
    98
    97
    92
   100
   142
   167
   168
   167
   173
   175
   146
    98
    76
    62
    28
    77
   120
   120
   108
   109
    93
    81
    98
    92
    81
    91
   110
   144
   149
   151
   154
   151
   129
   123
   111
   101
    83
    73
    71
    78
    79
    81
    49
    84
    89
    86
    96
   106
   112
   118
   115
   119
   127
   118
   117
   130
   137
   140
   138
   143
   148
   153
   145
   164
   173
   172
   177
   176
   162
   154
   164
   170
   179
   178
   178
   178
   184
   190
   196
   200
   188
   177
   160
   146
   129
   119
   106
    61
    68
   106
   139
   145
   145
   136
   123
   118
   116
   107
    93
    69
    78
   120
   140
   132
   134
   137
   144
   132
   118
   113
    80
    31
    58
    97
   103
   123
   149
   152
   150
   157
   163
   167
   151
   100
    79
    65
    48
    83
   124
   113
   110
   113
   105
   100
    89
    83
    85
    90
   116
   140
   148
   150
   151
   143
   135
   118
   108
    95
    78
    69
    64
    71
    76
    81
    57
    83
    82
    89
    91
    97
   109
   108
   110
   117
   115
   109
   119
   125
   128
   138
   145
   143
   150
   136
   150
   175
   179
   179
   175
   153
   148
   158
   164
   172
   174
   176
   177
   180
   182
   185
   192
   198
   199
   184
   162
   144
   134
   115
   101
    50
    76
   113
   125
   133
   139
   136
   139
   139
   132
   130
   130
   126
    90
    64
    94
   139
   136
   134
   140
   135
   126
   120
    70
    23
    22
    61
   112
   139
   152
   148
   141
   144
   150
   153
   154
   122
    89
    73
    49
    79
   122
   116
   117
   113
   111
   113
   103
    86
    86
   105
   128
   143
   143
   144
   140
   130
   123
   120
   105
    95
    80
    69
    64
    73
    76
    83
    51
    77
    87
    95
    96
    99
   109
   106
   111
   118
   110
   109
   122
   130
   145
   149
   142
   142
   139
   155
   174
   174
   178
   165
   142
   141
   160
   166
   164
   169
   168
   169
   173
   175
   176
   185
   190
   190
   192
   178
   156
   132
   118
   112
    97
    61
   102
   106
   107
   105
   121
   142
   155
   155
   150
   144
   140
   137
   143
   127
    88
    94
   143
   141
   138
   144
   134
   113
    88
    28
    25
    63
   114
   130
   142
   156
   155
   150
   154
   157
   159
   145
   104
    82
    71
    72
   115
   111
   115
   126
   121
   107
   100
    94
    93
   106
   124
   130
   137
   132
   134
   131
   123
   116
   101
    85
    82
    71
    69
    81
    77
    85
    45
    70
    83
    94
   103
   105
   110
   104
   113
   105
   104
   120
   133
   142
   135
   134
   134
   139
   165
   173
   174
   171
   151
   136
   147
   166
   167
   161
   167
   170
   169
   168
   168
   170
   175
   171
   171
   177
   176
   162
   140
   121
   106
    98
    90
    71
   100
    99
   113
   126
   127
   142
   168
   154
   148
   145
   144
   144
   144
   152
   156
   112
    72
   129
   147
   144
   157
   139
   110
    73
    40
    59
   106
   136
   149
   155
   156
   152
   156
   162
   163
   155
   118
    84
    60
    59
   107
   102
   108
   127
   129
   114
   101
    98
    96
   110
   121
   134
   138
   129
   130
   129
   121
   112
    94
    88
    78
    67
    74
    77
    78
    86
    53
    71
    78
    89
   103
   109
   111
   107
   106
   104
   112
   121
   127
   123
   129
   140
   149
   154
   159
   161
   156
   146
   151
   170
   168
   163
   158
   162
   169
   168
   163
   162
   167
   167
   170
   171
   174
   176
   171
   158
   145
   121
   102
   100
    88
    81
    96
   117
   140
   136
   121
   138
   147
   141
   130
   141
   138
   138
   140
   143
   147
   149
   112
    61
   115
   155
   165
   160
   128
   101
    65
    63
    94
   138
   153
   154
   149
   157
   155
   156
   157
   156
   128
    89
    62
    51
   101
   111
   115
   126
   125
   122
   109
   103
    99
   107
   117
   119
   125
   133
   136
   127
   111
   109
   102
   100
    88
    80
    81
    80
    78
    84
    46
    65
    77
    84
    97
   106
   105
   104
   111
   107
   112
   120
   125
   129
   141
   143
   143
   152
   157
   156
   165
   175
   170
   156
   152
   149
   156
   164
   166
   168
   166
   166
   167
   168
   172
   176
   175
   176
   170
   156
   136
   119
    98
    94
    79
    92
   101
   153
   155
   131
   119
   118
   126
   124
   116
   129
   144
   138
   137
   139
   140
   144
   151
   121
    68
   119
   157
   176
   152
   120
   101
    90
   113
   145
   157
   150
   145
   148
   145
   152
   154
   153
   141
   101
    69
    52
    97
   109
   128
   134
   131
   125
   117
   109
   103
    98
   102
   110
   120
   128
   124
   117
   112
   110
   103
   100
    95
    87
    84
    79
    83
    82
    45
    61
    83
    79
    99
   105
   101
   110
   107
   105
   114
   128
   136
   139
   140
   146
   148
   149
   160
   166
   158
   146
   139
   141
   144
   153
   162
   163
   163
   163
   163
   162
   164
   166
   168
   166
   166
   168
   167
   153
   133
   101
    90
    86
    78
    90
   111
   130
   119
   104
   115
   105
   115
   113
   111
   120
   138
   148
   142
   144
   142
   143
   145
   152
   102
    69
   109
   143
   152
   138
   116
    89
   117
   150
   154
   152
   144
   147
   153
   150
   150
   146
   145
   121
    71
    51
   100
   124
   127
   136
   128
   121
   116
   105
   107
   107
   109
   111
   119
   126
   128
   126
   115
   108
   111
   114
   105
    93
    84
    84
    89
    93
    47
    64
    77
    85
    96
    99
   102
   113
   103
   108
   113
   112
   125
   126
   120
   117
   129
   141
   133
   128
   131
   131
   136
   141
   157
   162
   164
   163
   164
   164
   161
   162
   161
   161
   170
   167
   166
   166
   164
   149
   119
   100
    90
    87
    71
    95
   109
   184
   169
   138
   152
   130
   124
   114
   111
   121
   131
   144
   145
   144
   142
   139
   140
   146
   144
    74
    84
   108
   102
    90
    73
   102
   140
   149
   150
   150
   152
   145
   145
   151
   150
   146
   151
   142
   103
    51
   102
   140
   143
   139
   129
   128
   121
   114
   113
   110
   116
   116
   116
   128
   138
   121
   118
   120
   114
   102
   100
    98
    90
    91
    92
   100
    44
    55
    77
    92
    96
    99
    98
   111
   103
    98
   100
   105
    89
    95
   106
   134
   143
   131
   122
   122
   121
   129
   142
   153
   157
   161
   160
   161
   163
   163
   162
   159
   162
   166
   169
   167
   167
   163
   168
   152
   130
   110
    93
    78
    73
   101
   165
   221
   222
   206
   149
   140
   134
   119
   111
   122
   137
   142
   144
   143
   138
   137
   140
   139
   144
   112
    74
   130
   142
   142
   137
   150
   160
   161
   160
   157
   159
   158
   158
   151
   150
   146
   140
   144
   121
    67
    84
   135
   145
   144
   132
   123
   119
   118
   115
   113
   109
   107
   122
   126
   125
   117
   105
   117
   111
   107
    99
    95
    93
    97
    97
   103
    50
    50
    59
    89
   101
    96
   104
   101
    97
   101
    85
    81
   110
   121
   131
   129
   118
   114
   117
   131
   138
   146
   152
   160
   160
   162
   159
   160
   160
   157
   155
   154
   154
   159
   161
   166
   168
   167
   167
   154
   126
   108
    87
    83
    79
   112
   182
   228
   228
   180
   149
   161
   152
   134
   123
   115
   130
   138
   148
   149
   141
   139
   137
   142
   138
   133
    70
   124
   154
   154
   153
   151
   154
   160
   161
   162
   157
   157
   158
   160
   154
   145
   144
   140
   123
    88
    94
   114
   130
   146
   138
   133
   126
   119
   121
   117
   109
   110
   121
   115
   114
   116
   122
   122
   114
   103
    99
    99
    98
    98
   102
    99
    43
    45
    65
    93
   100
   103
   105
   105
   100
    80
    88
    96
    97
   105
   104
   110
   110
   120
   126
   136
   139
   142
   150
   152
   158
   161
   161
   162
   160
   154
   149
   150
   156
   159
   162
   165
   169
   170
   168
   157
   134
   108
    87
    90
    80
   122
   147
   130
   155
   143
   164
   177
   147
   129
   128
   120
   122
   140
   147
   144
   145
   143
   141
   143
   136
   136
    95
    93
   153
   167
   158
   150
   147
   155
   161
   167
   166
   158
   153
   151
   151
   148
   142
   136
   126
   107
   106
   115
   120
   131
   137
   131
   137
   128
   119
   115
   108
   101
   109
   122
   115
   111
   118
   111
   109
   105
    97
   100
    99
   105
   105
   107
    40
    37
    65
    92
    99
   104
   110
    90
    69
    80
    81
    69
    80
    91
   101
   105
   116
   122
   134
   134
   138
   144
   147
   153
   155
   156
   157
   155
   154
   157
   156
   156
   155
   157
   165
   166
   165
   163
   163
   155
   130
   119
    90
   102
    79
   132
   154
   124
   134
   114
   152
   168
   150
   139
   129
   121
   116
   136
   146
   147
   143
   142
   136
   135
   135
   130
   106
    81
   148
   164
   155
   159
   157
   157
   159
   166
   166
   168
   161
   153
   154
   161
   158
   142
   125
   122
   118
   126
   122
   120
   127
   130
   131
   117
   112
   110
   104
   109
   114
   118
   116
   115
   107
   111
   111
   102
   105
   101
   101
   104
   107
   109
    37
    42
    58
    86
   102
   108
    99
    80
    70
    54
    51
    58
    67
    84
    98
   107
   115
   124
   125
   131
   138
   142
   150
   150
   152
   157
   159
   157
   155
   156
   154
   151
   156
   162
   164
   166
   163
   165
   160
   157
   137
   110
   100
   110
    97
   141
   159
   132
   144
   166
   159
   127
   128
   128
   132
   125
   121
   133
   143
   154
   151
   142
   139
   139
   134
   130
   123
    74
   127
   164
   158
   163
   161
   151
   158
   160
   162
   162
   160
   153
   155
   145
   145
   143
   131
   127
   123
   123
   129
   128
   127
   129
   126
   126
   123
   113
   109
   112
   119
   121
   117
   112
   109
   108
   104
   105
   105
   100
   104
   102
   109
   113
    49
    49
    60
    88
    99
    97
    99
    73
    62
    57
    55
    61
    62
    67
    84
   103
   110
   117
   123
   127
   134
   137
   141
   151
   152
   150
   156
   158
   153
   157
   158
   159
   156
   157
   160
   164
   163
   162
   163
   153
   130
   107
   101
   124
    95
   141
   165
   141
   145
    91
    94
    75
   107
   124
   123
   116
   114
   127
   140
   150
   147
   142
   141
   149
   144
   134
   131
    72
   117
   162
   165
   164
   158
   156
   160
   158
   159
   160
   163
   165
   155
   147
   143
   131
   129
   130
   138
   132
   133
   122
   121
   118
   122
   118
   117
   115
   118
   116
   112
   113
   112
   112
   110
   107
   111
   106
   104
   106
   108
   111
   109
   110
    40
    46
    56
    76
    91
    97
   101
    84
    67
    60
    61
    49
    61
    55
    71
    85
   102
   114
   121
   124
   133
   137
   146
   143
   149
   154
   154
   155
   160
   157
   156
   158
   157
   154
   155
   160
   162
   161
   159
   149
   133
   119
   109
   135
    91
   148
   167
   146
   142
    96
    23
    49
   106
   127
   121
   119
   121
   130
   139
   146
   151
   151
   146
   140
   142
   132
   135
    78
   107
   162
   170
   165
   155
   143
   148
   153
   155
   159
   157
   147
   146
   143
   141
   143
   139
   139
   144
   136
   136
   129
   128
   128
   124
   117
   112
   112
   107
   108
   106
   106
   108
   108
   109
   111
   107
   102
   108
   112
   113
   114
   114
   113
    46
    45
    56
    65
    93
    96
    98
    81
    70
    74
    61
    61
    56
    55
    53
    73
    94
   106
   117
   123
   129
   133
   140
   144
   141
   148
   151
   153
   154
   156
   155
   157
   156
   154
   157
   158
   160
   161
   158
   152
   147
   127
   118
   146
    99
   148
   166
   153
   144
   108
   101
    82
   114
   126
   122
   115
   126
   137
   145
   148
   149
   148
   149
   141
   135
   132
   135
    85
   113
   151
   167
   170
   160
   150
   157
   152
   152
   157
   154
   142
   143
   145
   149
   148
   147
   151
   148
   145
   142
   138
   134
   127
   122
   108
   110
   111
   108
   106
   112
   110
   107
   108
   108
   108
   104
   106
   110
   109
   110
   110
   111
   111
    37
    48
    46
    66
    73
    90
    91
    83
    84
    62
    58
    60
    66
    63
    62
    62
    81
   101
   108
   120
   128
   132
   138
   140
   145
   145
   150
   153
   151
   154
   156
   159
   159
   158
   156
   158
   154
   156
   155
   149
   142
   131
   122
   154
   107
   155
   166
   164
   147
   126
    75
    67
   113
   133
   119
   116
   135
   139
   147
   149
   150
   149
   147
   148
   143
   134
   140
    97
   130
   150
   163
   161
   160
   159
   159
   159
   158
   150
   149
   147
   147
   143
   147
   148
   143
   147
   145
   146
   141
   133
   129
   125
   120
   117
   112
   114
   113
   113
   116
   115
   109
   109
   108
   108
   111
   113
   109
   109
   112
   115
   114
   117
    38
    42
    41
    59
    65
    72
    89
    87
    73
    65
    65
    54
    52
    57
    59
    59
    66
    80
   100
   112
   117
   129
   131
   135
   138
   142
   145
   149
   155
   155
   156
   155
   160
   160
   162
   158
   159
   160
   156
   151
   146
   146
   122
   153
   105
   144
   166
   175
   150
   136
   111
    89
   116
   128
   111
   112
   137
   145
   147
   148
   148
   151
   154
   153
   148
   153
   147
   110
   146
   154
   169
   162
   157
   147
   159
   153
   148
   145
   145
   147
   148
   146
   150
   148
   148
   148
   146
   141
   134
   128
   123
   121
   121
   117
   111
   114
   117
   117
   117
   113
   114
   114
   108
   111
   114
   114
   112
   112
   114
   117
   115
   117
    37
    41
    46
    55
    59
    64
    74
    74
    78
    68
    62
    64
    66
    56
    62
    59
    59
    64
    86
   101
   117
   123
   129
   135
   137
   143
   146
   149
   151
   152
   152
   153
   157
   160
   160
   156
   155
   152
   153
   155
   149
   141
   130
   136
   103
   127
   141
   157
   158
   135
   128
   113
   107
   109
   111
   120
   140
   148
   148
   150
   154
   160
   165
   171
   172
   176
   151
   122
   156
   150
   159
   167
   165
   156
   153
   150
   146
   145
   146
   147
   147
   150
   146
   139
   140
   142
   139
   132
   129
   127
   126
   124
   120
   117
   118
   118
   117
   117
   112
   115
   116
   112
   113
   116
   117
   117
   120
   121
   120
   123
   125
   121
    39
    41
    46
    51
    49
    57
    76
    79
    66
    65
    62
    59
    56
    62
    66
    64
    56
    54
    64
    86
   101
   113
   124
   129
   133
   136
   140
   143
   148
   152
   150
   150
   150
   151
   154
   153
   152
   148
   150
   149
   147
   145
   140
   129
    96
   113
   123
   136
   140
   141
   137
   134
   124
   117
   114
   124
   143
   146
   147
   152
   156
   162
   169
   171
   170
   174
   140
   131
   159
   147
   150
   160
   160
   152
   155
   151
   146
   144
   140
   140
   141
   136
   133
   134
   135
   130
   127
   131
   133
   131
   126
   125
   123
   122
   121
   121
   121
   118
   117
   113
   110
   116
   120
   120
   118
   120
   125
   126
   121
   123
   124
   126
    34
    39
    42
    45
    44
    47
    57
    66
    67
    69
    63
    56
    57
    58
    63
    62
    68
    69
    58
    63
    81
    95
   111
   118
   128
   133
   134
   139
   141
   143
   146
   147
   148
   147
   151
   151
   149
   150
   146
   143
   141
   140
   137
   131
   105
   115
   127
   132
   130
   133
   135
   141
   143
   137
   122
   131
   142
   148
   150
   150
   156
   165
   174
   168
   164
   165
   119
   136
   152
   146
   141
   150
   154
   152
   149
   147
   140
   138
   137
   132
   131
   135
   135
   131
   131
   130
   131
   132
   127
   124
   120
   119
   117
   119
   120
   120
   119
   115
   113
   117
   121
   121
   121
   123
   124
   126
   121
   123
   120
   123
   125
   124
    39
    39
    47
    53
    51
    51
    44
    51
    61
    58
    58
    57
    57
    59
    58
    73
    69
    79
    79
    62
    69
    80
    89
   102
   115
   125
   132
   137
   142
   144
   145
   144
   145
   146
   144
   148
   152
   150
   146
   143
   142
   140
   141
   134
   118
   107
   128
   131
   134
   128
   125
   141
   147
   145
   143
   152
   154
   153
   154
   158
   166
   177
   173
   165
   160
   152
   112
   141
   145
   140
   135
   141
   145
   146
   138
   136
   134
   128
   128
   129
   131
   129
   130
   128
   130
   126
   127
   122
   124
   125
   120
   119
   119
   114
   116
   118
   115
   114
   117
   120
   119
   124
   124
   122
   120
   117
   120
   117
   122
   122
   124
   122
    37
    37
    44
    44
    50
    44
    42
    42
    50
    54
    52
    48
    49
    57
    57
    69
    86
    72
    81
    92
    71
    67
    84
    95
   105
   111
   119
   126
   132
   140
   146
   149
   148
   147
   148
   149
   148
   148
   149
   146
   145
   141
   138
   132
   129
    97
   101
    91
    96
   135
   183
   193
   197
   159
   136
   153
   157
   160
   160
   163
   165
   165
   168
   169
   144
   134
   116
   145
   143
   138
   132
   128
   129
   135
   135
   129
   126
   124
   128
   128
   125
   127
   126
   125
   119
   120
   117
   118
   115
   118
   119
   118
   115
   117
   114
   113
   115
   116
   123
   122
   124
   121
   116
   115
   116
   114
   115
   115
   113
   117
   120
   126
    43
    40
    39
    43
    39
    48
    52
    52
    46
    51
    54
    55
    62
    70
    72
    63
    77
    92
    84
    79
    99
    95
    76
    81
    94
   103
   107
   114
   122
   131
   141
   151
   154
   157
   156
   154
   150
   148
   146
   146
   143
   144
   140
   139
   130
   106
   119
   120
   107
    89
    95
   197
   200
   149
   123
   138
   142
   140
   138
   135
   133
   132
   140
   132
   160
   140
   128
   146
   142
   133
   136
   130
   130
   129
   129
   126
   125
   124
   122
   124
   121
   122
   124
   121
   121
   120
   116
   118
   115
   117
   119
   112
   116
   113
   119
   124
   125
   125
   125
   126
   125
   120
   120
   125
   123
   126
   126
   126
   128
   127
   118
    94
    36
    38
    38
    47
    55
    52
    48
    49
    48
    46
    52
    61
    64
    67
    67
    68
    64
    68
    86
    97
    81
    98
   117
   101
    81
    86
   100
   114
   124
   117
   118
   123
   131
   136
   145
   144
   145
   147
   151
   149
   146
   144
   144
   142
   142
   137
    96
   125
   145
   144
   121
    78
    66
    55
    71
    94
    96
    98
   105
   113
   113
    95
    79
   149
   222
   136
   145
   133
   128
   130
   129
   127
   126
   127
   122
   125
   123
   123
   121
   118
   118
   122
   121
   119
   115
   119
   119
   118
   116
   124
   125
   124
   116
   118
   109
   111
   105
   106
   101
    99
    96
   112
    93
    79
    85
    73
    72
    65
    55
    37
    20
    25
    36
    34
    39
    37
    39
    45
    46
    39
    37
    38
    42
    45
    57
    61
    62
    69
    70
    74
    78
    94
    97
   110
   105
   124
   135
   118
   106
   104
   108
   124
   124
   122
   125
   126
   122
   128
   136
   143
   141
   134
   122
   113
   110
   113
   122
   133
   137
    95
    98
   136
   156
   149
   135
    99
   105
   112
   111
   112
   106
    77
    56
    85
   139
   141
    92
   128
   134
   130
   129
   126
   127
   128
   122
   122
   120
   118
   118
   119
   117
   118
   120
   120
   119
   121
   122
   121
   121
   124
   128
   105
    57
    33
    28
    21
    18
    16
    17
    15
    15
    16
    19
    67
   107
    68
    33
    40
    20
     2
     1
     9
    17
    14
    39
    39
    37
    39
    39
    38
    35
    39
    37
    35
    42
    46
    49
    51
    65
    65
    69
    78
    85
    92
   101
   101
   123
   136
   124
   137
   147
   136
   132
   133
   135
   130
   134
   144
   154
   153
   144
   135
   136
   133
   121
   107
   106
   100
    93
    96
    99
   124
   131
   110
    84
   104
   133
   132
   139
   142
   142
   132
   126
   132
   134
   108
    73
    88
   127
   131
   130
   127
   124
   123
   121
   118
   121
   119
   119
   118
   115
   114
   119
   118
   116
   116
   121
   124
   122
   123
   112
    88
    44
    18
    22
    20
    25
    29
    26
    30
    26
    27
    29
    29
    25
    17
    77
   123
    97
    63
    67
    75
    64
    41
    32
    32
    36
    34
    37
    38
    39
    37
    42
    38
    49
    58
    49
    47
    52
    55
    55
    77
    83
    84
    88
    94
    97
    96
   106
   108
   130
   131
   124
   140
   145
   139
   144
   140
   128
   126
   125
   137
   154
   154
   155
   159
   152
   143
   124
   116
   106
    97
   102
    97
    97
   108
   125
   116
    41
    12
    43
    75
    83
    79
    81
    82
    91
   115
   131
   133
   127
   123
   120
   121
   121
   119
   117
   113
   113
   112
   108
   109
   110
   110
   109
   113
   113
   113
   101
    88
    73
    58
    46
    45
    43
    34
    26
    28
    28
    26
    29
    25
    28
    28
    27
    29
    31
    30
    19
    73
   134
   130
   103
    79
    81
   104
   105
    93
    34
    37
    39
    37
    36
    38
    39
    47
    45
    35
    39
    40
    48
    58
    54
    51
    65
    90
    93
   101
   104
   107
   105
   113
   117
   120
   125
   123
   125
   130
   130
   140
   147
   143
   147
   147
   143
   153
   154
   150
   156
   156
   156
   151
   139
   134
   120
   103
    91
    85
    85
    82
    43
    24
   101
   149
   154
   151
   144
   140
   131
   126
   126
   124
   120
   119
   119
   114
   113
   108
   111
   111
   114
   118
   120
   119
   122
   121
   109
    92
    67
    53
    56
    51
    59
    61
    52
    43
    30
    31
    26
    28
    28
    28
    28
    28
    29
    29
    29
    31
    32
    34
    29
    17
    53
   128
   150
   145
   125
    96
    82
   106
    35
    34
    35
    37
    37
    38
    39
    35
    37
    44
    44
    42
    47
    57
    64
    55
    51
    60
    78
    88
   100
   115
   117
   114
   118
   129
   130
   129
   127
   124
   122
   124
   126
   129
   132
   134
   144
   145
   146
   151
   148
   143
   152
   153
   144
   147
   147
   138
   127
   109
    95
   103
   116
    59
    78
   111
   116
   117
   124
   125
   125
   123
   123
   121
   118
   113
   110
   115
   123
   130
   142
   145
   138
   134
   131
   134
   131
   128
   120
   107
    90
    74
    78
    76
    60
    47
    37
    28
    25
    26
    27
    22
    22
    25
    26
    23
    23
    26
    26
    26
    27
    27
    31
    34
    22
    31
   110
   146
   157
   172
   168
   141
    38
    37
    36
    36
    38
    35
    36
    36
    36
    42
    42
    40
    39
    47
    64
    60
    59
    52
    65
    85
    98
   106
   120
   117
   126
   125
   127
   127
   123
   128
   135
   132
   134
   136
   131
   129
   127
   130
   136
   136
   142
   149
   146
   150
   155
   148
   153
   153
   149
   149
   133
   113
   100
    86
    91
    88
    82
    75
    80
    97
   100
   107
   105
    96
    86
    93
   123
   135
   142
   142
   123
    96
    92
   123
   122
   119
   126
   130
   125
   116
    92
    68
    52
    40
    34
    33
    29
    29
    24
    25
    25
    28
    29
    28
    28
    28
    27
    29
    31
    31
    30
    29
    25
    27
    29
    25
    17
    77
   145
   152
   168
   200
    35
    39
    38
    39
    35
    39
    36
    37
    35
    42
    39
    40
    39
    39
    60
    69
    58
    55
    53
    60
    75
    89
   105
   120
   118
   117
   112
   114
   124
   119
   119
   140
   139
   130
   126
   128
   139
   137
   126
   134
   140
   140
   138
   148
   149
   148
   145
   152
   151
   143
   146
   148
   144
   126
   121
   116
   107
   107
   105
   105
   107
   107
    93
    82
    82
    71
    60
    90
   101
    91
    95
    87
   102
   120
   129
   127
   127
   126
   124
   113
    71
    32
    23
    26
    28
    25
    25
    27
    28
    28
    27
    26
    25
    23
    25
    27
    27
    25
    25
    25
    26
    29
    30
    29
    27
    27
    30
    15
    31
   109
   165
   169
    35
    34
    34
    37
    36
    36
    37
    38
    41
    40
    40
    37
    38
    40
    39
    57
    67
    57
    48
    53
    79
    91
    98
   110
   119
   115
   107
   109
   104
   107
   113
   116
   122
   142
   144
   133
   139
   147
   149
   146
   141
   137
   140
   140
   137
   146
   151
   148
   150
   148
   138
   130
   130
   130
   124
   118
   118
   118
   115
   114
   109
   110
   114
   115
   102
    80
    55
    41
    43
    50
    67
   103
   123
   132
   133
   133
   126
   126
   124
    98
    44
    32
    29
    30
    28
    26
    25
    26
    29
    25
    28
    29
    26
    27
    26
    25
    26
    24
    26
    27
    27
    27
    29
    30
    26
    28
    30
    29
    25
    12
    43
   124
    37
    35
    34
    34
    35
    36
    37
    36
    38
    41
    38
    38
    37
    37
    41
    41
    55
    71
    67
    58
    49
    56
    72
    94
   113
   110
   108
   103
   107
   107
   109
   121
   129
   140
   135
   133
   122
   130
   135
   132
   132
   134
   141
   141
   131
   127
   139
   148
   149
   146
   141
   134
   132
   128
   129
   126
   121
   124
   123
   119
   124
   125
   125
   116
   105
    81
    61
    56
    53
    50
    56
   102
   130
   133
   130
   128
   127
   131
   122
    60
    26
    25
    27
    25
    29
    28
    25
    28
    25
    29
    26
    24
    27
    27
    27
    26
    28
    30
    26
    26
    27
    30
    25
    26
    28
    28
    27
    29
    27
    30
    21
    27
    35
    36
    36
    36
    38
    35
    37
    38
    38
    40
    41
    39
    40
    41
    39
    40
    42
    45
    64
    63
    51
    43
    52
    60
    73
    91
   111
   119
   120
   120
   112
   109
   118
   130
   135
   139
   129
   114
   125
   127
   121
   128
   128
   141
   142
   132
   123
   126
   133
   134
   133
   131
   130
   130
   129
   130
   133
   127
   126
   131
   133
   134
   127
   115
   107
    90
    73
    60
    60
    61
    71
   102
   122
   123
   126
   128
   130
   122
    67
    31
    29
    30
    27
    28
    25
    29
    26
    26
    29
    26
    26
    28
    25
    28
    26
    27
    25
    23
    26
    26
    28
    25
    27
    29
    26
    28
    29
    27
    29
    30
    28
    54
    36
    35
    38
    36
    32
    35
    35
    36
    41
    39
    38
    37
    38
    37
    37
    39
    40
    44
    47
    63
    70
    57
    46
    52
    52
    61
    84
   108
   126
   129
   124
   120
   115
   115
   129
   139
   137
   134
   128
   121
   119
   111
   122
   122
   119
   131
   132
   123
   117
   119
   129
   135
   137
   135
   134
   134
   130
   127
   127
   126
   128
   130
   130
   129
   126
   118
   107
    93
    90
    99
   112
   129
   123
   116
   125
   129
   104
    44
    26
    26
    28
    28
    27
    27
    29
    24
    26
    24
    24
    26
    27
    27
    25
    25
    27
    27
    26
    28
    25
    28
    26
    29
    29
    26
    30
    27
    26
    25
    28
    27
    30
    47
    36
    35
    32
    37
    37
    36
    34
    38
    38
    40
    40
    39
    39
    39
    43
    42
    42
    41
    45
    47
    47
    62
    59
    49
    51
    57
    61
    80
    90
   112
   128
   131
   125
   127
   128
   126
   136
   139
   129
   114
   102
   103
   105
   107
   118
   118
   128
   136
   133
   127
   121
   123
   124
   124
   128
   134
   138
   138
   138
   142
   142
   131
   119
   117
   121
   130
   128
   126
   132
   131
   131
   124
   124
   128
   108
    63
    27
    23
    31
    30
    28
    28
    27
    26
    26
    25
    27
    31
    28
    24
    25
    29
    28
    25
    22
    26
    26
    27
    28
    26
    26
    26
    24
    26
    27
    27
    26
    28
    29
    29
    27
    44
    37
    32
    33
    32
    34
    36
    37
    38
    40
    38
    37
    35
    38
    37
    37
    40
    34
    36
    40
    42
    45
    47
    52
    52
    57
    67
    73
    68
    83
    94
   116
   127
   126
   117
   114
   116
   119
   128
   129
   124
   119
   108
    97
    97
    97
   101
   109
   120
   127
   123
   121
   121
   119
   118
   123
   125
   134
   141
   147
   142
   131
   122
   116
   105
   105
   117
   126
   128
   126
   124
   113
   100
    77
    51
    21
    18
    27
    29
    27
    29
    31
    29
    29
    29
    26
    28
    27
    24
    25
    29
    28
    27
    25
    28
    28
    29
    27
    28
    26
    28
    26
    27
    28
    26
    26
    26
    29
    27
    26
    26
    27
    37
    32
    36
    38
    37
    38
    33
    35
    36
    39
    38
    37
    37
    36
    37
    37
    34
    37
    36
    35
    40
    45
    42
    51
    45
    43
    47
    54
    63
    61
    77
    79
   107
   128
   125
   116
   107
   109
   113
   112
   112
   110
   105
   102
   102
    98
    97
   104
   105
   105
   121
   142
   142
   129
   132
   141
   140
   131
   129
   131
   134
   130
   132
   131
   127
   122
    98
    59
    46
    38
    28
    21
    19
    19
    21
    26
    29
    28
    28
    27
    28
    24
    28
    27
    28
    31
    26
    30
    26
    29
    30
    25
    27
    32
    27
    24
    22
    27
    25
    28
    29
    29
    30
    25
    30
    27
    28
    25
    28
    28
    28
    24
    29
    35
    31
    33
    37
    31
    38
    36
    37
    40
    40
    35
    37
    36
    36
    39
    40
    40
    40
    38
    35
    35
    42
    46
    49
    45
    41
    39
    41
    41
    45
    58
    68
    77
   103
   121
   134
   108
   108
   115
   114
   109
   112
   109
   106
   106
   107
   105
   113
   129
   134
   123
   122
   123
   130
   131
   132
   131
   132
   130
   125
   126
   127
   126
   101
    46
    19
    22
    21
    19
    23
    28
    27
    31
    26
    27
    28
    28
    28
    27
    30
    29
    28
    31
    26
    26
    29
    26
    30
    27
    24
    27
    25
    23
    27
    23
    26
    23
    28
    23
    25
    23
    28
    30
    27
    24
    26
    29
    29
    29
    26
    31
    25
    36
    37
    33
    33
    37
    35
    35
    43
    37
    36
    36
    37
    40
    37
    37
    36
    35
    35
    39
    37
    39
    39
    35
    39
    44
    47
    43
    42
    43
    46
    45
    41
    49
    43
    46
    56
    96
   109
   108
   107
    98
   100
   113
   120
   130
   117
   110
   112
   118
   118
   123
   112
   116
   121
   120
   116
   104
    97
    80
    67
    66
    65
    70
    42
    32
    31
    31
    29
    31
    32
    27
    28
    27
    31
    32
    28
    31
    29
    33
    24
    27
    27
    27
    29
    28
    25
    27
    24
    26
    28
    28
    27
    29
    26
    32
    29
    26
    23
    28
    26
    25
    24
    25
    27
    27
    26
    23
    28
    26
    24
    25
    26
    32
    34
    33
    33
    33
    33
    38
    46
    39
    38
    36
    37
    36
    39
    37
    36
    37
    39
    34
    36
    37
    35
    43
    40
    42
    36
    47
    50
    49
    41
    42
    39
    40
    35
    42
    37
    27
    37
    52
    59
    76
    75
    59
    47
    54
    72
    58
    47
    59
    84
   103
   108
    75
    47
    42
    36
    62
    62
    33
    18
    20
    19
    19
    27
    30
    29
    29
    32
    31
    31
    31
    29
    31
    30
    27
    30
    27
    30
    24
    30
    28
    28
    29
    26
    26
    28
    26
    28
    28
    26
    28
    27
    23
    23
    24
    28
    25
    27
    25
    29
    27
    27
    26
    24
    26
    27
    30
    27
    30
    30
    25
    27
    32
    37
    38
    37
    35
    40
    44
    38
    39
    35
    35
    37
    39
    33
    39
    36
    37
    37
    38
    39
    35
    40
    36
    36
    39
    42
    38
    41
    43
    41
    38
    42
    37
    38
    34
    38
    40
    30
    31
    34
    38
    44
    36
    33
    35
    24
    26
    29
    27
    21
    17
    21
    27
    31
    29
    29
    25
    26
    30
    32
    33
    36
    35
    31
    29
    26
    31
    28
    28
    31
    27
    27
    25
    30
    27
    29
    30
    28
    30
    25
    26
    29
    25
    28
    26
    29
    27
    25
    27
    26
    26
    26
    29
    31
    22
    23
    27
    29
    31
    27
    29
    27
    26
    28
    28
    28
    26
    26
    24
    28
    29
    32
