    35
    38
    38
    34
    32
    39
    33
    32
    33
    37
    37
    37
    33
    37
    37
    39
    34
    36
    36
    37
    32
    39
    39
    39
    39
    37
    39
    39
    39
    40
    40
    36
    43
    34
    36
    39
    60
    63
    51
    60
    62
    58
    46
    76
    83
    85
    78
   103
   125
   141
   138
   125
   123
   129
   123
   124
   142
   150
   157
   140
   121
    93
    39
    16
    21
    20
    35
    40
    44
    48
    40
    38
    41
    35
    35
    36
    39
    35
    35
    37
    41
    38
    35
    40
    36
    36
    41
    45
    40
    34
    38
    39
    41
    40
    39
    42
    41
    41
    39
    36
    37
    41
    42
    45
    37
    37
    42
    42
    39
    35
    40
    42
    32
    30
    34
    34
    36
    35
    33
    38
    39
    33
    34
    37
    35
    36
    35
    37
    35
    34
    38
    36
    40
    38
    34
    36
    37
    44
    35
    38
    38
    38
    41
    42
    43
    40
    40
    76
    89
    79
    78
    90
    72
    83
   114
   128
   135
   138
   141
   140
   142
   140
   136
   149
   154
   152
   158
   161
   159
   143
   133
   138
   137
   134
   139
   131
    96
    69
    53
    38
     8
     3
    19
    33
    38
    46
    45
    43
    39
    42
    43
    39
    38
    37
    41
    36
    38
    37
    38
    34
    37
    41
    36
    40
    39
    39
    36
    41
    38
    39
    38
    39
    40
    40
    39
    39
    42
    42
    41
    35
    36
    37
    38
    40
    36
    35
    35
    33
    35
    39
    41
    39
    37
    42
    38
    37
    40
    36
    37
    34
    41
    43
    39
    41
    38
    34
    40
    37
    36
    34
    41
    40
    38
    41
    37
    35
    38
    49
    85
   102
   102
    99
   113
   114
   130
   128
   145
   148
   141
   122
   126
   134
   140
   137
   135
   124
   127
   130
   126
   132
   135
   142
   142
   139
   150
   159
   156
   167
   188
   191
   181
   172
   170
   146
   112
    79
    57
    18
    21
    36
    40
    36
    36
    33
    37
    34
    35
    38
    37
    40
    38
    37
    40
    32
    39
    33
    34
    37
    39
    39
    38
    33
    38
    40
    36
    37
    40
    40
    37
    37
    34
    40
    44
    41
    42
    40
    32
    34
    33
    34
    32
    34
    32
    36
    37
    34
    35
    36
    36
    37
    37
    41
    39
    32
    36
    40
    41
    41
    40
    38
    37
    39
    39
    41
    39
    33
    41
    50
    51
    87
   115
   117
   120
   122
   123
   137
   141
   148
   136
   125
   128
   140
   148
   149
   143
   142
   147
   157
   152
   152
   155
   165
   160
   159
   169
   175
   173
   173
   173
   166
   160
   167
   181
   183
   169
   150
   151
   159
   153
   129
    63
    31
    41
    42
    39
    37
    35
    40
    38
    35
    32
    32
    31
    33
    27
    34
    35
    36
    38
    37
    34
    36
    37
    35
    35
    35
    38
    34
    39
    39
    35
    35
    39
    37
    37
    40
    35
    38
    37
    36
    33
    35
    38
    40
    37
    35
    36
    35
    36
    37
    39
    39
    38
    36
    36
    42
    40
    36
    36
    33
    39
    38
    43
    39
    39
    36
    43
    52
    69
    81
   104
   112
   110
   113
   122
   135
   128
   127
   115
   111
   111
   116
   123
   135
   141
   140
   139
   144
   148
   152
   158
   154
   146
   137
   141
   146
   146
   142
   142
   151
   173
   187
   163
   154
   164
   165
   167
   156
   120
    98
   106
   120
   116
    70
    22
     8
    13
    21
    26
    31
    38
    33
    34
    36
    34
    33
    40
    35
    30
    36
    34
    34
    36
    35
    34
    37
    41
    36
    35
    41
    38
    35
    38
    43
    38
    39
    42
    39
    42
    42
    30
    35
    35
    33
    34
    36
    38
    37
    40
    42
    40
    37
    36
    38
    37
    42
    37
    33
    40
    40
    39
    46
    43
    37
    39
    45
    43
    45
    60
    68
    99
   118
   129
   117
   124
   128
   134
   132
   129
   119
   128
   132
   135
   147
   150
   133
   123
   131
   145
   153
   161
   162
   150
   143
   151
   161
   169
   164
   161
   158
   164
   165
   154
   154
   176
   178
   169
   173
   180
   177
   154
   110
   101
   122
   133
   159
   170
   154
   111
    74
    61
    37
    18
    18
    22
    31
    42
    34
    33
    32
    39
    32
    33
    33
    34
    35
    37
    35
    34
    35
    35
    34
    36
    41
    41
    40
    36
    38
    39
    37
    42
    42
    37
    34
    38
    36
    35
    35
    33
    36
    37
    33
    32
    37
    38
    34
    43
    36
    39
    38
    39
    37
    37
    39
    34
    41
    40
    43
    47
    62
    87
   112
   124
   132
   128
   122
   122
   116
   140
   146
   128
   123
   131
   146
   145
   143
   134
   137
   140
   143
   142
   137
   134
   133
   137
   144
   151
   151
   143
   143
   139
   145
   152
   149
   129
   121
   140
   158
   161
   153
   145
   146
   158
   145
    96
    68
    84
   112
   137
   155
   160
   165
   157
   155
   151
   126
    77
    23
     8
    28
    35
    32
    29
    36
    36
    39
    35
    36
    39
    36
    33
    36
    38
    36
    37
    39
    35
    36
    39
    38
    37
    34
    34
    38
    34
    35
    33
    35
    37
    38
    37
    36
    36
    33
    39
    39
    40
    39
    34
    39
    36
    39
    34
    39
    37
    36
    41
    44
    49
    48
    76
   109
   116
   120
   130
   138
   123
   121
   123
   142
   133
   124
   129
   129
   143
   144
   149
   139
   139
   135
   144
   150
   142
   132
   134
   146
   150
   157
   155
   147
   142
   143
   149
   143
   139
   151
   172
   167
   138
   134
   149
   149
   151
   141
   133
   136
   130
   144
   156
   177
   185
   188
   182
   175
   171
   166
   146
   141
   164
   167
   120
    25
    21
    34
    36
    34
    35
    33
    35
    32
    32
    32
    34
    32
    31
    35
    37
    38
    35
    37
    35
    38
    32
    39
    35
    38
    35
    36
    34
    36
    36
    35
    38
    34
    38
    39
    35
    34
    36
    39
    37
    36
    40
    38
    44
    37
    36
    43
    67
    84
    81
   106
   119
   117
   118
   125
   132
   124
   124
   120
   123
   127
   129
   133
   132
   129
   132
   135
   136
   140
   141
   155
   158
   154
   160
   176
   187
   199
   186
   176
   164
   160
   165
   152
   149
   152
   153
   148
   140
   144
   166
   159
   137
   124
   117
   128
   139
   137
   138
   151
   165
   172
   173
   164
   154
   140
   140
   145
   171
   162
   152
   156
   154
   142
    40
    26
    32
    34
    28
    31
    33
    30
    30
    34
    31
    32
    33
    33
    33
    31
    33
    36
    39
    37
    39
    40
    37
    37
    34
    37
    36
    34
    35
    36
    35
    42
    34
    38
    37
    37
    38
    36
    38
    40
    36
    39
    41
    45
    47
    69
    84
    99
   125
   124
   127
   124
   124
   120
   116
   117
   120
   125
   131
   133
   130
   137
   148
   159
   168
   170
   177
   179
   180
   179
   182
   187
   187
   178
   144
   110
   104
   129
   151
   159
   146
   161
   161
   150
   154
   155
   143
   136
   132
   147
   149
   136
   125
   113
   110
   125
   136
   148
   156
   152
   147
   144
   143
   145
   134
   134
   151
   160
   155
   155
   163
   162
   147
    47
    32
    32
    34
    33
    33
    36
    33
    27
    34
    32
    32
    32
    35
    37
    35
    35
    31
    37
    35
    33
    37
    36
    39
    34
    36
    36
    39
    34
    36
    34
    39
    36
    38
    37
    36
    40
    39
    41
    40
    35
    50
    65
    77
    94
   112
   123
   137
   128
   125
   122
   116
   117
   112
   118
   121
   122
   125
   114
   113
   123
   133
   146
   146
   150
   152
   169
   177
   177
   184
   189
   187
   173
   161
   145
   147
   108
    71
    55
    62
    70
    88
   110
   130
   133
   125
   114
    92
    84
   102
   113
   111
   108
   103
   102
   120
   148
   139
   106
    98
   118
   140
   138
   149
   166
   176
   167
   162
   158
   163
   163
   148
    94
    32
    35
    34
    33
    34
    33
    32
    36
    31
    33
    31
    33
    29
    26
    27
    30
    34
    32
    31
    32
    33
    29
    32
    35
    39
    36
    36
    39
    38
    41
    36
    40
    35
    37
    41
    40
    42
    32
    45
    77
    93
    97
   107
   121
   124
   128
   126
   130
   123
   116
   109
   105
   107
   106
   110
   114
   112
   127
   130
   131
   130
   125
   123
   126
   130
   129
   143
   169
   186
   180
   161
   151
   168
    67
    45
    81
    98
   110
   106
   107
   105
   105
    86
    81
    95
   101
   121
   124
   118
   122
   124
   132
   133
   129
   123
    98
    65
    97
   146
   143
   121
   134
   135
   149
   167
   173
   178
   175
   166
   161
   154
   129
    44
    33
    35
    34
    32
    33
    32
    34
    32
    34
    32
    31
    33
    37
    37
    34
    33
    32
    35
    36
    34
    39
    37
    38
    33
    36
    34
    36
    34
    39
    41
    36
    39
    36
    37
    38
    33
    48
    56
   107
   124
   129
   126
   124
   132
   135
   138
   142
   127
   113
   109
   111
   106
   110
   115
   123
   134
   126
   120
   122
   127
   126
   129
   130
   139
   155
   158
   170
   158
   125
    91
    99
    85
    49
    55
    77
    94
    91
   109
   139
   163
   167
   165
   157
   151
   149
   138
   136
   137
   131
   126
   117
   112
   113
   122
   139
   149
   172
   173
   185
   186
   163
   135
   122
   164
   180
   177
   168
   163
   165
   164
   138
    61
    31
    29
    31
    31
    31
    37
    31
    36
    34
    34
    34
    34
    32
    33
    35
    34
    30
    33
    34
    33
    31
    35
    33
    40
    38
    37
    36
    43
    39
    40
    37
    40
    41
    38
    34
    46
    44
    88
   125
   137
   136
   136
   135
   142
   139
   136
   139
   135
   115
   106
   112
   104
   115
   131
   131
   128
   136
   146
   147
   148
   153
   152
   156
   153
   160
   156
    94
    70
    97
   121
   128
   127
   131
   147
   148
   142
   144
   139
   118
    96
    71
    95
   141
   167
   143
   135
   134
   135
   134
   134
   138
   134
   129
   125
   117
   115
   108
   112
   113
   114
   124
   141
   153
   168
   181
   182
   176
   177
   180
   167
   141
    85
    46
    38
    34
    38
    44
    32
    34
    30
    31
    30
    30
    29
    33
    36
    33
    33
    34
    33
    30
    35
    33
    36
    37
    34
    36
    37
    40
    38
    32
    35
    44
    34
    42
    44
    51
    39
    62
   103
   142
   150
   149
   145
   128
   136
   142
   144
   144
   133
   127
   131
   134
   142
   138
   135
   142
   150
   155
   154
   163
   171
   169
   168
   168
   170
   144
   104
   128
   145
   144
   122
   117
   125
   123
   138
   150
   122
    85
    50
    67
   103
   164
   164
   101
    62
   143
   146
   145
   149
   150
   147
   145
   144
   142
   138
   136
   130
   130
   127
   126
   124
   126
   117
   113
   107
   108
   110
   123
   140
   150
   141
   112
   101
   100
    58
    30
    30
    28
    35
    31
    33
    32
    34
    33
    32
    32
    29
    32
    35
    31
    25
    29
    32
    33
    33
    40
    37
    39
    39
    35
    35
    40
    41
    47
    56
    54
    59
    61
    71
   101
   133
   146
   152
   152
   144
   139
   149
   144
   140
   142
   128
   127
   133
   130
   130
   132
   140
   149
   153
   158
   162
   160
   160
   157
   158
   160
   142
   114
   133
   138
   139
   130
   129
   135
   131
   138
   148
   133
   131
   167
   167
   132
    91
    43
    27
   110
   168
    73
   125
   144
   139
   137
   142
   147
   148
   155
   150
   144
   141
   139
   137
   137
   139
   136
   136
   139
   143
   142
   137
   130
   128
   119
   113
   111
    80
    66
    75
    57
    29
    28
    28
    29
    34
    32
    31
    31
    32
    34
    34
    31
    27
    30
    35
    31
    29
    27
    38
    34
    36
    35
    38
    40
    38
    40
    36
    45
    61
    63
    63
    86
   111
   116
   138
   146
   144
   149
   145
   136
   140
   144
   143
   135
   130
   137
   147
   141
   130
   130
   142
   156
   161
   162
   160
   156
   159
   160
   160
   157
   125
   141
   156
   163
   167
   175
   191
   203
   202
   189
   178
   161
   118
   136
   150
   155
   170
   182
   164
   101
    69
   190
   119
   144
   152
   151
   148
   148
   146
   154
   165
   165
   163
   164
   161
   155
   152
   149
   149
   145
   145
   146
   150
   149
   144
   147
   142
   140
   140
   134
   116
    94
    66
    40
    35
    36
    32
    28
    29
    33
    31
    31
    29
    31
    33
    33
    33
    34
    35
    35
    40
    39
    37
    36
    36
    37
    39
    36
    39
    37
    59
    78
    96
   133
   140
   139
   142
   145
   148
   149
   145
   141
   140
   140
   136
   136
   140
   148
   146
   138
   144
   156
   159
   165
   166
   159
   158
   161
   162
   162
   161
   153
   146
   136
   129
   128
   139
   155
   160
   135
   101
    62
    47
    48
    66
    77
    90
   104
   110
   128
   143
   152
   114
    72
   151
   139
   159
   160
   158
   157
   155
   152
   152
   164
   165
   165
   164
   166
   156
   156
   147
   146
   151
   152
   149
   150
   154
   151
   151
   151
   146
   142
   137
   133
   119
    87
    66
    48
    41
    37
    34
    31
    30
    30
    33
    33
    30
    31
    31
    33
    32
    35
    33
    36
    36
    38
    38
    35
    37
    36
    38
    52
    75
   102
   126
   142
   141
   136
   148
   141
   146
   150
   143
   140
   138
   141
   138
   139
   141
   145
   146
   148
   152
   154
   165
   162
   164
   164
   164
   163
   160
   158
   159
   148
   135
   125
   130
   138
   140
   138
   131
   132
   137
   181
   194
   189
   153
   153
   163
   156
   150
   140
   133
   143
   147
   147
   159
   164
   161
   162
   159
   153
   151
   152
   162
   161
   165
   169
   169
   167
   172
   162
   157
   155
   153
   153
   151
   148
   148
   156
   154
   150
   153
   150
   144
   139
   133
   133
   101
    54
    47
    38
    29
    39
    30
    32
    32
    31
    34
    35
    34
    33
    36
    33
    38
    38
    37
    40
    38
    39
    40
    41
    52
    88
   120
   138
   148
   150
   144
   144
   146
   151
   154
   139
   133
   135
   136
   138
   140
   139
   152
   155
   153
   156
   155
   159
   162
   165
   169
   167
   167
   163
   162
   160
   156
   143
   156
   166
   166
   163
   164
   159
   155
   156
   191
   225
   233
   233
   230
   192
   165
   161
   161
   160
   162
   158
   160
   159
   150
   156
   163
   163
   163
   165
   162
   173
   176
   174
   167
   163
   165
   164
   163
   166
   167
   163
   165
   161
   162
   157
   155
   156
   151
   151
   147
   149
   150
   151
   144
   137
   136
   121
    60
    40
    43
    32
    42
    32
    33
    35
    34
    35
    35
    34
    33
    33
    36
    35
    39
    35
    40
    46
    48
    54
    84
   121
   136
   143
   150
   149
   141
   141
   149
   155
   145
   137
   134
   132
   145
   150
   138
   143
   150
   150
   148
   152
   148
   152
   162
   169
   171
   172
   167
   166
   163
   164
   151
   154
   161
   159
   154
   152
   142
   131
   126
   137
   150
   179
   200
   201
   187
   169
   160
   160
   158
   162
   167
   166
   167
   179
   172
   124
   146
   163
   163
   160
   165
   173
   182
   181
   174
   171
   172
   172
   172
   168
   163
   165
   162
   164
   157
   155
   153
   153
   156
   157
   155
   149
   148
   145
   141
   143
   133
   131
   129
   102
    80
    61
    29
    20
    27
    19
    19
    26
    33
    38
    39
    39
    37
    39
    38
    40
    38
    45
    53
    65
   103
   131
   140
   141
   138
   139
   135
   155
   157
   158
   150
   149
   147
   144
   147
   155
   145
   150
   156
   157
   151
   145
   148
   156
   160
   164
   167
   166
   168
   166
   166
   160
   154
   156
   154
   152
   145
   134
   131
   147
   160
   162
   154
   131
   115
   127
   148
   162
   165
   160
   162
   163
   165
   167
   170
   164
   166
   126
   148
   167
   163
   164
   175
   187
   186
   188
   186
   182
   177
   172
   170
   169
   169
   166
   162
   156
   157
   161
   157
   160
   154
   155
   154
   153
   158
   151
   144
   137
   138
   129
   124
   121
   129
   140
   144
   132
   115
    91
    64
    46
    25
    16
    20
    17
    39
    36
    37
    38
    41
    54
    73
    84
   117
   129
   137
   138
   138
   135
   140
   155
   159
   161
   158
   159
   161
   157
   164
   153
   146
   150
   148
   152
   149
   148
   145
   150
   155
   168
   174
   173
   172
   167
   169
   156
   144
   156
   157
   151
   138
   143
   159
   175
   175
   160
   134
   110
   111
   127
   147
   165
   170
   168
   163
   162
   164
   163
   161
   162
   170
   132
   146
   164
   165
   173
   184
   187
   193
   189
   187
   184
   178
   178
   173
   169
   163
   163
   166
   160
   155
   153
   162
   160
   159
   159
   161
   164
   158
   156
   156
   154
   148
   143
   141
   131
   117
   114
   130
   132
   137
   140
   144
   139
   144
   137
   128
   117
    38
    40
    38
    41
    53
    68
    91
   108
   114
   129
   133
   137
   139
   128
   154
   157
   171
   163
   153
   161
   164
   167
   169
   151
   145
   151
   151
   155
   147
   144
   135
   137
   157
   170
   171
   169
   168
   169
   167
   152
   151
   152
   149
   141
   160
   188
   197
   193
   177
   141
   127
   121
   117
   125
   143
   162
   173
   171
   166
   162
   162
   164
   162
   161
   168
   130
   150
   163
   166
   180
   189
   188
   186
   185
   182
   181
   182
   180
   178
   180
   174
   165
   166
   165
   167
   165
   161
   151
   152
   152
   154
   157
   159
   157
   158
   158
   155
   149
   141
   141
   132
   122
   113
   128
   135
   137
   137
   138
   137
   133
   134
   138
    35
    36
    36
    40
    64
    90
    94
   112
   122
   125
   131
   139
   136
   146
   159
   169
   173
   153
   152
   157
   161
   161
   158
   153
   152
   147
   144
   157
   145
   140
   130
   143
   170
   177
   175
   175
   172
   167
   152
   145
   157
   154
   145
   163
   184
   194
   196
   179
   143
   131
   127
   110
   116
   132
   143
   160
   172
   167
   161
   155
   152
   150
   153
   157
   172
   132
   153
   161
   172
   189
   194
   191
   190
   185
   187
   185
   181
   182
   180
   179
   180
   175
   176
   174
   169
   166
   170
   168
   156
   151
   147
   148
   152
   158
   162
   162
   160
   153
   148
   147
   144
   136
   124
   113
   126
   130
   135
   137
   139
   145
   139
   132
    40
    38
    39
    39
    65
   104
   112
   112
   120
   128
   135
   139
   138
   153
   167
   179
   162
   144
   150
   160
   161
   155
   162
   157
   148
   143
   138
   153
   152
   139
   132
   162
   177
   179
   175
   169
   169
   163
   151
   117
   151
   139
   143
   162
   180
   173
   170
   154
   168
   163
   129
   101
   131
   154
   158
   164
   163
   157
   157
   153
   152
   150
   149
   153
   173
   127
   146
   158
   171
   190
   191
   190
   187
   190
   185
   186
   185
   182
   187
   186
   186
   185
   183
   184
   180
   179
   168
   168
   175
   166
   155
   156
   157
   148
   149
   153
   159
   160
   154
   150
   141
   137
   134
   123
   115
   120
   127
   131
   136
   135
   140
   149
    38
    43
    43
    42
    88
   120
   123
   122
   123
   134
   136
   137
   137
   153
   169
   165
   129
   132
   144
   153
   157
   151
   164
   154
   146
   140
   141
   146
   150
   135
   151
   173
   174
   178
   182
   178
   170
   163
   141
   132
   179
   145
   153
   169
   177
   172
   150
   126
   152
   141
   103
   102
   140
   164
   165
   161
   162
   160
   155
   150
   147
   152
   154
   156
   166
   122
   134
   143
   170
   186
   189
   188
   192
   192
   187
   188
   188
   183
   183
   184
   178
   178
   182
   185
   183
   185
   184
   178
   174
   171
   168
   158
   157
   161
   155
   146
   145
   151
   150
   149
   153
   151
   138
   133
   125
   122
   127
   130
   132
   132
   131
   132
    35
    36
    43
    48
    86
   122
   124
   121
   134
   143
   136
   136
   145
   165
   161
   126
   129
   131
   147
   157
   155
   150
   162
   145
   145
   142
   140
   149
   139
   140
   166
   176
   180
   181
   181
   179
   173
   152
   124
   141
   195
   154
   158
   182
   195
   197
   232
   235
   182
   121
   135
   111
   133
   144
   152
   158
   159
   155
   151
   147
   147
   150
   156
   161
   161
   119
   131
   156
   179
   183
   186
   184
   183
   183
   182
   183
   185
   184
   183
   179
   181
   180
   180
   181
   181
   180
   179
   179
   171
   167
   170
   171
   158
   155
   158
   150
   148
   152
   150
   150
   151
   149
   144
   136
   127
   116
   120
   123
   130
   131
   131
   133
    43
    38
    41
    60
    91
   120
   122
   133
   142
   138
   127
   137
   150
   148
   134
   127
   134
   144
   153
   157
   149
   163
   165
   147
   147
   144
   146
   150
   139
   156
   173
   180
   181
   181
   180
   175
   169
   152
   121
   145
   187
   141
   146
   170
   187
   197
   227
   225
   205
   125
    76
    87
   121
   133
   134
   148
   151
   151
   147
   148
   146
   150
   159
   168
   146
   111
   122
   162
   180
   181
   182
   181
   176
   175
   177
   180
   181
   178
   179
   179
   178
   175
   178
   177
   174
   173
   168
   165
   167
   163
   162
   162
   158
   155
   150
   154
   161
   162
   163
   155
   148
   154
   146
   142
   133
   129
   115
   118
   125
   130
   133
   132
    33
    40
    55
    78
   106
   126
   127
   133
   143
   136
   126
   142
   144
   133
   134
   131
   148
   151
   154
   149
   148
   163
   162
   157
   146
   147
   155
   150
   147
   166
   177
   178
   179
   180
   177
   171
   161
   144
   117
   159
   175
   131
   129
   153
   165
   162
   176
   182
   115
    69
    45
   106
   130
   129
   120
   129
   143
   142
   143
   145
   150
   152
   160
   169
   131
   105
   128
   169
   184
   180
   179
   170
   175
   175
   173
   174
   173
   175
   177
   167
   166
   172
   171
   169
   164
   162
   160
   147
   151
   152
   149
   147
   143
   147
   151
   152
   155
   154
   159
   163
   151
   148
   148
   142
   140
   130
   125
   116
   117
   122
   127
   133
    44
    55
    75
   101
   113
   129
   123
   130
   137
   125
   128
   139
   130
   125
   138
   154
   159
   155
   145
   145
   147
   166
   159
   149
   148
   146
   160
   149
   157
   174
   174
   178
   179
   177
   173
   172
   159
   141
   105
   179
   161
   130
   131
   151
   152
   145
   122
   104
    73
    64
    85
   116
   127
   123
   116
   128
   139
   145
   144
   147
   153
   159
   165
   165
   108
   105
   148
   180
   179
   174
   168
   175
   173
   170
   172
   173
   169
   167
   160
   165
   167
   170
   177
   175
   165
   157
   149
   149
   141
   134
   135
   134
   138
   146
   149
   146
   150
   159
   165
   160
   162
   151
   154
   150
   142
   132
   124
   115
   113
   114
   124
   128
    43
    58
    95
   118
   123
   134
   129
   135
   129
   123
   129
   132
   126
   142
   146
   153
   155
   144
   139
   148
   166
   174
   152
   138
   151
   149
   150
   143
   157
   166
   175
   180
   177
   177
   177
   177
   157
   141
   104
   187
   147
   121
   122
   144
   151
   144
   125
   115
    93
    76
    88
   113
   122
   117
   117
   133
   140
   140
   147
   149
   150
   157
   169
   140
   110
   112
   164
   178
   179
   168
   162
   166
   168
   168
   170
   172
   167
   163
   166
   174
   175
   175
   170
   158
   143
   143
   145
   133
   130
   147
   154
   149
   149
   155
   159
   157
   154
   160
   168
   166
   170
   167
   166
   157
   150
   146
   133
   123
   116
   119
   120
   120
    43
    70
   100
   120
   129
   138
   131
   141
   128
   125
   127
   135
   138
   138
   147
   144
   145
   138
   133
   159
   167
   171
   144
   149
   156
   149
   150
   153
   166
   175
   172
   180
   178
   177
   181
   180
   163
   137
   101
   197
   136
   115
   116
   138
   145
   141
   124
   110
    98
   105
   111
   113
   112
   107
   125
   136
   142
   146
   143
   147
   155
   164
   162
   115
   106
   133
   171
   173
   162
   160
   168
   170
   175
   177
   173
   172
   174
   174
   174
   176
   176
   171
   153
   134
   126
   129
   133
   138
   159
   172
   168
   165
   154
   149
   159
   161
   151
   163
   166
   165
   165
   168
   166
   162
   147
   144
   140
   126
   118
   113
   117
   125
    38
    69
   110
   121
   126
   140
   132
   138
   133
   124
   123
   128
   134
   140
   140
   139
   137
   135
   141
   158
   158
   165
   156
   151
   154
   152
   141
   155
   167
   175
   177
   177
   174
   176
   177
   170
   150
   133
    99
   208
   141
   115
   112
   128
   143
   147
   131
   106
    96
    81
    99
   110
   107
   116
   130
   139
   141
   146
   142
   146
   157
   170
   125
   121
   113
   152
   168
   158
   158
   164
   172
   177
   179
   180
   172
   170
   169
   168
   170
   175
   180
   173
   160
   134
   107
   131
   154
   177
   180
   178
   177
   167
   161
   153
   148
   153
   155
   165
   168
   169
   171
   170
   170
   163
   158
   150
   139
   126
   119
   111
   117
   120
    62
    85
   115
   121
   122
   140
   126
   134
   134
   120
   121
   136
   141
   131
   129
   128
   136
   132
   148
   154
   155
   154
   148
   155
   150
   156
   136
   153
   169
   174
   172
   177
   176
   178
   180
   175
   147
   127
   101
   212
   141
   121
   117
   126
   139
   144
   138
   111
    96
    84
    92
   107
   109
   126
   139
   141
   143
   142
   148
   155
   170
   129
   123
   125
   138
   160
   160
   163
   168
   177
   179
   178
   171
   172
   168
   167
   169
   168
   170
   174
   179
   177
   161
   120
    92
   142
   179
   184
   183
   180
   174
   167
   162
   158
   156
   159
   152
   155
   166
   161
   169
   175
   169
   171
   160
   156
   146
   133
   123
   114
   111
   114
    75
    98
   120
   120
   120
   137
   120
   118
   123
   119
   121
   130
   131
   132
   124
   135
   145
   146
   156
   147
   161
   155
   157
   153
   146
   152
   132
   152
   168
   168
   173
   174
   178
   180
   179
   168
   144
   125
   110
   184
   116
   117
   115
   121
   139
   139
   140
   124
   107
   100
   112
   115
   122
   139
   145
   146
   150
   150
   155
   165
   120
   116
   137
   115
   150
   166
   166
   170
   173
   173
   179
   181
   174
   172
   170
   168
   163
   168
   176
   172
   156
   129
    99
    65
    72
   122
   143
   165
   184
   185
   176
   168
   162
   156
   156
   150
   156
   155
   157
   157
   158
   165
   169
   169
   163
   155
   145
   138
   123
   113
   115
   115
   101
   110
   126
   131
   117
   126
   116
   117
   136
   134
   122
   126
   125
   122
   124
   131
   142
   152
   147
   154
   162
   150
   151
   157
   153
   150
   139
   151
   165
   165
   164
   169
   176
   182
   182
   169
   144
   130
   115
   134
    96
   117
   118
   122
   126
   136
   134
   128
   120
   125
   132
   131
   139
   142
   142
   143
   154
   172
   146
   100
   118
   128
   107
   130
   147
   157
   161
   167
   170
   173
   173
   170
   164
   166
   164
   160
   164
   167
   174
   162
   117
    87
    66
    63
   113
   133
   132
   141
   161
   177
   180
   173
   166
   162
   155
   153
   153
   158
   159
   162
   164
   169
   165
   166
   162
   160
   149
   139
   129
   113
   107
   110
   116
   121
   121
   132
   124
   132
   111
   113
   126
   132
   112
   120
   118
   126
   126
   139
   141
   145
   144
   159
   153
   144
   149
   146
   154
   148
   138
   155
   163
   169
   171
   169
   172
   176
   172
   171
   152
   127
   115
   125
    71
   112
   118
   118
   122
   128
   131
   135
   135
   151
   150
   145
   143
   149
   163
   179
   157
    96
    97
   123
   119
   116
   151
   178
   179
   172
   163
   149
   146
   158
   163
   162
   169
   168
   169
   166
   167
   179
   168
   123
    86
    62
    71
   104
   131
   132
   129
   138
   152
   167
   174
   173
   166
   160
   157
   151
   148
   145
   155
   157
   158
   167
   168
   167
   168
   159
   151
   141
   132
   119
   106
   107
   110
   122
   122
   133
   126
   131
   119
   117
   124
   126
   114
   114
   114
   124
   128
   145
   135
   144
   155
   157
   146
   150
   145
   152
   150
   142
   140
   156
   159
   166
   166
   165
   171
   179
   175
   161
   155
   141
   126
   122
    78
    76
   116
   124
   131
   143
   145
   141
   141
   139
   140
   157
   173
   170
   138
    84
    76
   124
   125
    96
   126
   162
   184
   180
   168
   157
   144
   130
   118
   146
   163
   167
   166
   164
   163
   174
   180
   174
   132
    99
    72
    57
    55
   107
   131
   128
   133
   129
   138
   147
   167
   164
   159
   159
   158
   152
   147
   146
   150
   148
   151
   163
   170
   163
   164
   164
   154
   145
   138
   122
   104
   106
   101
   117
   130
   138
   130
   133
   125
   116
   126
   130
   113
   113
   113
   124
   136
   141
   130
   142
   155
   150
   151
   147
   144
   152
   151
   152
   150
   161
   164
   165
   167
   165
   168
   177
   181
   176
   164
   148
   133
   110
    97
    96
   110
   142
   145
   147
   147
   147
   148
   152
   145
   119
    84
    58
    66
   107
   114
   103
   116
   150
   167
   173
   170
   163
   144
   118
    90
    88
   111
   151
   164
   163
   173
   172
   170
   178
   180
   152
   112
    76
    46
    35
    25
    40
   116
   131
   129
   134
   130
   143
   155
   165
   158
   152
   151
   153
   152
   153
   155
   147
   150
   152
   161
   161
   164
   154
   143
   136
   129
   122
   113
   102
    90
   114
   124
   139
   130
   136
   128
   120
   126
   131
   116
   111
   116
   116
   128
   136
   129
   145
   147
   156
   147
   137
   146
   147
   149
   151
   157
   161
   161
   161
   166
   163
   170
   171
   169
   170
   167
   153
   144
   114
    99
   123
   111
   117
   142
   154
   156
   145
   119
   107
    85
    87
   106
   123
   136
   131
   142
   154
   167
   173
   172
   162
   151
   129
    97
    55
    58
   107
   141
   161
   168
   165
   163
   165
   175
   185
   165
   125
    96
    58
    35
    32
    21
    24
    89
   120
   132
   137
   137
   136
   139
   157
   155
   145
   140
   142
   148
   154
   155
   157
   156
   154
   148
   150
   150
   147
   130
   120
   121
   119
   110
    94
    83
   107
   121
   138
   130
   135
   133
   127
   133
   121
   115
   116
   112
   111
   125
   124
   143
   146
   151
   153
   143
   146
   146
   153
   145
   153
   160
   165
   167
   163
   163
   168
   168
   170
   166
   168
   167
   156
   145
   116
   111
   139
   148
   139
    90
   147
   140
   132
   129
   124
   124
   130
   143
   158
   164
   169
   169
   169
   183
   176
   160
   146
   133
    75
    25
    30
    84
   150
   159
   163
   168
   166
   165
   169
   179
   175
   142
   109
    81
    49
    52
    80
    64
    22
    59
   115
   132
   138
   132
   126
   133
   145
   148
   137
   134
   137
   148
   158
   158
   162
   160
   153
   158
   161
   151
   143
   139
   123
   121
   115
   108
    95
    75
   108
   121
   137
   130
   130
   126
   120
   128
   117
   109
   109
   104
   115
   128
   134
   138
   144
   152
   151
   145
   143
   144
   146
   149
   160
   162
   169
   168
   167
   165
   171
   174
   179
   180
   183
   177
   160
   150
   123
   120
   146
   158
   149
   146
   223
   195
   139
   132
   141
   154
   163
   171
   173
   167
   167
   162
   168
   179
   169
   157
   148
   120
    58
    47
    51
   104
   156
   172
   172
   177
   173
   172
   177
   180
   163
   122
    98
    63
    35
    55
    81
    37
    14
    36
   111
   129
   142
   130
   123
   123
   130
   136
   126
   118
   125
   137
   155
   157
   156
   156
   156
   149
   156
   161
   143
   127
   118
   115
   111
   101
    90
    62
    95
   114
   135
   133
   134
   126
   117
   127
   113
   106
   108
   114
   123
   136
   130
   132
   135
   152
   154
   145
   146
   151
   144
   150
   159
   164
   168
   165
   164
   163
   166
   174
   174
   180
   177
   169
   159
   152
   108
   127
   156
   160
   143
   143
   223
   151
   131
   167
   173
   169
   164
   162
   159
   163
   163
   167
   174
   187
   183
   171
   161
   145
    84
    72
   109
   144
   163
   167
   174
   169
   169
   171
   172
   180
   162
   118
    95
    67
    73
   120
   179
   110
    27
    39
   106
   127
   133
   132
   125
   116
   116
   122
   115
   115
   121
   135
   147
   157
   153
   155
   159
   165
   163
   156
   145
   131
   119
   119
   103
    94
    97
    53
    86
   110
   133
   130
   131
   129
   116
   120
   108
   106
   111
   119
   132
   130
   130
   126
   137
   148
   152
   145
   149
   142
   149
   158
   158
   164
   167
   165
   162
   164
   168
   170
   180
   178
   174
   165
   162
   156
   107
   138
   166
   160
   131
   109
   118
    86
   129
   153
   163
   165
   165
   160
   157
   154
   161
   167
   175
   175
   180
   176
   161
   154
   148
   134
   130
   144
   165
   169
   171
   167
   165
   166
   168
   174
   156
   119
    93
    74
    96
   146
   204
   147
    30
    27
    89
   130
   138
   126
   122
   107
    99
   102
   104
   109
   124
   138
   150
   155
   154
   157
   153
   156
   156
   145
   135
   126
   117
   115
    98
    87
    79
    55
    82
   107
   126
   126
   126
   132
   118
   117
   103
   111
   124
   129
   129
   129
   127
   133
   135
   139
   150
   148
   148
   149
   151
   158
   156
   163
   166
   166
   167
   167
   174
   168
   177
   181
   181
   176
   171
   156
   101
   133
   157
   151
   125
   107
    85
    66
   113
   145
   150
   149
   143
   147
   147
   150
   154
   169
   209
   209
   181
   157
   144
   137
   127
   126
   134
   130
   140
   157
   156
   159
   161
   157
   165
   167
   161
   118
    87
    71
    94
   136
   184
   139
    33
    31
    87
   131
   134
   125
   122
   110
    90
    95
   100
   108
   118
   138
   147
   149
   147
   155
   160
   163
   153
   135
   135
   127
   118
   104
    92
    83
    82
    50
    77
    99
   117
   121
   123
   125
   116
   107
   110
   127
   125
   125
   127
   126
   121
   132
   127
   145
   151
   153
   147
   154
   162
   154
   159
   165
   168
   166
   167
   169
   173
   177
   175
   184
   179
   175
   167
   149
    92
   128
   152
   144
   124
    98
    72
    74
   124
   153
   150
   145
   142
   143
   138
   140
   143
   158
   176
   178
   161
   150
   131
   118
   105
    92
    98
   101
   105
   114
   126
   135
   146
   154
   155
   157
   160
   133
    97
    73
    97
   146
   206
   156
    37
    24
    73
   127
   134
   123
   138
   118
    82
    86
    99
   110
   117
   135
   145
   154
   153
   157
   155
   150
   143
   129
   118
   114
   103
    97
    86
    81
    79
    55
    79
   100
   112
   111
   118
   119
   115
   102
   115
   117
   122
   126
   129
   121
   132
   129
   131
   153
   152
   144
   152
   158
   155
   151
   160
   162
   162
   160
   165
   168
   176
   176
   179
   181
   187
   176
   157
   138
    91
   129
   148
   145
   122
    92
   129
   107
   120
   127
   147
   149
   147
   140
   139
   137
   151
   158
   156
   151
   152
   147
   135
   117
   101
   106
   101
    94
    92
   113
   134
   146
   157
   160
   164
   165
   167
   137
    88
    48
    60
    80
   120
    73
    20
    26
    87
   132
   142
   136
   131
   101
    71
    85
   108
   115
   120
   141
   145
   152
   148
   153
   158
   156
   149
   141
   128
   111
   110
    97
    81
    72
    74
    48
    71
    94
   106
   107
   113
   116
   111
   112
   114
   118
   124
   127
   128
   129
   136
   131
   147
   150
   142
   152
   165
   161
   147
   154
   160
   164
   161
   162
   165
   164
   170
   179
   171
   165
   161
   162
   150
   122
    81
   111
   121
   126
   123
   113
   177
   146
    95
    98
    94
   110
   132
   148
   144
   144
   147
   151
   160
   160
   151
   139
   131
   126
   127
   116
   111
    97
   101
   124
   150
   163
   173
   170
   168
   169
   161
   119
    75
    64
    99
   137
   174
    93
    25
    28
   104
   136
   144
   122
   110
    81
    74
    99
   105
   111
   127
   141
   143
   153
   158
   153
   157
   158
   151
   139
   122
   110
   102
    92
    84
    71
    75
    54
    68
    87
    97
   105
   111
   109
   101
   109
   115
   121
   121
   126
   127
   142
   132
   134
   147
   150
   158
   171
   163
   145
   148
   155
   161
   162
   161
   163
   164
   167
   170
   175
   173
   167
   157
   150
   137
   118
    79
   106
   138
   143
   145
   147
   123
   128
   142
   138
   119
   101
    87
   107
   142
   149
   150
   151
   176
   174
   141
   128
   128
   114
    70
    86
   100
   104
   105
   126
   145
   160
   171
   176
   181
   180
   155
   101
    75
    69
    98
   125
   168
   104
    26
    44
   113
   128
   140
   126
   115
    93
    92
   103
   110
   113
   120
   134
   149
   153
   149
   152
   152
   145
   143
   134
   122
   110
   103
    88
    72
    74
    76
    61
    72
    86
    94
   102
   104
    99
    97
   106
   113
   120
   134
   125
   131
   119
   116
   139
   150
   163
   168
   156
   138
   144
   152
   157
   160
   159
   160
   162
   162
   166
   174
   176
   174
   174
   170
   156
   142
   111
    83
   115
   131
   138
   136
   130
   126
   123
   115
   108
   113
   107
    99
    81
    78
   112
   134
   132
   148
   152
   136
   129
   119
    84
    36
    79
   115
   125
   134
   138
   150
   161
   168
   171
   174
   171
   135
    98
    75
    67
    91
   118
   152
    93
    22
    84
   132
   129
   120
   112
   107
    89
    86
   101
   105
   108
   122
   135
   146
   150
   152
   150
   154
   153
   139
   129
   124
   114
   102
    91
    74
    70
    80
    55
    78
    88
    94
   103
    99
    95
    96
   109
   120
   124
   117
   123
   114
   117
   144
   158
   160
   155
   140
   129
   142
   153
   151
   155
   156
   158
   160
   162
   165
   168
   169
   177
   185
   180
   165
   147
   137
   110
    72
    78
   119
   127
   132
   150
   153
   143
   135
   141
   132
   127
   125
   120
    99
    78
    86
   123
   127
   144
   149
   140
   125
    98
    43
    24
    58
   115
   138
   149
   149
   151
   156
   163
   169
   167
   135
   102
    73
    62
    90
   122
   156
    94
    47
   118
   128
   136
   113
   102
   104
    99
   105
   102
   107
   114
   121
   141
   148
   150
   150
   148
   151
   152
   140
   134
   121
   113
    97
    82
    69
    69
    75
    64
    87
    96
    92
    97
    91
    88
   107
   117
   119
   118
   121
   119
   129
   148
   150
   144
   137
   125
   125
   145
   155
   151
   151
   155
   153
   151
   155
   158
   163
   163
   168
   171
   176
   163
   144
   126
   116
    99
    67
   111
   126
   128
   134
   133
   123
   108
   105
   127
   134
   142
   141
   139
   138
   129
   104
    91
   124
   136
   150
   150
   132
   108
    56
    30
    31
   101
   134
   145
   151
   148
   149
   157
   162
   156
   139
   101
    79
    54
    50
    85
    93
    30
    59
   121
   119
   116
   109
   110
   110
   110
   116
   115
   112
   115
   130
   145
   150
   141
   140
   144
   143
   137
   139
   129
   117
   109
    91
    75
    72
    72
    76
    64
    92
   100
    97
    97
    95
   109
   110
   110
   107
   119
   123
   126
   142
   143
   142
   137
   136
   148
   164
   158
   153
   153
   158
   158
   152
   149
   152
   154
   158
   160
   161
   170
   160
   156
   148
   129
   117
    88
    71
   119
   129
   129
   119
   117
   122
   122
   115
   137
   144
   136
   140
   142
   142
   142
   144
   127
    96
   118
   130
   148
   155
   140
   109
    52
    35
    85
   130
   136
   143
   155
   153
   151
   153
   155
   145
   111
    91
    75
    54
    66
    81
    37
    76
   123
   125
   121
   115
   116
   111
   120
   123
   121
   117
   118
   131
   136
   144
   145
   138
   141
   139
   135
   133
   129
   114
   106
    95
    81
    78
    79
    79
    63
    81
    88
    93
   102
    99
   103
   108
   110
   121
   125
   123
   128
   130
   129
   137
   142
   149
   146
   143
   141
   144
   150
   156
   151
   149
   149
   150
   154
   160
   162
   165
   166
   160
   150
   141
   124
   113
    86
    90
   123
   126
   123
   126
   141
   147
   133
   126
   122
   129
   127
   131
   131
   134
   141
   144
   149
   132
    82
   106
   136
   158
   158
   133
   103
    65
    67
    95
   134
   148
   155
   155
   157
   162
   163
   155
   127
   101
    86
    67
    64
    78
    43
    99
   118
   116
   117
   120
   117
   123
   125
   121
   121
   123
   122
   130
   143
   144
   142
   140
   137
   141
   138
   139
   124
   107
    97
    87
    77
    78
    85
    78
    58
    81
    87
    95
    92
    93
   103
   111
   121
   120
   119
   122
   119
   124
   134
   135
   127
   127
   130
   134
   143
   150
   153
   151
   149
   149
   148
   151
   156
   157
   162
   160
   164
   161
   151
   135
   121
   105
    72
    98
   107
   121
   137
   156
   170
   161
   131
   122
    97
   107
   124
   122
   131
   134
   134
   141
   143
   149
   144
    96
   122
   143
   162
   156
   130
   108
    91
    89
   126
   146
   150
   151
   157
   157
   160
   160
   146
   112
    86
    67
    49
    28
    48
   115
   126
   119
   114
   113
   120
   130
   135
   131
   127
   125
   121
   127
   136
   138
   142
   142
   142
   142
   137
   131
   125
   114
   108
    97
    89
    87
    86
    78
    69
    81
    86
    97
    87
    94
    94
   106
   106
   108
   104
   111
   129
   127
   116
   112
   116
   120
   128
   142
   150
   153
   153
   151
   152
   148
   145
   145
   150
   158
   159
   157
   157
   155
   140
   122
   106
    96
    74
   104
   104
   132
   157
   157
   139
   104
    81
    99
   101
   117
   119
   125
   128
   137
   137
   139
   141
   146
   152
   144
    88
   116
   157
   169
   145
   125
   112
   100
   125
   149
   152
   145
   147
   154
   159
   161
   153
   123
    91
    74
    69
    57
    91
   121
   116
   114
   122
   122
   131
   134
   138
   137
   132
   126
   126
   123
   130
   132
   134
   140
   145
   139
   134
   133
   118
   113
   107
   103
    97
    95
    84
    81
    66
    81
    85
    94
    91
    87
    86
    77
    80
    76
    95
   121
   109
   103
    98
   107
   112
   122
   136
   144
   148
   149
   151
   151
   152
   148
   145
   146
   150
   157
   160
   160
   158
   158
   140
   125
   113
   104
    83
   108
   120
   157
   167
   151
   151
   208
   213
   195
   133
   132
   126
   123
   128
   140
   141
   139
   144
   143
   148
   157
   135
    76
    94
   121
   130
   119
    98
    93
   126
   147
   150
   144
   142
   142
   148
   156
   162
   150
   110
    79
    76
    79
    89
   116
   117
   117
   123
   131
   141
   141
   138
   134
   129
   124
   122
   124
   127
   133
   139
   147
   140
   142
   133
   129
   118
   121
   119
   111
   100
    90
    86
    92
    67
    85
    92
    94
    93
    83
    67
    80
    93
    91
    87
    82
    91
    94
   103
   113
   124
   131
   139
   144
   148
   152
   151
   147
   150
   144
   146
   141
   146
   151
   156
   157
   155
   161
   146
   124
   113
   101
    84
   102
   117
   156
   173
   167
   201
   220
   222
   220
   161
   139
   126
   123
   129
   139
   142
   145
   141
   140
   145
   151
   158
   109
    86
   118
   120
   103
   100
   119
   142
   147
   149
   145
   143
   144
   143
   144
   152
   162
   127
    89
    71
    72
    66
   108
   122
   128
   129
   139
   144
   141
   141
   139
   134
   132
   129
   130
   136
   135
   136
   144
   149
   146
   138
   130
   125
   122
   113
   105
   101
    92
    93
   102
    62
    81
    92
    93
    82
    76
    82
    74
    73
    69
    59
    69
    84
    96
   104
   115
   122
   130
   135
   146
   147
   151
   149
   148
   147
   144
   139
   141
   145
   147
   153
   158
   157
   158
   149
   134
   118
    97
    90
    99
   113
   157
   176
   175
   175
   230
   216
   146
   114
   123
   129
   127
   124
   136
   141
   144
   142
   142
   144
   150
   158
   145
    84
   124
   151
   152
   145
   151
   155
   159
   154
   153
   155
   146
   146
   151
   154
   157
   156
   127
    92
    67
    51
    82
   130
   141
   149
   151
   148
   146
   144
   134
   132
   132
   132
   133
   127
   132
   137
   146
   154
   140
   130
   132
   126
   112
   109
   105
    99
    97
   100
   100
    55
    71
    93
    93
    79
    71
    60
    57
    45
    52
    70
    65
    80
    92
   104
   114
   121
   126
   136
   139
   143
   145
   147
   146
   146
   142
   144
   142
   143
   149
   153
   156
   158
   158
   149
   132
   118
   102
    96
    97
   111
   156
   174
   167
   139
   134
   106
    76
    95
   113
   126
   132
   129
   129
   139
   142
   144
   142
   141
   147
   153
   162
   103
   104
   153
   162
   158
   154
   152
   155
   161
   158
   160
   157
   153
   146
   149
   152
   154
   146
   122
    91
    56
    73
   134
   154
   161
   159
   155
   148
   140
   133
   131
   137
   136
   132
   130
   138
   150
   144
   138
   140
   133
   128
   125
   116
   106
   100
    98
   100
   102
   102
    49
    71
    86
    84
    74
    60
    58
    49
    51
    55
    49
    55
    58
    84
    97
   109
   119
   127
   132
   135
   136
   140
   147
   145
   143
   146
   144
   141
   143
   147
   154
   152
   155
   152
   148
   132
   123
   102
    88
   100
   121
   156
   169
   164
   144
   139
   109
   134
    77
   107
   125
   136
   133
   128
   141
   142
   143
   142
   146
   147
   150
   157
   120
    96
   148
   169
   166
   160
   159
   160
   159
   164
   157
   154
   148
   153
   148
   148
   148
   147
   139
   113
    88
    97
   132
   144
   151
   153
   150
   146
   139
   134
   132
   134
   134
   131
   132
   134
   140
   137
   141
   141
   136
   127
   119
   114
   105
   106
   100
   102
   104
   110
    52
    64
    79
    88
    76
    65
    59
    62
    55
    51
    50
    49
    53
    67
    92
   101
   113
   123
   127
   133
   136
   139
   140
   144
   146
   143
   143
   143
   147
   148
   149
   155
   154
   153
   151
   138
   113
   103
   112
   111
   125
   155
   170
   172
   148
   140
   106
    51
    31
    76
   117
   132
   132
   127
   138
   147
   144
   143
   138
   139
   145
   151
   128
    80
   137
   162
   161
   163
   164
   163
   160
   165
   162
   157
   153
   148
   148
   149
   145
   141
   130
   120
   105
   115
   132
   135
   143
   148
   144
   141
   134
   138
   130
   127
   131
   134
   136
   126
   137
   146
   144
   136
   129
   118
   113
   113
   110
   103
   104
   102
   106
   107
    45
    59
    77
    86
    89
    80
    68
    52
    55
    55
    44
    47
    47
    50
    71
    91
   105
   114
   123
   128
   133
   136
   139
   142
   145
   147
   145
   145
   144
   144
   148
   148
   147
   152
   150
   132
   117
   104
   102
   113
   133
   157
   170
   170
   149
   140
   121
    72
    62
    91
   115
   127
   130
   129
   134
   144
   145
   138
   142
   147
   147
   149
   135
    82
   123
   156
   161
   162
   164
   159
   159
   165
   163
   162
   159
   148
   148
   155
   161
   153
   138
   128
   124
   131
   139
   140
   140
   137
   133
   135
   136
   134
   128
   131
   134
   132
   133
   136
   138
   141
   139
   132
   122
   118
   114
   109
   108
   103
   103
   106
   109
   111
    53
    54
    70
    88
    91
    75
    63
    64
    52
    46
    41
    44
    50
    53
    51
    77
    96
   108
   117
   125
   127
   131
   136
   141
   140
   142
   145
   144
   145
   142
   143
   147
   149
   148
   148
   135
   128
   111
   103
   116
   139
   156
   166
   168
   157
   140
   131
   117
   100
   101
   118
   126
   134
   130
   136
   146
   150
   143
   146
   148
   154
   151
   146
    85
   112
   157
   165
   164
   163
   159
   159
   160
   161
   163
   160
   153
   151
   147
   148
   150
   147
   138
   137
   135
   134
   136
   134
   133
   132
   129
   126
   128
   134
   135
   134
   134
   139
   136
   134
   138
   134
   125
   117
   117
   111
   111
   111
   106
   107
   110
   115
   120
    41
    55
    63
    74
    76
    75
    80
    70
    65
    56
    58
    56
    49
    50
    57
    54
    80
    99
   109
   117
   124
   128
   131
   137
   141
   141
   142
   143
   145
   144
   145
   145
   145
   145
   140
   141
   137
   115
   100
   115
   132
   159
   164
   166
   161
   142
   142
   112
   100
   106
   118
   124
   137
   146
   142
   145
   147
   147
   145
   147
   147
   148
   143
    90
   107
   154
   164
   165
   165
   161
   157
   159
   161
   162
   165
   166
   160
   151
   156
   150
   145
   142
   140
   139
   139
   137
   133
   128
   133
   134
   131
   132
   133
   131
   133
   131
   136
   127
   126
   130
   127
   122
   117
   113
   114
   110
   101
   105
   110
   116
   117
   111
    37
    52
    56
    59
    68
    77
    72
    66
    60
    59
    57
    55
    56
    53
    53
    56
    55
    83
    98
   112
   119
   127
   130
   134
   135
   142
   143
   142
   146
   145
   147
   144
   143
   143
   142
   137
   136
   123
   103
   115
   123
   154
   167
   170
   166
   143
   143
   138
    98
    96
   109
   119
   130
   145
   143
   148
   147
   146
   144
   145
   145
   146
   143
    92
   106
   149
   167
   175
   169
   152
   153
   159
   156
   163
   161
   161
   162
   164
   162
   151
   148
   146
   144
   148
   143
   144
   142
   138
   138
   139
   139
   133
   123
   122
   125
   131
   124
   124
   127
   123
   114
   116
   113
   107
   113
   110
   112
   115
   116
   116
   116
   114
    37
    42
    51
    58
    65
    62
    64
    62
    64
    62
    66
    62
    56
    56
    61
    55
    59
    52
    81
    98
   110
   119
   126
   129
   135
   136
   141
   140
   141
   145
   146
   148
   147
   147
   143
   139
   134
   131
   107
   129
   117
   136
   151
   163
   173
   163
   139
   139
   124
   101
    99
   103
   126
   145
   148
   147
   149
   146
   145
   141
   141
   142
   139
    97
   120
   152
   165
   167
   172
   166
   166
   169
   162
   158
   163
   160
   148
   156
   153
   154
   151
   148
   151
   151
   149
   146
   148
   141
   143
   139
   137
   131
   125
   125
   127
   124
   124
   120
   120
   123
   119
   113
   110
   113
   108
   106
   115
   115
   116
   119
   120
   120
    36
    37
    41
    54
    55
    62
    62
    61
    62
    64
    58
    58
    55
    56
    62
    61
    55
    61
    52
    81
    99
   110
   117
   126
   130
   134
   137
   138
   140
   140
   141
   144
   142
   139
   138
   142
   140
   131
   107
   129
   127
   123
   128
   144
   153
   155
   145
   125
   121
   110
    88
    99
   126
   143
   151
   147
   146
   151
   149
   146
   142
   145
   145
   112
   135
   152
   171
   175
   166
   163
   162
   165
   163
   163
   153
   150
   150
   148
   142
   140
   145
   145
   142
   148
   146
   146
   146
   142
   135
   130
   130
   130
   132
   128
   129
   131
   128
   128
   127
   126
   119
   113
   111
   114
   109
   116
   117
   122
   122
   123
   120
   123
    39
    38
    50
    51
    50
    49
    58
    52
    50
    55
    63
    63
    64
    62
    65
    57
    63
    63
    59
    47
    69
    97
   111
   115
   123
   124
   130
   134
   135
   136
   139
   138
   139
   138
   135
   135
   135
   131
   103
   125
   127
   131
   123
   126
   130
   136
   137
   140
   132
   126
   109
   102
   120
   142
   147
   150
   153
   154
   155
   154
   149
   155
   146
   119
   139
   148
   169
   176
   174
   171
   161
   163
   163
   155
   150
   150
   151
   152
   149
   154
   153
   150
   148
   151
   145
   141
   135
   130
   127
   123
   127
   127
   125
   128
   126
   131
   129
   130
   124
   119
   116
   117
   114
   114
   120
   120
   121
   120
   120
   120
   123
   124
    35
    38
    42
    50
    43
    44
    43
    48
    56
    52
    50
    55
    53
    63
    72
    66
    61
    72
    59
    65
    60
    62
    81
   103
   114
   123
   129
   130
   133
   135
   135
   135
   136
   139
   139
   134
   132
   131
   109
   116
   134
   136
   126
   130
   128
   130
   135
   140
   138
   136
   121
   110
   123
   137
   141
   148
   149
   152
   156
   150
   150
   157
   126
   118
   141
   152
   167
   176
   176
   177
   164
   159
   157
   153
   151
   151
   150
   146
   148
   147
   146
   138
   137
   137
   134
   129
   122
   126
   125
   130
   131
   131
   128
   131
   131
   130
   129
   127
   124
   118
   116
   116
   113
   118
   121
   122
   123
   126
   125
   128
   127
   130
    35
    33
    36
    40
    46
    41
    44
    48
    42
    43
    47
    42
    52
    55
    59
    73
    68
    63
    81
    62
    58
    56
    65
    85
    95
   112
   118
   128
   134
   134
   136
   137
   136
   134
   139
   139
   135
   134
   117
   109
   110
   115
   122
   117
   117
   119
   119
   124
   139
   150
   132
   122
   137
   141
   147
   147
   148
   147
   151
   152
   154
   158
   118
   127
   149
   153
   158
   167
   169
   166
   160
   163
   158
   152
   149
   145
   143
   145
   143
   143
   134
   136
   134
   129
   126
   127
   131
   129
   134
   131
   128
   129
   133
   132
   133
   135
   127
   123
   120
   117
   111
   114
   118
   122
   122
   122
   123
   123
   121
   121
   123
   119
    40
    40
    34
    36
    39
    45
    47
    48
    46
    49
    50
    53
    52
    61
    64
    64
    81
    71
    69
    91
    77
    69
    72
    72
    87
    87
   101
   116
   127
   136
   140
   139
   142
   143
   137
   136
   139
   136
   133
   105
   131
   132
   135
   122
   109
    98
   103
   171
   191
   216
   214
   164
   148
   148
   154
   150
   152
   155
   156
   165
   166
   150
   110
   138
   147
   146
   145
   155
   160
   162
   159
   155
   147
   147
   144
   141
   139
   134
   130
   134
   138
   134
   132
   131
   131
   128
   133
   131
   132
   135
   130
   129
   128
   122
   120
   117
   118
   119
   115
   114
   120
   120
   122
   122
   124
   125
   123
   123
   121
   117
   119
   123
    36
    42
    46
    54
    48
    42
    42
    42
    44
    43
    40
    47
    52
    49
    54
    61
    64
    81
    85
    71
    93
    94
    66
    61
    66
    81
    91
    93
   106
   115
   126
   132
   140
   145
   145
   142
   137
   141
   142
   113
   119
   133
   142
   152
   151
   143
   130
   124
   162
   204
   190
   133
   113
   124
   132
   142
   147
   142
   161
   163
   154
   123
   111
   152
   151
   145
   145
   146
   152
   150
   147
   139
   141
   141
   133
   131
   128
   133
   138
   135
   133
   132
   133
   134
   130
   130
   129
   129
   128
   126
   124
   124
   124
   122
   118
   116
   115
   114
   116
   117
   119
   123
   124
   122
   123
   124
   122
   120
   120
   121
   123
   120
    37
    34
    36
    34
    38
    40
    40
    37
    34
    38
    43
    40
    52
    56
    55
    68
    60
    65
    71
    88
    84
    87
   106
   105
    86
    87
    94
   107
   105
    99
   104
   106
   113
   116
   119
   127
   132
   138
   141
   141
    94
   117
   128
   136
   144
   151
   147
   141
   113
    83
    84
    81
    64
    78
    97
    95
    97
   108
   114
   131
   159
   132
   145
   153
   147
   145
   143
   140
   139
   141
   141
   139
   138
   134
   136
   134
   133
   133
   131
   130
   130
   131
   129
   126
   124
   125
   126
   122
   121
   120
   124
   120
   118
   116
   118
   119
   118
   121
   125
   131
   126
   130
   131
   132
   126
   133
   132
   133
   131
   127
   119
   126
    33
    37
    35
    39
    36
    37
    36
    37
    40
    41
    37
    45
    48
    50
    56
    64
    67
    68
    75
    81
    90
   108
   106
   113
   132
   124
   108
   111
   123
   116
   113
   121
   121
   122
   121
   123
   127
   124
   119
   114
   113
    78
    94
   134
   149
   148
   152
   158
   159
   161
   150
   112
   115
   123
   118
   111
   113
   116
   147
   208
   165
   135
   154
   148
   140
   135
   135
   135
   135
   138
   144
   144
   142
   139
   137
   134
   131
   127
   127
   124
   122
   125
   125
   124
   124
   123
   119
   119
   119
   118
   116
   121
   123
   115
    99
    96
    97
    97
    96
    87
    84
    76
    67
    68
    75
    70
    65
    62
    64
    89
   100
    73
    41
    37
    36
    38
    38
    39
    38
    39
    42
    39
    44
    40
    42
    54
    55
    57
    77
    79
    81
    74
    79
    87
   107
   126
   114
   122
   136
   125
   124
   133
   116
   108
   113
   126
   147
   143
   124
   127
   131
   129
   119
   116
    94
    70
    90
   120
   145
   156
   155
   154
   127
   123
   141
   143
   147
   151
   149
   141
   111
    78
   111
   132
   129
   130
   131
   129
   129
   129
   132
   132
   133
   130
   127
   127
   125
   122
   123
   121
   118
   122
   119
   120
   121
   123
   120
   120
   120
   123
   121
   120
   119
   108
    82
    55
    53
    47
    52
    47
    34
    22
    15
    14
    19
    13
    16
     9
    16
    16
    15
    29
   100
   103
    30
    34
    37
    39
    40
    38
    38
    32
    41
    37
    36
    39
    43
    37
    48
    62
    74
    76
    78
    88
    84
    88
    95
    97
   122
   118
   116
   129
   132
   129
   138
   133
   126
   127
   121
   132
   143
   149
   156
   164
   150
   144
   142
   132
   112
    96
    67
    52
    53
    84
   108
   116
   104
    93
    86
    86
    83
    89
   111
   130
   127
   126
   123
   125
   128
   125
   122
   124
   125
   124
   121
   121
   117
   116
   114
   115
   111
   112
   110
   111
   110
   116
   117
   114
   120
   120
   121
   112
    98
    81
    62
    45
    40
    51
    60
    62
    50
    42
    30
    35
    31
    31
    27
    26
    26
    29
    26
    29
    27
    22
    27
   108
    39
    34
    39
    36
    33
    34
    38
    42
    32
    37
    42
    38
    38
    44
    43
    41
    57
    70
    79
    81
    94
    90
    93
    99
   104
   114
   123
   118
   121
   122
   124
   128
   131
   139
   142
   140
   142
   137
   137
   143
   148
   149
   146
   146
   141
   133
    69
    36
    38
    61
    84
    99
    94
   100
   120
   131
   139
   132
   129
   123
   125
   123
   124
   119
   114
   118
   120
   120
   117
   116
   114
   112
   111
   110
   109
   107
   108
   110
   114
   114
   115
   115
   107
   100
    84
    61
    46
    45
    42
    41
    44
    52
    65
    68
    62
    54
    52
    41
    34
    28
    27
    25
    25
    27
    29
    24
    26
    26
    25
    28
    22
    24
    35
    38
    34
    36
    38
    38
    36
    34
    40
    38
    43
    43
    39
    37
    43
    41
    39
    62
    66
    71
    74
    90
    91
    93
   101
   112
   112
   116
   124
   127
   118
   129
   131
   132
   133
   137
   138
   142
   141
   143
   142
   140
   150
   147
   146
   148
   144
   223
   215
   172
   106
    87
    79
    73
    85
    94
   100
   110
   121
   122
   124
   124
   124
   121
   122
   119
   113
   111
   111
   109
   111
   115
   114
   119
   129
   138
   139
   138
   135
   135
   129
   125
   119
   106
    97
    75
    60
    58
    57
    63
    72
    73
    65
    61
    57
    50
    35
    30
    27
    25
    27
    30
    30
    29
    30
    30
    25
    28
    29
    26
    26
    24
    33
    31
    34
    36
    35
    35
    36
    38
    36
    36
    36
    36
    39
    37
    40
    42
    40
    40
    66
    66
    73
    77
    93
    94
   103
   111
   122
   123
   127
   126
   141
   122
   123
   125
   129
   126
   120
   126
   133
   133
   133
   141
   143
   150
   155
   153
   147
   191
   171
    92
    96
    92
    85
    74
    82
    89
    92
    78
    61
    69
    84
    95
   105
   108
   106
    99
    99
    94
    92
   101
   120
   130
   141
   142
   140
   130
   118
   122
   125
   119
   123
   122
   125
   120
   109
    92
    68
    64
    66
    69
    70
    68
    58
    54
    40
    34
    28
    24
    25
    29
    27
    27
    26
    26
    21
    23
    29
    28
    27
    25
    30
    29
    33
    36
    37
    37
    36
    35
    35
    35
    34
    40
    37
    38
    40
    39
    38
    38
    44
    44
    49
    76
    76
    86
   104
   113
   107
   100
   101
   111
   116
   122
   115
   123
   125
   123
   120
   131
   143
   131
   133
   138
   141
   134
   139
   148
   153
   151
   141
   136
   138
   157
   157
   161
   154
   150
   153
   143
   122
   109
   104
   105
   102
   106
   105
   100
    95
    90
    84
    85
    83
    57
    63
   106
   118
    95
    85
    91
    85
   107
   119
   123
   124
   125
   123
   123
   113
    87
    71
    68
    62
    51
    38
    33
    31
    29
    29
    25
    27
    26
    26
    24
    27
    28
    24
    24
    26
    25
    23
    21
    24
    27
    26
    25
    35
    40
    36
    35
    36
    39
    40
    37
    39
    38
    42
    36
    37
    38
    36
    37
    40
    40
    40
    45
    66
    82
    68
    67
   102
   113
   106
    97
   103
   103
   114
   115
   123
   138
   135
   124
   127
   143
   143
   141
   136
   140
   144
   136
   136
   148
   153
   150
   152
   155
   150
   142
   144
   150
   143
   137
   132
   127
   137
   137
   132
   122
   116
   114
   115
   113
   113
   111
    98
    84
    63
    47
    44
    44
    45
    71
   100
   121
   134
   132
   128
   123
   125
   122
   105
    81
    72
    67
    50
    30
    26
    22
    25
    27
    29
    29
    25
    25
    23
    29
    26
    23
    28
    28
    25
    30
    28
    33
    29
    27
    24
    26
    35
    35
    34
    37
    36
    34
    34
    34
    36
    38
    32
    38
    37
    38
    37
    41
    37
    36
    39
    39
    38
    40
    67
    79
    73
    96
   105
   101
    93
    95
   102
   112
   122
   126
   132
   134
   124
   123
   136
   128
   140
   140
   144
   146
   140
   132
   150
   157
   162
   162
   156
   147
   141
   132
   135
   133
   129
   130
   142
   160
   153
   143
   138
   135
   130
   125
   123
   120
   107
    84
    74
    66
    61
    55
    56
    80
   115
   130
   127
   128
   129
   125
   125
   121
    94
    49
    45
    37
    30
    27
    29
    25
    28
    30
    24
    26
    26
    29
    31
    25
    24
    27
    25
    23
    27
    25
    23
    21
    21
    27
    30
    27
    36
    33
    36
    34
    33
    37
    37
    34
    37
    39
    37
    36
    38
    39
    43
    39
    35
    40
    41
    41
    43
    47
    45
    54
    65
    58
    79
   104
   114
   117
   115
   108
   106
   117
   136
   135
   132
   118
   117
   133
   125
   140
   135
   136
   144
   142
   125
   123
   131
   142
   144
   145
   143
   142
   142
   141
   146
   143
   140
   140
   137
   130
   130
   130
   135
   130
   121
   117
   115
   113
    99
    80
    66
    61
    56
    60
    96
   120
   127
   129
   127
   127
   127
   110
    53
    29
    39
    30
    27
    27
    27
    24
    21
    25
    30
    23
    27
    25
    24
    29
    29
    24
    28
    27
    24
    25
    29
    28
    27
    23
    26
    24
    35
    32
    33
    34
    38
    33
    32
    38
    34
    37
    39
    39
    39
    36
    35
    39
    41
    38
    41
    42
    37
    39
    44
    43
    44
    56
    53
    57
    85
   113
   117
   119
   111
   116
   123
   127
   132
   137
   129
   111
   112
   113
   118
   127
   131
   129
   143
   138
   130
   124
   125
   128
   133
   140
   140
   147
   153
   157
   150
   137
   129
   122
   124
   130
   128
   138
   134
   131
   131
   128
   121
   106
    93
    88
    88
    97
   116
   129
   119
   117
   124
   128
   105
    50
    31
    31
    23
    27
    25
    27
    25
    31
    28
    23
    25
    31
    23
    27
    22
    21
    24
    30
    27
    26
    27
    26
    24
    24
    27
    27
    25
    27
    31
    34
    32
    35
    35
    36
    36
    35
    36
    41
    35
    35
    38
    38
    39
    35
    39
    38
    34
    39
    36
    35
    40
    40
    42
    47
    44
    54
    51
    67
   117
   120
   125
   112
   111
   119
   121
   135
   132
   124
   119
   102
   104
   110
   112
   122
   127
   139
   145
   135
   130
   133
   131
   125
   125
   136
   142
   144
   149
   144
   127
   127
   137
   138
   141
   121
    96
    98
   110
   118
   125
   127
   124
   125
   126
   127
   126
   112
   115
   126
   125
    83
    31
    22
    23
    22
    24
    28
    27
    23
    28
    25
    23
    26
    26
    19
    29
    29
    31
    31
    27
    22
    25
    29
    27
    28
    25
    30
    24
    27
    27
    27
    38
    39
    35
    34
    33
    36
    40
    33
    37
    33
    36
    36
    37
    37
    37
    37
    31
    34
    37
    28
    39
    37
    35
    40
    43
    42
    44
    37
    41
    46
    47
    89
   101
   112
   106
   103
   108
   108
   115
   128
   125
   124
   112
   104
   103
    97
   104
   112
   121
   134
   136
   131
   126
   124
   126
   121
   118
   123
   122
   130
   138
   141
   139
   128
   111
   108
   108
    97
    86
    92
   105
   112
   124
   123
   123
   117
   115
   119
   107
    73
    24
    10
    27
    26
    27
    29
    29
    30
    28
    31
    24
    27
    27
    27
    25
    31
    26
    24
    24
    28
    28
    28
    25
    20
    24
    24
    26
    27
    22
    26
    29
    27
    36
    34
    37
    38
    37
    35
    27
    37
    39
    37
    37
    38
    36
    36
    38
    36
    41
    33
    35
    40
    33
    34
    43
    36
    40
    39
    42
    43
    40
    41
    38
    33
    76
   114
   109
   108
    98
    98
    95
   100
   105
   114
   108
   112
   105
   107
   107
   105
   103
   107
   118
   122
   126
   126
   123
   116
   121
   122
   133
   134
   127
   121
   120
   121
   122
   122
   122
   127
   118
   122
   113
   100
    66
    60
    51
    46
    35
    21
    12
    15
    28
    29
    24
    28
    31
    32
    29
    25
    23
    24
    29
    27
    28
    26
    30
    21
    24
    27
    27
    23
    23
    25
    26
    28
    25
    28
    26
    23
    32
    24
    26
    26
    36
    34
    30
    31
    35
    35
    39
    38
    37
    37
    35
    30
    37
    37
    34
    37
    34
    38
    34
    35
    38
    41
    32
    38
    35
    40
    42
    42
    48
    42
    37
    33
    29
    24
    49
    76
    95
    90
    97
   104
   103
    98
   106
   112
   116
   111
   105
   103
   105
   114
   121
   129
   130
   117
   107
   103
   111
   121
   116
   112
   116
   111
   113
   108
   108
   110
   117
   121
   109
    80
    38
    17
    17
    19
    21
    21
    21
    28
    27
    28
    30
    34
    31
    27
    24
    26
    26
    27
    33
    30
    28
    26
    28
    30
    23
    28
    28
    26
    25
    28
    31
    29
    27
    27
    31
    26
    29
    29
    23
    26
    26
    25
    31
    33
    33
    34
    34
    32
    31
    38
    37
    36
    33
    38
    36
    31
    35
    34
    35
    34
    36
    32
    35
    34
    40
    40
    38
    47
    39
    38
    34
    42
    46
    49
    49
    42
    30
    21
    31
    58
    58
    65
    95
   107
   102
    92
    83
    79
    80
    85
    95
    84
    85
    84
   103
   115
   113
   103
   101
   109
   106
    96
    88
    82
    69
    52
    51
    49
    49
    47
    60
    45
    25
    31
    31
    30
    26
    29
    31
    24
    28
    27
    25
    23
    26
    27
    27
    29
    26
    29
    27
    26
    28
    28
    26
    26
    28
    26
    31
    27
    28
    27
    22
    25
    29
    28
    23
    26
    25
    28
    31
    25
    27
    28
    35
    34
    33
    34
    32
    35
    36
    37
    37
    36
    37
    37
    34
    34
    36
    35
    34
    38
    38
    39
    37
    38
    37
    33
    36
    34
    39
    40
    41
    36
    37
    40
    35
    35
    37
    40
    35
    29
    39
    32
    22
    22
    50
    56
    52
    41
    30
    28
    26
    32
    28
    28
    27
    39
    58
    80
    68
    41
    28
    24
    23
    28
    34
    38
    20
    19
    22
    23
    19
    25
    36
    31
    27
    28
    29
    29
    28
    32
    31
    29
    30
    30
    28
    26
    28
    24
    24
    26
    23
    29
    29
    30
    31
    27
    28
    30
    25
    26
    25
    24
    31
    31
    30
    27
    27
    28
    23
    28
    23
    26
    27
    29
