    49
    50
    52
    55
    50
    52
    49
    46
    56
    68
    68
    69
    63
    71
    66
    57
    51
    52
    73
    69
    62
    79
    60
    53
    85
    67
    64
    84
    70
    71
    81
    87
    66
    52
    55
    61
    50
    56
    54
    60
    70
    71
    46
    27
    55
    24
    17
     8
    47
    97
   144
   139
   107
    88
    94
    87
    64
    81
    84
    92
   123
   131
   100
    98
    71
    53
    48
    52
    76
    46
    41
    55
    54
    48
    56
    49
    50
    50
    46
    71
    66
    48
    59
    73
    66
    55
    61
    58
    51
    53
    57
    51
    56
    53
    53
    55
    54
    56
    61
    56
    58
    53
    53
    53
    47
    43
    43
    58
   104
   115
   117
   125
    50
    50
    62
    58
    54
    49
    51
    53
    60
    56
    69
    68
    61
    59
    49
    55
    60
    77
    72
    60
    62
    54
    59
    81
    61
    70
    86
    57
    62
    75
    82
    75
    61
    56
    53
    65
    89
    74
    73
    64
    66
    90
   110
   122
   161
    45
     5
   156
   171
   119
    84
    79
    95
    85
    70
    77
    65
    69
    77
    77
    60
    46
    49
    53
    76
    97
    97
    83
    68
    87
    85
    65
    56
    68
    57
    46
    51
    44
    72
    63
    62
    78
    69
    57
    53
    57
    55
    55
    55
    53
    46
    49
    56
    57
    54
    50
    50
    47
    48
    47
    50
    57
    52
    53
    53
    52
    53
    55
   106
   115
   121
   119
    48
    55
    56
    54
    53
    56
    62
    60
    52
    52
    52
    49
    50
    49
    65
    63
    66
    66
    68
    69
    51
    39
    72
    79
    75
    86
    72
    78
    72
    67
    54
    51
    62
    75
    82
    80
    77
    72
    56
    66
    52
    29
    75
   108
   127
   146
   152
   136
   105
   100
    82
    35
    22
    39
    81
    87
    80
    74
    69
    58
    73
    74
    80
    76
    73
    78
    82
    66
    81
   100
    92
    89
    93
   102
    75
    78
    91
    94
    70
    62
    66
    67
    63
    48
    52
    48
    47
    55
    55
    68
    59
    51
    48
    50
    49
    51
    52
    57
    56
    53
    51
    52
    52
    46
    47
    47
    48
    56
   101
   108
   120
   122
    66
    61
    48
    53
    57
    57
    59
    54
    64
    68
    51
    50
    51
    60
    45
    50
    58
    59
    67
    59
    61
    75
    75
    64
    75
    72
    74
    59
    48
    43
    56
    74
    79
    74
    76
    88
    88
    86
    91
    72
    67
   146
   178
   181
   178
   173
   161
   123
    78
   130
   179
   184
   155
    85
    25
    58
    62
    51
    50
    47
    54
    60
    41
    52
    56
    60
    60
    69
    80
    66
    78
   103
   122
   105
   103
   103
   116
   123
   119
    91
    74
    77
    76
    49
    54
    58
    63
    61
    60
    58
    51
    55
    53
    50
    47
    51
    50
    50
    52
    53
    50
    48
    50
    49
    52
    49
    48
    57
    98
   104
   102
   108
    60
    56
    54
    52
    53
    61
    58
    53
    49
    48
    52
    48
    58
    52
    67
    70
    56
    59
    56
    64
    64
    71
    55
    73
    84
    60
    42
    41
    53
    79
    86
    95
    98
   104
    99
    91
    85
    91
    86
    63
   124
   153
   141
   127
   123
   118
   121
    95
    95
   159
   194
   206
   212
   216
   179
    69
   112
   141
   140
   142
   137
   134
   131
   127
   130
   132
   138
   126
   119
   111
    99
    82
    78
    85
    80
    91
    97
    91
    81
    90
    97
   106
   103
    83
    62
    70
    61
    57
    55
    46
    46
    49
    53
    50
    49
    43
    47
    49
    50
    53
    52
    53
    47
    48
    45
    42
    45
    46
    97
   104
   102
   100
    52
    52
    68
    90
    60
    48
    54
    60
    59
    53
    44
    51
    43
    40
    48
    57
    56
    61
    56
    59
    73
    61
    89
    67
    47
    60
    98
   137
   151
   154
   161
   164
   168
   166
   165
   162
   163
   165
   122
   107
   135
   118
   115
   111
   115
   126
   127
   109
   126
   186
   200
   200
   201
   203
   212
   209
   123
   161
   185
   183
   182
   181
   182
   180
   181
   184
   181
   183
   176
   172
   159
   139
   129
   124
   110
    94
    98
    88
    79
   104
    97
    86
    73
    67
    63
    70
    67
    60
    59
    68
    61
    53
    44
    48
    50
    50
    46
    46
    47
    50
    50
    50
    49
    50
    48
    46
    46
    63
    94
   104
   106
    96
    55
    56
    54
    73
    83
    61
    51
    50
    58
    60
    53
    52
    49
    48
    45
    42
    56
    61
    51
    55
    58
    78
    58
    73
   117
   149
   156
   160
   168
   169
   171
   180
   187
   191
   188
   178
   174
   171
   100
   126
   130
   125
   130
   131
   148
   148
   123
   107
   132
   188
   202
   198
   202
   200
   199
   203
   169
   108
   191
   190
   189
   191
   191
   191
   192
   196
   198
   194
   196
   188
   182
   176
   174
   166
   160
   157
   149
   143
   126
   104
    95
    81
    73
    67
    67
    59
    66
    67
    67
    64
    68
    67
    56
    46
    44
    43
    41
    45
    45
    45
    43
    39
    42
    46
    46
    44
    40
    60
   101
   110
   106
    95
    48
    64
    52
    47
    49
    56
    54
    51
    46
    58
    58
    46
    46
    53
    61
    83
    62
    47
    54
    49
    46
    71
   117
   154
   165
   166
   174
   180
   187
   190
   195
   201
   202
   199
   175
   153
   135
   100
    87
   125
   125
   136
   150
   152
   166
   159
   134
   121
   150
   187
   198
   194
   193
   197
   196
   195
   195
    97
   188
   200
   195
   197
   198
   199
   196
   197
   195
   198
   195
   199
   198
   194
   188
   188
   184
   174
   169
   166
   146
   136
   115
    85
    83
    79
    75
    68
    70
    55
    51
    53
    64
    71
    76
    49
    49
    51
    54
    52
    44
    45
    43
    48
    48
    47
    46
    46
    42
    63
   102
   105
   107
   117
    55
    71
    76
    61
    60
    65
    61
    53
    53
    44
    46
    38
    37
    51
    72
    40
    42
    52
    51
    76
   125
   146
   151
   156
   161
   174
   180
   183
   190
   197
   201
   201
   199
   183
   132
   121
   108
    78
   101
   114
   126
   160
   180
   182
   189
   174
   145
   156
   171
   182
   179
   185
   193
   197
   199
   199
   202
   122
   158
   199
   200
   192
   199
   203
   200
   197
   196
   196
   196
   195
   194
   191
   196
   191
   187
   179
   180
   176
   170
   155
   133
   127
   109
    91
    93
    89
    68
    57
    49
    54
    60
    50
    40
    62
    55
    52
    55
    50
    51
    48
    48
    45
    47
    49
    43
    43
    42
    71
    98
   105
   109
   108
    64
    52
    46
    54
    54
    57
    63
    53
    64
    60
    38
    41
    43
    45
    45
    62
    47
    60
   105
   138
   151
   151
   151
   161
   170
   182
   189
   196
   198
   196
   196
   196
   190
   156
   126
   123
    99
    76
   123
   146
   160
   173
   190
   200
   195
   182
   169
   150
   141
   156
   172
   198
   201
   199
   198
   197
   198
   149
   144
   203
   195
   200
   203
   198
   199
   195
   193
   189
   194
   192
   192
   192
   191
   194
   191
   181
   172
   178
   167
   166
   148
   129
   125
    94
    83
    86
    80
    68
    55
    45
    41
    51
    73
    72
    64
    62
    58
    59
    52
    58
    52
    43
    43
    40
    40
    46
    42
    72
    95
   100
   101
    92
    55
    50
    52
    53
    60
    61
    60
    49
    50
    46
    52
    57
    44
    47
    52
    68
   128
   154
   143
   148
   155
   155
   165
   177
   189
   195
   192
   193
   197
   202
   201
   193
   178
   130
   109
   122
   114
    84
   120
   166
   178
   197
   208
   207
   204
   182
   125
   105
   124
   160
   193
   200
   203
   206
   200
   199
   203
   172
   124
   202
   198
   203
   203
   203
   197
   194
   198
   197
   196
   199
   196
   197
   193
   189
   185
   186
   190
   186
   176
   178
   175
   155
   130
   104
    86
    68
    69
    64
    57
    55
    64
    76
    73
    54
    68
    58
    56
    46
    48
    42
    53
    57
    49
    45
    46
    45
    43
    75
    92
    92
    81
    73
    56
    56
    48
    47
    54
    48
    46
    54
    43
    41
    39
    46
    62
    66
    64
   102
   117
   125
   146
   153
   158
   166
   172
   171
   178
   185
   194
   199
   198
   199
   199
   189
   166
   124
   115
   120
    93
   102
   148
   161
   177
   201
   205
   206
   191
   110
    72
   105
   156
   185
   202
   200
   208
   199
   200
   202
   204
   182
   123
   197
   194
   202
   202
   202
   203
   203
   197
   200
   194
   194
   194
   196
   203
   200
   190
   181
   187
   186
   175
   187
   178
   155
   105
   105
    89
    88
    78
    74
    79
    86
    72
    70
    59
    63
    77
    49
    45
    53
    44
    54
    44
    51
    38
    47
    43
    35
    39
    74
    89
    84
    77
    57
    49
    52
    62
    57
    53
    61
    62
    50
    60
    57
    53
    56
    57
    75
    98
   119
   127
   136
   143
   140
   156
   176
   191
   201
   197
   196
   196
   198
   203
   197
   192
   185
   162
   138
   117
   109
    98
   109
   143
   155
   188
   203
   201
   196
   117
    74
   114
   146
   177
   197
   194
   204
   202
   201
   203
   204
   205
   190
   114
   183
   197
   205
   208
   208
   206
   205
   203
   201
   201
   200
   202
   201
   193
   196
   193
   183
   181
   181
   177
   166
   159
   145
   124
   121
   100
    90
    99
   101
    77
    77
    77
    69
    63
    63
    60
    70
    53
    52
    76
    50
    35
    42
    71
    67
    44
    43
    47
    82
    91
    84
    61
    45
    51
    48
    55
    53
    49
    52
    49
    54
    54
    44
    42
    46
    49
    84
   119
   135
   152
   162
   159
   167
   180
   184
   188
   197
   201
   200
   198
   199
   201
   199
   193
   183
   162
   133
   108
    78
    73
   116
   164
   162
   184
   190
   187
   141
    78
    76
   133
   166
   192
   197
   202
   207
   199
   205
   203
   198
   194
   179
   112
   187
   199
   202
   204
   204
   207
   207
   204
   201
   201
   199
   197
   190
   183
   182
   183
   175
   172
   176
   182
   173
   157
   134
   121
    99
    96
    95
    86
    74
    66
    55
    43
    54
    49
    44
    28
    43
    63
    56
    41
    45
    47
    53
    43
    35
    45
    41
    43
    78
    80
    73
    71
    57
    76
    59
    45
    49
    56
    57
    55
    50
    48
    45
    48
    46
    85
   124
   139
   149
   152
   158
   171
   174
   174
   173
   185
   197
   197
   199
   197
   201
   202
   196
   193
   171
   133
   106
    83
    70
   142
   149
   165
   157
   173
   173
   158
   114
    95
   127
   140
   164
   186
   198
   197
   182
   197
   204
   200
   183
   170
   160
   102
   177
   201
   203
   203
   207
   204
   200
   195
   192
   195
   196
   190
   189
   185
   179
   170
   163
   155
   155
   142
   149
   130
   135
   123
    98
    99
    98
    99
    89
    67
    70
    62
    46
    52
    52
    72
    62
    55
    50
    44
    47
    67
    53
    58
    52
    41
    41
    44
    83
    88
    72
    54
    50
    47
    59
    63
    55
    55
    53
    49
    45
    49
    58
    52
    81
   126
   133
   142
   149
   161
   173
   180
   183
   187
   193
   191
   195
   199
   200
   200
   200
   203
   192
   181
   142
   115
    93
    92
    68
   154
   159
   164
   151
   177
   182
   149
   115
   108
   137
   140
   157
   167
   182
   186
   177
   196
   199
   186
   174
   167
   157
   100
   180
   199
   198
   202
   201
   197
   196
   193
   195
   192
   189
   180
   178
   174
   176
   168
   162
   150
   163
   181
   179
   175
   163
   153
   146
   109
    86
    73
    72
    69
    54
    50
    56
    55
    49
    54
    43
    39
    44
    40
    50
    56
    61
    52
    50
    56
    38
    40
    76
    75
    66
    53
    42
    52
    46
    46
    53
    53
    47
    50
    57
    69
    44
    56
   117
   127
   137
   149
   156
   165
   174
   178
   184
   191
   197
   196
   197
   200
   194
   194
   194
   199
   200
   179
   129
   108
   100
    86
    65
   163
   169
   161
   153
   178
   178
   142
   103
   123
   135
   138
   150
   157
   171
   165
   162
   196
   194
   182
   166
   161
   147
    90
   176
   196
   199
   197
   196
   202
   203
   194
   188
   184
   184
   174
   175
   179
   170
   144
   158
   176
   190
   189
   165
   158
   154
   141
   134
   109
   103
   100
    89
    75
    66
    51
    55
    67
    63
    44
    45
    48
    43
    40
    45
    48
    49
    46
    36
    44
    40
    51
    71
    47
    28
    24
    40
    49
    55
    58
    60
    53
    59
    75
    61
    33
    52
   119
   123
   133
   144
   148
   154
   161
   175
   182
   187
   193
   199
   197
   195
   192
   189
   191
   196
   197
   195
   182
   134
    95
    84
    68
    62
   169
   169
   156
   155
   176
   167
   127
   108
   150
   161
   143
   152
   159
   167
   155
   155
   187
   187
   174
   165
   166
   143
   103
   182
   199
   199
   199
   193
   197
   190
   175
   174
   168
   168
   164
   161
   157
   150
   160
   169
   163
   133
   111
   122
   111
   106
   105
   116
   110
   105
    98
    80
    71
    71
    67
    68
    62
    53
    48
    56
    50
    51
    54
    48
    53
    69
    58
    49
    37
    57
    41
    68
    89
   111
   127
   133
    44
    61
    63
    55
    64
    75
    51
    35
    36
   104
   125
   126
   133
   136
   145
   158
   166
   173
   183
   186
   192
   195
   192
   192
   193
   187
   189
   196
   193
   198
   187
   136
    88
    78
    58
    62
   178
   173
   155
   155
   176
   159
   127
    71
    70
   106
   138
   145
   160
   159
   149
   153
   187
   189
   176
   167
   163
   129
   108
   184
   195
   197
   196
   196
   188
   164
   160
   161
   163
   160
   157
   155
   141
   146
   126
   115
   115
    98
   119
    93
    75
    87
   101
   104
    94
    99
    98
    81
    88
    83
    72
    74
    59
    50
    43
    46
    58
    58
    50
    41
    46
    43
    62
    74
    75
    67
    72
   107
   109
   100
    88
    89
    57
    65
    54
    58
    54
    45
    31
    33
    95
   120
   112
   122
   140
   145
   150
   160
   163
   173
   179
   188
   187
   188
   191
   192
   189
   188
   192
   192
   194
   193
   181
   134
    87
    71
    78
    94
   177
   166
   150
   157
   179
   152
   103
    79
    69
    81
   139
   146
   152
   148
   144
   155
   184
   184
   175
   169
   169
   125
   126
   193
   198
   193
   195
   183
   170
   160
   157
   154
   148
   153
   141
   139
   165
   151
   138
   124
   127
   119
   104
   106
   106
    99
    92
    89
    63
    73
    89
   102
    79
    69
    65
    71
    63
    40
    47
    50
    58
    30
    28
    46
    36
    36
    44
    55
    42
    40
    56
    54
    41
    49
    47
    45
    53
    46
    46
    60
    57
    56
    49
    81
   120
   118
   114
   134
   142
   144
   149
   151
   161
   172
   180
   185
   188
   191
   193
   190
   187
   190
   193
   191
   191
   188
   167
   126
    90
    75
    68
    86
   179
   174
   149
   155
   168
   145
    93
    66
    76
    91
   139
   145
   152
   142
   138
   163
   179
   175
   163
   166
   172
   109
   139
   193
   197
   195
   181
   167
   151
   151
   148
   144
   144
   134
   167
   198
   188
   161
   138
   109
    96
    81
    96
    88
    92
    79
    81
    92
   112
    81
    54
    63
    79
    68
    59
    51
    67
    85
    63
    43
    41
    63
    41
    37
    58
    55
    55
    53
    44
    24
    23
    31
    34
    34
    33
    40
    50
    51
    49
    48
    55
    51
    52
   109
   112
   111
   122
   133
   135
   144
   151
   159
   169
   177
   178
   179
   187
   193
   187
   191
   187
   185
   183
   192
   191
   188
   162
   115
    81
    76
    75
   106
   188
   168
   143
   152
   171
   141
   115
   192
    76
    87
   154
   153
   146
   137
   142
   166
   179
   173
   171
   170
   163
    96
   167
   198
   198
   178
   164
   152
   146
   146
   144
   139
   162
   195
   206
   195
   179
   146
   119
   109
    91
    58
    60
    77
    76
    95
    92
    88
    84
   101
   119
   112
   112
   106
    84
    88
    67
    55
    55
    53
    41
    29
    50
    50
    52
    33
    47
    44
    53
    59
    51
    49
    36
    21
    18
    14
    51
    45
    51
    64
    52
    54
   107
   119
   114
   121
   126
   136
   137
   143
   153
   164
   170
   173
   179
   181
   183
   184
   184
   187
   186
   187
   186
   183
   184
   179
   155
   124
    98
    92
    90
   104
   159
   169
   149
   147
   165
   140
    98
    36
    45
   105
   160
   149
   148
   130
   149
   168
   179
   172
   172
   179
   148
   103
   186
   195
   187
   167
   150
   153
   147
   146
   148
   178
   198
   205
   196
   188
   167
   137
   104
   102
   100
    75
    52
    47
    48
    85
   111
   131
   144
   141
   126
   120
   125
   114
   105
    72
    64
    64
    72
    76
    73
    57
    51
    61
    66
    57
    59
    53
    42
    56
    71
    44
    20
    19
    10
    14
    34
    45
    47
    50
    62
    84
   116
   113
   113
   119
   130
   138
   144
   150
   158
   162
   169
   175
   176
   175
   182
   184
   188
   187
   184
   184
   184
   187
   190
   183
   164
   123
    98
    93
   119
   111
   168
   167
   145
   140
   161
   127
   104
    67
    89
   122
   169
   151
   140
   136
   163
   167
   170
   171
   174
   184
   107
   136
   191
   184
   159
   142
   139
   138
   151
   167
   190
   202
   206
   208
   198
   178
   147
   127
   107
    92
    80
    55
    47
    30
    61
   107
   138
   150
   136
   139
   143
   137
   121
   126
   113
    98
    88
    87
    69
    60
    69
    74
    77
    66
    53
    68
    69
    55
    53
    49
    53
    61
    43
    23
    14
    11
    58
    58
    57
    55
    71
   104
   118
   120
   117
   120
   130
   128
   139
   149
   147
   159
   168
   173
   177
   181
   184
   185
   184
   181
   178
   181
   186
   183
   184
   183
   163
   151
   120
    97
   104
    92
   157
   205
   151
   122
   152
   124
   104
    58
    70
   118
   155
   159
   145
   146
   159
   165
   170
   174
   186
   155
    84
   163
   189
   177
   171
   185
   191
   170
   155
   183
   201
   209
   208
   198
   195
   175
   146
   133
   102
    95
    92
    88
    62
    40
    89
   120
   136
   147
   173
   184
   191
   182
   168
   147
   123
   106
   107
   108
    79
    78
    88
    87
    66
    88
    99
    50
    34
    43
    72
    60
    61
    54
    59
    86
    77
    51
    45
    46
    43
    54
    99
   123
   126
   125
   123
   125
   131
   135
   144
   152
   156
   161
   170
   174
   180
   180
   183
   183
   180
   180
   180
   182
   181
   187
   189
   184
   161
   142
   135
   128
   110
   115
   183
   222
   191
   120
   141
   115
   113
    88
   109
   133
   156
   161
   141
   153
   157
   161
   178
   193
   167
    90
   140
   194
   192
   188
   197
   200
   191
   176
   165
   171
   193
   200
   199
   203
   181
   138
   131
   125
   109
   103
   111
   106
    74
    48
   120
   171
   177
   187
   194
   196
   195
   191
   187
   168
   137
   121
    93
    77
    81
    95
    90
    79
    91
    80
    71
    80
    79
    73
    59
    38
    30
    49
    62
    83
   118
   127
    52
    58
    65
    87
   115
   118
   120
   115
   125
   133
   139
   144
   152
   157
   159
   165
   175
   176
   181
   186
   183
   186
   181
   178
   176
   179
   181
   182
   183
   184
   175
   152
   132
   132
   134
   118
   175
   215
   202
   132
   131
   118
   113
   102
   140
   148
   160
   160
   156
   155
   153
   173
   174
   123
    81
   141
   197
   193
   189
   193
   195
   189
   164
   126
   127
   147
   178
   200
   195
   179
   162
   158
   154
   118
   124
   123
   120
   119
    68
    69
   142
   179
   185
   188
   184
   187
   190
   185
   173
   157
   153
   131
   123
   102
    89
    94
    75
    64
    66
    59
    66
    71
    75
    76
    57
    49
    85
    69
    44
    67
    95
   119
    56
    61
    67
    92
   109
   121
   125
   123
   132
   133
   142
   141
   151
   158
   158
   165
   174
   181
   184
   184
   185
   180
   179
   173
   173
   175
   178
   183
   183
   184
   180
   177
   160
   136
   129
   136
   147
   215
   195
   121
   116
   115
   116
   111
    92
   135
   167
   172
   164
   155
   144
   128
   109
   151
   189
   199
   193
   189
   197
   194
   186
   172
   125
    62
    83
   147
   154
   169
   176
   176
   156
   140
   118
   115
   109
   106
   120
   113
    58
    99
   155
   175
   184
   172
   186
   191
   185
   180
   162
   149
   144
   133
   141
   107
    86
    73
    79
    80
    88
    74
    58
    50
    68
    47
    26
    26
    32
    43
    69
    64
    83
   127
    60
    58
    69
   107
   120
   126
   124
   127
   129
   134
   143
   148
   151
   158
   164
   167
   176
   180
   179
   183
   185
   186
   179
   174
   167
   173
   177
   180
   178
   185
   188
   184
   183
   177
   161
   154
   133
   184
   204
   157
    89
    49
    57
   132
   112
   127
   153
   139
   125
   121
   134
   169
   195
   197
   199
   199
   199
   200
   201
   211
   187
   165
   109
    44
    86
   132
   164
   151
   151
   141
   134
   117
    92
    98
   108
   102
   106
    91
    52
   116
   176
   179
   189
   170
   175
   174
   169
   155
   162
   157
   151
   146
   126
    99
    84
    82
    84
    72
    76
    87
    56
    41
    28
    30
    47
    57
    69
    43
    36
    51
    70
   105
    48
    56
    71
   112
   117
   119
   126
   127
   125
   129
   140
   143
   152
   156
   163
   165
   171
   177
   182
   182
   189
   187
   176
   178
   173
   171
   173
   175
   176
   184
   185
   189
   187
   182
   180
   166
   152
   143
   170
   186
   224
   232
   215
   139
   109
   129
   153
   173
   189
   189
   193
   192
   184
   185
   192
   199
   202
   202
   199
   201
   190
   175
   156
    62
   125
   163
   160
   127
   125
   119
   105
   100
   104
   106
    87
    90
   111
    84
    43
   119
   181
   184
   189
   183
   174
   172
   171
   167
   159
   160
   153
   138
   121
    94
   103
    99
    78
    75
    91
    83
    85
    64
    58
    47
    50
    43
    41
    48
    38
    29
    52
    99
    45
    63
   100
   110
   111
   124
   123
   119
   125
   134
   137
   146
   155
   158
   160
   169
   170
   178
   180
   186
   181
   184
   182
   175
   175
   172
   174
   177
   180
   180
   183
   190
   191
   185
   183
   176
   159
   155
   169
    89
    19
    30
    34
   132
   207
   214
   198
   181
   175
   180
   181
   183
   186
   190
   191
   196
   193
   194
   195
   197
   183
   164
   158
   111
   132
   177
   139
   101
   114
   109
   116
   122
    98
    97
   114
   103
    94
    67
    33
   118
   178
   180
   186
   174
   146
   152
   161
   166
   151
   148
   153
   153
   127
   138
   130
   115
    97
    97
    77
    55
    62
    53
    54
    48
    38
    44
    29
    32
    47
    51
    29
    46
    50
    80
   107
   114
   121
   123
   115
   125
   124
   131
   135
   146
   150
   159
   159
   168
   175
   172
   179
   185
   189
   190
   184
   178
   173
   170
   171
   171
   173
   178
   188
   188
   185
   191
   188
   172
   163
   165
   132
    43
    69
   131
   210
   218
   198
   186
   175
   175
   175
   177
   177
   183
   181
   179
   186
   190
   193
   191
   196
   193
   183
   172
   153
   141
   114
   147
   123
   115
   124
   123
   118
   119
   131
   125
    82
    77
    95
    58
    47
   121
   180
   187
   185
   176
   162
   160
   152
   150
   146
   147
   154
   179
   156
   138
   100
   104
   114
   104
    67
    80
    74
    67
    50
    50
    49
    65
    60
    28
    23
    51
    71
    85
    58
    69
   100
   115
   117
   113
   109
   124
   127
   129
   134
   142
   151
   160
   161
   165
   170
   174
   175
   176
   187
   185
   179
   174
   172
   167
   164
   169
   173
   185
   187
   191
   187
   181
   170
   170
   166
   163
   169
   163
   120
   189
   191
   180
   167
   169
   171
   163
   169
   169
   170
   176
   177
   181
   176
   182
   187
   183
   192
   188
   177
   163
   139
   117
   131
   137
   119
    98
   118
   122
   120
   100
   103
   117
   107
    90
    74
    55
    39
   104
   158
   167
   171
   167
   160
   167
   155
   145
   146
   147
   134
   167
   159
   149
   141
   135
   119
   102
    89
    69
    62
    67
    57
    49
    36
    31
    45
    53
    48
    29
    33
    62
    53
    79
   105
   110
   118
   114
   114
   121
   127
   134
   138
   139
   149
   152
   160
   164
   169
   175
   179
   181
   183
   182
   183
   180
   174
   173
   172
   171
   172
   171
   176
   177
   178
   175
   173
   164
   170
   159
   178
   181
   149
   180
   170
   161
   155
   152
   160
   168
   162
   168
   166
   171
   169
   171
   169
   180
   180
   185
   186
   181
   163
   145
   123
    89
    95
   132
   123
   117
   124
   111
    95
   106
    95
    74
    81
    87
    89
    52
    61
   113
   153
   162
   162
   162
   161
   156
   144
   129
   123
   121
   139
   157
   162
   170
   145
   124
   115
   100
    93
    83
    76
    54
    55
    50
    28
    27
    19
    29
    41
    65
    70
    47
    55
    83
   110
   116
   116
   116
   112
   119
   122
   124
   133
   142
   146
   153
   157
   164
   171
   181
   187
   184
   187
   186
   184
   182
   181
   176
   174
   170
   177
   170
   172
   167
   167
   163
   164
   166
   170
   157
   186
   179
   148
   168
   157
   156
   150
   152
   149
   153
   158
   165
   167
   163
   160
   165
   165
   174
   182
   187
   195
   177
   157
   141
   115
    83
    75
    93
    93
   104
   117
   102
   106
   101
    92
    97
    85
    79
    79
    61
    71
   110
   157
   165
   163
   162
   154
   133
   129
   126
   121
   125
   141
   162
   140
   132
   115
   112
   105
    79
    71
    79
    69
    59
    47
    43
    32
    32
    42
    27
    19
    25
    23
    39
    56
    91
   113
   114
   117
   111
   115
   117
   126
   130
   134
   143
   147
   147
   157
   165
   169
   180
   182
   187
   186
   189
   186
   182
   180
   182
   181
   181
   183
   187
   192
   195
   192
   191
   183
   172
   176
   156
   177
   166
   126
   164
   154
   158
   153
   156
   146
   152
   168
   172
   170
   168
   158
   160
   164
   165
   168
   184
   170
   159
   150
   136
   115
   105
   111
    86
    86
   118
    97
   112
   105
    92
   101
   110
    94
    88
    76
    56
    64
   107
   154
   163
   162
   153
   143
   138
   124
   112
   105
    99
   137
   165
   167
   154
   148
   138
   118
   111
   114
    85
    79
    69
    52
    53
    60
    44
    40
    49
    44
    30
    37
    52
    54
    80
   106
   117
   118
   115
   119
   120
   126
   129
   136
   140
   154
   163
   154
   154
   167
   171
   178
   180
   183
   181
   185
   182
   178
   175
   178
   180
   185
   185
   184
   188
   194
   189
   188
   176
   166
   139
   178
   190
   109
   165
   163
   157
   154
   156
   158
   163
   169
   167
   162
   162
   162
   163
   161
   165
   163
   170
   174
   162
   148
   137
   125
   122
   117
    79
    91
   134
   129
   128
   129
   116
   106
    90
    81
    97
    95
    59
    63
   111
   156
   162
   163
   147
   121
   124
   118
   130
   130
   133
   132
   151
   154
   146
   140
   128
   108
    99
    97
    83
    70
    61
    61
    56
    40
    59
    47
    37
    42
    36
    28
    31
    54
    82
   101
   105
   109
   110
   117
   120
   124
   128
   131
   138
   138
   149
   165
   178
   170
   169
   172
   182
   186
   185
   186
   179
   179
   177
   179
   177
   175
   184
   194
   193
   192
   184
   175
   172
   174
   163
   193
   219
   138
   152
   152
   156
   163
   160
   163
   167
   169
   172
   170
   170
   169
   167
   167
   162
   158
   162
   165
   162
   149
   141
   108
    98
    98
    79
   120
   135
   113
   105
   113
   103
   104
   118
   112
   107
   105
    65
    65
   120
   150
   156
   160
   141
   137
   130
   124
   103
   102
    97
   103
   112
   138
   130
   143
   129
   117
   106
   101
    81
    56
    53
    53
    43
    50
    42
    53
    38
    23
    27
    32
    28
    58
    75
    87
   100
   108
   107
   114
   120
   120
   126
   129
   132
   139
   146
   147
   153
   198
   186
   176
   175
   180
   183
   179
   173
   170
   174
   177
   176
   183
   183
   184
   181
   175
   167
   158
   159
   186
   174
   204
   209
   142
   113
   143
   119
   128
   157
   152
   151
   163
   171
   171
   166
   164
   164
   161
   160
   162
   173
   174
   159
   147
   128
    61
    88
    89
    96
   114
   122
   121
   112
   107
   103
   105
    92
    78
    93
    89
    47
    49
   130
   163
   158
   158
   149
   128
   114
   113
   103
    94
    90
   117
   120
   121
   132
   138
   128
   107
    98
    77
    55
    60
    70
    88
    85
    70
    60
    40
    41
    58
    46
    39
    38
    57
    68
    89
    94
   105
   112
   113
   115
   121
   120
   127
   139
   141
   147
   154
   154
   156
   172
   168
   179
   179
   181
   173
   168
   168
   171
   174
   183
   184
   191
   191
   186
   179
   163
   155
   159
   115
    96
   117
   100
    96
   112
   141
   132
    86
    90
   121
   145
   148
   152
   159
   170
   170
   162
   159
   166
   171
   178
   190
   174
   142
   101
    28
    42
    82
   120
   129
   125
   121
    99
    92
    92
    93
    69
    86
   116
    97
    58
    60
   127
   160
   161
   164
   136
   132
   130
   112
    96
    93
    82
   116
   134
   135
   119
   124
   122
   102
    84
    76
    65
    80
    58
    44
    45
    56
    37
    29
    29
    33
    24
    27
    26
    61
    62
    72
    90
   102
   101
   110
   117
   117
   120
   128
   136
   144
   148
   155
   154
   163
   165
   169
   169
   177
   172
   168
   170
   175
   174
   182
   183
   179
   183
   183
   185
   167
   144
   150
   125
    96
   140
   117
   104
    94
   100
   103
   142
   170
   108
   106
   113
   137
   142
   148
   152
   166
   167
   167
   161
   163
   165
   178
   177
   146
    85
    25
    44
    96
   108
   105
   121
   119
   108
   102
    91
    98
    93
    65
    96
    75
    61
    79
   132
   166
   170
   161
   141
   121
   121
   127
   110
    85
    83
   104
   132
   148
   119
   114
   106
   104
    86
    80
    95
    69
    58
    43
    37
    43
    45
    39
    35
    19
    37
    28
    21
    49
    53
    77
    95
   102
   113
   103
   116
   121
   129
   133
   135
   146
   147
   153
   158
   168
   163
   162
   167
   167
   177
   174
   170
   167
   166
   169
   181
   187
   181
   171
   156
   150
   161
   141
    85
   149
   129
   114
   111
   129
   141
   138
   132
   121
   202
   129
   103
    85
   126
   129
   139
   148
   143
   140
   163
   160
   170
   179
   189
   159
    84
    27
    52
   117
   114
   103
   106
   141
   109
   115
   105
    90
    89
    98
    93
    60
    60
    81
   134
   161
   158
   152
   129
   125
   108
   110
   102
    97
    78
    93
   112
   138
   146
   125
   127
   106
    94
    88
    51
    42
    40
    37
    37
    50
    57
    59
    48
    33
    26
    22
    24
    46
    59
    69
    86
    94
   102
   107
   110
   119
   123
   127
   134
   136
   148
   155
   162
   167
   166
   169
   171
   167
   173
   170
   167
   171
   169
   172
   174
   176
   174
   155
   136
   131
   147
   107
   127
   143
   115
   106
   130
   154
   155
   157
   147
   137
   147
   119
   135
   129
    78
   113
   131
   129
   134
   130
   138
   155
   155
   167
   179
   170
   109
    32
    65
   128
   144
   111
    98
    86
   103
   106
   109
    85
    87
    92
    99
    73
    62
    69
   143
   158
   147
   148
   132
   127
   115
   110
    92
    80
    65
    95
   129
   132
   133
   134
   122
    98
   113
    93
    67
    55
    48
    36
    42
    40
    43
    36
    33
    29
    28
    39
    42
    44
    49
    62
    84
    96
   103
   108
   112
   117
   125
   129
   137
   144
   145
   157
   163
   172
   171
   168
   162
   165
   167
   167
   169
   166
   168
   164
   163
   168
   154
   130
   130
   113
   109
   132
   150
   136
   112
   118
   148
   154
   142
   131
   163
   182
   149
   133
   130
   141
   137
    76
    97
   141
   131
   137
   156
   156
   158
   168
   178
   174
   131
    45
    57
   137
   132
   117
   106
    83
    85
    96
   100
    91
    87
   109
    89
    48
    43
    82
   134
   133
   144
   148
   133
   128
   124
   114
    96
    75
    72
    78
   123
   140
   135
   134
   121
   112
   103
    83
    70
    76
    66
    83
    48
    18
    17
    26
    24
    37
    42
    38
    21
    44
    52
    68
    81
    95
   101
   107
   109
   114
   123
   127
   134
   138
   146
   155
   160
   166
   163
   164
   165
   163
   165
   165
   163
   163
   164
   169
   165
   163
   156
   148
   111
    85
   141
   181
   153
   124
   101
   136
   158
   150
   139
   136
   149
   135
   160
   155
   135
   141
   157
   161
   100
   110
   166
   168
   169
   169
   161
   166
   177
   181
   148
   103
    75
   111
   146
   105
    95
   102
   102
    92
    91
    96
    90
    95
    90
    51
    41
    96
   150
   144
   152
   150
   140
   121
   119
   105
    95
    79
    67
   103
   109
   131
   149
   135
   105
   104
    86
    61
    62
    65
    62
    42
    39
    55
    53
    48
    25
    19
    15
    33
    40
    35
    53
    63
    80
    83
    88
   106
   114
   116
   125
   131
   138
   141
   143
   148
   153
   164
   165
   167
   164
   170
   171
   167
   165
   164
   168
   167
   163
   161
   142
   114
    95
    74
   166
   164
   160
   132
   122
   152
   162
   153
   123
   136
    94
   141
   172
   165
   148
   137
   158
   180
   188
   126
   137
   182
   173
   170
   165
   167
   171
   180
   165
   130
   104
   100
   159
   141
   115
    90
    78
    74
    70
    91
   100
    69
    60
    45
    38
   111
   131
   139
   151
   146
   146
   140
   113
   108
    92
    88
    83
   114
   128
   122
   106
   118
   105
    83
    90
    81
    65
    72
    54
    46
    44
    37
    30
    45
    43
    30
    40
    33
    40
    43
    45
    57
    63
    79
    98
   105
   104
   112
   116
   126
   132
   135
   147
   153
   153
   158
   159
   163
   165
   168
   164
   167
   162
   165
   169
   169
   161
   153
   132
    98
    69
    48
   178
   154
   159
   132
   144
   176
   171
   130
   126
   111
   113
   151
   154
   145
   152
   152
   159
   175
   181
   183
   110
   134
   175
   164
   158
   157
   174
   188
   189
   159
    99
    96
   150
   144
   112
   106
    94
    99
    99
    75
    84
    76
    61
    42
    41
   126
   146
   146
   154
   147
   131
   130
   124
   107
   114
    97
    83
   117
   130
   131
   134
   117
    92
    86
    90
    76
    60
    69
    70
    63
    58
    36
    40
    49
    41
    33
    28
    16
    19
    46
    46
    51
    62
    65
    83
   106
   107
   108
   116
   122
   129
   136
   144
   152
   159
   162
   160
   160
   163
   168
   166
   163
   161
   164
   165
   164
   161
   153
   124
    84
    57
    59
   174
   137
   150
   130
   148
   176
   154
   125
   124
    95
   115
   150
   156
   145
   143
   158
   160
   171
   178
   179
   144
    76
   153
   174
   152
   144
   142
   153
   154
    98
    57
   118
   142
   158
   148
   115
    95
    95
    88
    97
    88
    86
    77
    41
    49
   126
   144
   149
   154
   149
   137
   129
   115
   114
   112
   119
   110
   123
   130
   119
   115
   105
    94
    77
    79
    80
    67
    48
    46
    59
    61
    55
    42
    39
    45
    52
    60
    54
    23
    53
    49
    53
    51
    71
    69
    83
    94
   103
   111
   121
   128
   132
   146
   151
   152
   161
   169
   170
   175
   166
   159
   162
   162
   167
   170
   165
   158
   148
   122
    87
    60
    72
   178
   132
   146
   131
   167
   177
   138
   133
   113
   104
   130
   150
   157
   150
   136
   154
   163
   169
   179
   177
   177
   134
   106
   170
   163
   151
   147
   130
   116
   117
   147
   159
   147
   151
   164
   139
   122
   102
    85
    73
    75
   103
    88
    47
    54
   127
   137
   151
   154
   143
   135
   129
   124
   106
    98
   113
   125
   141
   124
   119
   100
   105
    97
    83
    80
    77
    94
    89
    56
    48
    45
    43
    43
    44
    44
    40
    23
    39
    29
    41
    49
    46
    66
    70
   106
    93
    86
    97
   116
   123
   123
   133
   141
   144
   144
   155
   159
   163
   162
   166
   165
   164
   166
   166
   170
   168
   157
   136
   103
    69
    62
    92
   170
   131
   146
   132
   178
   179
   129
   131
   102
   136
   158
   159
   158
   148
   127
   141
   167
   167
   175
   178
   173
   162
    84
   166
   172
   166
   159
   155
   152
   156
   165
   158
   157
   151
   145
   129
   113
   108
   100
    98
   100
    86
    84
    54
    56
   118
   122
   150
   147
   145
   140
   135
   130
   125
   124
   123
   131
   147
   147
   119
   107
   111
   109
    84
    81
   101
    89
    91
    87
    81
    81
    45
    36
    51
    58
    57
    51
    28
    41
    46
    55
    51
    49
    57
    67
   106
    99
   104
   106
   107
   126
   133
   139
   146
   147
   154
   156
   158
   156
   158
   162
   157
   161
   164
   164
   167
   156
   134
   111
    78
    65
   122
   166
   143
   142
   142
   188
   183
   134
   130
   104
   168
   173
   156
   152
   153
   138
   140
   175
   177
   175
   177
   174
   205
    88
   158
   180
   166
   164
   159
   153
   165
   161
   157
   160
   157
   158
   145
   110
   104
    97
    88
    90
    88
    69
    47
    61
   123
   126
   133
   140
   136
   138
   128
   127
   128
   127
   131
   123
   134
   142
   135
   111
   107
   105
   103
   108
    88
    95
   103
    82
    60
    60
    49
    61
    38
    25
    38
    56
    45
    35
    41
    41
    53
    58
    48
    62
    63
    86
    89
    99
   112
   116
   122
   131
   141
   154
   150
   156
   159
   159
   158
   161
   160
   159
   161
   163
   156
   151
   132
   105
    67
    56
   134
   157
   149
   142
   151
   187
   175
   133
   124
   120
   162
   167
   175
   176
   165
   151
   146
   179
   185
   179
   175
   168
   206
    90
   153
   188
   173
   165
   159
   154
   153
   157
   153
   151
   157
   162
   153
   143
   124
   107
   113
   106
    96
    93
    57
    49
   112
   130
   145
   137
   138
   138
   124
   131
   136
   136
   134
   137
   141
   144
   122
   105
    82
    66
    75
    91
   113
   104
    50
    49
    69
    63
    61
    58
    48
    40
    43
    25
    30
    14
    45
    47
    63
    50
    66
    77
    75
    79
    96
   101
   107
   115
   125
   123
   125
   131
   148
   152
   150
   155
   161
   163
   163
   166
   163
   159
   158
   153
   133
   115
    71
    37
   110
   127
   158
   130
   134
   180
   175
   132
   107
    68
    64
   105
   151
   156
   170
   151
   142
   185
   187
   176
   174
   174
   209
    99
   131
   183
   182
   169
   158
   159
   153
   157
   166
   170
   160
   143
   148
   140
   123
    94
    88
    78
    67
    86
    61
    49
   112
   131
   133
   139
   133
   140
   144
   139
   137
   134
   142
   146
   150
   119
   102
   101
   107
   114
    86
    68
    68
    77
    74
    67
    34
    27
    52
    53
    33
    55
    47
    37
    20
    32
    41
    48
    60
    71
    55
    56
    76
    78
    89
    97
   105
   112
   119
   125
   134
   143
   140
   141
   153
   154
   152
   161
   158
   156
   160
   157
   153
   147
   129
   109
    76
    48
   124
   129
   147
   125
   168
   184
   178
   144
    84
    53
    79
    82
   151
   160
   172
   158
   137
   178
   185
   178
   174
   173
   191
    98
   137
   186
   180
   169
   167
   161
   154
   150
   155
   157
   148
   150
   126
   131
   133
   105
    87
    73
    61
    65
    59
    50
   110
   124
   135
   136
   144
   145
   146
   143
   142
   139
   119
   121
   135
   133
    99
    76
    76
    76
   100
   130
   102
    80
    93
    68
    68
    59
    48
    56
    67
    69
    61
    49
    40
    36
    66
    64
    56
    57
    52
    52
    65
    79
    88
    97
   107
   110
   113
   126
   128
   136
   148
   141
   142
   149
   153
   161
   158
   161
   161
   160
   158
   147
   134
   109
    79
    44
   183
   221
   186
   111
   153
   188
   183
   141
   113
   131
    77
    92
   165
   179
   184
   175
   137
   173
   183
   174
   180
   176
   180
   105
   133
   187
   184
   178
   171
   161
   155
   148
   150
   143
   150
   149
   153
   131
   101
    91
    87
    88
    87
    70
    63
    52
   114
   133
   140
   145
   145
   138
   135
   128
   134
   132
   119
   103
   114
   113
   129
   133
   125
   124
   115
   100
    74
    56
    56
    57
    58
    51
    48
    46
    61
    51
    45
    34
    43
    52
    44
    40
    49
    52
    65
    62
    57
    75
    92
    96
   107
   114
   115
   123
   136
   142
   147
   153
   147
   145
   148
   148
   160
   162
   161
   159
   156
   148
   130
   114
    76
    47
   182
   220
   219
   163
   160
   188
   187
   138
    81
    76
    32
    93
   170
   167
   180
   175
   137
   175
   186
   180
   176
   170
   169
   104
   133
   185
   187
   182
   170
   162
   159
   152
   153
   149
   147
   150
   125
   124
   116
   100
    86
    73
    53
    47
    45
    47
   107
   133
   140
   136
   136
   136
   134
   136
   127
   113
   119
   115
   101
   102
    67
    52
    71
    70
    58
    73
    88
    67
    35
    50
    73
    63
    45
    65
    54
    44
    45
    46
    41
    52
    51
    44
    38
    43
    57
    60
    63
    62
    77
    97
   110
   115
   118
   127
   133
   139
   146
   153
   152
   148
   142
   148
   147
   152
   158
   161
   161
   152
   129
   115
    77
    35
   177
   215
   217
   179
   151
   179
   182
   137
    70
    41
    46
    72
   153
   165
   182
   172
   142
   171
   188
   181
   177
   159
   160
   108
   137
   180
   186
   185
   178
   171
   162
   159
   155
   150
   141
   142
   152
   134
   116
   106
    79
    61
    52
    56
    61
    67
   108
   130
   132
   144
   142
   121
   124
   121
   133
   126
    96
    95
    94
    92
    90
    81
    57
    89
    86
    49
    17
    52
    76
    57
    38
    58
    85
    83
    69
    51
    29
    26
    42
    56
    56
    57
    50
    42
    50
    62
    61
    71
    75
    81
    92
   110
   119
   124
   130
   132
   139
   144
   147
   148
   145
   150
   156
   153
   150
   156
   156
   157
   139
   115
    80
    51
   187
   223
   230
   139
   145
   171
   172
   147
    77
    43
    50
    96
   162
   167
   182
   174
   150
   178
   187
   178
   175
   170
   177
   113
   138
   185
   188
   185
   182
   173
   171
   163
   153
   151
   151
   142
   136
   155
   122
   117
   106
   101
    86
    48
    64
    93
   105
   125
   131
   143
   141
   121
    95
    91
   100
   105
   107
    85
    76
    99
    90
    97
   110
    96
    79
    80
    74
    68
    71
    52
    37
    38
    56
    88
   101
    55
    30
    38
    54
    70
    44
    42
    52
    50
    56
    58
    57
    66
    75
    78
    90
   100
   112
   120
   123
   133
   142
   146
   143
   148
   153
   153
   152
   156
   156
   155
   157
   150
   136
   123
    89
    56
   171
   192
   163
   119
   136
   165
   171
   158
    85
    72
    96
   115
   172
   169
   180
   164
   153
   179
   187
   180
   171
   182
   163
   105
   137
   183
   186
   182
   175
   173
   168
   161
   160
   158
   151
   144
   141
   133
   143
   114
   104
    83
    66
    63
    73
    90
    91
    78
    89
   102
   115
   126
   117
   101
    95
    90
    91
    78
    58
    67
    95
    99
    75
    40
    56
    79
    90
    72
    53
    57
    63
    54
    59
    61
    48
    35
    47
    57
    77
    86
    50
    43
    44
    46
    41
    44
    52
    60
    70
    80
    91
   103
   108
   114
   120
   117
   134
   137
   139
   139
   149
   154
   150
   154
   156
   156
   155
   151
   141
   120
    95
    56
   106
    99
   122
   125
   122
   159
   168
   162
   105
    67
   122
   133
   169
   173
   184
   166
   161
   186
   190
   184
   172
   193
   161
   113
   139
   180
   174
   182
   177
   172
   176
   173
   169
   154
   162
   156
   149
   146
   128
   130
   126
   114
    98
    82
    83
    91
   102
    79
    62
    52
    61
    67
    84
    97
    98
    80
    69
    81
    68
    70
    54
    33
    57
    91
    59
    31
    38
    49
    58
    43
    23
    27
    29
    16
    21
    31
    43
    60
    87
    87
    49
    45
    34
    39
    43
    51
    61
    67
    69
    74
    87
    94
   102
   110
   118
   124
   117
   124
   135
   137
   132
   144
   152
   152
   156
   161
   162
   150
   139
   121
    99
    71
    97
   126
   128
   114
   111
   153
   169
   163
   125
    77
    68
   124
   169
   179
   187
   184
   166
   186
   179
   174
   172
   190
   158
   120
   136
   177
   175
   174
   178
   172
   174
   174
   155
   160
   156
   159
   151
   150
   147
   140
   123
   119
   109
   101
    87
    99
    85
   106
    91
    86
    84
    72
    65
    72
    82
    65
    50
    50
    51
    52
    64
    66
    56
    50
    38
    56
    48
    60
    53
    45
    44
    41
    34
    36
    29
    34
    58
    77
    98
    99
    59
    65
    56
    44
    36
    40
    34
    48
    68
    65
    64
    81
    96
   104
   121
   118
   133
   129
   128
   136
   138
   141
   148
   158
   163
   160
   158
   158
   142
   121
   104
    78
    94
   110
   111
   106
   108
   145
   159
   152
   142
    97
    79
   125
   167
   192
   179
   182
   170
   187
   186
   188
   176
   183
   170
   124
   137
   165
   175
   176
   170
   172
   171
   170
   165
   161
   152
   148
   156
   149
   153
   151
   151
   129
   113
   111
    94
    90
   100
    76
    79
    74
    76
    87
    61
    54
    56
    52
    61
    60
    46
    41
    60
    37
    46
    56
    61
    67
    55
    43
    47
    35
    46
    54
    36
    26
    19
    35
    60
    87
    86
    84
    57
    46
    40
    39
    48
    46
    50
    37
    47
    74
    76
    70
    85
    92
   101
   113
   116
   128
   130
   131
   128
   141
   142
   151
   157
   157
   157
   157
   153
   143
    99
    92
    69
    98
    98
   108
    98
   121
   151
   149
   153
   133
   102
   109
   156
   169
   177
   187
   175
   189
   183
   186
   188
   185
   176
   134
   148
   178
   180
   176
   173
   171
   175
   174
   168
   165
   151
   151
   138
   145
   153
   151
   149
   156
   151
   169
   157
   118
    97
    97
    90
    89
   104
   101
    80
    43
    62
    72
    53
    47
    47
    35
    45
    54
    26
    43
    50
    45
    54
    42
    37
    38
    20
    21
    37
    32
    37
    65
   105
    99
   101
   104
    75
    64
    48
    42
    46
    57
    48
    40
    38
    63
    76
    77
    79
    95
   104
   112
   111
   117
   123
   129
   137
   132
   144
   155
   161
   156
   158
   163
   157
   150
   146
   115
    79
    56
    84
    88
    92
   113
   141
   146
   148
   165
   109
   107
   129
   161
   180
   184
   176
   180
   185
   181
   193
   163
   180
   140
   144
   171
   175
   179
   175
   175
   173
   171
   169
   166
   165
   157
   159
   147
   152
   151
   139
   146
   144
   138
   124
   125
   114
   104
    98
   102
    82
    79
    83
    92
    59
    65
    61
    41
    35
    53
    48
    66
    46
    32
    38
    22
    35
    35
    30
    32
    26
    25
    24
    43
    45
    86
   106
    99
   100
    94
    57
    59
    60
    61
    55
    46
    42
    36
    49
    44
    59
    77
    87
    92
    94
    90
   104
   108
   115
   120
   131
   138
   133
   130
   146
   159
   158
   163
   155
   148
   146
   148
   126
    70
    98
   103
    93
    98
   123
   133
   139
   159
   156
   112
   115
   138
   175
   180
   181
   175
   180
   183
   161
   153
   179
   138
   146
   171
   179
   180
   174
   177
   174
   171
   173
   162
   156
   166
   161
   164
   151
   151
   151
   139
   124
   124
   126
   129
   129
   128
    99
    91
    96
    85
    81
    92
    71
    57
    51
    51
    53
    41
    39
    33
    39
    34
    31
    33
    35
    34
    29
    32
    28
    24
    25
    32
    68
    96
   104
   103
   103
   101
    51
    53
    51
    55
    54
    54
    40
    35
    37
    40
    41
    57
    67
    81
    94
    99
   101
   116
   109
   114
   118
   122
   122
   123
   129
   137
   147
   158
   164
   158
   152
   152
   147
   107
    49
   102
    95
    89
   101
   104
   125
   157
   186
   156
   120
   130
   153
   180
   182
   179
   185
   177
   100
   177
   176
   136
   146
   180
   177
   178
   180
   181
   178
   179
   180
   182
   176
   164
   151
   148
   154
   150
   154
   144
   144
   138
   129
   113
   113
   131
   133
   111
    82
    67
    72
    61
    67
    59
    52
    35
    34
    45
    56
    42
    37
    43
    30
    22
    21
    28
    25
    30
    34
    36
    32
    56
    75
    93
   103
   101
    98
   102
    48
    53
    47
    64
    51
    54
    46
    38
    34
    28
    31
    39
    54
    63
    68
    88
    89
    95
   111
   109
   119
   130
   135
   138
   138
   129
   131
   142
   150
   161
   161
   150
   150
   145
    90
    44
    97
   100
    97
    84
   103
   141
   170
   187
   149
   132
   142
   167
   171
   181
   193
   113
   140
   182
   171
   133
   147
   173
   180
   184
   185
   183
   182
   185
   180
   179
   182
   174
   167
   158
   160
   163
   166
   163
   152
   140
   125
   106
    72
    68
    97
   115
   101
    81
    62
    59
    56
    48
    62
    57
    57
    53
    43
    47
    37
    29
    34
    33
    31
    25
    26
    28
    27
    25
    42
    56
    65
    87
    97
   106
   106
   100
    43
    48
    44
    42
    64
    43
    42
    44
    42
    44
    34
    42
    41
    48
    72
    84
    98
   111
   113
   122
   122
   131
   133
   137
   142
   147
   139
   133
   143
   150
   149
   155
   153
   151
   151
   116
    45
    37
    78
    79
    95
   131
   175
   195
   196
   153
   171
   184
   202
   180
    96
   106
   183
   179
   161
   133
   152
   181
   183
   181
   173
   179
   177
   177
   176
   181
   185
   185
   178
   172
   172
   161
   165
   160
   165
   153
   140
   125
   129
    94
    70
    75
    66
    76
    69
    54
    61
    67
    57
    64
    45
    55
    61
    56
    46
    40
    24
    38
    32
    29
    22
    25
    23
    23
    50
    75
    95
    98
   104
   103
    96
    95
    50
    48
    47
    37
    40
    59
    48
    33
    39
    41
    41
    59
    46
    64
    52
    57
    67
    81
    91
    92
   107
   117
   122
   127
   134
   135
   142
   148
   144
   149
   155
   153
   161
   161
   155
   150
   161
   134
   224
   145
    63
    70
    83
    96
   119
   114
   103
    85
    63
    39
   115
   184
   179
   162
   140
   132
   154
   174
   180
   181
   180
   176
   184
   184
   189
   181
   180
   182
   183
   184
   177
   176
   168
   171
   163
   147
   144
   121
    98
    93
    82
    85
    82
    59
    64
    63
    57
    48
    41
    36
    34
    27
    24
    36
    37
    42
    35
    22
    37
    42
    44
    37
    28
    63
    96
   106
    97
   105
   110
   108
    96
   104
    56
    55
    53
    69
    66
    62
    64
    58
    53
    43
    55
    41
    44
    43
    41
    54
    75
    79
    82
    89
    90
    90
    96
   103
   116
   131
   145
   151
   149
   156
   159
   159
   154
   153
   156
   154
   153
   136
   113
    65
    41
    95
   126
   167
   164
   132
   121
   119
   146
   182
   178
   163
   147
   138
   132
   142
   165
   172
   174
   179
   176
   183
   182
   180
   187
   181
   177
   172
   173
   176
   184
   181
   173
   165
   144
   145
   128
   112
   125
    98
    85
    65
    58
    66
    81
    63
    61
    42
    46
    41
    29
    38
    44
    32
    26
    28
    35
    45
    23
    23
    24
    33
    44
    65
    94
   105
   112
   112
   107
    95
    91
   119
    53
    48
    47
    48
    44
    41
    43
    54
    53
    75
    57
    53
    43
    58
    62
    51
    55
    70
    78
    84
    92
   101
   107
   108
   104
   123
   128
   149
   149
   146
   142
   149
   149
   153
   158
   158
   162
   154
    42
    10
    74
    77
   115
   133
   134
   133
   133
   130
   134
   124
   128
   131
   131
   131
   144
   161
   168
   181
   187
   186
   183
   185
   182
   188
   180
   183
   184
   189
   177
   179
   174
   176
   184
   182
   181
   148
   124
   117
   100
    88
    86
    77
    67
    61
    52
    66
    45
    40
    26
    41
    40
    36
    29
    36
    51
    38
    22
    14
    31
    33
    33
    47
    74
   101
   109
   107
   111
   109
   106
   110
   114
   119
    61
    59
    54
    40
    45
    37
    39
    40
    61
    51
    65
    52
    52
    32
    42
    56
    54
    52
    52
    69
    83
    97
   100
   119
   132
   115
   115
   114
   120
   144
   157
   157
   158
   155
   155
   163
   167
   153
   105
   197
   184
   106
   138
   152
   167
   165
   153
   137
   135
   136
   135
   139
   146
   152
   162
   168
   188
   183
   184
   183
   184
   173
   182
   176
   166
   175
   175
   181
   179
   179
   171
   168
   168
   177
   178
   174
   145
   126
    98
    87
    69
    64
    56
    61
    56
    50
    58
    61
    42
    43
    38
    32
    41
    29
    28
    23
    21
    60
    65
    57
    80
    97
   100
   103
   105
   116
   112
   107
   104
   105
   112
   123
    61
    62
    54
    50
    40
    48
    36
    42
    50
    51
    39
    50
    47
    51
    52
    54
    68
    70
    69
    70
    80
    78
    87
    96
   103
   130
   130
   131
   139
   148
   150
   149
   144
   155
   166
   166
   163
   161
   112
    53
    87
    94
   121
   162
   169
   165
   169
   169
   164
   165
   168
   170
   174
   174
   181
   182
   181
   185
   184
   186
   184
   190
   185
   182
   186
   167
   167
   180
   188
   182
   172
   171
   162
   155
   149
   130
   117
   110
   123
    96
    94
    97
    87
    61
    58
    54
    45
    51
    61
    39
    43
    36
    38
    48
    44
    49
    38
    33
    24
    43
    58
    98
   110
   101
   107
   112
   117
   125
   117
   116
   114
   116
    47
    53
    66
    64
    71
    57
    55
    44
    40
    50
    41
    51
    51
    44
    43
    43
    50
    44
    53
    54
    56
    64
    73
    90
   103
   110
   111
   113
   115
   105
   109
   128
   146
   151
   153
   159
   165
   166
   166
    98
    49
   100
   125
   168
   169
   161
   161
   162
   164
   181
   193
   187
   185
   184
   187
   192
   189
   182
   189
   187
   190
   186
   187
   184
   186
   181
   190
   187
   183
   183
   173
   170
   166
   165
   144
   136
   128
    99
   100
   100
    77
    63
    54
    38
    43
    47
    57
    55
    51
    54
    47
    31
    45
    49
    42
    47
    49
    47
    78
   101
   114
   115
   120
   119
   118
   113
   102
   108
   110
   122
   117
   122
    54
    50
    53
    57
    45
    45
    42
    44
    41
    41
    46
    34
    47
    41
    50
    41
    37
    45
    40
    51
    86
   107
   121
   110
   103
   110
   114
   113
   114
   118
   122
   121
   122
   123
   125
   132
   146
   155
   164
   166
    79
    62
   119
   174
   181
   174
   161
   160
   156
   169
   177
   179
   185
   186
   188
   186
   185
   190
   187
   186
   185
   184
   186
   180
   185
   178
   179
   174
   176
   187
   180
   167
   171
   169
   170
   157
   126
   106
    77
    79
    95
   102
    95
    79
    71
    49
    55
    46
    26
    32
    48
    41
    33
    41
    57
    54
    54
   103
   107
   115
   126
   136
   128
   120
   123
   127
   130
   121
   123
   118
   116
   132
    45
    49
    54
    48
    46
    42
    39
    45
    47
    43
    42
    41
    38
    39
    34
    42
    43
    53
    64
    69
    75
    84
    77
    75
    84
    95
   109
   121
   112
   104
   105
   107
   120
   133
   139
   126
   120
   133
   152
   168
   142
    56
    97
   167
   179
   180
   167
   160
   169
   170
   179
   180
   180
   182
   180
   178
   180
   182
   185
   186
   188
   187
   189
   188
   188
   191
   191
   189
   170
   156
   165
   168
   168
   159
   156
   158
   133
   101
    99
    87
    82
    60
    47
    63
    48
    48
    52
    74
    68
    60
    49
    41
    33
    49
    49
    55
   100
   119
   128
   120
   120
   123
   128
   122
   121
   121
   122
   122
   123
   119
   129
   128
    58
    47
    50
    56
    51
    43
    46
    56
    47
    45
    52
    47
    49
    48
    40
    38
    42
    42
    46
    54
    61
    40
    45
    70
    88
    63
    66
    79
    89
   104
   106
   103
    97
    98
   107
   138
   146
   147
   144
   151
   160
    92
    71
   157
   171
   171
   173
   170
   167
   169
   167
   176
   183
   178
   175
   183
   180
   182
   187
   184
   184
   184
   188
   186
   186
   182
   174
   176
   185
   165
   168
   157
   163
   163
   173
   148
   133
   102
    90
    83
    66
    65
    81
    56
    51
    67
    67
    59
    48
    54
    47
    45
    56
    50
    76
    91
   104
   125
   126
   131
   132
   133
   133
   117
   107
   128
   130
   131
   130
   130
   130
   133
    57
    60
    60
    51
    57
    53
    45
    45
    53
    46
    40
    55
    56
    48
    41
    40
    45
    38
    45
    86
    61
    60
    57
    65
    76
    78
    81
    73
    78
    84
    81
    78
    79
    84
    79
    76
    96
   120
   136
   148
   153
   129
    62
   113
   157
   162
   165
   166
   169
   174
   177
   176
   177
   178
   180
   183
   179
   181
   183
   186
   188
   184
   185
   188
   183
   179
   175
   171
   175
   170
   173
   160
   162
   148
   125
   106
   109
    87
    81
    65
    57
    44
    40
    76
    67
    63
    55
    53
    61
    54
    58
    43
    48
    78
   102
   116
   113
   133
   132
   132
   136
   136
   134
   118
   113
   128
   133
   130
   134
   134
   134
   133
    51
    48
    49
    50
    52
    55
    43
    46
    44
    54
    51
    42
    55
    52
    51
    47
    38
    50
    48
    41
    47
    51
    49
    63
    59
    61
    71
   101
   111
    93
    93
    99
    91
    76
    77
    72
    61
    67
    71
    92
   100
   111
    62
    52
   105
   139
   152
   160
   166
   167
   172
   175
   175
   176
   174
   170
   173
   175
   180
   179
   177
   184
   191
   187
   181
   188
   180
   176
   174
   173
   180
   180
   172
   163
   130
    97
    88
    88
    93
    69
    57
    82
    87
    55
    54
    63
    62
    52
    67
    67
    40
    44
    61
   103
   115
   127
   133
   129
   136
   135
   137
   128
   123
   128
   134
   131
   129
   128
   127
   125
   122
   125
    47
    52
    48
    52
    54
    55
    52
    54
    47
    46
    50
    41
    42
    67
    52
    50
    38
    35
    39
    46
    46
    49
    71
    62
    51
    54
    69
    79
    52
    43
    51
    54
    54
    77
    93
    96
    88
    74
    67
    62
    58
    37
    30
    49
    31
    59
    93
   122
   138
   154
   155
   159
   163
   168
   175
   179
   181
   170
   163
   169
   166
   171
   161
   143
   129
   134
   136
   139
   120
   134
   128
   106
   116
   117
    98
    78
    53
    71
    63
    79
    63
    44
    42
    74
    61
    45
    57
    50
    42
    58
    85
   101
   109
   112
   122
   129
   132
   120
   130
   130
   124
   128
   123
   129
   120
   109
   113
   113
   107
   113
   118
   120
    49
    49
    48
    48
    47
    51
    64
    55
    42
    40
    45
    49
    46
    54
    64
    51
    56
    53
    44
    44
    46
    48
    32
    26
    33
    34
    29
    19
    28
    30
    20
    11
    10
    19
    32
    59
    78
    91
    76
    78
    88
    96
   100
    79
    69
    55
    59
    77
   109
   135
   139
   145
   153
   161
   160
   154
   154
   147
   135
   136
   120
   123
   103
    94
    98
   103
    93
    91
   106
    93
    76
    88
    92
    89
    68
    79
   102
    62
    81
    74
    73
    77
    44
    56
    73
    64
    47
    53
    59
    86
   114
   131
   136
   145
   152
   145
   151
   151
   135
   129
   130
   123
   118
   118
   111
   120
   123
   122
   125
   125
   122
   127
    48
    43
    49
    46
    49
    53
    50
    62
    59
    52
    51
    47
    40
    29
    31
    57
    43
    40
    38
    37
    42
    48
    46
    51
    41
    39
    27
    24
    32
    35
    28
    35
    49
    39
    47
    29
    27
    57
    87
    69
    94
    92
    81
    88
    58
    48
    58
    58
    61
    68
    87
    96
   119
   129
   140
   122
   120
   121
   148
   143
   120
    88
   104
   123
    97
    94
   116
   118
   110
   111
   119
   101
    70
    84
    78
    52
    50
    68
    79
    71
    62
    41
    50
    50
    55
    59
    60
    59
    58
    38
    50
    25
    27
    47
    53
    66
    70
    77
   106
   111
   122
   133
   152
   157
   152
   149
   142
   133
   132
   136
   142
   143
    46
    48
    51
    49
    48
    53
    50
    47
    53
    49
    51
    50
    51
    50
    38
    31
    53
    56
    55
    55
    52
    42
    44
    38
    47
    43
    45
    45
    41
    35
    34
    35
    53
    46
    44
    72
    78
    67
    57
    61
    43
    27
    26
    19
    54
    46
    35
    64
    66
    62
    68
    85
    72
    67
    69
    98
    93
    96
    86
    92
   114
   124
   111
    81
    89
    98
   108
   113
    90
    87
    83
    85
   106
    86
    95
    97
    85
    66
    69
    49
    53
    58
    50
    72
    54
    55
    57
    44
    36
    40
    35
    45
    38
    26
    25
    23
    26
    22
    22
    19
     9
     4
     6
    23
    41
    71
    90
    99
    95
    92
    72
    48
    46
    49
    47
    49
    53
    45
    49
    51
    57
    56
    66
    61
    47
    33
    39
    38
    37
    41
    50
    62
    66
    79
    71
    65
    65
    68
    57
    48
    34
    31
    33
    30
    33
    49
    51
    37
    39
    56
    77
    91
    81
    71
    49
    39
    27
    46
    46
    46
    47
    48
    57
    64
    79
    85
    95
    97
    96
    74
    93
    94
   106
    94
    84
    90
    93
    85
    69
    81
    98
    93
    80
    84
    83
    77
    68
    70
    68
    66
    44
    56
    51
    67
    70
    79
    74
    43
    50
    53
    49
    34
    32
    29
    30
    35
    33
    32
    30
    35
    37
    45
    22
    21
    15
    16
    11
     8
     9
     9
     6
     8
     6
    10
    48
    47
    48
    46
    48
    52
    49
    48
    48
    56
    47
    47
    51
    55
    47
    50
    39
    41
    46
    27
    36
    29
    37
    43
    35
    39
    60
    74
    74
    78
    80
    83
    77
    64
    60
    53
    50
    62
    60
    63
    74
    77
   102
   100
    85
    71
    51
    45
    38
    49
    59
    63
    77
    82
    94
    78
    86
    95
    96
    88
    81
    99
    80
    79
    82
    97
    99
    84
    76
    88
    85
    69
    61
    61
    64
    71
    57
    55
    70
    75
    72
    56
    33
    33
    47
    68
    70
    52
    38
    34
    30
    33
    33
    29
    37
    31
    31
    30
    33
    38
    47
    27
    26
    26
    25
    24
    20
    19
    15
    12
    15
    11
    47
    49
    49
    51
    50
    52
    52
    53
    49
    56
    59
    48
    49
    42
    43
    43
    51
    49
    44
    54
    29
    34
    26
    37
    59
    44
    31
    37
    53
    62
    80
   102
   117
   114
   103
    87
    76
    66
    81
    80
    85
    83
    78
    76
    81
    95
    79
    67
    63
    61
    80
    84
    76
    75
    76
    94
    85
    91
    96
    92
    83
    69
    78
    64
    72
    92
    97
    77
    85
   105
    93
    66
    84
    91
    85
    81
    70
    81
    71
    68
    48
    46
    46
    58
    44
    42
    45
    40
    39
    44
    42
    45
    41
    41
    37
    38
    36
    34
    28
    36
    59
    27
    24
    24
    25
    23
    23
    23
    27
    21
    19
    19
    46
    50
    47
    50
    49
    50
    50
    49
    52
    56
    60
    62
    60
    61
    60
    54
    39
    37
    44
    67
    68
    36
    32
    31
    40
    62
    63
    46
    36
    50
    69
    67
    69
    64
    81
   107
   116
   118
   104
    99
    95
   108
   118
   112
    89
    68
    70
    79
    90
    82
    65
    77
    79
    83
    95
    87
    80
    75
    73
    78
    89
    75
    75
    95
    94
    71
    60
    76
    83
    79
   103
    99
    63
    65
    85
    68
    70
    58
    76
    63
    55
    50
    52
    45
    32
    36
    33
    42
    44
    43
    48
    47
    46
    46
    43
    41
    43
    41
    39
    33
    36
    61
    25
    29
    24
    27
    25
    26
    24
    24
    31
    29
    46
    47
    49
    49
    47
    49
    49
    47
    53
    51
    54
    54
    53
    52
    55
    53
    53
    45
    41
    37
    45
    43
    36
    43
    38
    37
    54
    94
    97
    65
    37
    37
    49
    66
    91
   109
   117
   104
    96
   102
    98
    79
    79
    81
    98
   118
   120
    93
    59
    57
    78
    91
    81
    90
   120
   102
    79
    77
    72
    72
    65
    83
    91
    84
    77
   112
   101
    84
   103
    95
    99
   131
   154
   127
    91
    74
    75
    68
    47
    49
    44
    48
    39
    42
    44
    36
    35
    32
    38
    40
    42
    42
    41
    44
    43
    41
    37
    42
    41
    37
    38
    54
    49
    20
    29
    25
    28
    28
    26
    34
    35
    45
    47
    42
    46
    49
    47
    48
    47
    48
    48
    51
    52
    57
    53
    55
    50
    55
    55
    55
    49
    44
    30
    44
    55
    48
    43
    44
    41
    50
    82
    89
    76
    53
    33
    22
    22
    36
    30
    58
    82
    92
   104
   116
   123
   103
    97
    98
   106
   108
   106
    95
    82
    77
    92
   117
   148
   140
   119
   102
    93
    92
    90
    78
    66
    66
    67
   100
   124
   126
   117
   116
   153
   135
    78
    65
    72
    65
    63
    66
    51
    46
    42
    36
    39
    41
    38
    42
    43
    42
    38
    38
    37
    41
    38
    37
    43
    43
    46
    40
    43
    44
    37
    36
    69
    45
    29
    32
    35
    38
    43
    43
    41
    44
    44
    48
    47
    50
    52
    51
    49
    52
    52
    54
    54
    51
    55
    52
    54
    51
    53
    56
    65
    55
    46
    38
    35
    36
    38
    45
    54
    49
    48
    65
    76
    77
    96
   100
    82
    48
    50
    58
    65
    74
   132
   134
    96
   108
   112
   119
   113
    90
    90
   102
    87
    96
   102
   121
   119
   149
   138
   124
   117
   101
   105
    93
    93
    98
   125
   160
   142
   138
   135
   153
   139
    67
    49
    51
    55
    51
    58
    51
    52
    53
    48
    45
    43
    39
    38
    40
    44
    43
    35
    38
    37
    32
    37
    42
    36
    40
    36
    39
    43
    39
    42
    39
    45
    86
    48
    38
    45
    49
    50
    58
    66
    73
    47
    45
    47
    47
    45
    45
    51
    49
    53
    49
    51
    49
    52
    53
    54
    53
    49
    50
    46
    52
    56
    47
    45
    46
    47
    50
    51
    60
    65
    63
    66
    81
    71
    84
    96
   110
    93
    70
    63
   105
   107
    61
    63
    46
    95
   127
   170
   144
    98
    54
    81
    93
   134
   165
   176
   161
   194
   193
   173
   130
   120
   122
   136
   167
   176
   160
   154
   164
   172
   134
    54
    62
    81
    83
    64
    52
    39
    53
    44
    39
    43
    45
    41
    44
    46
    44
    42
    46
    45
    43
    43
    45
    42
    43
    42
    36
    37
    41
    32
    32
    30
    34
    34
    46
   113
    59
    50
    60
    73
    70
    70
    77
    43
    44
    48
    47
    51
    52
    46
    49
    49
    49
    55
    62
    52
    51
    52
    53
    54
    50
    57
    50
    50
    53
    41
    44
    37
    34
    34
    33
    44
    66
    71
    70
    75
    69
    51
    58
    79
    79
    76
    57
    51
    88
    80
   101
    98
    62
    40
    62
    51
    95
    92
   104
   108
   125
   128
   144
   165
   186
   200
   206
   215
   212
   202
   178
   163
   178
   198
   161
    98
    62
    64
    63
    60
    83
   111
    37
    36
    34
    41
    44
    43
    37
    40
    43
    43
    35
    42
    42
    44
    48
    42
    45
    45
    44
    42
    44
    41
    33
    41
    40
    38
    39
    41
    37
    44
   125
   111
    84
    64
    68
    73
    71
