    48
    51
    49
    47
    54
    56
    57
    52
    50
    62
    81
   104
    78
    65
    62
    72
    90
    87
    65
    53
    70
    77
    68
    64
    70
    49
    46
    70
    92
    92
    70
    72
    66
    81
    70
    89
    65
    69
    51
   100
   127
    76
   106
   134
   112
   154
   132
   101
    88
    74
    93
   101
    95
    95
    95
   108
   128
   146
   160
   173
   180
   158
   165
   193
   200
   188
   172
   157
   109
    42
    37
    39
    48
    50
    50
    45
    70
    69
    56
    34
    51
    61
    52
    55
    47
    52
    57
    47
    48
    51
    53
    58
    47
    46
    52
    46
    50
    48
    48
    47
    53
    52
    50
    47
    53
   104
   114
   107
   102
   107
   110
   110
    48
    47
    56
    54
    49
    54
    51
    58
    67
    59
    71
    61
    82
   105
   137
    96
    66
    78
    75
    74
    63
    56
    70
    57
    50
    62
    76
    82
    89
   103
    95
    79
    62
    37
    46
    53
    85
    70
    80
    61
   120
   130
    68
   100
   109
    94
   134
   134
   133
   102
    73
    70
    87
    95
    90
    80
    97
   141
   136
   103
   103
   104
    97
    94
   102
   108
   119
   165
   155
   142
    96
    73
    57
    42
    44
    67
    64
    44
    30
    69
    69
    49
    45
    45
    59
    53
    50
    58
    60
    57
    57
    47
    49
    52
    49
    47
    52
    51
    55
    52
    51
    53
    50
    53
    53
   106
   114
   110
   102
    96
    89
    79
    55
    54
    50
    52
    50
    54
    57
    57
    57
    62
    56
    66
    63
    58
    61
    87
    92
    82
    74
    74
    71
    63
    51
    46
    63
    85
    71
    64
    51
    44
    44
    68
    86
    70
    55
    68
    75
    73
    51
    64
    53
   110
   122
    98
   119
    99
    92
    96
    97
   108
    83
    70
    66
    76
    94
    71
    76
    82
    75
    89
   109
    98
    88
    84
    75
    64
    90
    79
    84
   109
   130
   113
    92
    89
    89
    87
    65
    64
   106
    70
    51
    52
    59
    51
    51
    60
    52
    67
    53
    49
    56
    58
    59
    56
    50
    52
    48
    48
    49
    51
    51
    50
    50
    49
    52
   108
   108
    91
    77
    59
    59
   116
    52
    52
    55
    52
    48
    59
    56
    53
    57
    55
    57
    58
    56
    49
    46
    48
    64
    64
    65
    60
    56
    50
    44
    64
    79
    69
    85
    81
    69
    68
    71
    73
    61
    63
    68
    65
    70
    79
    71
    69
    60
    55
    65
    52
    57
    80
    55
    61
    52
    54
    57
    81
    85
    79
    87
    97
    90
    94
   112
   103
    98
    90
   104
   105
    98
    82
    84
   101
    76
    94
   113
   116
   109
   121
   133
   129
   114
   123
    83
    90
    90
    82
    61
    52
    54
    52
    55
    58
    53
    56
    50
    51
    47
    43
    49
    50
    54
    54
    49
    51
    48
    49
    51
    49
    64
    96
    63
    50
    54
    85
   138
   148
    53
    52
    50
    51
    51
    60
    53
    55
    57
    65
    65
    53
    54
    60
    58
    56
    46
    64
    66
    56
    49
    45
    68
    69
    57
    69
    70
    62
    67
    69
    77
    62
    65
    63
    66
    70
    69
    91
    94
    67
    35
    44
    67
    77
    74
   100
    87
    51
    49
    43
    50
    72
    69
    60
    61
    81
    88
    77
    85
    81
    70
    67
    63
    76
    75
    80
    88
    81
    98
   105
    96
    92
    98
   122
   126
   124
   111
    95
    82
    85
   103
    88
    70
    63
    66
    68
    56
    62
    59
    46
    44
    42
    52
    60
    52
    49
    47
    47
    52
    49
    47
    49
    45
    36
    36
    82
   104
   132
   145
   149
   144
   144
    51
    51
    50
    48
    57
    55
    52
    55
    56
    68
    60
    60
    70
    65
    61
    50
    53
    51
    48
    52
    51
    63
    66
    71
    73
    72
    69
    76
    81
    77
    64
    68
    64
    66
    57
    59
    78
    81
   109
   108
   104
    94
    89
    73
    66
    65
    65
    57
    43
    28
    32
    59
    85
    89
    88
    88
    87
   100
   102
    97
   106
   114
   123
   119
   111
   103
    93
   102
   103
    98
   120
   103
   112
   114
   104
   103
    96
    82
    80
    78
    81
    63
    67
    83
    64
    57
    56
    67
    51
    58
    53
    48
    52
    58
    50
    46
    45
    44
    45
    48
    47
    42
    33
    60
   115
   140
   135
   127
   120
   122
   131
   137
    63
    55
    51
    52
    52
    53
    49
    50
    59
    34
    57
    70
    60
    60
    60
    51
    47
    38
    47
    51
    56
    50
    65
    64
    68
    73
    75
    69
    69
    74
    90
    93
    85
    71
    69
    79
    77
    66
    48
    89
    98
   103
    75
    54
    36
    28
    41
    32
    18
    59
   109
   122
   145
   156
   157
   163
   163
   156
   158
   152
   148
   129
   141
   145
   141
   135
   143
   120
    99
    90
    89
    90
    89
   106
   109
    88
    84
    84
    92
    99
   110
    80
    67
    82
    74
    57
    66
    79
    81
    89
    77
    58
    52
    54
    50
    38
    45
    42
    46
    40
    37
    40
   100
   127
   118
    99
    96
    95
    92
    95
   110
   117
    49
    62
    65
    63
    67
    60
    47
    52
    54
    46
    42
    43
    60
    62
    59
    48
    45
    51
    51
    48
    51
    67
    76
    79
    70
    69
    84
    91
   111
   116
   114
   119
   118
   122
   120
   102
    98
   111
   118
   120
   119
   126
   141
   144
   125
    87
    31
    42
   129
   176
   176
   176
   166
   160
   157
   155
   169
   177
   176
   171
   172
   173
   172
   178
   180
   177
   157
   171
   174
   157
   137
   143
   140
   108
   103
    91
    98
   111
   106
    96
    91
    83
    63
    53
    63
    78
    74
    53
    52
    57
    63
    54
    48
    39
    54
    60
    52
    49
    43
    48
    47
   108
    94
    72
    57
    54
    65
    73
    87
    86
    87
    81
    53
    47
    52
    53
    47
    50
    46
    52
    40
    40
    53
    57
    56
    46
    35
    37
    51
    59
    48
    55
    60
    81
    88
    83
    97
   110
   123
   130
   131
   132
   133
   138
   135
   138
   141
   139
   137
   151
   164
   163
   165
   162
   174
   185
   169
   203
   102
   127
   180
   185
   193
   189
   185
   182
   182
   181
   175
   168
   175
   173
   176
   182
   184
   185
   189
   183
   178
   183
   182
   183
   176
   174
   168
   168
   165
   172
   131
   101
    93
    89
    83
    81
    77
    71
    64
    74
    66
    62
    76
    57
    45
    49
    57
    76
    71
    46
    42
    52
    62
    58
    90
    60
    36
    29
    30
    41
    30
    32
    38
    48
    67
    84
    52
    55
    54
    55
    53
    42
    51
    50
    38
    36
    37
    49
    54
    42
    50
    51
    46
    35
    61
    70
    80
    91
   100
   122
   138
   147
   149
   156
   157
   159
   157
   148
   135
   130
   138
   149
   160
   174
   171
   186
   188
   189
   187
   193
   174
   240
   213
   182
   190
   181
   176
   172
   181
   183
   181
   182
   177
   184
   184
   185
   186
   183
   185
   183
   183
   188
   188
   179
   171
   154
   152
   149
   157
   158
   155
   168
   153
   147
   123
    99
    75
    66
    70
    75
    92
    59
    59
    67
    71
    61
    60
    57
    55
    50
    53
    53
    56
    60
    54
    67
    61
    48
    26
    21
    23
    18
    24
    15
     8
     6
     6
    18
    49
    50
    61
    53
    40
    47
    47
    52
    52
    45
    50
    46
    42
    56
    55
    49
    40
    61
    53
    54
    82
   115
   138
   153
   156
   156
   166
   168
   168
   171
   174
   176
   175
   177
   178
   171
   159
   153
   163
   165
   174
   180
   183
   192
   133
    39
    29
   134
   185
   188
   179
   174
   171
   175
   185
   189
   192
   192
   194
   188
   190
   187
   186
   190
   192
   186
   191
   193
   179
   173
   169
   171
   166
   174
   169
   165
   157
   146
   135
   108
    99
    98
    77
    78
    56
    70
    61
    54
    49
    47
    52
    51
    55
    54
    51
    49
    57
    47
    35
    48
    42
    30
    39
    30
    25
    23
    19
    14
    18
    18
    16
    19
    58
    54
    50
    54
    60
    47
    56
    51
    41
    40
    40
    43
    48
    37
    46
    38
    47
    51
    60
    99
   129
   149
   156
   158
   158
   156
   155
   169
   173
   177
   177
   181
   189
   192
   191
   188
   187
   185
   187
   188
   183
   190
   203
   211
   148
    36
    94
   210
   198
   178
   172
   189
   212
   211
   197
   191
   197
   197
   196
   200
   199
   195
   193
   196
   201
   201
   197
   201
   197
   198
   187
   192
   190
   181
   178
   173
   174
   156
   143
   134
   120
   112
    94
    75
    68
    54
    52
    48
    49
    57
    52
    63
    67
    64
    61
    64
    73
    63
    64
    70
    56
    55
    27
    23
    17
    21
    18
    17
    18
    16
    14
    24
    45
    66
    69
    60
    46
    48
    42
    38
    33
    33
    38
    48
    48
    51
    43
    35
    49
    74
   121
   133
   142
   145
   144
   144
   152
   160
   167
   164
   172
   175
   182
   185
   188
   189
   191
   188
   186
   189
   188
   188
   204
   183
   118
    86
   102
    77
    85
   113
    99
    74
    66
    59
    55
   103
   168
   213
   199
   201
   202
   200
   200
   200
   199
   198
   194
   195
   198
   195
   194
   195
   195
   187
   191
   185
   184
   183
   182
   174
   177
   159
   131
   113
    84
    78
    87
    65
    65
    60
    64
    50
    58
    68
    67
    49
    43
    49
    40
    38
    45
    77
    69
    49
    53
    30
    31
    18
    13
    15
    13
    16
    22
    26
    69
    73
    62
    60
    62
    55
    42
    42
    36
    32
    36
    41
    50
    39
    41
    54
    79
   115
   124
   136
   144
   144
   142
   156
   159
   160
   165
   171
   176
   184
   188
   189
   193
   195
   191
   189
   190
   182
   178
   185
   123
    55
    89
   129
   133
   122
   117
   148
   168
   171
   164
   159
   148
   128
    66
    73
   185
   188
   193
   200
   202
   201
   198
   196
   198
   195
   196
   193
   197
   196
   195
   198
   189
   192
   180
   177
   175
   172
   150
   134
   137
   133
   113
   111
   102
    82
    67
    56
    47
    30
    52
    54
    60
    58
    48
    42
    37
    41
    35
    33
    36
    37
    30
    26
    23
    15
    14
    18
    18
    16
    22
    25
    53
    54
    53
    49
    46
    54
    59
    43
    42
    39
    48
    39
    35
    48
    49
    79
   107
   123
   132
   145
   149
   152
   160
   168
   170
   170
   178
   183
   183
   191
   193
   195
   195
   191
   192
   181
   178
   180
   163
   108
    78
   127
   134
   153
   136
    96
    97
   138
   163
   166
   167
   162
   172
   184
   190
   140
    63
   163
   181
   184
   194
   198
   202
   199
   198
   196
   195
   195
   197
   193
   190
   193
   197
   192
   188
   182
   182
   176
   173
   172
   136
   128
   113
    87
    81
    89
    78
    62
    38
    67
    73
    60
    58
    51
    53
    40
    49
    46
    52
    44
    32
    43
    25
    42
    41
    36
    22
    10
    12
    24
    31
    33
    57
    60
    57
    51
    49
    50
    39
    42
    37
    37
    54
    64
    54
    52
    81
   106
   128
   129
   139
   146
   149
   156
   166
   168
   171
   177
   184
   188
   191
   195
   197
   196
   194
   193
   177
   170
   166
   141
   114
    95
   128
   135
   139
   158
   139
    98
   108
   158
   182
   171
   171
   186
   189
   190
   193
   204
   134
   119
   171
   180
   183
   195
   200
   201
   196
   195
   187
   195
   195
   195
   196
   194
   197
   200
   187
   181
   184
   175
   177
   178
   162
   132
   106
    97
    90
    72
    63
    55
    55
    72
    60
    59
    55
    43
    56
    56
    36
    43
    41
    43
    56
    65
    55
    44
    69
    91
   106
    95
    68
    37
    19
    17
    53
    62
    56
    48
    46
    43
    38
    40
    43
    45
    38
    43
    60
    84
   119
   136
   133
   136
   147
   148
   152
   160
   160
   171
   182
   182
   189
   191
   192
   198
   200
   199
   192
   185
   166
   169
   143
   121
   112
   106
   140
   155
   154
   156
   136
   119
   142
   183
   176
   168
   182
   189
   193
   192
   194
   192
   197
    95
   181
   174
   184
   201
   201
   201
   201
   197
   197
   194
   198
   196
   196
   197
   195
   188
   186
   192
   193
   190
   180
   184
   176
   141
   116
    94
    75
    72
    65
    59
    66
    78
    69
    70
    59
    60
    44
    39
    52
    59
    48
    61
    46
    62
    68
    84
   100
   107
   124
   129
   129
   128
   110
    74
    43
    21
    31
    42
    37
    41
    34
    32
    25
    43
    45
    54
    83
   117
   140
   134
   129
   143
   145
   154
   160
   165
   168
   173
   179
   182
   175
   182
   189
   193
   188
   187
   183
   160
   143
   124
   108
   116
   102
   121
   145
   169
   164
   160
   157
   146
   165
   151
   140
   149
   187
   195
   194
   195
   190
   192
   196
   186
   154
   176
   180
   198
   201
   198
   197
   198
   199
   200
   199
   200
   198
   196
   191
   194
   183
   181
   183
   177
   166
   172
   158
   135
   111
   100
   107
    91
    87
    92
    77
    77
    71
    46
    48
    45
    50
    55
    59
    42
    43
    40
    69
    42
    53
    52
    56
    66
    74
   118
   127
   132
   134
   140
    65
   118
   107
    54
    47
    45
    41
    26
    43
    52
    48
    78
   117
   132
   127
   127
   132
   134
   148
   155
   156
   159
   160
   167
   172
   176
   186
   186
   188
   190
   191
   187
   183
   150
   115
   110
    89
    92
   107
   136
   164
   166
   164
   177
   172
   164
   123
   106
   141
   178
   193
   196
   199
   196
   193
   199
   201
   203
   152
   174
   181
   198
   204
   204
   200
   199
   201
   197
   189
   196
   194
   190
   195
   188
   185
   179
   178
   176
   168
   163
   146
   135
   116
   116
    97
    80
    82
    80
    75
    45
    42
    44
    40
    48
    52
    53
    41
    38
    25
    34
    42
    61
    68
    50
    57
    83
   103
   108
   115
   126
   134
   133
    73
    51
    49
    64
    50
    35
    32
    42
    52
    47
    71
   111
   129
   126
   132
   134
   138
   149
   162
   165
   166
   165
   172
   176
   187
   191
   194
   198
   192
   190
   188
   187
   167
   132
   137
   102
    90
    98
   107
   159
   162
   161
   172
   191
   182
   141
    91
   130
   165
   189
   196
   202
   204
   196
   199
   199
   201
   203
   160
   156
   174
   195
   198
   200
   202
   203
   193
   196
   194
   188
   189
   196
   190
   189
   179
   166
   158
   166
   170
   160
   139
   116
   105
    99
    90
    92
    85
    61
    55
    55
    49
    48
    48
    52
    42
    38
    32
    33
    41
    46
    48
    33
    47
    40
    50
    82
   119
   115
   138
   134
   136
   141
    44
    43
    43
    39
    49
    36
    37
    42
    32
    44
    99
   123
   124
   130
   130
   137
   148
   152
   163
   165
   165
   168
   175
   184
   186
   183
   189
   186
   189
   192
   188
   181
   160
   119
   109
   105
   100
    85
   123
   167
   171
   161
   185
   194
   169
    84
   107
   170
   194
   198
   191
   200
   202
   196
   197
   200
   200
   200
   171
   132
   179
   200
   202
   202
   201
   199
   197
   191
   190
   190
   191
   186
   170
   171
   171
   161
   155
   151
   135
   134
   118
   126
   114
    87
    96
   102
    90
    81
    71
    64
    54
    46
    50
    32
    43
    44
    49
    46
    38
    42
    61
    67
    45
    45
    46
    52
    70
    95
    98
   128
   132
   135
    44
    49
    45
    39
    36
    47
    33
    36
    45
    89
   112
   114
   118
   127
   138
   153
   158
   162
   165
   169
   172
   176
   181
   179
   190
   187
   186
   184
   188
   189
   188
   179
   155
   108
    96
   106
    99
    93
   119
   153
   148
   154
   183
   189
   107
    60
   140
   185
   194
   198
   188
   200
   192
   199
   200
   201
   200
   198
   181
   126
   176
   193
   200
   201
   197
   195
   189
   188
   188
   186
   179
   175
   171
   161
   151
   142
   129
   139
   136
   142
   146
   139
   137
   148
   110
    79
    78
    76
    64
    53
    45
    55
    52
    66
    60
    42
    45
    34
    38
    38
    39
    47
    61
    57
    49
    69
    99
    88
    92
   110
   106
   119
    46
    48
    45
    37
    36
    42
    40
    38
    78
   108
   114
   119
   118
   127
   136
   141
   158
   157
   153
   170
   169
   177
   178
   180
   179
   182
   183
   190
   191
   187
   188
   175
   158
   127
   114
   109
    86
   110
   129
   153
   148
   163
   189
   156
    76
    86
   144
   185
   199
   199
   199
   197
   191
   200
   199
   198
   198
   193
   196
   120
   177
   193
   194
   193
   194
   193
   193
   182
   179
   183
   174
   174
   166
   158
   154
   147
   142
   145
   172
   179
   175
   163
   161
   142
   130
   115
   107
    94
    83
    68
    54
    47
    61
    53
    45
    48
    46
    62
    55
    56
    44
    41
    38
    45
    48
    30
    42
    58
    61
    85
   107
   129
    51
    52
    49
    38
    39
    35
    42
    61
    98
   105
   102
   105
   120
   134
   137
   142
   141
   151
   145
   139
   156
   163
   180
   185
   181
   183
   188
   194
   190
   185
   183
   173
   155
   135
   116
   101
    60
    79
   138
   169
   152
   172
   184
   120
    70
   116
   156
   186
   195
   199
   200
   174
   188
   202
   198
   193
   192
   187
   199
   115
   181
   195
   197
   193
   192
   189
   179
   175
   177
   175
   168
   159
   153
   152
   147
   133
   150
   174
   176
   159
   134
   118
   110
   106
    97
    84
    87
    77
    62
    68
    68
    64
    51
    43
    42
    42
    46
    45
    43
    42
    42
    40
    46
    35
    48
    49
    48
    57
    52
    77
   105
   114
    44
    42
    42
    46
    39
    49
    50
    88
   110
   104
   105
   114
   119
   125
   131
   144
   160
   163
   171
   172
   174
   179
   182
   191
   194
   193
   190
   193
   194
   193
   188
   177
   159
   132
   105
    78
    37
   148
   159
   171
   143
   172
   172
   100
    89
   122
   146
   180
   188
   193
   197
   170
   186
   201
   195
   190
   192
   184
   191
   113
   184
   193
   193
   194
   184
   185
   182
   177
   175
   166
   159
   151
   150
   150
   132
   132
   149
   140
   112
    97
   100
   104
    93
    95
   100
    94
   101
    83
    60
    66
    53
    48
    66
    50
    47
    47
    55
    46
    30
    25
    44
    37
    38
    52
    42
    49
    64
    42
    42
    60
    88
   121
    39
    46
    59
    51
    46
    41
    73
    99
   101
   107
   107
   118
   134
   142
   151
   157
   151
   159
   165
   171
   169
   171
   182
   191
   192
   190
   193
   196
   193
   187
   184
   175
   150
   114
    87
    73
    64
   220
   199
   170
   141
   176
   159
    97
    95
   133
   156
   185
   193
   195
   192
   173
   183
   195
   193
   191
   187
   171
   179
   104
   182
   193
   194
   186
   181
   191
   182
   171
   161
   161
   148
   142
   138
   130
   131
   124
   100
    96
    82
    90
    74
    48
    72
    73
    76
    48
    62
    77
    77
    47
    51
    70
    79
    66
    51
    57
    51
    48
    44
    39
    50
    38
    44
    34
    33
    51
    40
    38
    36
    60
    82
   105
    33
    38
    41
    53
    45
    61
    90
   105
   109
   107
   110
   127
   142
   145
   148
   156
   165
   176
   178
   180
   184
   185
   187
   186
   186
   189
   190
   192
   195
   187
   184
   166
   127
   101
    95
    74
    68
   203
   189
   165
   133
   182
   143
    83
    57
    66
   123
   163
   174
   190
   183
   159
   174
   196
   188
   184
   181
   160
   175
   111
   180
   190
   190
   185
   182
   189
   172
   153
   149
   140
   142
   140
   125
   126
   123
   107
   119
   119
   106
    99
    90
    90
    85
    74
    58
    72
    52
    47
    72
    82
    82
    60
    73
    85
    65
    45
    38
    35
    43
    55
    59
    60
    57
    43
    76
    63
    44
    38
    42
    51
    54
    91
    81
    77
    64
    55
    55
    81
   100
   104
   107
   106
   120
   130
   133
   145
   151
   154
   173
   183
   180
   184
   188
   192
   187
   185
   190
   188
   188
   187
   191
   197
   186
   151
   121
    85
    69
    54
    68
   213
   186
   153
   130
   176
   128
    65
    66
    79
   101
   167
   174
   186
   171
   151
   180
   196
   193
   187
   182
   159
   173
   113
   184
   194
   190
   184
   177
   168
   151
   140
   138
   137
   137
   126
   132
   139
   135
   138
   122
   106
    89
    83
    84
    84
    54
    73
   100
   107
   110
   113
   105
   111
    97
    94
    65
    54
    56
    49
    52
    49
    43
    50
    54
    69
    56
    81
    44
    26
    37
    30
    24
    23
    37
    54
    44
    56
    60
    49
    60
    83
   103
   112
   109
   119
   121
   138
   146
   147
   153
   162
   170
   170
   180
   184
   186
   189
   189
   186
   187
   189
   186
   191
   193
   190
   183
   157
   123
   103
    88
    74
    56
   161
   167
   149
   124
   163
   124
   125
    95
    78
   120
   139
   150
   169
   152
   146
   179
   199
   194
   191
   180
   159
   177
   118
   180
   190
   185
   184
   174
   156
   146
   141
   132
   131
   123
   135
   158
   168
   136
   122
    97
    91
    67
    59
    64
    39
    66
    88
   102
   134
   143
   136
   132
   127
   109
    89
    73
    66
    64
    74
    73
    68
    64
    51
    43
    45
    67
    59
    58
    47
    53
    55
    54
    51
    38
    46
    48
    61
    57
    55
    79
   101
   104
   104
   116
   123
   121
   128
   138
   143
   156
   158
   161
   173
   182
   187
   193
   194
   191
   191
   189
   187
   188
   189
   190
   191
   189
   153
   109
    90
    68
    54
    58
   112
   168
   139
   123
   155
   117
    77
    57
    44
    92
   162
   159
   162
   146
   143
   183
   195
   194
   192
   190
   165
   184
   118
   186
   192
   189
   167
   153
   142
   141
   133
   127
   133
   149
   166
   177
   170
   142
   120
   105
    84
    61
    48
    26
    61
   123
   151
   152
   150
   149
   147
   135
   125
   121
   106
    82
    86
    86
    70
    64
    70
    69
    77
    71
    39
    33
    29
    41
    59
    41
    31
    37
    27
    24
    37
    49
    61
    58
    67
    97
   112
   107
   115
   125
   119
   117
   135
   151
   149
   152
   160
   165
   175
   184
   189
   189
   192
   191
   191
   190
   187
   183
   188
   190
   191
   189
   174
   128
    78
    60
    50
    52
   102
   155
   139
   113
   146
   111
    54
    32
    68
   105
   153
   153
   149
   130
   144
   182
   188
   187
   184
   176
   169
   187
   135
   190
   189
   176
   159
   144
   135
   128
   122
   140
   156
   167
   178
   175
   160
   145
   116
    87
    84
    69
    43
    37
    96
   138
   154
   153
   155
   154
   153
   149
   148
   130
   113
   110
   117
   107
    76
    62
    83
    83
    78
    69
    91
    64
    48
    44
    38
    31
    69
    73
    65
    55
    35
    63
    48
    55
    81
   103
   110
   117
   118
   116
   118
   135
   147
   148
   145
   148
   154
   162
   172
   185
   193
   198
   193
   188
   185
   185
   186
   189
   190
   187
   188
   190
   177
   132
    83
    55
    68
    65
    97
   150
   142
   111
   136
   116
    75
    71
    81
   108
   154
   148
   141
   130
   147
   172
   186
   183
   183
   178
   178
   190
   149
   191
   190
   165
   142
   142
   128
   134
   156
   167
   171
   184
   187
   187
   158
   137
   116
    95
    85
    64
    55
    46
   108
   137
   147
   150
   162
   167
   171
   166
   158
   147
   124
   119
    99
    74
    65
    94
    79
    54
    58
    86
    75
    84
    78
    81
    41
    52
    53
    31
    34
    47
    61
    47
    45
    60
    85
    96
   105
   112
   116
   120
   125
   132
   135
   143
   145
   148
   155
   160
   172
   183
   189
   192
   190
   189
   189
   184
   185
   186
   191
   191
   190
   189
   169
   134
   102
    71
    62
    68
    85
   133
   138
   106
   128
   108
    81
    50
    72
   125
   150
   157
   141
   125
   159
   175
   184
   189
   186
   179
   182
   179
   152
   193
   171
   149
   134
   128
   136
   159
   172
   170
   182
   193
   195
   174
   141
   121
   114
   117
    98
    78
    79
    60
   110
   147
   152
   165
   167
   180
   178
   170
   163
   146
   129
   108
    86
    92
    89
    82
    79
    72
    76
    62
    52
    43
    59
    53
    60
    48
    48
    47
    40
    36
    41
    50
    49
    73
    98
   105
   115
   125
   121
   118
   123
   127
   135
   133
   141
   148
   154
   162
   171
   182
   183
   190
   189
   183
   183
   186
   184
   185
   187
   186
   189
   185
   173
   136
    97
    65
    67
    75
    76
   127
   145
   108
   119
   103
   100
   103
   152
   160
   154
   145
   132
   131
   163
   175
   186
   189
   180
   174
   174
   115
   163
   178
   162
   143
   144
   153
   167
   169
   171
   181
   192
   192
   187
   187
   180
   154
   130
   105
    88
    99
    78
    55
   114
   157
   168
   160
   177
   174
   176
   170
   154
   137
   129
   119
   126
   105
    91
    77
    68
    70
    55
    55
    46
    53
    48
    35
    33
    33
    33
    34
    31
    39
    32
    46
    55
    79
    99
   112
   118
   128
   117
   119
   126
   133
   140
   140
   141
   147
   160
   163
   179
   180
   182
   188
   192
   190
   185
   186
   183
   185
   185
   190
   191
   188
   167
   133
    96
    72
    77
    91
    91
   121
   144
   109
   120
   105
   106
    91
   136
   148
   149
   150
   137
   135
   159
   172
   190
   192
   184
   178
   152
   109
   178
   174
   146
   124
   152
   159
   155
   179
   182
   190
   189
   188
   191
   166
   138
   120
   104
    94
   107
   100
    87
    54
   122
   158
   181
   172
   166
   173
   174
   176
   160
   141
   131
   131
   130
   101
    87
    81
    79
    84
    90
    94
    89
    58
    37
    27
    25
    52
    50
    31
    39
    58
    46
    37
    55
    86
   102
   116
   120
   121
   127
   127
   128
   123
   137
   142
   150
   155
   157
   168
   173
   183
   180
   185
   190
   188
   191
   188
   187
   188
   186
   185
   185
   187
   169
   142
   107
    91
   109
   106
   104
   114
   145
   114
   111
   111
   104
   101
    99
   130
   145
   144
   127
   154
   168
   181
   190
   187
   167
   173
   125
   132
   178
   165
   164
   188
   197
   201
   176
   124
   167
   199
   193
   194
   184
   153
   122
   124
   132
   126
   108
   119
    93
    63
   147
   161
   188
   172
   166
   175
   180
   157
   147
   144
   137
   129
   123
   112
    76
    83
    91
    75
    53
    49
    33
    25
    31
    37
    39
    34
    38
    26
    14
    15
    16
    37
    65
    83
    94
   112
   126
   134
   134
   130
   125
   135
   133
   136
   143
   152
   157
   158
   177
   183
   185
   186
   192
   193
   189
   188
   185
   186
   190
   184
   185
   191
   180
   149
   110
    81
    95
   114
    96
    97
   130
   113
   106
   123
    97
   110
   111
   146
   149
   146
   146
   169
   171
   186
   190
   181
   184
   143
   109
   181
   186
   184
   183
   193
   196
   193
   172
   136
   123
   175
   201
   181
   157
   148
   164
   134
   110
   102
   109
   113
    89
    58
   145
   174
   175
   176
   161
   166
   159
   150
   148
   136
   139
   141
   127
   113
   106
    90
    74
    58
    67
    87
    77
    84
    81
    74
    52
    50
    51
    55
    57
    60
    73
    70
    90
    93
   109
   116
   120
   126
   119
   125
   125
   130
   134
   130
   146
   150
   150
   161
   166
   183
   182
   181
   187
   174
   184
   189
   185
   183
   186
   189
   186
   183
   177
   173
   146
   103
    93
   109
   120
    89
   119
   108
    98
   121
   113
   128
   103
   136
   166
   158
   153
   162
   171
   188
   196
   189
   115
    91
   179
   193
   187
   183
   190
   188
   197
   187
   140
   109
   116
   151
   164
   170
   189
   167
   135
   130
   115
    93
   101
   100
    67
    48
   127
   173
   180
   175
   179
   164
   165
   161
   154
   146
   143
   135
   131
   116
   127
   132
   109
    89
    84
    64
    66
    49
    32
    23
    39
    44
    43
    29
    32
    40
    35
    49
    69
    88
   115
   118
   128
   133
   128
   129
   132
   141
   142
   146
   150
   151
   155
   159
   168
   173
   176
   185
   185
   191
   186
   182
   180
   178
   187
   189
   188
   188
   176
   148
   151
   143
   119
   106
   132
    86
   116
   103
    92
   110
   116
   113
   155
   128
   170
   184
   181
   164
   178
   204
   170
    87
   129
   202
   204
   198
   191
   190
   192
   194
   198
   180
   107
    68
   125
   169
   176
   169
   166
   135
   134
    92
    87
   113
   112
   101
    58
    40
   124
   162
   167
   173
   163
   141
   138
   138
   141
   124
   122
   133
   152
   142
   135
   100
   105
   100
    77
    67
    58
    55
    47
    56
    40
    34
    32
    18
    18
    23
    41
    49
    81
    91
   111
   124
   125
   129
   132
   133
   136
   139
   144
   143
   150
   159
   158
   165
   179
   181
   181
   189
   187
   185
   186
   184
   181
   179
   185
   185
   187
   188
   188
   175
   139
   128
   132
   133
   139
   116
    90
   103
    79
    97
   120
   115
   137
   185
   186
   184
   174
   178
   162
   100
    93
   167
   205
   195
   191
   187
   187
   190
   190
   196
   196
   171
    81
    77
   146
   168
   170
   148
   129
   121
    86
    85
    98
    87
    84
   113
    78
    45
   113
   166
   168
   175
   166
   145
   147
   141
   141
   139
   134
   139
   165
   150
   120
   120
   118
   103
    86
    68
    51
    47
    49
    41
    45
    33
    40
    54
    48
    40
    31
    53
    79
   107
   118
   115
   123
   126
   131
   130
   132
   138
   145
   146
   152
   156
   154
   161
   171
   184
   191
   191
   193
   193
   189
   180
   177
   176
   175
   177
   187
   186
   193
   188
   181
   153
   132
   132
   149
   158
    82
   101
    97
    85
   111
   122
   151
   184
   200
   169
   136
    94
    77
   130
   185
   191
   184
   184
   188
   189
   190
   191
   196
   199
   191
   168
    78
    83
   150
   163
   140
   118
   103
   102
   108
   103
    86
    85
    79
    84
    65
    42
    90
   150
   155
   162
   160
   155
   158
   142
   141
   133
   133
   128
   140
   151
   156
   143
   142
   124
   104
    89
    84
    74
    54
    49
    36
    16
    23
    37
    28
    25
    23
    64
    89
   111
   123
   119
   123
   128
   127
   126
   130
   135
   141
   148
   150
   153
   159
   167
   167
   180
   184
   192
   195
   192
   188
   183
   171
   167
   174
   182
   181
   184
   188
   187
   189
   189
   169
   155
   155
   162
   149
    65
    65
    77
   106
   131
   127
   121
    99
    64
    87
   145
   187
   194
   186
   187
   186
   190
   191
   196
   197
   195
   202
   202
   187
   164
    98
    63
   151
   155
   127
   103
   111
   116
   114
    96
    91
   102
    84
    77
    51
    31
    75
   136
   163
   161
   160
   145
   147
   129
   117
   108
   113
   138
   149
   138
   150
   130
   107
   108
   100
    82
    80
    64
    56
    45
    38
    56
    46
    27
    33
    34
    26
    61
    84
    98
   111
   121
   127
   128
   124
   123
   130
   130
   141
   140
   151
   154
   156
   163
   164
   171
   177
   179
   185
   186
   183
   176
   179
   170
   171
   171
   176
   176
   185
   186
   185
   181
   176
   169
   167
   162
   178
   179
   162
   150
    91
    79
    64
    60
   109
   162
   194
   193
   185
   184
   185
   189
   188
   191
   191
   196
   195
   195
   191
   201
   184
   166
   146
    95
   119
   120
   114
   121
   128
   117
   118
   116
   115
    90
    60
    64
    62
    68
    82
   135
   160
   162
   158
   146
   140
   135
   118
   111
   108
   116
   129
   144
   136
   120
   110
   101
    75
    73
    63
    61
    61
    53
    55
    44
    45
    44
    28
    31
    33
    59
    88
   106
   121
   117
   121
   120
   117
   126
   126
   132
   136
   146
   147
   153
   159
   162
   165
   173
   172
   173
   174
   181
   186
   174
   172
   173
   174
   174
   173
   176
   180
   188
   194
   190
   178
   173
   167
   170
   176
   181
   202
   117
    67
   102
   151
   200
   213
   194
   184
   178
   182
   186
   185
   184
   183
   181
   192
   198
   198
   197
   191
   191
   188
   171
   161
   112
    94
   120
   105
   103
   111
   116
   120
    93
    98
   114
    99
    78
    56
    58
    64
   131
   160
   160
   155
   145
   133
   112
   113
    94
    79
   106
   141
   144
   148
   144
   140
   110
   102
   114
    90
    75
    55
    49
    31
    40
    46
    42
    38
    43
    37
    73
    81
   109
   117
   120
   125
   119
   114
   123
   130
   132
   137
   139
   149
   154
   155
   153
   165
   163
   167
   177
   186
   184
   178
   176
   172
   173
   167
   165
   172
   175
   183
   178
   183
   179
   180
   175
   170
   166
   175
   183
   220
   165
   111
   171
   188
   193
   185
   178
   172
   170
   176
   175
   184
   187
   184
   188
   187
   189
   195
   197
   194
   193
   172
   159
   151
   144
   126
   109
   110
   107
   115
   108
    88
    86
    79
    57
    65
    78
    65
    58
    66
   128
   154
   161
   159
   141
   131
   122
   109
   119
   115
   110
   125
   143
   142
   139
   130
   116
   103
    91
    72
    59
    56
    47
    51
    44
    38
    44
    40
    35
    29
    38
    82
   105
   122
   123
   121
   122
   117
   128
   132
   134
   131
   137
   142
   150
   156
   159
   162
   168
   167
   168
   169
   171
   171
   170
   170
   170
   167
   165
   163
   165
   166
   178
   182
   178
   172
   170
   154
   163
   171
   173
   221
   184
   152
   182
   179
   174
   170
   176
   174
   172
   173
   178
   174
   176
   185
   186
   195
   195
   199
   196
   194
   193
   189
   168
   149
   129
   121
   116
    84
   112
   126
    95
    97
    94
    85
    71
    73
    60
    57
    52
    69
   134
   160
   151
   152
   127
   109
   106
   117
    96
    96
   100
    97
   118
   130
   138
   133
   109
    92
    87
    76
    44
    40
    67
    82
    62
    46
    23
    18
    22
    32
    44
    59
    88
   107
   121
   121
   124
   119
   122
   123
   124
   141
   140
   143
   147
   153
   159
   160
   169
   179
   176
   172
   178
   183
   179
   178
   173
   169
   161
   162
   166
   165
   164
   162
   160
   159
   154
   155
   161
   173
   185
   190
    89
   150
   177
   172
   166
   159
   159
   165
   164
   169
   171
   170
   181
   181
   185
   179
   192
   194
   193
   197
   188
   178
   159
   143
   115
    79
    84
    67
    74
    79
    93
    85
    83
   103
   104
    74
    89
    72
    41
    47
   123
   144
   152
   163
   128
   134
   130
    94
    72
    74
    92
   114
   107
   114
   116
   125
   112
    88
    78
    53
    66
    78
    54
    38
    63
    37
    28
    31
    23
    23
    45
    57
    84
   109
   116
   118
   116
   124
   121
   127
   129
   125
   133
   142
   146
   152
   150
   161
   160
   171
   183
   185
   189
   187
   183
   176
   173
   170
   164
   159
   156
   161
   156
   160
   156
   152
   158
   161
   164
   171
   168
   132
    82
   148
   163
   159
   159
   152
   157
   160
   172
   160
   169
   170
   168
   170
   172
   171
   166
   174
   175
   178
   185
   172
   156
   130
    92
    67
    83
    59
    57
   101
   122
   129
   105
    86
    76
    86
    97
    79
    41
    64
   139
   160
   145
   141
   140
   126
   103
   119
   114
    84
    77
   110
   132
   128
   118
   122
   115
    92
    82
    80
    63
    44
    47
    39
    34
    60
    70
    46
    34
    28
    41
    52
    90
   102
   104
   115
   114
   115
   121
   126
   130
   131
   140
   141
   143
   144
   156
   159
   165
   177
   177
   185
   183
   186
   176
   175
   179
   180
   177
   177
   190
   192
   194
   195
   191
   188
   176
   165
   159
   167
   174
   136
    83
   132
   155
   145
   152
   148
   154
   151
   158
   164
   167
   170
   169
   173
   168
   173
   169
   173
   177
   181
   172
   164
   146
   123
    91
   111
    94
    54
    71
    89
    96
   108
   105
   106
   100
    80
    93
    84
    65
    73
   128
   149
   151
   142
   126
   123
   114
   101
    63
    75
    78
   103
   123
   125
   102
    98
    91
    92
    76
    62
    71
    53
    36
    26
    32
    38
    35
    34
    35
    42
    38
    44
    77
    92
   104
   111
   112
   115
   121
   119
   129
   138
   139
   143
   145
   148
   150
   154
   161
   163
   167
   170
   177
   175
   178
   177
   175
   174
   174
   177
   182
   187
   180
   183
   183
   182
   171
   165
   165
   167
   174
   141
    72
   124
   147
   152
   164
   167
   170
   155
   147
   165
   179
   181
   184
   171
   164
   167
   168
   173
   170
   171
   168
   158
   146
   125
   115
   123
    76
    52
    61
    87
    93
   103
    85
    83
    92
    88
   102
    75
    54
    61
   124
   162
   154
   143
   128
   115
   110
   121
   110
    75
    78
    95
   114
   151
   132
   123
   109
    98
    83
    79
    52
    41
    48
    51
    35
    19
    27
    23
    30
    19
    37
    49
    75
    83
    93
   104
   113
   113
   117
   119
   122
   127
   133
   139
   144
   156
   153
   153
   160
   167
   168
   174
   173
   176
   178
   177
   175
   172
   172
   172
   173
   176
   184
   184
   178
   171
   165
   165
   166
   172
   185
   147
    47
   103
   160
   135
   144
   171
   185
   187
   182
   184
   184
   184
   183
   180
   171
   170
   168
   169
   169
   171
   163
   159
   141
   124
   108
   109
    82
    69
    95
   123
   106
   100
    74
    84
    79
    67
    88
    66
    55
    59
   126
   148
   139
   140
   120
   124
   105
    91
    84
    79
    63
    97
   125
   126
   126
   118
   105
    77
    89
    81
    59
    50
    50
    40
    31
    38
    57
    39
    25
    32
    47
    48
    65
    74
    89
    95
   113
   110
   116
   120
   126
   126
   130
   131
   138
   147
   156
   165
   164
   164
   168
   168
   173
   172
   174
   172
   167
   168
   166
   171
   173
   169
   162
   166
   167
   163
   159
   154
   152
   166
   174
   161
    92
    74
    62
    96
    79
    75
   118
   165
   182
   187
   187
   181
   173
   171
   173
   175
   175
   172
   166
   173
   179
   162
   141
   128
    55
    76
    87
    74
    91
   111
   100
    88
    85
    92
    83
    65
    84
    66
    59
    68
   135
   148
   142
   144
   123
   114
   114
   126
    94
    76
    67
    90
   122
   140
   137
   114
   107
   118
   104
    69
    70
    77
    64
    66
    55
    48
    34
    46
    33
    52
    46
    46
    59
    67
    80
    92
   104
   105
   110
   118
   119
   125
   127
   139
   142
   145
   152
   152
   177
   180
   165
   166
   168
   168
   166
   167
   168
   164
   171
   170
   169
   175
   183
   179
   172
   158
   142
   143
   144
   142
   200
   175
   115
   112
   109
    84
    79
    72
    43
    45
   112
   159
   175
   180
   185
   177
   163
   169
   171
   171
   173
   193
   191
   160
   135
    90
    38
   126
   109
    93
   105
   108
   107
   125
   103
    87
    71
    68
    83
    52
    23
    72
   139
   141
   143
   143
   128
   129
   132
   110
   107
    84
    96
   113
   113
   126
   145
   141
   100
    98
    92
    68
    53
    58
    43
    27
    35
    35
    40
    53
    61
    36
    52
    49
    57
    65
    80
    94
    97
   105
   103
   119
   122
   122
   130
   133
   139
   141
   142
   160
   154
   162
   165
   165
   163
   164
   166
   163
   159
   162
   165
   175
   174
   174
   171
   178
   171
   161
   146
   132
   129
   160
   116
    83
   100
   105
    70
    55
    51
    77
   141
   115
    57
    45
   101
   132
   155
   180
   183
   168
   169
   178
   184
   195
   191
   160
   131
    71
    39
   149
   149
    99
    85
   120
   140
    99
   108
    72
    80
    96
    88
    73
    41
    71
   138
   156
   155
   155
   141
   133
   140
   117
   103
    89
    71
   116
   130
   119
    99
    96
    97
    87
    76
    68
    68
    66
    40
    46
    30
    41
    42
    46
    38
    46
    51
    47
    48
    54
    67
    94
    97
   108
   110
   107
   118
   127
   135
   135
   139
   142
   147
   148
   151
   162
   163
   163
   163
   166
   163
   162
   163
   166
   162
   167
   171
   169
   171
   156
   148
   139
   129
   102
   114
   114
   112
   111
   115
    81
    64
    55
   101
   102
    89
    92
   102
   116
    54
    43
    88
   106
   136
   150
   149
   159
   163
   177
   185
   179
   141
    84
    32
    90
   116
   101
   102
    74
    57
    87
   109
   117
    73
    80
    77
    43
    27
    91
   140
   149
   151
   151
   142
   136
   119
   105
   109
    91
    72
    99
   131
   136
   144
   137
    96
    70
    87
    82
    65
    65
    69
    77
    87
    53
    38
    39
    40
    42
    55
    48
    48
    50
    56
    77
    92
   105
   102
   110
   115
   122
   125
   133
   141
   146
   153
   152
   155
   157
   156
   159
   163
   163
   166
   166
   163
   161
   159
   161
   164
   171
   162
   152
   134
   120
   128
   102
   228
   155
   125
   130
    98
    80
    84
   111
    82
   107
   163
   153
   123
   114
   160
   120
    51
    98
   121
   100
   111
   135
   151
   160
   176
   179
   159
   114
    62
    90
   126
   117
   106
   108
   107
    97
    96
   100
    95
    81
    70
    50
    28
   111
   162
   159
   163
   147
   138
   142
   133
   120
   101
   106
   105
   107
   110
   119
    90
    96
    88
    71
    53
    36
    25
    31
    39
    47
    47
    29
    35
    17
    23
    17
    43
    46
    48
    52
    58
    72
    91
    91
   108
   115
   111
   115
   122
   129
   135
   140
   142
   149
   156
   162
   160
   156
   158
   162
   160
   165
   162
   166
   167
   167
   163
   161
   161
   136
   109
   100
    98
   105
   222
   159
   126
   123
    92
   108
   103
   109
    99
   132
   165
   153
   143
   140
   153
   190
   184
    81
   108
   174
   151
   149
   168
   162
   175
   191
   168
   138
   105
   114
   121
   142
   130
   112
    95
    92
    72
    83
   105
   101
    65
    41
    29
   105
   178
   178
   173
   154
   148
   139
   113
   102
    90
    91
   109
   124
   132
   113
    99
    94
    83
    52
    75
   116
   124
   109
    57
    43
    66
    73
    71
    50
    55
    64
    44
    37
    39
    45
    52
    56
    74
    97
   102
   110
   118
   119
   128
   128
   134
   139
   146
   151
   158
   165
   163
   167
   158
   157
   158
   162
   164
   160
   163
   163
   160
   157
   156
   132
   123
    94
    75
   135
   216
   142
   145
   116
   110
   114
   105
    93
    91
   138
   161
   151
   139
   147
   151
   173
   188
   194
    98
   110
   179
   167
   160
   179
   174
   186
   188
   171
   147
   116
   142
   156
   145
   117
   114
    90
    99
    89
    86
    88
    81
    54
    35
    99
   153
   169
   165
   153
   139
   130
   123
   114
   111
   110
   112
   125
   138
   128
   105
   108
   102
   112
    97
    89
    95
    93
    98
    94
    65
    63
    58
    53
    48
    34
    52
    45
    48
    48
    54
    69
    81
    92
   104
   109
   109
   115
   122
   130
   133
   138
   142
   151
   151
   156
   159
   164
   162
   162
   163
   162
   161
   166
   160
   164
   160
   157
   147
   127
   108
    88
    71
   122
   146
   140
   150
   108
   131
   118
   123
    91
   123
   149
   177
   164
   140
   144
   161
   171
   184
   186
   182
    77
   130
   172
   159
   136
   150
   158
   156
   129
    69
    85
   134
   153
   174
   158
   128
   112
   106
    99
    62
    66
    87
    66
    31
    77
   124
   171
   168
   153
   159
   143
   131
   120
   119
   122
   125
   131
   129
   111
    98
    95
   109
    98
   114
   115
    93
    67
    56
    43
    60
    50
    50
    65
    59
    74
    42
    42
    48
    49
    51
    59
    64
    87
    96
   100
   108
   117
   118
   125
   133
   134
   142
   149
   154
   159
   159
   158
   163
   166
   163
   164
   161
   159
   168
   162
   160
   155
   147
   122
    90
    81
    56
   112
   128
   152
   141
   114
   134
   112
   119
   120
   178
   169
   184
   167
   143
   133
   158
   171
   180
   185
   183
   139
    88
   146
   165
   150
   137
   134
   113
    98
   102
   112
   145
   171
   168
   157
   119
   118
   112
    97
   110
   100
    83
    60
    28
    59
   111
   158
   154
   150
   140
   134
   123
   125
   121
   121
   123
   139
   114
    83
    86
    90
    74
    55
    45
    60
    83
    85
    71
    67
    49
    40
    42
    29
    38
    28
    51
    46
    37
    41
    52
    58
    61
    69
    81
    87
   104
   105
   117
   121
   129
   135
   141
   147
   152
   151
   150
   158
   163
   164
   165
   161
   163
   164
   161
   169
   160
   151
   143
   117
    78
    55
    56
   119
   115
   153
   130
   123
   143
   119
   115
   129
   188
   169
   180
   169
   153
   133
   154
   178
   180
   182
   181
   169
    81
   119
   162
   165
   156
   142
   136
   137
   143
   136
   150
   173
   185
   179
   144
   120
   112
   108
    95
    95
    82
    65
    29
    44
    99
   121
   126
   129
   151
   136
   132
   127
   127
   110
    98
   113
   121
   100
    88
    94
    94
   108
   121
   108
    87
    71
    70
    47
    44
    50
    64
    74
    73
    54
    45
    52
    44
    39
    55
    58
    54
    67
    70
    84
    93
   104
   114
   123
   128
   129
   135
   146
   147
   153
   159
   160
   165
   164
   165
   168
   166
   165
   166
   167
   164
   161
   144
   115
    81
    54
    55
    86
   108
   156
   121
   134
   143
   118
   103
    59
    78
   141
   174
   167
   160
   141
   149
   179
   184
   182
   179
   179
    96
   105
   149
   167
   154
   151
   143
   138
   130
   137
   138
   148
   174
   182
   169
   139
   138
   112
   106
    85
    58
    58
    26
    42
    93
   128
   128
   127
   126
   124
   116
   116
   118
   115
   105
   117
    98
   107
   106
   104
   123
   109
    93
    92
    49
    35
    39
    63
    58
    65
    61
    37
    34
    78
    47
    37
    41
    41
    47
    57
    66
    60
    87
    84
    92
   100
   108
   121
   128
   134
   146
   142
   147
   153
   157
   161
   157
   156
   163
   157
   162
   165
   170
   172
   165
   153
   146
   121
    75
    54
    53
    67
   116
   162
   118
   144
   159
   134
    61
    41
    73
   106
   159
   166
   172
   142
   140
   178
   177
   177
   179
   184
   119
    98
   134
   176
   162
   151
   147
   145
   142
   134
   134
   141
   139
   158
   156
   157
   126
   103
    93
    85
    53
    52
    46
    43
    80
   116
   114
   119
   117
   121
   118
   112
   105
   102
   104
    84
    93
    71
    85
    81
    92
    73
    51
    61
    69
    57
    38
    20
    44
    52
    68
    92
    71
    93
    47
    53
    45
    44
    55
    56
    57
    86
    83
    80
    95
   100
    97
   110
   125
   135
   137
   150
   152
   153
   159
   158
   162
   166
   166
   168
   164
   165
   166
   166
   165
   158
   137
   109
    71
    66
    61
    61
   120
   153
   108
   143
   159
   132
   138
   121
    68
   109
   142
   143
   166
   144
   132
   174
   180
   180
   179
   184
   131
    89
   119
   165
   169
   156
   156
   150
   139
   141
   135
   121
   124
   133
   148
   137
   121
   100
    86
    71
    88
    42
    27
    43
    81
    91
   110
   129
   110
    96
   101
   109
   107
   103
    71
    68
    66
    59
    46
    59
    55
   109
   102
    55
    53
    70
    67
    49
    31
    26
    24
    28
    54
    78
    74
    51
    47
    75
    46
    44
    44
    42
    83
   109
    92
    97
   103
   107
   104
   113
   135
   145
   154
   157
   157
   164
   165
   160
   165
   166
   163
   165
   167
   172
   166
   157
   145
   122
    74
    56
    45
    53
   124
   153
   106
   138
   163
   133
    96
    49
    47
    88
   147
   164
   177
   155
   129
   161
   179
   178
   178
   181
   137
    90
   114
   174
   166
   163
   159
   155
   151
   144
   146
   137
   126
   122
   117
   122
   112
    92
   103
    97
    46
    42
    47
    60
    98
   125
   117
   119
   115
    92
    83
    71
    74
    74
    79
    57
    64
   114
   108
    99
    88
    35
    36
    88
    84
    60
    46
    44
    44
    41
    40
    36
    79
    95
    51
    62
    61
    49
    49
    36
    57
    58
    63
    77
   100
   100
   102
   113
   121
   121
   123
   133
   142
   148
   160
   162
   154
   159
   160
   164
   169
   170
   173
   173
   168
   164
   138
   124
    74
    38
    36
    51
   132
   155
   108
   131
   160
   121
    66
    21
    36
    74
   143
   156
   174
   162
   131
   165
   184
   181
   181
   183
   147
    94
   114
   164
   174
   167
   157
   148
   149
   148
   147
   140
   135
   120
   117
   117
   116
   128
    91
    74
    58
    50
    64
   104
    94
    83
    77
    74
    89
    99
    79
    78
    78
    62
    79
    65
    67
    38
    46
    58
    87
    67
    45
    40
    60
    72
    52
    36
    34
    27
    36
    74
    96
    89
    50
    55
    49
    51
    41
    54
    49
    47
    42
    57
    63
    87
   102
   105
   111
   116
   127
   132
   137
   144
   152
   159
   161
   163
   165
   172
   162
   164
   168
   164
   161
   154
   136
   117
    72
    64
    47
    52
   128
   147
   107
   130
   162
   131
    76
    49
    71
    83
   141
   152
   175
   162
   137
   160
   187
   188
   181
   183
   155
    96
   111
   161
   175
   173
   166
   158
   155
   153
   146
   142
   143
   135
   127
   117
   111
   104
   112
   103
    80
    67
    74
    87
    97
    66
    78
    84
    72
    56
    70
    73
    60
    43
    50
    60
    51
    73
    67
    55
    45
    58
    57
    48
    59
    61
    41
    44
    55
    55
    84
    90
   105
   112
    54
    62
    58
    44
    46
    50
    46
    54
    47
    44
    66
    79
    91
    94
   103
   115
   118
   127
   134
   145
   150
   152
   153
   156
   161
   161
   164
   164
   163
   159
   160
   154
   141
   122
    79
    60
    62
    52
   124
   149
   112
   127
   160
   136
    76
    28
    39
    85
   151
   159
   174
   170
   146
   172
   188
   184
   178
   177
   149
   108
   123
   164
   177
   173
   174
   161
   156
   147
   143
   148
   143
   139
   135
   132
   112
    95
    96
    97
    88
    80
    83
    88
    77
    96
    92
    85
    86
    75
    60
    66
    53
    55
    48
    35
    34
    51
    36
    35
    46
    45
    46
    70
    34
    25
    36
    25
    37
    37
    56
    80
    95
   106
    61
    57
    59
    58
    60
    68
    61
    40
    61
    47
    44
    68
    83
    98
   108
   112
   119
   129
   133
   142
   148
   145
   146
   144
   142
   151
   156
   158
   162
   163
   160
   156
   140
   127
    92
    58
    45
    45
   102
   129
   111
   129
   158
   148
    87
    77
   120
   132
   166
   167
   173
   166
   144
   174
   186
   187
   179
   184
   147
   103
   125
   166
   183
   178
   173
   165
   163
   154
   153
   142
   146
   147
   144
   141
   140
   130
   109
    86
    73
    86
    83
    97
    87
    80
    63
    62
    77
    74
    53
    49
    62
    47
    45
    43
    42
    28
    66
    34
    31
    48
    36
    27
    35
    34
    26
    22
    22
    58
    95
   109
   117
   113
    60
    54
    63
    48
    56
    52
    50
    45
    44
    50
    45
    53
    70
    85
   105
   117
   116
   121
   131
   136
   146
   147
   147
   151
   151
   157
   160
   160
   161
   162
   164
   161
   146
   126
    98
    62
    55
    50
   101
   127
   122
   128
   158
   166
   107
    67
   154
   136
   161
   170
   186
   170
   150
   182
   184
   179
   182
   181
   144
   115
   127
   157
   177
   178
   171
   167
   172
   167
   155
   144
   142
   140
   141
   134
   138
   144
   145
   140
   123
   110
    94
    96
    96
    89
    90
    85
    88
    95
    82
    51
    57
    62
    45
    30
    31
    44
    49
    39
    30
    23
    22
    24
    42
    30
    37
    40
    79
   115
   115
   114
   119
   111
    53
    63
    52
    49
    39
    46
    40
    43
    52
    61
    49
    34
    50
    76
    84
   104
   113
   115
   123
   132
   139
   145
   142
   142
   146
   156
   159
   158
   159
   149
   157
   158
   148
   134
   109
    73
    55
    44
    93
   129
   133
   132
   159
   173
   135
    71
    39
    79
   162
   184
   197
   190
   166
   181
   184
   181
   180
   182
   138
   132
   141
   157
   178
   177
   180
   178
   175
   166
   162
   148
   139
   134
   134
   132
   139
   143
   139
   147
   145
   148
   134
   115
   100
    96
    89
    90
    82
    80
    69
    81
    54
    46
    55
    56
    41
    44
    54
    43
    46
    41
    38
    27
    33
    30
    30
    70
   106
   119
   114
   117
   113
   123
    61
    60
    57
    66
    66
    54
    54
    56
    51
    43
    54
    48
    32
    48
    71
    86
   108
   118
   116
   119
   126
   134
   146
   147
   148
   139
   138
   156
   159
   166
   166
   158
   154
   138
   115
    80
    60
    47
    84
   116
   132
   138
   161
   169
   159
    89
    69
   109
   176
   194
   191
   178
   179
   182
   188
   185
   183
   190
   125
   144
   159
   163
   185
   183
   182
   176
   174
   176
   167
   164
   154
   142
   138
   125
   133
   139
   128
   134
   118
   121
   113
   112
   114
   123
    92
    94
    80
    72
    68
    72
    71
    47
    33
    22
    45
    44
    56
    57
    34
    27
    43
    46
    29
    35
    71
    84
    95
   118
   126
   128
   128
   130
    50
    55
    56
    50
    48
    51
    48
    39
    49
    53
    43
    48
    39
    36
    56
    81
    99
   106
   115
   120
   119
   122
   126
   136
   139
   152
   156
   155
   168
   172
   170
   164
   151
   138
   117
    99
    93
    69
    81
   104
   119
   128
   157
   169
   171
   123
    87
    86
   131
   164
   180
   183
   187
   177
   186
   181
   184
   189
   111
   163
   172
   172
   187
   196
   193
   181
   186
   183
   171
   166
   161
   157
   153
   160
   147
   144
   145
   123
   129
   120
   123
   113
   106
   104
   116
    97
   100
    88
    76
    59
    47
    46
    65
    59
    66
    60
    72
    53
    40
    48
    32
    30
    63
    92
    88
    82
   120
   119
   120
   121
   124
    92
    41
    52
    55
    51
    56
    51
    52
    55
    41
    43
    36
    43
    53
    39
    38
    57
    76
   104
   116
   121
   117
   120
   125
   127
   134
   139
   152
   156
   157
   161
   163
   163
   165
   149
   116
    98
    70
    66
    71
    98
   110
   128
   165
   187
   168
   148
   104
    87
    98
   133
   171
   183
   192
   180
   185
   181
   179
   186
   105
   181
   180
   175
   193
   202
   198
   194
   184
   180
   187
   177
   163
   156
   156
   144
   154
   145
   153
   155
   145
   145
   129
   105
    86
    88
    78
    92
    80
    79
    54
    59
    65
    64
    47
    46
    40
    41
    30
    41
    35
    38
    38
    44
    61
    91
   128
   133
   133
   140
   122
    83
    37
     9
    57
    62
    74
    78
    62
    51
    52
    51
    45
    48
    50
    57
    34
    38
    51
    38
    54
    80
    97
   102
   115
   128
   124
   124
   139
   139
   147
   170
   172
   171
   162
   166
   162
   160
   144
   114
    98
    65
    49
    77
    99
   119
   146
   171
   170
   140
   140
   118
   100
   120
   134
   168
   183
   187
   181
   187
   185
   176
   106
   192
   189
   184
   195
   198
   199
   199
   198
   198
   192
   184
   182
   179
   164
   153
   158
   157
   158
   158
   161
   144
   136
   132
   119
    96
    78
    67
    68
    48
    51
    50
    42
    35
    52
    40
    43
    34
    30
    36
    34
    26
    46
    47
    43
    43
    48
    45
    45
    34
    16
     5
     8
    10
    49
    46
    47
    59
    60
    56
    52
    42
    57
    58
    45
    44
    44
    40
    29
    47
    48
    49
    53
    79
   101
   105
   140
   150
   137
   135
   139
   145
   158
   174
   180
   181
   179
   168
   157
   147
   127
   108
    64
    88
   104
    98
   128
   142
   142
   118
   123
   153
   149
   115
   149
   157
   177
   181
   180
   184
   190
   156
   121
   191
   190
   176
   186
   200
   199
   204
   201
   191
   189
   193
   191
   188
   183
   176
   170
   168
   163
   164
   165
   152
   140
   118
   105
    95
    92
    93
    73
    65
    78
    67
    65
    48
    36
    37
    35
    40
    37
    28
    34
    37
    46
    46
    30
    22
    19
    11
    15
    14
    16
    17
    17
    18
    45
    50
    53
    59
    73
    70
    68
    68
    56
    60
    54
    54
    46
    51
    58
    52
    56
    54
    75
    85
    90
   108
   121
   117
   125
   139
   140
   139
   138
   152
   155
   163
   177
   179
   178
   166
   165
   143
    81
    86
    94
   103
   103
   127
   119
   101
   105
   137
   175
   167
   142
   173
   180
   187
   188
   187
   193
   128
   154
   194
   189
   185
   189
   194
   197
   187
   190
   192
   189
   177
   174
   174
   182
   173
   175
   176
   173
   163
   145
   136
   125
   121
   116
   106
    92
    78
    76
    72
    61
    65
    52
    42
    35
    48
    31
    24
    43
    51
    50
    38
    45
    74
    31
    21
    22
    21
    20
    19
    14
    15
    16
    20
    59
    62
    65
    66
    61
    67
    58
    50
    53
    50
    54
    49
    40
    44
    39
    42
    39
    38
    33
    40
    50
    59
    81
    99
   110
   120
   130
   135
   136
   133
   137
   140
   143
   155
   170
   178
   179
   178
   146
    76
   105
   103
   101
   114
   117
    99
    97
   130
   169
   186
   159
   173
   179
   186
   188
   190
   183
    97
   190
   197
   194
   183
   181
   185
   190
   188
   188
   181
   178
   184
   182
   179
   166
   172
   174
   176
   172
   182
   188
   175
   135
   121
   103
    88
    63
    73
    57
    58
    52
    55
    47
    46
    54
    59
    45
    30
    36
    55
    63
    64
    47
    40
    75
    34
    26
    29
    29
    26
    30
    29
    30
    33
    53
    63
    58
    46
    54
    51
    60
    53
    50
    48
    52
    45
    50
    45
    44
    37
    41
    40
    45
    51
    46
    54
    68
    85
    99
   104
   103
   110
   128
   137
   148
   160
   163
   163
   168
   173
   172
   171
   175
    91
    95
   112
   100
    90
    88
    74
    76
   113
   156
   188
   170
   179
   179
   177
   188
   205
   152
   149
   199
   203
   199
   188
   181
   183
   187
   183
   183
   177
   177
   178
   183
   185
   184
   178
   162
   156
   156
   150
   149
   140
   125
    98
    98
    98
    95
    71
    59
    44
    55
    55
    47
    53
    55
    46
    44
    33
    38
    50
    50
    34
    36
    36
    55
    85
    34
    20
    24
    31
    28
    28
    31
    32
    49
    52
    57
    63
    60
    58
    59
    63
    56
    61
    69
    65
    47
    48
    50
    48
    44
    50
    62
    36
    41
    44
    44
    42
    74
    88
   109
   118
   107
   115
   128
   141
   153
   159
   162
   165
   165
   161
   164
   157
    69
   128
   138
   125
   107
    84
    64
   104
   154
   186
   178
   195
   198
   215
   192
   103
   118
   205
   201
   198
   195
   187
   181
   182
   183
   186
   187
   186
   188
   184
   171
   179
   186
   178
   168
   160
   158
   154
   143
   130
   128
   110
    93
   100
    85
    75
    81
    72
    57
    39
    49
    52
    41
    50
    48
    55
    39
    28
    33
    35
    33
    32
    33
    61
    96
    69
    37
    23
    27
    29
    35
    45
    46
    51
    57
    52
    63
    65
    60
    58
    62
    69
    70
    58
    58
    55
    40
    52
    54
    49
    41
    47
    43
    55
    74
    93
    79
    84
    74
    92
   134
   131
   127
   123
   121
   125
   137
   147
   154
   160
   172
   176
   142
    52
    81
   127
   145
   116
    71
   116
   177
   205
   202
   204
   151
    86
    51
   133
   206
   198
   195
   196
   192
   181
   181
   181
   179
   184
   192
   194
   186
   187
   180
   179
   172
   168
   169
   158
   159
   156
   159
   156
   124
   100
    81
    71
    80
    63
    81
    69
    53
    57
    53
    62
    54
    46
    54
    42
    60
    71
    39
    40
    45
    41
    40
    33
    68
   112
    94
    69
    70
    70
    55
    55
    52
    45
    46
    52
    51
    52
    62
    56
    41
    51
    59
    56
    53
    54
    80
    72
    62
    58
    43
    54
    61
    58
    54
    53
    53
    64
    85
    72
    57
    79
    94
   111
   122
   126
   116
   118
   127
   133
   133
   136
   148
   165
   124
    96
    89
    65
    65
    65
    51
    38
    20
    40
    84
   148
   195
   190
   176
   175
   178
   177
   180
   179
   177
   174
   181
   184
   184
   184
   180
   183
   178
   179
   164
   149
   147
   143
   151
   142
   150
   122
   118
    71
    63
    63
    45
    59
    52
    67
    62
    47
    50
    56
    62
    64
    57
    53
    35
    32
    47
    39
    40
    41
    37
    35
    50
    82
   102
   116
   102
    92
    95
   102
    47
    54
    49
    50
    56
    54
    63
    62
    75
    70
    53
    44
    56
    60
    63
    61
    67
    68
    67
    61
    58
    60
    58
    39
    48
    53
    39
    57
    82
    76
    78
    83
    91
    88
    94
    89
    82
    84
    80
    89
   101
    94
   117
   140
    88
    27
    46
   130
   196
   212
   219
   212
   210
   198
   187
   183
   179
   176
   166
   173
   174
   171
   174
   178
   172
   175
   176
   181
   177
   173
   162
   157
   168
   167
   171
   167
   156
   145
   120
    88
    75
   113
   106
    73
    73
    54
    58
    64
    43
    49
    62
    65
    63
    59
    48
    47
    47
    48
    43
    43
    41
    35
    42
    41
    51
    85
    79
    87
   107
   120
   114
   103
    47
    43
    51
    64
    63
    63
    54
    54
    52
    66
    64
    74
    61
    55
    52
    40
    58
    55
    52
    51
    51
    52
    43
    42
    45
    42
    46
    45
    41
    58
    84
    86
    63
    79
    81
    90
    90
    76
    75
    67
    54
    62
    56
    50
    10
    28
    30
    38
    15
    51
    78
   108
   134
   158
   164
   166
   175
   180
   184
   181
   176
   180
   175
   176
   181
   181
   182
   183
   170
   165
   152
   148
   124
   116
    92
    82
    81
    81
    44
    73
    83
    63
    54
    84
    47
    43
    53
    62
    74
    61
    63
    61
    58
    51
    52
    50
    48
    42
    40
    43
    40
    45
    40
    35
    41
    81
    78
    88
    92
    86
   106
   134
    45
    50
    52
    48
    48
    46
    54
    68
    66
    49
    53
    41
    48
    56
    53
    55
    50
    52
    61
    59
    54
    57
    66
    64
    53
    51
    60
    81
   110
   101
    77
    72
   102
   102
    98
    91
    78
    92
    97
    91
    84
    89
   109
   105
   141
   228
   195
    88
    53
    27
    18
    26
    35
    51
    85
    89
    91
   104
   114
   130
   142
   148
   136
   137
   119
   114
   117
    93
    90
    89
    78
    77
    85
    93
    89
    94
    75
    68
    72
    62
    71
    81
    60
    74
    71
    65
    49
    63
    47
    54
    48
    56
    48
    42
    46
    38
    43
    44
    48
    42
    43
    38
    40
    46
    44
    88
    85
    86
    90
    96
    86
    81
    46
    43
    46
    48
    48
    50
    51
    54
    53
    57
    54
    60
    56
    55
    51
    55
    54
    55
    60
    49
    48
    42
    40
    64
    78
   106
   132
   137
   100
    99
    88
    97
    94
   109
   125
   117
   117
   107
   108
   113
   121
   109
    83
    73
    76
   150
   121
   101
    89
    71
    73
    68
    61
    62
    56
    69
    88
    85
    73
    71
    71
    58
    77
    93
   107
    92
    96
    97
    92
    78
    87
    89
    82
    75
    79
    83
    95
    94
   100
    68
    71
    57
    66
    45
    51
    43
    52
    44
    50
    37
    43
    40
    45
    45
    41
    43
    42
    39
    39
    39
    42
    44
    40
    37
    40
    83
    97
    91
    81
    78
    68
    54
    47
    48
    48
    48
    49
    46
    53
    51
    51
    53
    65
    65
    74
    56
    61
    51
    49
    54
    51
    63
    56
    58
    60
    58
    72
    63
    63
    59
    74
    96
   101
    93
   105
    86
    54
    58
    60
    63
    64
    76
    81
    94
    98
    83
    68
    54
    35
    51
    82
    90
    48
    47
    68
    61
    68
    76
    71
    82
    89
   101
    92
    65
    68
    67
    84
    89
    64
    75
    80
    84
    86
    98
    93
    77
    79
    69
    61
    53
    63
    71
    57
    80
    63
    65
    49
    50
    46
    45
    40
    40
    39
    40
    41
    39
    43
    38
    38
    38
    37
    38
    38
    36
    40
    42
    40
    65
    70
    63
    70
    72
    72
    67
    45
    43
    46
    47
    46
    52
    52
    53
    52
    64
    52
    54
    57
    58
    57
    75
    58
    58
    68
    52
    58
    43
    43
    52
    55
    89
   104
    80
    68
    71
    67
    54
    46
    39
    41
    36
    33
    33
    37
    37
    58
    68
    92
   107
   111
   104
    90
    88
    69
    74
    74
    69
    58
    69
    70
    85
    91
    83
   101
   127
   157
   142
    89
    70
    65
    75
    73
    59
    61
    80
    87
    85
    76
    98
    94
    76
    78
    82
    82
    74
    63
    63
    63
    42
    53
    41
    40
    48
    51
    41
    42
    38
    39
    42
    41
    42
    38
    38
    34
    36
    35
    36
    37
    34
    33
    53
    77
    86
    88
    89
    76
    73
    49
    49
    51
    49
    50
    49
    50
    53
    51
    47
    49
    52
    60
    63
    59
    61
    70
    59
    59
    56
    48
    50
    46
    42
    46
    65
    51
    54
    55
    48
    42
    44
    51
    57
    41
    40
    46
    42
    36
    56
    62
    65
    69
    76
    84
    83
    89
    91
    97
    86
    76
    69
    67
    62
    74
    94
    93
   115
   141
   118
   128
   165
   161
   114
    95
    93
   102
    90
    86
   100
    92
    76
    91
    99
    89
    84
    69
    66
    67
    52
    54
    36
    36
    47
    39
    42
    42
    38
    44
    41
    37
    41
    41
    40
    40
    39
    41
    40
    42
    38
    34
    32
    30
    34
    35
    49
    93
    90
    95
    92
    89
    79
    44
    48
    48
    48
    47
    45
    44
    50
    53
    52
    49
    49
    48
    57
    62
    61
    60
    63
    52
    50
    57
    70
    61
    72
    68
    55
    54
    43
    48
    63
    71
    67
    61
    47
    46
    39
    25
    41
    70
    78
    76
    77
    83
    92
    98
   124
   132
   123
    93
    86
    91
    98
    86
    81
    87
    93
    92
    66
    55
    82
    88
    95
   126
   145
   100
    85
    89
    92
    67
    77
    74
    78
    66
    64
    56
    56
    57
    46
    40
    40
    41
    43
    40
    39
    43
    41
    40
    36
    36
    40
    38
    37
    38
    39
    36
    38
    41
    37
    36
    37
    39
    40
    43
    38
    37
    45
    98
   100
    97
    94
    90
    88
    46
    47
    46
    45
    47
    49
    52
    50
    52
    48
    49
    53
    48
    51
    64
    61
    57
    57
    52
    56
    48
    59
    86
    76
    73
    78
    75
    73
    77
    61
    56
    62
    86
    89
    94
   110
   130
   144
   142
   129
   112
   105
   101
    89
   101
    85
    69
    90
   110
   135
   129
   118
   120
   110
    96
    76
    66
    78
    81
    63
    49
    50
    79
    77
   102
   103
    73
    56
    57
    46
    44
    53
    45
    43
    47
    41
    41
    40
    43
    42
    44
    46
    42
    38
    42
    41
    41
    39
    40
    39
    37
    40
    39
    36
    41
    32
    35
    40
    41
    34
    33
    36
    31
    39
    37
    36
    81
    81
    97
    94
    98
    93
    47
    47
    48
    46
    48
    49
    49
    50
    54
    47
    44
    50
    51
    51
    58
    63
    60
    60
    57
    53
    56
    53
    51
    63
    69
    57
    55
    44
    36
    56
    63
    70
    43
    48
    82
   128
   139
   151
   135
   141
   152
   130
   118
   118
   100
   109
   137
   123
   120
   131
   142
   153
   118
    75
    64
    72
    70
    72
    66
    86
    63
   101
   105
    98
    94
    78
    50
    45
    51
    46
    52
    53
    51
    52
    40
    45
    45
    48
    50
    46
    45
    39
    45
    51
    47
    45
    48
    40
    44
    42
    37
    41
    37
    37
    37
    39
    37
    32
    36
    36
    36
    36
    41
    32
    35
    37
    76
    75
    91
   108
   104
    99
