    63
    54
    50
    49
    47
    43
    51
    54
    52
    62
    56
    59
    57
    43
    54
    50
    61
    56
    50
    55
    67
    69
    62
    54
    45
    53
    76
    99
    92
    87
    78
    64
    70
    68
    72
   101
    79
    54
    55
    71
    88
    57
    75
    68
   129
   120
    84
   114
   110
   111
   130
   125
    96
    76
    76
    89
    88
   101
    96
   118
   147
   166
   149
   169
   171
   177
   202
   215
   165
    96
    53
    14
    36
    48
    48
    51
    50
    50
    38
    40
    42
    39
    41
    49
    52
    53
    47
    56
    61
    57
    62
    56
    57
    60
    55
    59
    54
    52
    47
    50
    49
    56
    59
    58
    56
    57
    60
   108
   121
   106
    96
    86
    56
    56
    54
    49
    55
    50
    52
    58
    51
    54
    49
    63
    64
    71
    73
    84
    79
    70
    57
    53
    63
    62
    57
    45
    65
    77
    73
    61
    73
    86
    85
    77
    76
    75
    80
    77
    70
    74
    79
    69
    77
    70
    65
    70
    66
    92
    92
    99
   112
    90
    93
   105
   127
   102
    72
    74
    79
    91
    86
    89
   125
   136
   108
   104
   105
    93
   106
   124
   157
   139
   160
   166
    80
    42
    45
    42
    52
    58
    49
    53
    48
    65
    65
    53
    49
    47
    52
    51
    49
    54
    54
    53
    54
    56
    53
    55
    55
    49
    58
    60
    58
    54
    55
    55
    51
    53
    53
   104
   114
   124
   120
   117
    51
    49
    47
    58
    63
    63
    61
    56
    46
    38
    53
    46
    48
    76
    53
    57
    63
    54
    49
    57
    46
    58
    58
    65
    70
    69
    77
    77
    81
    74
    65
    80
    80
    84
    73
    70
    67
    69
    73
    79
    98
   101
    69
    41
    34
    39
    53
    46
    66
    55
    60
    56
    55
    60
    66
    80
    89
    92
   103
    82
    84
    83
    75
    78
    89
   101
    92
    92
    83
    94
   114
   136
   142
   102
    73
    72
    63
    41
    46
    45
    78
    61
    50
    37
    43
    67
    60
    52
    55
    56
    52
    51
    53
    54
    55
    54
    54
    61
    53
    54
    57
    56
    54
    51
    54
    55
    63
   110
   119
   120
   125
   124
    50
    47
    48
    53
    68
    62
    56
    53
    42
    52
    58
    53
    57
    43
    47
    62
    67
    58
    55
    45
    50
    57
    53
    56
    61
    71
    70
    72
    79
    88
    89
    89
    81
    79
    77
    69
    68
    67
    61
    80
    88
   115
   111
    84
    65
    83
    84
    76
    91
   100
    56
    49
    41
    50
    66
    90
    79
    75
    81
    97
    90
    89
   104
   105
   122
   102
   103
    82
    77
    78
    92
    79
    75
   116
   131
    97
    73
    73
    71
    94
    62
    28
    39
    68
    79
    54
    49
    49
    49
    49
    48
    50
    53
    53
    52
    54
    58
    52
    53
    56
    53
    51
    52
    52
    54
    49
    60
   114
   121
   122
   115
   106
    54
    53
    54
    49
    53
    56
    50
    46
    49
    50
    46
    43
    49
    54
    58
    62
    48
    48
    41
    42
    58
    48
    62
    66
    70
    84
    86
    80
    85
    88
    89
    96
   102
   109
   107
    97
    80
    76
    90
    79
    71
    76
   103
   113
   122
   103
    74
    70
    71
    73
    54
    44
    45
    42
    61
    68
    76
    71
    80
    81
    82
    98
   112
    94
    73
    69
    83
   101
    93
    81
    96
    99
    86
    94
   117
   122
   119
   113
   111
    97
    79
   100
   120
    91
    55
    55
    51
    50
    46
    48
    46
    57
    49
    52
    53
    47
    46
    53
    53
    52
    51
    54
    53
    49
    47
    48
    65
   108
   118
   117
   107
   102
    52
    48
    46
    48
    57
    47
    47
    47
    52
    53
    45
    39
    35
    42
    64
    54
    41
    41
    43
    56
    48
    66
    64
    70
    98
   104
    96
   100
   109
   122
   124
   125
   128
   123
   128
   133
   133
   126
   111
    94
   100
    80
    79
    97
    97
    95
    68
    41
    20
    47
    38
    26
    30
    56
    84
   109
   122
   114
   112
   100
    98
   106
    94
    86
   103
    98
    92
    89
    87
    92
    90
    96
   100
   102
    87
    79
   100
   127
   146
   142
   124
   113
    80
    79
    82
    79
    58
    36
    42
    52
    49
    54
    45
    36
    42
    47
    45
    45
    43
    49
    46
    47
    45
    47
    47
    48
    67
   109
   110
   111
   103
    85
    57
    55
    54
    58
    57
    50
    40
    48
    49
    44
    50
    51
    51
    46
    47
    49
    51
    55
    61
    56
    65
    67
    76
   101
   109
   112
   130
   145
   149
   150
   153
   153
   147
   149
   145
   139
   141
   143
   139
   133
   144
   161
   160
   147
   141
   156
   155
   146
   101
    53
    25
    80
   140
   165
   159
   157
   162
   164
   163
   168
   166
   153
   154
   149
   129
   132
   147
   145
   128
   105
    98
   102
   100
   101
   119
   107
   114
   109
   100
   104
   101
    93
    81
    87
    99
    83
    66
    67
    65
    56
    56
    59
    56
    61
    51
    43
    41
    38
    43
    48
    44
    42
    41
    44
    47
    39
    70
   109
   114
   100
    82
    73
    49
    52
    59
    49
    55
    59
    56
    59
    53
    59
    50
    44
    39
    48
    48
    51
    59
    55
    37
    55
    60
    66
    89
   113
   130
   149
   161
   163
   164
   169
   171
   168
   168
   168
   166
   145
   136
   146
   155
   165
   174
   177
   176
   183
   181
   182
   189
   198
   179
   128
    48
   165
   189
   187
   190
   186
   171
   169
   161
   158
   172
   178
   177
   165
   168
   152
   153
   153
   154
   147
   143
   121
   100
    85
    92
    87
    95
   109
   118
   114
    93
    74
    75
    69
    80
    68
    73
    78
    74
    65
    60
    53
    46
    39
    34
    37
    47
    57
    42
    39
    36
    38
    42
    41
    41
    47
    72
    99
   102
   106
    97
    81
    65
    64
    63
    78
    70
    65
    50
    42
    39
    30
    33
    33
    39
    51
    52
    43
    39
    46
    59
    63
    67
   103
   141
   145
   161
   170
   167
   171
   163
   168
   178
   185
   182
   184
   183
   183
   179
   179
   166
   153
   147
   160
   180
   192
   193
   194
   195
   198
   201
   239
   200
   195
   193
   190
   184
   182
   184
   179
   184
   180
   175
   170
   173
   173
   180
   185
   186
   186
   183
   178
   159
   170
   172
   145
   111
   116
   112
   105
    99
    73
    76
    90
    87
   100
   100
    78
    62
    70
    70
    63
    51
    75
    72
    45
    39
    44
    45
    47
    42
    38
    43
    41
    35
    39
    43
    38
    71
   103
    95
    88
    92
   100
    48
    45
    64
    64
    59
    50
    63
    64
    43
    45
    36
    34
    43
    37
    44
    49
    49
    49
    55
    86
   133
   153
   145
   157
   156
   152
   154
   159
   171
   177
   178
   181
   187
   189
   190
   194
   197
   196
   197
   198
   195
   184
   180
   175
   184
   187
   195
   197
   159
   120
    39
   173
   193
   192
   189
   185
   181
   181
   176
   176
   174
   183
   183
   179
   178
   177
   181
   183
   188
   176
   176
   179
   178
   181
   180
   171
   162
   130
   119
   120
   109
   117
   111
   101
    98
    91
    71
    68
    62
    60
    81
    74
    64
    93
    90
    67
    53
    49
    49
    46
    43
    36
    40
    39
    32
    36
    76
    96
    99
    89
    78
    81
    54
    63
    56
    55
    56
    48
    48
    43
    46
    40
    40
    46
    44
    38
    42
    45
    51
    73
   102
   127
   136
   133
   152
   151
   151
   149
   157
   168
   169
   171
   172
   182
   187
   190
   192
   195
   195
   196
   195
   191
   193
   198
   197
   197
   193
   190
   191
   188
   142
    47
    48
   187
   212
   211
   207
   196
   181
   179
   182
   182
   186
   188
   187
   185
   186
   186
   184
   179
   181
   185
   184
   176
   169
   156
   154
   155
   159
   164
   160
   168
   134
   111
    97
    90
    90
    79
    54
    45
    60
    64
    55
    46
    56
    50
    46
    43
    48
    54
    58
    52
    44
    47
    39
    41
    42
    37
    78
    94
    70
    55
    42
    24
    63
    56
    60
    60
    49
    44
    52
    50
    38
    40
    37
    34
    50
    62
    45
    57
    92
   100
   119
   132
   138
   146
   154
   157
   159
   168
   177
   173
   174
   184
   187
   187
   193
   195
   196
   197
   199
   196
   195
   201
   198
   193
   189
   199
   212
   201
   162
   167
   144
    48
    38
    98
    98
   105
   129
   164
   211
   218
   196
   187
   194
   196
   197
   195
   191
   187
   184
   191
   191
   186
   187
   185
   173
   156
   145
   144
   148
   154
   154
   162
   148
   141
   122
    99
    77
    76
    74
    74
    65
    62
    56
    64
    62
    61
    54
    54
    52
    54
    62
    49
    46
    49
    55
    53
    39
    41
    71
    34
    18
    35
    55
   104
    51
    53
    43
    39
    39
    41
    46
    48
    42
    41
    46
    41
    51
    47
    81
    94
   107
   140
   140
   138
   145
   150
   158
   155
   168
   176
   179
   178
   187
   193
   194
   198
   200
   199
   200
   201
   198
   198
   195
   188
   190
   184
   190
   178
   113
    54
    76
   101
   118
   121
   125
   133
   145
   131
   114
    67
    56
    64
   159
   212
   194
   196
   196
   199
   198
   198
   195
   194
   195
   194
   196
   198
   190
   190
   178
   176
   169
   165
   165
   159
   156
   141
   127
   102
    85
    77
    70
    71
    81
    60
    57
    62
    64
    63
    51
    48
    54
    48
    47
    52
    56
    62
    54
    39
    38
    46
    72
    92
   120
   138
   145
   148
    49
    47
    56
    73
    48
    43
    42
    40
    35
    31
    27
    40
    51
    68
    91
   123
   154
   142
   143
   142
   154
   155
   157
   160
   169
   172
   178
   188
   192
   196
   200
   198
   201
   203
   202
   202
   201
   196
   183
   184
   180
   169
   126
    90
    69
   130
   132
   152
   146
   106
   101
   138
   172
   167
   171
   173
   176
   147
    73
    82
   185
   191
   190
   192
   199
   198
   197
   194
   193
   192
   194
   193
   188
   189
   183
   177
   180
   172
   165
   162
   159
   151
   137
   118
   105
   105
    84
    75
    57
    59
    55
    47
    47
    44
    46
    50
    48
    50
    44
    41
    52
    45
    27
    46
    85
   103
   116
   117
   110
   101
   116
   127
    60
    67
    67
    96
   111
    70
    41
    43
    30
    27
    39
    59
    67
   100
   120
   136
   141
   144
   140
   140
   146
   152
   161
   165
   171
   172
   182
   187
   191
   194
   197
   201
   203
   204
   203
   199
   196
   183
   180
   184
   157
   111
   115
    77
   128
   136
   150
   164
   147
   110
   102
   144
   173
   170
   169
   189
   191
   197
   204
   128
    76
   169
   190
   188
   191
   197
   198
   193
   196
   192
   194
   190
   193
   193
   187
   185
   177
   176
   171
   167
   167
   158
   157
   147
   125
   110
    87
    74
    68
    56
    51
    47
    42
    46
    51
    46
    58
    68
    53
    53
    65
    53
    62
    69
    66
    67
    68
    60
    56
    59
    75
    97
    61
    72
    70
    46
    32
    46
    54
    32
    33
    42
    57
    65
    94
   118
   128
   135
   136
   137
   140
   141
   150
   160
   164
   166
   168
   171
   180
   184
   185
   180
   189
   194
   198
   197
   196
   190
   182
   165
   162
   134
   119
   135
   110
   117
   141
   152
   163
   161
   151
   118
   135
   159
   167
   169
   191
   189
   191
   192
   196
   206
   120
   129
   184
   181
   181
   191
   198
   199
   194
   191
   192
   192
   194
   190
   185
   187
   186
   183
   169
   163
   164
   161
   151
   132
   125
   117
    88
    84
    94
    70
    64
    57
    60
    53
    52
    65
    71
    52
    60
    49
    45
    50
    55
    89
    79
    63
    42
    30
    35
    40
    43
    57
    48
    36
    41
    45
    40
    33
    40
    47
    39
    36
    42
    81
   108
   126
   138
   138
   135
   138
   145
   150
   161
   175
   168
   173
   175
   179
   178
   190
   192
   199
   195
   192
   194
   194
   192
   187
   173
   134
   118
   111
   111
   107
    93
   127
   153
   176
   173
   173
   163
   152
   149
   125
   143
   169
   192
   192
   194
   195
   194
   194
   196
   100
   185
   183
   185
   196
   199
   197
   194
   194
   187
   193
   191
   191
   192
   187
   187
   184
   177
   170
   168
   164
   154
   154
   131
   126
   114
   101
    94
    84
    63
    55
    45
    29
    37
    49
    54
    57
    36
    42
    42
    41
    37
    41
    36
    31
    41
    30
    27
    25
    24
    28
    54
    56
    54
    45
    38
    32
    33
    42
    29
    37
    85
   111
   120
   122
   122
   129
   136
   144
   157
   161
   165
   171
   171
   170
   171
   181
   185
   188
   191
   200
   200
   198
   194
   189
   189
   180
   143
   134
   128
    98
    86
   100
   104
   139
   168
   167
   172
   179
   176
   148
   100
   117
   146
   184
   192
   200
   197
   194
   190
   195
   199
   140
   171
   185
   190
   197
   201
   201
   198
   192
   196
   189
   191
   194
   188
   188
   191
   188
   179
   170
   171
   165
   163
   162
   136
   117
   104
    81
    71
    80
    75
    56
    39
    48
    68
    60
    61
    51
    63
    38
    39
    45
    45
    30
    31
    39
    19
    28
    27
    12
     8
    12
    40
    48
    60
    46
    37
    34
    33
    40
    41
    83
   106
   116
   125
   129
   131
   134
   151
   163
   159
   166
   164
   169
   172
   178
   182
   182
   186
   191
   191
   194
   192
   194
   195
   191
   186
   170
   133
   124
   110
    91
   103
    92
   128
   156
   164
   166
   181
   188
   179
   106
    95
   132
   170
   196
   197
   199
   203
   191
   198
   198
   201
   203
   144
   187
   191
   198
   202
   199
   195
   197
   195
   199
   196
   193
   194
   188
   184
   179
   175
   178
   182
   175
   167
   173
   169
   137
   108
   102
    87
    74
    61
    56
    52
    77
    62
    55
    49
    49
    38
    51
    41
    34
    35
    38
    42
    38
    32
    42
    36
    33
    27
    15
    51
    50
    50
    37
    34
    43
    36
    42
    72
   101
   112
   117
   117
   111
   116
   128
   134
   140
   150
   161
   159
   173
   186
   183
   187
   185
   189
   192
   191
   190
   187
   188
   192
   192
   183
   164
   125
    97
   102
   112
    82
    91
   141
   170
   167
   170
   178
   188
   113
    63
   119
   160
   184
   199
   197
   208
   197
   198
   200
   202
   201
   208
   158
   184
   184
   200
   206
   204
   201
   195
   200
   192
   188
   195
   188
   186
   189
   183
   168
   166
   166
   166
   152
   158
   155
   136
   108
    87
    67
    72
    61
    52
    59
    70
    65
    67
    63
    48
    51
    41
    39
    54
    52
    53
    50
    62
    57
    38
    35
    13
    21
    19
    45
    44
    37
    58
    57
    32
    48
    66
    95
   108
   115
   106
   105
   114
   123
   131
   144
   154
   154
   155
   158
   141
   147
   163
   168
   179
   183
   179
   180
   185
   192
   193
   191
   189
   179
   163
   130
   107
   107
   101
    83
    88
   138
   156
   148
   157
   183
   139
    53
   118
   151
   167
   191
   187
   193
   205
   194
   199
   199
   200
   200
   195
   127
   172
   184
   199
   198
   199
   199
   200
   189
   190
   189
   181
   184
   188
   186
   182
   176
   170
   166
   159
   154
   159
   135
   118
   113
   113
   110
    83
    87
    93
    81
    80
    75
    53
    45
    58
    47
    45
    61
    48
    37
    44
    53
    49
    72
    89
    95
   101
    67
    23
    43
    37
    34
    37
    35
    53
    51
    79
   106
   109
   107
   111
   117
   125
   138
   143
   141
   144
   157
   167
   168
   176
   172
   180
   181
   194
   195
   195
   191
   195
   196
   192
   189
   187
   177
   159
   138
   117
   110
    90
    89
   106
   155
   162
   149
   167
   163
    80
    69
   130
   160
   175
   193
   191
   202
   191
   197
   201
   200
   202
   199
   198
   130
   159
   186
   203
   205
   202
   198
   193
   192
   189
   186
   188
   186
   183
   169
   169
   165
   152
   147
   157
   160
   152
   146
   131
   109
   102
    86
    83
    78
    72
    65
    47
    36
    40
    43
    37
    48
    60
    50
    38
    36
    28
    40
    41
    43
    39
    42
    56
    74
   100
    54
    62
    73
    56
    57
    46
    66
    93
   114
   116
   112
   112
   120
   131
   145
   151
   156
   166
   164
   159
   172
   169
   177
   176
   184
   191
   199
   197
   195
   194
   197
   196
   192
   187
   178
   163
   144
   116
    94
    70
    91
   103
   171
   157
   145
   166
   119
    62
   101
   146
   170
   181
   194
   197
   199
   176
   200
   200
   199
   199
   197
   193
   139
   154
   183
   193
   198
   198
   192
   190
   181
   184
   186
   180
   177
   170
   160
   155
   150
   144
   140
   137
   136
   126
   108
   101
    98
    84
    86
    90
    83
    63
    56
    45
    51
    50
    42
    50
    48
    37
    30
    31
    31
    40
    35
    32
    54
    55
    66
    98
   109
   111
    49
    44
    59
    68
    63
    67
    91
   105
   108
   109
   109
   116
   129
   141
   145
   151
   154
   161
   167
   179
   182
   182
   185
   182
   182
   192
   191
   195
   193
   192
   197
   192
   189
   188
   177
   163
   130
    96
    82
    47
    64
   100
   175
   152
   143
   158
    91
    81
   116
   145
   170
   177
   187
   198
   173
   174
   201
   201
   199
   195
   193
   189
   144
   143
   184
   194
   191
   186
   190
   188
   189
   175
   173
   178
   168
   167
   161
   146
   136
   130
   119
   126
   123
   131
   133
   136
   118
   106
    96
    96
    84
    81
    67
    59
    47
    40
    49
    44
    35
    31
    37
    39
    33
    41
    63
    59
    53
    39
    51
    84
   108
   116
    44
    48
    61
    70
    57
    73
    82
   105
   110
   115
   118
   126
   133
   140
   144
   151
   158
   162
   175
   185
   186
   187
   189
   194
   191
   187
   189
   191
   191
   195
   195
   197
   188
   183
   166
   132
   105
    90
    69
    36
   165
   148
   177
   138
   145
   143
    72
    84
   137
   152
   182
   183
   186
   195
   178
   169
   201
   200
   191
   193
   190
   188
   157
   137
   191
   195
   196
   193
   188
   185
   172
   169
   173
   170
   163
   156
   145
   142
   140
   136
   136
   143
   162
   166
   157
   146
   147
   140
   106
    77
    81
    69
    60
    51
    51
    58
    56
    47
    46
    43
    47
    33
    33
    38
    47
    47
    45
    47
    55
    54
    71
    83
    50
    49
    52
    65
    74
    89
   114
   113
   115
   116
   128
   129
   130
   142
   153
   154
   161
   168
   175
   176
   178
   186
   190
   191
   192
   187
   188
   187
   191
   191
   187
   195
   196
   188
   158
   127
    92
    83
    65
    40
   200
   183
   172
   128
   148
   120
    67
    58
    69
   134
   163
   170
   182
   187
   171
   167
   194
   193
   192
   191
   190
   184
   148
   139
   190
   191
   193
   188
   176
   179
   173
   173
   164
   162
   149
   146
   150
   143
   125
   125
   152
   170
   180
   167
   146
   134
   127
   120
   114
   105
    97
    85
    73
    59
    50
    45
    57
    54
    47
    35
    37
    35
    41
    48
    36
    41
    54
    52
    46
    66
    97
    89
    48
    48
    63
    68
    88
   106
   121
   108
   114
   132
   128
   125
   128
   141
   141
   143
   158
   164
   166
   177
   186
   188
   191
   194
   194
   194
   188
   188
   187
   187
   194
   194
   194
   179
   150
   122
    97
    67
    57
    33
   193
   176
   165
   116
   143
    94
    56
    67
    80
   114
   173
   172
   180
   177
   155
   162
   196
   193
   189
   185
   184
   176
   142
   130
   189
   191
   188
   176
   176
   186
   172
   163
   160
   157
   145
   140
   133
   126
   124
   143
   143
   129
   110
    92
   102
   102
   105
    92
    78
    77
    74
    62
    56
    69
    62
    62
    53
    46
    40
    51
    42
    60
    55
    49
    46
    38
    33
    39
    39
    29
    36
    43
    47
    69
    51
    63
    93
   113
   116
   126
   129
   123
   131
   121
   135
   149
   165
   159
   161
   166
   169
   177
   185
   193
   189
   189
   191
   186
   187
   188
   188
   189
   192
   193
   193
   189
   151
   108
    93
    78
    59
    34
   207
   163
   160
   112
   129
    97
   109
    72
    82
   119
   141
   156
   176
   160
   146
   171
   193
   197
   191
   190
   185
   169
   141
   147
   193
   191
   185
   174
   186
   184
   160
   148
   142
   138
   137
   135
   128
   127
   125
    99
   101
    97
    75
    87
    62
    62
    69
    93
    93
    93
   106
    71
    70
    70
    50
    50
    55
    42
    42
    38
    48
    39
    33
    35
    41
    32
    51
    33
    45
    40
    40
    67
    54
    43
    51
    82
   100
   108
   109
   114
   121
   124
   121
   138
   147
   152
   147
   152
   151
   159
   169
   179
   188
   192
   198
   194
   189
   189
   190
   191
   188
   187
   191
   190
   191
   188
   169
   118
    75
    53
    53
    43
   143
   145
   148
   108
   118
    78
   108
    46
    56
   119
   157
   153
   162
   150
   140
   166
   198
   198
   196
   187
   179
   171
   133
   148
   187
   188
   181
   179
   170
   154
   139
   139
   139
   138
   135
   128
   125
   122
   109
   114
   117
   103
   105
    87
    80
    85
    85
    62
    48
    50
    52
    87
    61
    45
    50
    69
    75
    62
    41
    43
    49
    51
    30
    25
    30
    37
    38
    53
    37
    40
    58
    39
    54
    49
    69
   100
   113
   113
   122
   133
   127
   125
   132
   132
   134
   140
   150
   149
   154
   161
   162
   174
   188
   193
   192
   187
   185
   188
   186
   187
   188
   193
   190
   191
   194
   188
   172
   116
    80
    60
    52
    48
    95
   145
   145
   105
   109
    73
    27
    37
    77
   118
   165
   162
   152
   139
   142
   177
   193
   195
   195
   192
   185
   168
   141
   163
   189
   183
   181
   174
   159
   152
   142
   136
   130
   134
   130
   129
   140
   138
   135
   127
   111
    94
    82
    87
    68
    55
    61
    81
    83
    69
    56
    61
    73
    79
    74
    62
    71
    74
    58
    51
    39
    33
    41
    39
    45
    34
    33
    28
    25
    45
    43
    39
    49
    45
    77
   102
   112
   123
   126
   134
   125
   123
   127
   133
   142
   140
   139
   149
   156
   162
   168
   178
   189
   191
   194
   192
   187
   187
   186
   187
   187
   190
   192
   193
   192
   188
   161
   129
    84
    58
    61
    62
   109
   147
   149
   103
    99
    82
    53
    83
    86
   128
   150
   144
   139
   130
   143
   172
   188
   190
   192
   187
   177
   185
   132
   170
   189
   190
   171
   155
   145
   137
   140
   130
   132
   131
   139
   158
   171
   148
   128
   104
    87
    72
    57
    61
    55
    63
    65
    78
   102
   119
   111
   108
   107
   105
    86
    82
    67
    63
    66
    53
    47
    41
    32
    48
    57
    63
    57
    42
    67
    57
    39
    33
    43
    55
    83
    94
   109
   121
   127
   134
   131
   131
   133
   132
   138
   148
   150
   150
   153
   165
   171
   182
   185
   186
   189
   188
   185
   184
   185
   185
   186
   186
   188
   188
   189
   186
   161
   122
    93
    72
    63
    67
    78
   134
   140
   100
    95
    92
    56
    56
    85
   141
   158
   153
   139
   130
   152
   168
   184
   187
   185
   185
   178
   194
   106
   182
   187
   178
   159
   148
   138
   132
   126
   131
   143
   150
   162
   174
   164
   139
   115
   106
    89
    73
    47
    36
    25
    75
   115
   128
   132
   142
   140
   132
   123
   116
    99
    83
    58
    52
    50
    52
    51
    52
    51
    44
    46
    56
    49
    67
    42
    26
    33
    27
    53
    72
    95
    92
   109
   121
   129
   137
   141
   139
   132
   130
   141
   144
   149
   156
   162
   166
   176
   184
   188
   183
   189
   195
   191
   188
   188
   187
   190
   191
   192
   190
   191
   183
   156
   118
    81
    61
    66
    74
    77
   132
   151
   105
    87
    85
    88
   127
   164
   166
   157
   152
   129
   131
   164
   172
   186
   192
   192
   183
   178
   166
   118
   186
   186
   163
   138
   142
   134
   132
   139
   154
   161
   168
   175
   170
   161
   144
   124
    94
    79
    68
    48
    27
    57
   108
   140
   149
   149
   148
   145
   140
   129
   121
   111
    93
    74
    67
    65
    72
    69
    58
    55
    51
    39
    36
    54
    52
    51
    46
    47
    54
    55
    86
    97
   105
   118
   124
   126
   134
   129
   128
   131
   138
   135
   131
   146
   151
   154
   160
   168
   180
   186
   190
   193
   193
   187
   187
   189
   190
   192
   188
   186
   185
   188
   179
   159
   133
    94
    87
    88
    93
    87
   128
   148
   108
    92
    87
    88
   123
   155
   155
   148
   139
   131
   140
   162
   171
   188
   192
   190
   182
   173
   120
   137
   180
   166
   153
   140
   132
   130
   144
   165
   170
   173
   181
   188
   182
   160
   139
   115
    99
    88
    70
    50
    31
    69
   116
   142
   145
   143
   150
   148
   148
   140
   136
   119
   106
    94
   102
    97
    62
    54
    73
    78
    85
    77
    47
    35
    35
    46
    47
    34
    28
    43
    68
    89
   108
   125
   129
   138
   135
   129
   137
   136
   138
   146
   145
   145
   153
   158
   158
   166
   182
   186
   186
   187
   191
   191
   194
   190
   186
   184
   191
   191
   188
   189
   187
   164
   130
    95
    89
   105
   104
    88
   121
   148
   112
    89
    80
    98
    92
   117
   138
   146
   144
   128
   145
   159
   180
   195
   198
   191
   185
   166
    96
   166
   172
   157
   133
   135
   143
   157
   174
   171
   169
   179
   184
   188
   176
   155
   120
   113
   113
   101
    72
    66
    44
    75
   126
   134
   140
   148
   153
   153
   152
   146
   146
   131
   114
   114
   103
    76
    67
    73
    75
    58
    42
    62
    81
    60
    40
    34
    31
    35
    54
    48
    81
    94
   110
   125
   131
   131
   138
   138
   139
   141
   146
   147
   152
   154
   160
   163
   163
   167
   175
   178
   181
   185
   185
   182
   180
   191
   189
   188
   190
   193
   188
   188
   185
   172
   150
    92
    64
    93
   105
    81
   102
   136
   114
    92
    81
    97
    88
   165
   143
   150
   142
   142
   163
   171
   182
   195
   191
   179
   180
   136
   108
   170
   165
   142
   139
   169
   180
   156
   152
   173
   180
   187
   191
   186
   190
   184
   157
   136
   102
    79
    92
    75
    32
    70
   121
   150
   143
   147
   154
   163
   162
   152
   140
   129
   117
    93
    65
    68
    71
    92
    75
    61
    73
    80
    70
    77
    75
    79
    46
    54
    70
    49
    87
   112
   126
   125
   120
   133
   130
   136
   135
   136
   139
   150
   149
   152
   159
   161
   162
   172
   190
   179
   185
   192
   193
   188
   186
   183
   184
   183
   190
   189
   190
   188
   182
   161
   170
   147
   116
    96
   114
   107
    96
   123
   117
    97
    88
   106
   102
   163
   156
   158
   145
   156
   166
   174
   188
   192
   187
   189
   148
    98
   160
   176
   167
   175
   196
   195
   197
   177
   125
    99
   177
   184
   183
   194
   164
   124
   103
    95
    92
    96
    89
    80
    30
    68
   121
   160
   158
   161
   162
   157
   160
   152
   135
   126
   124
   114
   130
   109
    89
    75
    63
    66
    48
    48
    25
    31
    58
    54
    47
    34
    23
    73
    85
   109
   120
   126
   125
   129
   134
   136
   136
   137
   142
   146
   153
   158
   161
   165
   163
   170
   180
   191
   195
   191
   190
   194
   192
   189
   187
   182
   189
   191
   192
   195
   189
   171
   123
   126
   128
   116
   116
   121
    84
   112
   112
    88
    90
    90
   138
    93
   153
   164
   166
   165
   165
   176
   194
   201
   201
   126
    75
   143
   167
   173
   180
   183
   192
   200
   188
   149
   121
   121
   163
   198
   188
   178
   154
   141
   137
   137
   124
   103
   103
    88
    36
    69
   149
   172
   177
   154
   156
   165
   167
   161
   146
   129
   124
   129
   111
    79
    77
    71
    60
    68
    69
    65
    68
    52
    43
    24
    31
    39
    43
    60
    95
   106
   115
   123
   126
   132
   132
   126
   128
   135
   135
   147
   150
   152
   156
   164
   172
   175
   183
   191
   196
   199
   197
   193
   185
   182
   179
   182
   181
   184
   189
   187
   194
   191
   181
   145
   128
   127
   129
   147
    80
   110
    96
    84
    86
    91
   115
   165
   162
   185
   189
   164
   161
   191
   207
   157
    72
   102
   163
   179
   177
   181
   186
   191
   192
   196
   175
   119
    81
   114
   151
   174
   169
   166
   156
   154
   144
   117
   102
   111
   110
    91
    32
    68
   151
   170
   182
   156
   145
   155
   163
   140
   134
   129
   127
   118
   131
   103
    78
    85
    92
    78
    82
    69
    53
    46
    32
    25
    33
    47
    28
    75
    87
   107
   121
   124
   123
   129
   129
   124
   129
   133
   139
   142
   145
   152
   160
   161
   165
   167
   171
   183
   182
   196
   194
   192
   186
   188
   181
   172
   180
   186
   186
   188
   192
   191
   184
   175
   149
   136
   146
   155
   131
    70
   106
    84
    78
    91
   118
   168
   195
   190
   176
   173
   172
   130
    82
    97
   169
   204
   196
   186
   188
   192
   193
   195
   198
   200
   173
    89
    50
   111
   165
   180
   168
   186
   158
   132
   111
   112
   101
    91
   100
    70
    27
    55
   143
   181
   183
   162
   167
   155
   148
   135
   131
   131
   135
   126
   115
    95
    87
    76
    68
    52
    49
    61
    43
    29
    33
    38
    35
    30
    31
    57
    91
   107
   125
   130
   128
   128
   123
   116
   132
   132
   135
   144
   149
   154
   159
   164
   166
   171
   175
   184
   178
   178
   186
   189
   188
   176
   181
   176
   174
   177
   182
   179
   185
   188
   188
   190
   179
   165
   156
   167
   176
   102
    41
    64
    80
    91
   122
   159
   175
   159
   140
    85
    69
   104
   158
   191
   195
   190
   186
   189
   185
   188
   190
   193
   198
   193
   170
    77
    72
   129
   166
   178
   148
   147
   132
   128
    97
    77
   101
   110
   100
    64
    39
    75
   145
   172
   170
   165
   153
   145
   148
   144
   143
   131
   127
   130
   119
   125
   123
   115
    80
    73
    73
    64
    63
    73
    64
    53
    46
    50
    51
    52
    81
   105
   121
   130
   130
   129
   125
   120
   133
   140
   137
   141
   140
   147
   155
   162
   160
   166
   172
   167
   177
   187
   187
   188
   185
   182
   179
   177
   179
   179
   179
   183
   184
   189
   191
   182
   175
   170
   170
   167
   179
   201
   169
   129
    96
   101
    72
    51
    46
    56
    70
   139
   177
   194
   189
   187
   188
   187
   192
   194
   194
   197
   193
   194
   195
   190
   167
    77
    61
   135
   158
   157
   141
   116
   109
    88
    85
   103
    83
    80
   102
    81
    43
    78
   136
   165
   166
   168
   150
   124
   125
   124
   118
   112
   112
   139
   134
   145
   117
   103
    99
    90
    70
    63
    68
    36
    29
    37
    32
    38
    31
    47
    62
    88
   112
   126
   125
   124
   127
   125
   129
   131
   135
   139
   146
   149
   154
   160
   165
   169
   175
   174
   177
   182
   187
   185
   183
   175
   175
   180
   175
   174
   179
   184
   187
   187
   191
   187
   175
   167
   168
   172
   177
   189
   200
   143
    62
    66
   106
   119
   152
   193
   200
   196
   189
   186
   185
   187
   192
   194
   197
   198
   204
   201
   200
   205
   205
   186
   163
    95
    62
   150
   155
   123
    98
    94
   100
   112
   105
    77
    85
    81
    82
    61
    34
    39
   119
   160
   162
   162
   143
   139
   149
   134
   126
   118
   116
   154
   154
   130
   109
   111
   107
    88
    66
    66
    45
    47
    46
    36
    39
    36
    36
    45
    64
    95
   108
   117
   127
   127
   121
   127
   130
   132
   133
   141
   142
   144
   150
   159
   160
   167
   173
   184
   184
   171
   172
   178
   176
   174
   177
   174
   170
   167
   172
   174
   179
   183
   180
   176
   175
   181
   165
   161
   169
   184
   190
   114
    71
   143
   171
   195
   209
   198
   187
   186
   186
   191
   191
   192
   189
   189
   190
   196
   202
   200
   197
   191
   197
   184
   159
   140
    81
   122
   118
   111
   115
   126
   121
   116
   103
    88
    95
    77
    69
    52
    43
    63
   107
   146
   150
   154
   142
   145
   144
   126
   117
   119
   113
   128
   147
   149
   138
   133
   118
    96
    79
    58
    55
    57
    39
    46
    33
    25
    24
    45
    55
    92
   105
   113
   116
   122
   122
   121
   124
   131
   137
   132
   141
   148
   153
   157
   161
   167
   161
   176
   190
   191
   191
   192
   190
   184
   181
   178
   173
   168
   164
   169
   175
   174
   177
   173
   170
   160
   155
   161
   169
   173
   201
   197
   131
   169
   176
   182
   178
   178
   175
   175
   173
   175
   178
   183
   189
   182
   185
   187
   193
   196
   193
   190
   186
   184
   163
   154
   109
    94
   116
   108
   113
   107
   113
   118
   114
   123
    98
    67
    58
    55
    52
    72
   115
   156
   161
   154
   141
   124
   126
   115
   102
    96
   112
   143
   140
   155
   157
   125
   121
   111
    94
    84
    72
    51
    47
    43
    24
    24
    45
    38
    50
    86
    95
   107
   110
   119
   121
   125
   129
   132
   136
   140
   147
   148
   149
   150
   160
   166
   175
   184
   183
   188
   192
   183
   182
   188
   182
   178
   172
   168
   164
   164
   150
   149
   151
   152
   147
   152
   155
   166
   179
   182
   214
   145
   138
   179
   178
   171
   173
   171
   175
   175
   177
   175
   182
   178
   178
   188
   193
   193
   191
   192
   194
   191
   190
   174
   151
   137
   132
   124
   104
    98
    93
   125
   127
   114
    86
    97
   112
    84
    77
    54
    61
    46
   107
   150
   160
   157
   139
   126
   124
   128
   117
   104
   102
   114
   133
   130
   115
    98
    98
    83
    75
    68
    73
    59
    46
    37
    36
    45
    21
    46
    53
    85
    91
   100
   109
   115
   116
   119
   123
   123
   132
   142
   141
   143
   149
   152
   156
   164
   163
   167
   174
   178
   183
   192
   192
   180
   181
   184
   185
   177
   181
   191
   199
   191
   185
   174
   172
   165
   161
   162
   161
   175
   151
    73
   139
   169
   169
   171
   160
   160
   166
   171
   169
   176
   175
   176
   188
   188
   187
   192
   194
   196
   192
   190
   185
   181
   162
   141
   119
   117
   108
    77
   104
   102
    85
    86
    92
    73
    40
    61
    70
    59
    53
    56
   103
   142
   159
   156
   139
   133
   108
    89
    87
    72
    96
   135
   144
   151
   141
   132
   108
    84
    80
    71
    48
    58
    55
    49
    55
    40
    47
    46
    48
    65
    76
    91
    98
   117
   115
   121
   127
   130
   132
   135
   136
   147
   151
   161
   159
   153
   168
   174
   173
   179
   182
   181
   178
   180
   186
   182
   176
   182
   188
   192
   191
   188
   193
   189
   184
   171
   161
   157
   169
   169
   138
    79
   133
   164
   156
   160
   157
   158
   159
   168
   172
   165
   170
   171
   172
   176
   181
   173
   184
   191
   190
   191
   185
   169
   151
   131
    97
    73
    77
    59
    75
   104
    89
    88
    78
    84
    82
    74
    66
    51
    56
    71
   116
   154
   158
   151
   133
   101
   113
   119
   109
   106
   108
   115
   133
   140
   136
   132
   119
   106
   114
    96
    82
    51
    42
    37
    27
    40
    32
    54
    48
    64
    75
    89
   101
   109
   113
   113
   121
   126
   129
   128
   132
   138
   143
   151
   161
   169
   164
   170
   175
   175
   179
   178
   182
   183
   183
   178
   179
   177
   179
   181
   185
   185
   185
   177
   174
   167
   165
   162
   162
   165
   135
    69
   115
   155
   157
   158
   159
   157
   158
   153
   163
   165
   170
   170
   170
   171
   173
   170
   168
   169
   174
   178
   177
   166
   147
   122
    84
    71
    72
    50
    55
    75
   112
    99
    98
    96
    80
    73
    84
    62
    44
    47
   111
   137
   148
   156
   134
   109
   109
   104
    91
    82
    86
    92
   115
   130
   141
   134
   108
    84
    75
    70
    60
    49
    45
    40
    44
    36
    43
    56
    53
    65
    67
    82
    98
    97
   112
   105
   121
   126
   123
   130
   135
   146
   145
   153
   156
   161
   178
   176
   169
   172
   171
   178
   178
   173
   173
   171
   173
   176
   177
   178
   173
   173
   171
   168
   165
   162
   160
   166
   176
   183
   139
    54
   107
   146
   149
   169
   176
   172
   168
   150
   157
   173
   180
   178
   173
   164
   162
   167
   168
   172
   171
   175
   167
   158
   142
   115
    94
   106
    75
    47
    57
    81
   108
   113
   103
    91
    86
    86
    98
    59
    40
    59
   127
   157
   151
   150
   124
   116
   119
    99
    69
    64
    80
   104
   105
   113
   115
   121
   106
    93
    84
    67
    42
    48
    63
    78
    52
    45
    29
    52
    43
    50
    63
    79
    98
   104
   113
   118
   119
   124
   128
   136
   137
   143
   144
   146
   149
   161
   164
   169
   170
   167
   172
   171
   171
   173
   172
   169
   176
   177
   174
   173
   176
   173
   167
   161
   156
   149
   146
   146
   164
   185
   153
    59
    48
    94
   123
   118
   154
   188
   186
   182
   182
   184
   186
   182
   182
   168
   165
   164
   163
   168
   167
   168
   163
   155
   144
   119
   115
   104
    53
    45
    61
    68
    84
   103
    97
    92
    95
    81
    90
    74
    67
    76
   125
   148
   153
   150
   128
   120
    97
    97
   101
    84
    77
   112
   125
   125
   117
   124
   112
    84
    81
    69
    66
    68
    50
    42
    66
    42
    24
    50
    46
    57
    52
    63
    79
    99
   110
   115
   110
   117
   129
   129
   135
   138
   146
   149
   152
   152
   158
   167
   169
   170
   170
   170
   170
   166
   168
   169
   168
   175
   181
   182
   180
   187
   182
   169
   151
   143
   142
   135
   145
   130
   103
   100
   114
    81
    63
    55
    43
    78
   147
   180
   185
   182
   178
   174
   172
   175
   173
   168
   171
   165
   172
   168
   160
   153
   134
   127
   126
    92
    56
    67
    89
   107
   112
    82
    72
    77
    82
    92
   103
    63
    57
    69
   125
   157
   161
   143
   121
   110
   115
    99
    64
    60
    72
    90
   119
   118
   104
   100
    94
    87
    73
    74
    64
    47
    48
    36
    33
    55
    55
    46
    43
    48
    57
    65
    79
    95
    96
   108
   116
   117
   118
   124
   132
   140
   145
   150
   153
   158
   160
   162
   164
   162
   165
   166
   170
   173
   167
   168
   168
   171
   177
   175
   174
   170
   160
   150
   140
   127
   128
   131
   123
    79
    89
   106
    89
    71
    64
    75
    85
    54
    45
    94
   157
   182
   180
   178
   172
   164
   167
   174
   173
   164
   168
   178
   179
   152
   139
   107
    79
    89
    76
    74
   111
   115
    96
    85
    80
    83
    65
    78
    80
    59
    59
    53
   122
   153
   150
   142
   121
   110
    98
   103
   103
    82
    73
    90
   120
   146
   120
   111
    99
    90
    71
    63
    69
    47
    33
    28
    36
    42
    48
    38
    47
    43
    51
    56
    63
    75
    97
   104
   115
   121
   122
   131
   132
   135
   141
   145
   151
   157
   163
   166
   160
   161
   168
   171
   170
   167
   167
   166
   165
   166
   165
   173
   173
   164
   144
   138
   130
   135
   141
   123
    94
    94
   114
   110
    80
    53
    60
   102
   104
   146
   112
    69
    41
    98
   160
   172
   181
   176
   163
   158
   163
   170
   188
   202
   180
   144
   123
    51
   109
   102
    73
    86
    92
    94
   110
    85
    93
    82
    80
    72
    77
    70
    61
    76
   125
   149
   139
   137
   113
   107
   107
    91
    75
    66
    70
    94
   121
   126
   128
   119
    98
    85
    85
    72
    44
    47
    52
    44
    28
    20
    18
    48
    41
    50
    54
    64
    80
    92
   103
   116
   113
   116
   122
   133
   132
   136
   138
   148
   153
   160
   170
   170
   172
   171
   159
   159
   166
   166
   169
   170
   172
   169
   168
   167
   164
   162
   126
   110
   111
   100
    96
    79
    98
   119
   126
    88
    71
    83
   120
    98
   140
   135
   124
   125
   128
    41
    44
   122
   156
   182
   176
   169
   162
   158
   166
   180
   170
   141
    96
    36
   146
   142
    93
    85
   125
   138
   106
   121
    80
    86
    66
    80
    73
    37
    42
    78
   140
   140
   140
   139
   110
   107
   103
   114
    94
    77
    77
    96
   124
   136
   120
   108
   104
    85
    90
    74
    52
    38
    44
    36
    29
    35
    59
    46
    38
    45
    49
    61
    61
    71
    99
    98
   109
   115
   120
   120
   131
   138
   142
   145
   150
   155
   157
   163
   164
   168
   163
   164
   159
   163
   167
   160
   163
   165
   164
   159
   166
   148
   117
   111
    85
    53
   207
   163
   118
   133
   104
    83
    81
   100
    71
   110
   169
   168
   149
   136
   153
   174
   100
    25
   105
   107
   128
   144
   158
   158
   165
   177
   188
   157
    96
    37
    86
   118
    90
    88
    63
    67
    86
    88
    90
    49
   101
    89
    71
    43
    30
    84
   141
   157
   152
   144
   142
   135
   143
   103
   101
    84
   102
   110
   109
   128
   147
   123
   103
   123
   103
    67
    78
    80
    60
    70
    62
    50
    34
    45
    37
    40
    42
    49
    58
    65
    73
    92
    93
   105
   113
   124
   129
   135
   137
   144
   151
   156
   159
   164
   165
   166
   165
   167
   169
   168
   161
   168
   165
   168
   166
   161
   153
   133
   123
    94
    76
    78
   218
   157
   141
   142
    95
    91
    83
    89
    85
   128
   170
   151
   139
   143
   153
   175
   196
   153
    45
   128
   130
   130
   158
   163
   154
   167
   178
   157
   104
    49
    74
   116
   113
   101
   106
    92
    83
   106
   127
   110
    78
    92
    55
    34
    37
   118
   139
   148
   153
   143
   130
   128
   124
   112
   103
    74
    86
   121
   125
   111
    98
    99
    90
    77
    61
    56
    39
    53
    35
    27
    25
    35
    46
    44
    43
    38
    46
    61
    69
    66
    81
    75
    84
   101
   111
   121
   127
   129
   136
   141
   147
   154
   159
   158
   157
   163
   168
   168
   164
   163
   166
   165
   170
   168
   166
   161
   150
   134
   108
    88
    78
    89
   219
   131
   152
   123
    99
    91
    97
    83
   113
   143
   171
   161
   143
   147
   155
   172
   182
   191
   159
    70
   144
   164
   160
   177
   167
   172
   185
   163
   121
    91
   113
   116
   131
   120
   102
    96
    94
    78
    69
    87
    87
    70
    37
    24
    55
   135
   167
   163
   157
   140
   133
   132
   121
   100
   103
    94
    88
   119
   129
   129
   129
   122
    90
    81
    98
    77
    76
    64
    41
    45
    35
    43
    42
    45
    46
    40
    41
    57
    65
    67
    74
    84
    87
    94
   103
   114
   128
   132
   135
   138
   146
   155
   153
   158
   160
   165
   170
   166
   166
   169
   165
   165
   165
   170
   164
   153
   149
   125
    91
    68
    53
   108
   155
   131
   161
   112
   103
    94
   107
   110
   165
   163
   184
   172
   142
   134
   159
   173
   180
   185
   186
   130
    85
   156
   174
   157
   170
   172
   184
   177
   155
   136
   113
   140
   148
   136
   110
   102
    90
    79
    90
   103
   100
    80
    41
    20
    66
   138
   177
   172
   157
   143
   138
   140
   107
   102
    93
    96
   114
   112
   116
   100
   106
    94
    76
    61
    64
    56
    58
    58
    65
    80
    66
    51
    48
    53
    47
    35
    48
    54
    57
    66
    86
    91
    86
    99
    98
   106
   121
   133
   138
   146
   150
   148
   152
   157
   162
   162
   163
   165
   166
   165
   166
   168
   171
   171
   166
   161
   147
   122
    87
    60
    55
   108
   121
   143
   151
   105
   109
   100
   104
   146
   189
   169
   187
   174
   152
   130
   149
   170
   180
   183
   180
   174
    85
   121
   161
   156
   141
   151
   155
   161
   129
    86
    96
   128
   152
   168
   135
   114
    91
   100
    87
    78
    88
    78
    44
    22
    69
   123
   157
   172
   151
   145
   131
   122
   106
   106
    97
    97
   113
   130
   120
   102
    88
    91
    61
    56
    67
    52
    54
    43
    41
    54
    38
    35
    25
    56
    45
    54
    68
    41
    46
    56
    66
   104
   100
    96
   102
   104
   113
   124
   136
   143
   147
   153
   154
   161
   162
   163
   162
   161
   163
   162
   167
   166
   171
   171
   166
   155
   146
   122
    86
    56
    52
    89
   106
   156
   142
   112
   121
   106
    90
    78
   125
   162
   168
   165
   156
   137
   147
   178
   178
   182
   182
   183
   109
    94
   138
   167
   154
   142
   130
   117
   112
   110
   127
   159
   166
   162
   142
   120
   119
   101
    91
    65
    79
    98
    55
    20
    66
   119
   158
   169
   155
   153
   147
   131
   120
   112
   113
   112
   119
   138
   131
   107
   104
    98
    98
    87
    99
   111
   104
    79
    62
    72
    67
    59
    48
    62
    53
    54
    40
    41
    50
    56
    59
    71
    96
    96
   104
   108
   114
   110
   115
   133
   143
   155
   159
   161
   163
   166
   165
   166
   173
   167
   163
   167
   169
   170
   167
   158
   141
   112
    68
    60
    58
    73
   110
   168
   128
   112
   138
   105
    46
    56
    54
   122
   174
   165
   162
   138
   141
   179
   187
   184
   182
   178
   131
    87
   122
   168
   159
   149
   141
   132
   139
   145
   147
   165
   177
   182
   154
   117
   102
   102
    89
   112
   104
    90
    55
    27
    55
   108
   152
   149
   148
   143
   136
   125
   117
   125
   121
   122
   130
   124
   110
    91
   102
   101
    99
   116
   112
   107
    98
    96
    89
    66
    67
    78
    52
    59
    53
    47
    43
    42
    59
    49
    51
    61
    74
    91
    94
   108
   116
   124
   125
   130
   134
   140
   143
   154
   165
   158
   165
   165
   168
   165
   165
   165
   169
   171
   165
   154
   140
   117
    74
    65
    66
    56
   115
   161
   122
   124
   141
   102
   101
    77
    83
   127
   145
   152
   167
   143
   132
   177
   182
   177
   176
   180
   151
    84
   115
   167
   161
   152
   144
   143
   139
   135
   142
   151
   171
   174
   171
   146
   133
   128
   109
    88
    84
    87
    47
    26
    58
   110
   119
   120
   129
   153
   132
   127
   125
   117
   112
   109
   131
   113
    84
    89
    93
    81
    75
    58
    73
    93
    64
    57
    40
    64
    49
    51
    61
    57
    60
    44
    39
    39
    30
    51
    56
    54
    64
    71
    88
    92
   104
   113
   115
   124
   131
   144
   151
   152
   157
   157
   158
   163
   169
   170
   165
   171
   176
   169
   166
   159
   138
   122
    70
    48
    27
    45
   124
   162
   112
   117
   153
   102
   115
    53
    65
    99
   160
   164
   175
   145
   131
   174
   182
   183
   180
   186
   169
    85
   104
   156
   168
   158
   150
   146
   143
   135
   135
   146
   148
   168
   157
   156
   135
   107
    90
    92
    74
    62
    43
    28
    62
    91
   122
   124
   121
   119
   119
   121
   120
   125
   109
    99
   105
   109
    97
    82
    89
    94
    95
    89
    87
    82
    91
    75
    77
    48
    43
    48
    36
    50
    48
    62
    58
    71
    74
    51
    43
    56
    60
    72
    88
    94
    94
   103
   116
   123
   133
   135
   138
   149
   155
   164
   165
   164
   168
   164
   163
   163
   163
   161
   158
   151
   130
   113
    74
    43
    42
    54
   134
   161
   106
   121
   148
    82
    20
    11
    51
    97
   155
   161
   172
   153
   124
   165
   182
   178
   180
   176
   163
    85
   105
   156
   171
   162
   161
   156
   143
   140
   139
   125
   134
   150
   162
   137
   137
   113
   100
    81
    56
    41
    42
    30
    63
    98
   116
   113
   122
   121
   123
   116
   110
   101
   108
   108
   116
   106
    95
    80
    84
   102
   104
   125
   109
    89
    65
    63
    47
    47
    48
    49
    67
    65
    62
    35
    52
    48
    43
    48
    48
    49
    51
    70
    67
    84
    98
   112
   112
   121
   128
   135
   141
   142
   147
   141
   140
   149
   158
   166
   162
   161
   158
   159
   161
   149
   139
   108
    66
    74
    58
    60
   131
   151
   109
   122
   153
    94
    50
    65
    69
    94
   141
   161
   179
   160
   132
   170
   184
   183
   179
   185
   170
    87
   106
   153
   171
   166
   160
   154
   153
   145
   143
   139
   124
   127
   138
   151
    96
    89
    86
    94
    99
    70
    26
    33
    67
    96
   111
   135
   129
   113
   111
   115
   112
   110
   101
    83
    82
    84
    71
   112
   108
   114
    87
    65
    75
    42
    26
    38
    49
    58
    72
    65
    40
    64
    57
    57
    47
    53
    39
    34
    52
    58
    55
    53
    81
    83
    94
   106
   115
   114
   125
   127
   136
   145
   137
   142
   153
   139
   146
   153
   158
   164
   166
   164
   160
   151
   130
   120
    79
    52
    49
    54
   122
   146
   109
   118
   154
   100
    42
    34
    45
   110
   160
   162
   175
   158
   143
   169
   189
   188
   182
   181
   169
    93
   105
   152
   179
   171
   161
   149
   149
   149
   145
   136
   131
   122
   121
   123
   142
   116
    89
    83
    46
    33
    52
    66
    82
   100
   112
   117
   120
    98
    91
    75
    86
    80
    89
    70
    51
    67
    56
    42
    50
    57
    97
    77
    29
    66
    76
    46
    35
    48
    48
    71
    74
    60
    58
    62
    52
    51
    52
    51
    56
    48
    47
    44
    47
    69
    77
    98
   110
   114
   114
   124
   131
   137
   145
   140
   139
   151
   158
   161
   156
   161
   161
   162
   159
   156
   136
   122
    88
    55
    52
    55
   107
   131
   109
   122
   158
   120
    57
   100
   107
   143
   172
   168
   180
   161
   154
   172
   190
   183
   176
   178
   163
    97
   114
   152
   170
   172
   170
   163
   154
   151
   144
   142
   138
   129
   119
   128
   124
   129
   113
    81
    66
    52
    61
    92
    85
    71
    71
    79
    98
   112
    88
    84
    79
    80
    68
    68
    55
    65
   109
   114
    93
    80
    61
    70
    96
    68
    48
    60
    44
    38
    30
    32
    47
    52
    53
    51
    51
    49
    48
    41
    47
    53
    57
    49
    39
    52
    75
    77
    99
   106
   118
   116
   126
   132
   141
   142
   145
   142
   146
   148
   155
   156
   150
   159
   161
   151
   141
   125
    93
    60
    58
    54
   108
   133
   121
   123
   150
   139
    68
   170
   186
   157
   171
   171
   176
   156
   160
   181
   189
   185
   180
   182
   150
   101
   122
   161
   184
   177
   173
   164
   161
   148
   145
   144
   141
   135
   130
   116
   110
   100
   118
   108
    82
    76
    78
    86
    87
    63
    75
    77
    66
    49
    72
    68
    77
    47
    58
    85
    66
    65
    47
    44
    75
    78
    42
    37
    60
    65
    66
    48
    36
    37
    37
    32
    51
    59
    60
    58
    57
    52
    56
    48
    39
    46
    35
    45
    41
    37
    58
    84
    96
   108
   111
   118
   111
   118
   122
   139
   142
   146
   146
   145
   159
   162
   167
   163
   156
   153
   143
   125
    97
    65
    54
    51
   100
   139
   135
   129
   152
   151
    84
    50
    89
   130
   182
   183
   191
   168
   167
   183
   184
   179
   179
   182
   141
   112
   122
   158
   180
   181
   175
   168
   166
   158
   152
   142
   144
   141
   141
   137
   125
   105
    99
    95
    90
    90
    82
    77
    66
    94
    89
    82
    87
    74
    54
    67
    55
    65
    48
    44
    46
    49
    67
    56
    47
    54
    52
    47
    44
    69
    60
    38
    44
    33
    28
    45
    92
    61
    79
    70
    49
    47
    45
    47
    49
    35
    46
    38
    53
    44
    44
    54
    75
    96
   109
   116
   117
   120
   126
   123
   130
   135
   152
   154
   153
   166
   167
   167
   162
   153
   141
   127
   100
    74
    65
    53
    97
   125
   133
   137
   150
   153
   108
    56
    68
   156
   188
   201
   187
   182
   170
   183
   186
   179
   180
   184
   132
   133
   125
   156
   175
   175
   173
   171
   176
   170
   154
   146
   146
   144
   137
   133
   139
   141
   125
   101
    82
    83
    83
   106
    85
    70
    65
    53
    80
    79
    54
    54
    58
    41
    46
    50
    37
    41
    50
    33
    43
    48
    53
    74
    61
    45
    41
    44
    41
    48
    74
    93
    97
    53
    45
    57
    61
    53
    54
    49
    54
    55
    48
    54
    46
    35
    41
    44
    61
    83
    99
   101
   114
   124
   119
   121
   135
   135
   136
   156
   160
   160
   162
   161
   162
   158
   144
   125
   104
    85
    85
    61
    87
   108
   126
   137
   148
   150
   127
    79
    87
   152
   176
   185
   175
   185
   172
   193
   186
   186
   181
   188
   113
   150
   150
   156
   177
   176
   182
   183
   175
   171
   161
   147
   137
   131
   138
   134
   139
   137
   142
   144
   139
   134
   106
    91
   102
    89
    88
    82
    79
    86
    70
    48
    64
    64
    40
    32
    40
    32
    65
    41
    27
    49
    41
    28
    27
    35
    32
    24
    30
    45
    69
    78
   103
    43
    62
    64
    81
    70
    71
    58
    54
    55
    46
    48
    51
    47
    35
    42
    51
    60
    62
    86
   100
   109
   132
   139
   126
   137
   139
   151
   162
   163
   164
   161
   164
   161
   158
   139
   106
    87
    60
    56
    84
   101
   115
   148
   166
   151
   141
   105
    76
    98
   151
   168
   178
   188
   175
   184
   182
   184
   185
   182
   101
   170
   156
   168
   192
   191
   186
   178
   180
   178
   168
   167
   150
   143
   131
   127
   140
   133
   129
   140
   135
   130
   119
   110
    96
   105
    92
    89
    81
    80
    75
    69
    50
    57
    72
    43
    34
    49
    45
    47
    32
    31
    32
    26
    50
    31
    30
    28
    22
    34
    64
    92
   101
    71
    62
    61
    54
    68
    45
    49
    54
    48
    60
    44
    39
    47
    51
    57
    60
    52
    76
    89
    94
   101
   116
   128
   147
   133
   128
   137
   141
   164
   176
   176
   174
   172
   155
   148
   136
   107
    81
    47
    70
    91
   116
   139
   149
   142
   131
   143
   105
    93
   118
   156
   179
   186
   189
   184
   185
   178
   184
   180
   113
   184
   164
   162
   184
   198
   194
   186
   185
   183
   173
   169
   171
   156
   159
   150
   143
   146
   126
   122
   107
   119
   119
   104
   119
   116
    86
    85
    86
    68
    60
    80
    69
    37
    30
    46
    40
    41
    53
    38
    49
    37
    20
    23
    22
    37
    31
    40
    88
   122
   118
   113
   112
    55
    50
    52
    54
    48
    59
    45
    37
    54
    39
    46
    41
    47
    42
    36
    29
    37
    31
    47
    64
    84
    96
    98
   103
   121
   132
   129
   128
   139
   147
   149
   170
   173
   170
   166
   152
   153
   125
    92
    77
   103
    91
   116
   133
   119
   103
   133
   165
   130
   116
   141
   166
   181
   183
   179
   190
   188
   189
   148
   129
   195
   177
   177
   193
   193
   190
   191
   190
   185
   194
   173
   159
   162
   153
   157
   153
   148
   152
   134
   139
   128
   115
   108
    89
    94
   116
    99
    93
    82
    81
    61
    54
    57
    53
    38
    52
    49
    49
    49
    29
    41
    53
    45
    44
    30
    43
    81
   102
   115
   118
   121
   118
    60
    61
    62
    63
    60
    55
    61
    63
    42
    66
    62
    50
    50
    49
    40
    44
    43
    45
    51
    38
    42
    70
    90
   105
   107
   112
   129
   129
   123
   127
   129
   133
   149
   162
   168
   168
   158
   150
   105
    62
    92
   100
   100
   112
    94
    85
   110
   155
   174
   139
   142
   161
   176
   181
   183
   179
   190
   187
   119
   154
   190
   177
   179
   194
   198
   202
   201
   196
   197
   188
   184
   184
   170
   157
   149
   158
   154
   159
   157
   150
   147
   134
   110
    98
    79
    69
    74
    67
    72
    48
    54
    60
    53
    65
    53
    60
    60
    68
    51
    46
    28
    25
    34
    30
    48
    69
   102
   108
   116
   115
   114
   114
    43
    51
    57
    60
    57
    53
    54
    61
    72
    70
    55
    44
    45
    52
    47
    41
    51
    49
    37
    47
    50
    58
    66
    88
    97
    97
    93
   110
   129
   145
   152
   154
   153
   156
   164
   169
   168
   169
   156
    85
    88
   101
    92
   102
    93
    79
   107
   146
   174
   180
   151
   173
   179
   187
   187
   187
   185
   184
   101
   189
   190
   184
   181
   184
   192
   193
   196
   190
   187
   189
   190
   189
   186
   179
   170
   164
   155
   162
   160
   158
   135
   133
   111
    88
    91
    72
    75
    63
    47
    56
    55
    38
    50
    34
    49
    45
    32
    40
    39
    35
    55
    41
    33
    80
   103
    88
   114
   125
   126
   129
   131
   131
    49
    51
    47
    53
    59
    49
    46
    41
    62
    60
    59
    58
    57
    46
    59
    48
    51
    50
    34
    30
    51
    59
    66
    70
    84
   102
   119
   112
   110
   121
   132
   147
   152
   156
   154
   153
   153
   152
   159
   117
    87
   109
    95
    88
    73
    62
    91
   134
   165
   184
   160
   171
   179
   183
   185
   187
   190
   137
   134
   192
   191
   183
   173
   184
   192
   186
   186
   189
   188
   180
   166
   173
   177
   175
   170
   171
   171
   162
   153
   137
   135
   124
   114
   117
    92
    93
    83
    70
    73
    69
    68
    57
    46
    56
    45
    44
    35
    37
    38
    32
    30
    45
    73
    77
    96
   101
   112
   124
   120
   119
   118
   121
    53
    52
    60
    58
    54
    58
    65
    71
    49
    49
    49
    52
    57
    80
    66
    57
    58
    45
    54
    62
    59
    65
    78
    79
    79
    76
    73
   113
   127
   121
   116
   117
   125
   133
   147
   155
   156
   166
   168
   166
    69
   113
   131
   114
    82
    52
    84
   127
   152
   181
   168
   179
   180
   177
   181
   200
   190
   125
   191
   204
   199
   189
   180
   176
   179
   183
   187
   176
   172
   175
   185
   174
   164
   164
   168
   170
   166
   172
   175
   174
   140
   125
   113
    93
    77
    75
    66
    66
    62
    61
    55
    51
    32
    29
    30
    35
    42
    33
    32
    42
    67
    94
    97
   117
   134
   128
   134
   135
   133
   135
   132
   116
    52
    61
    66
    62
    61
    54
    59
    66
    60
    61
    61
    56
    58
    51
    64
    65
    65
    67
    59
    52
    50
    50
    40
    42
    53
    70
    84
    66
    66
    94
   110
   115
   113
   112
   120
   125
   135
   138
   143
   161
   156
    60
    73
   127
   104
    66
    90
   141
   176
   196
   190
   199
   203
   212
   192
   138
    67
   179
   200
   194
   192
   185
   177
   178
   181
   181
   182
   178
   179
   177
   177
   182
   180
   176
   160
   151
   148
   145
   147
   143
   132
    95
   101
    85
    78
    65
    65
    50
    61
    52
    50
    41
    47
    57
    54
    28
    45
    57
    49
    32
    25
    16
    18
    26
    27
    36
    51
    67
    61
    51
    30
    17
    45
    48
    48
    47
    57
    67
    52
    50
    57
    49
    59
    59
    56
    44
    45
    59
    51
    52
    57
    51
    51
    45
    41
    47
    53
    46
    50
    74
    82
    69
    84
    91
    92
    93
    90
    90
    97
   110
   119
   119
   136
   163
   114
    85
    86
    76
    84
    96
   116
   143
   143
   135
   106
    75
    39
    94
   191
   197
   192
   192
   187
   181
   175
   175
   175
   178
   189
   187
   186
   179
   165
   170
   176
   172
   164
   157
   157
   150
   139
   127
   124
   108
    84
    93
    86
    67
    58
    48
    42
    68
    46
    55
    62
    60
    41
    31
    40
    53
    58
    67
    46
    30
    21
    17
    19
    17
    10
    11
     6
    14
     8
    12
    47
    49
    47
    46
    47
    51
    60
    50
    52
    53
    43
    51
    55
    57
    52
    41
    59
    57
    47
    51
    61
    62
    53
    49
    39
    33
    31
    43
    60
    84
    76
    62
    67
    71
    81
    79
    64
    54
    61
    74
    72
    89
   114
   132
    98
    28
    61
   153
   143
   125
   111
   108
   122
   153
   189
   188
   172
   171
   168
   172
   176
   176
   172
   170
   175
   184
   187
   187
   178
   177
   171
   169
   157
   158
   159
   152
   153
   151
   159
   156
   124
   101
    88
    91
    90
    80
    90
    85
    68
    41
    53
    53
    31
    41
    54
    45
    34
    49
    54
    57
    26
    24
    22
    24
    19
    15
    20
    16
    17
    15
    14
    14
    49
    48
    45
    47
    52
    47
    42
    55
    61
    81
    70
    51
    51
    56
    56
    53
    56
    51
    52
    52
    41
    49
    67
    59
    74
   104
   124
   118
    93
    72
    83
    96
    96
    94
    81
    66
    75
    87
    69
    61
    69
    55
    39
    42
    27
    11
     6
    35
    94
   150
   182
   192
   187
   184
   180
   172
   166
   161
   164
   168
   166
   164
   169
   173
   168
   173
   175
   175
   177
   178
   168
   170
   159
   141
   145
   131
   146
   138
   143
   120
   113
    57
    55
    54
    55
    56
    62
    53
    56
    58
    52
    67
    63
    57
    37
    48
    55
    35
    40
    41
    68
    22
    21
    17
    22
    23
    22
    23
    24
    21
    21
    17
    44
    43
    45
    48
    53
    54
    57
    65
    59
    44
    54
    56
    53
    61
    51
    52
    50
    64
    54
    50
    58
    56
    64
    90
    99
    99
    90
    78
    91
    82
    89
    93
   114
   120
   114
   107
   105
   102
   102
    89
    88
   104
   108
    95
   110
   191
   159
    41
     9
    10
    22
    59
   100
   113
   125
   158
   168
   175
   174
   164
   166
   172
   174
   177
   179
   174
   175
   180
   173
   164
   157
   157
   165
   167
   170
   167
   163
   144
   113
    89
    88
   110
    95
    69
    55
    44
    56
    75
    50
    48
    51
    55
    60
    56
    61
    52
    52
    60
    42
    43
    50
    53
    22
    28
    26
    20
    22
    18
    15
    24
    21
    24
    48
    51
    51
    54
    51
    46
    49
    45
    46
    57
    60
    55
    59
    58
    65
    53
    69
    42
    55
    43
    45
    55
    60
    60
    59
    72
    59
    80
    94
    97
    90
    91
    62
    47
    62
    69
    78
    86
    95
   119
   102
    66
    60
    76
    95
   157
   153
    96
    65
    59
    46
    51
    62
    84
    86
    77
    91
   104
   117
   141
   149
   136
   142
   140
   144
   160
   155
   149
   142
   138
   137
   132
   116
   106
    99
    85
    97
    71
    62
    47
    68
    68
    91
    73
    57
    63
    70
    55
    44
    53
    61
    61
    54
    47
    53
    47
    37
    36
    40
    32
    31
    67
    37
    22
    24
    26
    25
    24
    23
    17
    28
    28
    48
    43
    47
    44
    50
    51
    47
    48
    52
    52
    62
    65
    53
    57
    61
    70
    55
    53
    45
    52
    41
    38
    43
    54
   100
    81
    65
    55
    55
    52
    40
    40
    43
    37
    35
    38
    37
    37
    54
    57
    85
   106
    92
    78
    50
    43
    43
    79
    63
    56
    71
    65
    61
    57
    69
    78
    70
    53
    63
    60
    71
    94
   105
   107
    93
   100
    82
    77
    76
    75
    82
    79
    88
    84
    81
    72
    52
    73
    66
    88
    80
    62
    59
    70
    52
    49
    42
    65
    68
    57
    57
    56
    64
    55
    40
    42
    37
    43
    35
    43
    41
    39
    81
    38
    23
    29
    27
    30
    32
    34
    25
    34
    43
    48
    47
    48
    51
    50
    49
    52
    48
    50
    49
    64
    70
    60
    55
    53
    51
    50
    56
    54
    58
    59
    55
    54
    44
    36
    43
    52
    44
    34
    48
    55
    44
    43
    46
    42
    34
    40
    50
    55
    72
    68
    90
    97
    94
    80
    73
    68
    78
    51
    60
    60
    61
    75
    81
    82
    85
   100
    96
    70
    55
    68
    66
    79
    78
    69
    86
    92
    80
    82
    82
    83
    78
    79
    80
    97
    92
    89
    65
    59
    65
    76
    62
    59
    63
    54
    58
    59
    48
    55
    55
    45
    38
    38
    38
    37
    38
    39
    38
    33
    33
    35
    38
    94
    46
    21
    24
    29
    28
    29
    40
    47
    50
    47
    47
    46
    51
    55
    51
    46
    46
    47
    50
    56
    63
    58
    54
    52
    62
    56
    54
    72
    80
    77
    74
    68
    59
    60
    62
    68
    75
    69
    59
    49
    42
    37
    23
    27
    52
    60
    68
    74
    78
    80
    90
    91
    90
    91
    90
    84
    74
    76
    70
    71
    68
    86
    81
    96
   108
   122
   157
   142
   101
    65
    66
    78
    79
    65
    67
    64
    77
    82
    99
    92
    71
    75
    67
    61
    57
    61
    76
    67
    60
    52
    53
    44
    45
    48
    43
    50
    35
    38
    41
    35
    39
    36
    38
    38
    36
    37
    33
    35
    37
    36
    34
    44
    99
    79
    44
    25
    29
    39
    43
    71
    46
    47
    48
    49
    51
    55
    49
    50
    49
    53
    51
    49
    64
    59
    62
    60
    47
    53
    57
    52
    50
    56
    59
    60
    61
    58
    63
    58
    50
    59
    81
    83
    88
    92
   101
   107
   107
   111
    88
    80
    82
    81
    86
   109
   118
   116
    93
    78
    87
    81
    65
    59
    74
    93
    97
   105
   122
   121
   111
   149
   167
   118
   101
    87
    87
    71
    56
    62
    75
    82
    74
    77
    95
    86
    70
    72
    73
    80
    72
    60
    78
    79
    60
    43
    52
    46
    52
    42
    46
    42
    41
    39
    36
    39
    34
    37
    40
    39
    39
    39
    38
    37
    38
    37
    41
   109
   105
    87
    80
    88
   101
    94
    43
    44
    47
    45
    44
    41
    50
    54
    50
    51
    56
    52
    57
    55
    49
    49
    53
    48
    51
    52
    57
    50
    52
    62
    58
    49
    42
    43
    59
    64
    43
    53
    83
   127
   139
   158
   139
   128
   131
   121
   107
    97
   105
    85
    75
    87
   110
   133
   126
   109
   101
    98
    88
    76
    82
    69
    63
    86
    93
    97
   129
   108
    73
    76
    94
   102
    92
    90
    95
    87
    72
    89
    85
    93
    77
    70
    80
    69
    63
    56
    35
    41
    44
    51
    43
    38
    43
    52
    44
    45
    41
    41
    43
    41
    42
    39
    37
    38
    39
    40
    36
    38
    38
    34
    33
    79
    99
   115
   118
   110
   111
   118
    44
    49
    47
    49
    46
    54
    50
    48
    50
    56
    49
    55
    52
    56
    50
    52
    51
    53
    52
    51
    51
    57
    59
    43
    56
    58
    44
    60
    50
    54
    65
    59
    40
    30
    27
    44
    55
    91
   101
    91
    94
   103
    93
   114
   133
   111
   107
   112
   132
   142
   107
    88
    73
    72
    66
    83
    78
    58
    44
    72
    87
    89
   116
    84
    61
    64
    54
    59
    63
    69
    69
    68
    59
    58
    63
    49
    41
    41
    42
    44
    51
    48
    49
    40
    48
    47
    46
    44
    44
    41
    48
    48
    41
    44
    47
    43
    41
    45
    44
    42
    45
    41
    38
    45
    41
    80
    77
    88
   104
   126
   137
   127
    44
    50
    44
    46
    48
    46
    49
    48
    46
    45
    55
    53
    57
    50
    48
    53
    52
    56
    52
    52
    51
    52
    48
    54
    42
    51
    54
    50
    66
    70
    60
    61
    80
    93
   110
    85
    52
    34
    31
    31
    38
    57
    96
   102
    91
    76
    77
    92
    67
    51
    43
    50
    62
    66
    70
    53
    66
    97
    98
   102
   109
    91
    71
    79
    56
    49
    53
    43
    41
    44
    44
    37
    50
    48
    43
    45
    43
    47
    40
    45
    44
    44
    48
    44
    43
    45
    52
    45
    47
    53
    50
    47
    49
    47
    47
    46
    46
    50
    37
    38
    44
    44
    42
    42
    41
    72
    83
    80
    95
    88
    97
   137
