    48
    49
    60
    52
    55
    56
    47
    55
    65
    69
   103
   106
    73
    46
    35
    23
    42
    58
    88
    98
    89
    68
    65
    52
    65
    83
    90
   118
   118
   111
    98
    86
    95
    73
    67
    72
    51
    32
    79
   116
    96
   130
   119
   124
   135
   151
   115
   112
    95
    89
    93
   103
    95
    96
    87
    99
   130
   127
   131
   130
   130
   120
   116
   132
   128
   152
   199
   167
   163
   192
   121
    63
    72
    57
    45
    50
    48
    45
    44
    43
    47
    45
    52
    50
    50
    53
    52
    51
    55
    53
    58
    54
    59
    60
    49
    54
    54
    53
    56
    48
    53
    53
    54
    48
    48
    98
   109
    97
    88
    81
    58
    62
    50
    54
    50
    51
    52
    50
    57
    61
    58
    74
    68
    45
    33
    42
    54
    94
   122
   118
   122
   102
    69
    66
    63
    83
    85
    69
    72
    62
    59
    60
    67
    76
    68
    62
    60
    73
    64
    65
    56
    93
   129
   101
   133
   129
   109
   137
   136
    84
    70
    76
    65
    86
    90
    88
    98
    85
   116
   132
   110
   103
   104
   107
   127
   123
   126
   124
   159
   158
   160
   179
   189
   115
    33
    44
    51
    47
    48
    56
    44
    37
    32
    45
    46
    48
    47
    42
    47
    51
    50
    57
    54
    54
    53
    51
    55
    53
    51
    53
    48
    52
    51
    53
    54
    49
    55
    99
    88
    57
    44
    47
    84
   135
    51
    50
    52
    50
    56
    56
    67
    63
    69
    59
    47
    42
    44
    70
    87
    92
    79
    69
    57
    64
    63
    63
    78
    71
    56
    69
    71
    73
    73
    73
    80
    70
    62
    50
    59
    79
    82
    61
    82
    70
   109
   126
    86
   116
   119
    95
   118
   125
    98
    77
    68
    58
    69
    85
    73
    74
    87
    91
    96
    93
    86
    98
    97
   104
   105
   118
   119
   109
   144
   173
   153
   160
   131
    78
    64
    44
    39
    40
    41
    58
    82
    43
    44
    34
    42
    49
    48
    50
    55
    50
    56
    55
    54
    53
    54
    53
    54
    54
    57
    51
    54
    49
    46
    51
    30
    76
    82
   101
   126
   135
   147
   144
    56
    50
    50
    53
    55
    62
    59
    61
    59
    53
    57
    79
    80
    80
    81
    86
    86
    69
    72
    61
    86
    88
    75
    71
    77
    69
    75
    83
    89
    88
    71
    68
    70
    68
    59
    70
    84
    75
    72
    80
    64
   109
   118
    57
    87
   108
    77
   108
   114
   112
   108
    83
    62
    56
    73
    83
    94
    88
    88
    87
    73
    71
    85
    78
    87
   104
   121
   123
    99
   114
   112
   103
   111
   113
   102
    88
    77
    68
    87
    78
    59
    53
    27
    44
    69
    57
    42
    39
    43
    47
    43
    44
    49
    48
    49
    47
    50
    49
    54
    55
    50
    53
    41
    33
    82
   127
   139
   136
   131
   127
   131
   137
    46
    48
    49
    61
    58
    56
    55
    61
    58
    49
    59
    65
    74
    79
   103
    89
    70
    77
    75
    79
    76
    67
    64
    64
    64
    80
    85
    78
    75
    69
    72
    68
    75
    71
    73
    79
    66
    85
    97
    80
    86
    64
   101
   103
    73
    98
    91
    81
    86
    87
   100
    86
    68
    80
    83
    92
    93
    75
    74
    75
    83
    93
    99
   102
    97
    93
    78
    82
    87
    85
   104
   118
   131
   105
    88
    85
   100
   110
    88
    59
    87
    81
   105
   107
    57
    39
    44
    51
    53
    43
    47
    57
    51
    54
    45
    50
    49
    49
    47
    48
    49
    35
    68
   125
   131
   114
   104
    97
    93
    95
   112
   120
    53
    55
    54
    56
    70
    64
    61
    60
    46
    52
    47
    59
    72
    75
    57
    56
    63
    58
    70
    67
    59
    62
    62
    67
    80
    77
    91
    83
    68
    73
    81
   110
    97
    85
    81
    58
    47
    72
    96
    82
    70
    46
    47
    76
    80
    68
    97
    68
    49
    41
    35
    39
    58
    83
    94
    79
   113
    89
    77
    75
    88
    97
    84
    93
   110
    96
    97
    97
   105
   102
    84
    94
   121
   149
   117
   120
   111
   110
    98
   121
   130
   125
    90
    63
    70
    70
    72
    60
    46
    59
    55
    42
    36
    47
    52
    63
    54
    52
    49
    49
    39
    85
   120
   105
    79
    63
    64
    74
    88
    85
    89
    91
    58
    51
    57
    61
    45
    49
    50
    56
    59
    46
    48
    68
    81
    50
    46
    42
    40
    64
    61
    64
    74
    62
    51
    58
    66
    77
    66
    68
    79
    84
    82
    68
    78
    86
    88
    89
    89
    80
    55
    61
    45
    84
    60
    47
    50
    36
    30
    35
    31
    28
    35
    55
    59
    70
    66
    78
    90
   108
    93
    89
    90
    94
   110
   134
   128
   112
   100
   100
    85
    97
   111
   106
    98
   107
   107
   114
   133
   126
   118
    99
    77
    57
    70
    90
    66
    52
    55
    58
    67
    55
    55
    67
    61
    53
    49
    49
    48
    46
    46
    39
    87
   109
    66
    47
    50
    54
    53
    46
    49
    68
    78
    83
    47
    54
    51
    54
    53
    54
    52
    40
    39
    46
    67
    61
    53
    61
    72
    79
   109
    95
    62
    48
    56
    54
    64
    69
    69
    57
    56
    66
    78
    79
    64
    71
    54
    52
    54
    47
    55
    76
    96
    92
    74
    38
    67
    85
    80
    75
    88
   113
    61
    39
    49
    50
    72
   100
   105
   112
   101
    98
   113
   118
   138
   147
   103
    92
    83
    90
    94
    79
    83
    84
    87
    97
   100
    84
    85
   122
   120
   122
   114
   105
   105
    91
    95
    80
    79
    87
    70
    62
    45
    70
    76
    57
    53
    53
    52
    56
    72
    51
    51
    69
    75
    40
    29
    34
    37
    33
    33
    22
    11
     6
    10
    25
    53
    58
    59
    46
    46
    53
    48
    41
    39
    55
    74
    65
    65
    62
    69
    67
    64
    55
    56
    56
    59
    58
    66
    63
    61
    74
    82
    94
    94
    89
    89
    87
    93
    80
    64
    68
    70
    81
    80
   110
   129
   115
    87
    76
    64
    55
    41
    54
    77
    51
    39
    73
   114
   131
   142
   127
   135
   137
   140
   141
   123
   111
   122
   124
   131
   128
   120
   124
   100
    94
   117
   110
    94
   112
   101
   109
   107
    99
    97
    89
    73
    91
    67
    67
    68
    68
    85
    75
    65
    61
    65
    68
    50
    53
    50
    46
    47
    47
    54
    76
    43
    39
    25
    31
    29
    32
    23
    20
    19
    16
    15
    27
    57
    59
    58
    52
    55
    49
    37
    38
    34
    52
    55
    50
    37
    47
    67
    66
    47
    40
    38
    48
    64
    61
    60
    70
    79
    96
    94
    98
   104
   115
   117
   133
   123
   107
    99
    98
    99
    82
    87
    86
   107
   121
   120
   110
    99
    82
    61
    28
    38
    73
   108
   140
   149
   145
   160
   168
   168
   167
   162
   162
   161
   161
   151
   140
   137
   155
   160
   135
   129
   122
    99
    99
   100
   109
   100
   104
   115
   111
    95
    83
    82
    72
    75
    81
    71
    77
    67
    58
    86
    83
    92
    82
    77
    59
    46
    55
    63
    54
    55
    35
    43
    39
    30
    31
    30
    22
    18
    15
    16
    15
    20
    46
    51
    52
    49
    46
    51
    49
    45
    33
    39
    59
    39
    28
    38
    60
    68
    51
    43
    34
    34
    50
    61
    70
    87
    95
   109
   106
   116
   130
   142
   145
   145
   136
   130
   137
   134
   132
   132
   118
   115
   137
   130
   143
   142
   148
   160
   166
   168
   144
    67
   101
   163
   176
   177
   170
   160
   169
   161
   162
   169
   176
   173
   183
   178
   177
   158
   152
   156
   171
   171
   152
   162
   142
   125
    99
   108
   108
    98
   104
    86
    83
    93
    95
   105
   103
    79
    62
    65
    73
    55
    59
    61
    49
    58
    62
    65
    54
    44
    50
    54
    72
    57
    35
    36
    55
    31
    24
    23
    17
    13
    15
    31
    34
    55
    57
    56
    49
    50
    45
    44
    35
    43
    45
    28
    47
    65
    57
    51
    50
    42
    37
    50
    60
    74
   106
   111
   113
   109
   112
   120
   128
   130
   127
   132
   145
   154
   156
   157
   142
   131
   126
   137
   163
   171
   174
   160
   156
   172
   174
   187
   192
   100
    51
   155
   195
   192
   191
   189
   177
   177
   171
   167
   177
   181
   180
   168
   178
   187
   186
   189
   186
   184
   173
   166
   182
   183
   161
   166
   158
   137
   118
   121
   111
   108
   112
   103
   109
    93
    66
    64
    60
    66
    44
    43
    50
    66
    44
    35
    37
    42
    42
    60
    36
    34
    26
    50
    40
    22
    18
    12
    12
    18
    33
    31
    42
    52
    55
    49
    46
    38
    42
    34
    33
    46
    48
    45
    34
    53
    56
    56
    57
    53
    60
    74
    87
    88
    97
   106
   109
   120
   137
   149
   154
   157
   156
   154
   151
   153
   154
   152
   170
   175
   173
   164
   168
   171
   171
   181
   181
   180
   186
   191
   199
   149
    43
   121
   192
   198
   198
   197
   199
   190
   190
   186
   180
   173
   181
   185
   184
   185
   187
   189
   190
   189
   182
   187
   179
   184
   178
   171
   163
   166
   168
   172
   169
   132
   111
    91
    75
    85
    70
    59
    43
    42
    46
    64
    69
    44
    39
    52
    63
    57
    45
    41
    70
    57
    74
    63
    67
    62
    41
    16
    23
    40
    45
    49
    47
    52
    49
    49
    42
    48
    41
    27
    31
    35
    29
    34
    47
    56
    53
    42
    30
    42
    68
    67
    82
   107
   113
   126
   132
   145
   154
   158
   160
   170
   170
   175
   179
   174
   155
   144
   141
   160
   172
   184
   191
   186
   193
   198
   192
   191
   193
   196
   195
   177
    76
    51
   183
   189
   196
   193
   192
   192
   189
   191
   188
   186
   186
   184
   183
   185
   185
   186
   186
   188
   186
   181
   183
   173
   172
   156
   163
   164
   162
   157
   161
   152
   131
   124
   107
    75
    87
    76
    75
    73
    61
    49
    63
    88
    72
    62
    59
    54
    46
    55
    64
    54
    50
   103
    91
    82
   104
   115
    83
    52
    23
    20
    29
    62
    34
    46
    48
    49
    42
    34
    31
    39
    42
    41
    44
    41
    51
    51
    58
    65
    67
    90
   103
   109
   129
   139
   145
   162
   168
   170
   172
   176
   179
   187
   187
   185
   188
   186
   179
   171
   166
   160
   158
   176
   183
   189
   196
   195
   197
   197
   195
   182
   115
    33
   117
   180
   177
   184
   191
   197
   197
   194
   190
   188
   194
   189
   189
   187
   187
   189
   185
   187
   191
   192
   179
   171
   151
   150
   145
   150
   150
   159
   165
   153
   148
   118
    97
    94
    74
    72
    82
    73
    61
    64
    60
    44
    47
    44
    43
    53
    66
    72
    75
    83
    72
    59
    76
    95
   111
   100
    89
   109
   123
    93
    55
    57
    74
    53
    55
    41
    26
    25
    37
    36
    41
    35
    30
    40
    41
    52
    59
    67
    82
    96
   111
   132
   142
   150
   160
   167
   171
   174
   167
   168
   183
   184
   186
   190
   190
   190
   193
   195
   193
   191
   188
   181
   184
   182
   182
   190
   194
   196
   193
   184
   140
    33
    32
   148
   181
   175
   184
   192
   199
   200
   200
   196
   195
   195
   193
   193
   190
   193
   190
   193
   189
   189
   193
   187
   171
   166
   167
   162
   169
   168
   158
   158
   143
   142
   118
    87
    97
    92
    80
    79
    72
    54
    53
    59
    39
    51
    50
    44
    45
    46
    46
    50
    43
    44
    46
    67
    67
    74
    75
   109
   122
   133
   126
    56
    53
    58
    54
    41
    38
    38
    50
    61
    65
    54
    53
    50
    55
    54
    76
    83
   103
   124
   138
   143
   148
   151
   152
   160
   158
   159
   162
   175
   183
   186
   191
   189
   191
   196
   198
   197
   197
   199
   197
   194
   195
   196
   195
   193
   189
   187
   187
   182
   139
   135
   185
   140
   200
   190
   177
   180
   187
   193
   189
   195
   198
   199
   199
   195
   193
   187
   192
   195
   197
   193
   195
   191
   191
   182
   175
   184
   170
   169
   166
   166
   159
   143
   134
   117
   120
    91
    78
    71
    63
    57
    59
    39
    48
    56
    51
    52
    50
    55
    42
    37
    44
    45
    51
    44
    40
    67
    99
   112
   108
   121
   141
    58
    50
    43
    54
    45
    36
    41
    46
    39
    37
    45
    48
    56
    56
    73
    84
    99
   121
   130
   137
   148
   150
   146
   155
   158
   154
   161
   168
   171
   172
   177
   184
   188
   193
   192
   194
   196
   198
   192
   190
   194
   198
   198
   201
   196
   194
   193
   192
   180
   126
   115
   135
    91
   192
   198
   187
   170
   168
   174
   183
   188
   196
   194
   199
   200
   199
   198
   196
   193
   191
   193
   192
   191
   184
   186
   176
   179
   173
   172
   165
   157
   163
   151
   152
   140
   120
   100
    74
    69
    67
    51
    42
    46
    57
    46
    62
    71
    53
    42
    37
    33
    44
    45
    56
    59
    77
    48
    79
    95
   127
   133
   137
    66
    50
    56
    53
    45
    41
    37
    34
    33
    38
    41
    46
    44
    75
    91
   105
   115
   119
   133
   132
   142
   152
   157
   160
   155
   164
   176
   170
   169
   168
   181
   189
   192
   195
   198
   200
   198
   197
   196
   196
   196
   191
   192
   189
   192
   194
   199
   191
   163
   128
   158
   103
    70
   190
   209
   213
   196
   179
   170
   169
   180
   194
   201
   200
   199
   200
   194
   192
   190
   191
   188
   190
   183
   189
   183
   182
   175
   175
   173
   169
   179
   169
   161
   161
   129
   114
   106
    89
    91
    71
    69
    61
    57
    53
    45
    41
    38
    43
    52
    38
    49
    44
    49
    44
    55
    60
    67
    68
    69
    70
    86
   121
    43
    48
    43
    34
    30
    39
    47
    37
    35
    33
    36
    47
    70
    85
    98
   108
   119
   127
   134
   145
   153
   151
   160
   162
   161
   169
   176
   178
   181
   193
   191
   188
   195
   198
   193
   194
   198
   200
   201
   202
   204
   197
   188
   196
   194
   186
   176
   149
   130
   118
    47
     1
    40
   139
   108
    85
    78
    97
   116
   157
   208
   202
   196
   200
   201
   198
   196
   192
   184
   188
   189
   187
   182
   189
   185
   185
   192
   179
   177
   167
   155
   159
   155
   137
   138
   131
   128
   111
    99
    92
    76
    72
    52
    33
    33
    48
    56
    59
    59
    54
    35
    43
    37
    21
    35
    80
    94
    78
    75
   103
   104
   114
    50
    40
    31
    36
    42
    39
    27
    36
    46
    49
    56
    65
    93
   102
   105
   120
   136
   145
   139
   144
   145
   153
   160
   154
   165
   179
   180
   179
   183
   190
   192
   196
   197
   197
   197
   197
   197
   197
   200
   194
   186
   191
   194
   184
   164
   147
   130
   117
    97
   124
   120
    73
    95
    97
   112
   125
   124
    96
    78
    59
    33
   134
   194
   195
   194
   197
   198
   197
   199
   195
   190
   189
   187
   189
   187
   176
   178
   186
   184
   175
   168
   166
   165
   160
   153
   122
   117
   105
    76
    69
    77
    67
    52
    41
    53
    65
    52
    49
    42
    52
    42
    42
    36
    54
    56
    28
    44
    52
    44
    77
    98
   106
    44
    33
    44
    43
    36
    32
    45
    29
    40
    52
    59
    84
   101
   115
   128
   138
   135
   136
   141
   144
   151
   156
   159
   158
   168
   174
   172
   181
   187
   189
   196
   197
   197
   200
   200
   199
   196
   196
   191
   189
   183
   183
   174
   125
   113
   117
    85
    32
    70
   113
   129
   172
   193
   172
   152
   159
   142
   146
   142
   152
   148
    77
    84
   157
   176
   180
   189
   195
   192
   187
   187
   184
   191
   190
   189
   191
   188
   184
   183
   176
   166
   171
   162
   160
   163
   146
   120
   103
    94
    89
    72
    63
    64
    52
    74
    56
    45
    46
    42
    34
    39
    35
    41
    46
    53
    46
    34
    40
    56
    62
    69
    74
    46
    48
    38
    30
    34
    31
    32
    37
    41
    52
    81
    95
   109
   122
   131
   132
   142
   149
   144
   150
   150
   154
   157
   166
   169
   167
   176
   188
   189
   188
   190
   193
   197
   197
   199
   200
   197
   191
   186
   178
   184
   167
   133
   114
   138
   111
    62
   128
   169
   161
   138
   153
   153
   126
   128
   130
   135
   139
   139
   142
   156
   172
    87
   116
   157
   160
   181
   194
   195
   194
   193
   189
   185
   190
   189
   185
   183
   187
   180
   171
   169
   169
   170
   163
   163
   163
   131
   110
   103
    80
    71
    55
    50
    60
    56
    60
    57
    59
    48
    38
    47
    56
    43
    34
    39
    48
    59
    40
    46
    64
    86
   103
    42
    43
    45
    37
    36
    36
    42
    43
    50
    71
    96
   111
   119
   126
   133
   140
   147
   151
   145
   139
   153
   157
   166
   170
   168
   172
   175
   183
   184
   189
   191
   192
   196
   198
   199
   194
   189
   185
   180
   177
   172
   134
   115
   121
   122
    91
   126
   168
   179
   166
   134
   124
    97
    88
   120
   139
   158
   160
   167
   173
   187
   193
   189
    71
   162
   159
   173
   190
   196
   196
   190
   194
   196
   185
   190
   192
   184
   183
   179
   177
   168
   175
   170
   152
   153
   145
   137
   115
    91
    71
    60
    55
    54
    43
    67
    70
    61
    41
    50
    50
    53
    45
    35
    31
    26
    31
    38
    42
    34
    45
    52
    63
    52
    40
    32
    31
    34
    42
    35
    44
    66
    95
   106
   111
   125
   137
   143
   147
   147
   142
   141
   146
   149
   155
   163
   165
   172
   177
   179
   183
   186
   179
   177
   185
   186
   191
   191
   189
   187
   182
   176
   150
   125
   104
   111
   107
   107
    84
   159
   171
   183
   166
   114
    90
    64
   102
   147
   151
   183
   191
   187
   192
   194
   194
   199
   115
   153
   168
   172
   192
   196
   194
   192
   193
   189
   189
   186
   185
   181
   179
   179
   165
   153
   154
   153
   145
   146
   135
   111
    94
    97
   109
    86
    84
    97
    89
    70
    44
    39
    38
    42
    56
    53
    38
    33
    32
    38
    37
    19
    27
    40
    56
    64
    67
    46
    34
    31
    19
    16
    19
    35
    68
    86
    99
   113
   128
   126
   133
   142
   140
   139
   132
   147
   157
   158
   167
   166
   164
   170
   174
   176
   178
   181
   185
   191
   186
   190
   192
   185
   186
   185
   185
   154
   118
   101
   103
    88
    91
    92
    98
   157
   174
   176
   143
    94
    50
    80
   139
   181
   186
   198
   196
   187
   190
   195
   195
   196
   161
   110
   169
   168
   194
   202
   199
   190
   187
   190
   177
   178
   178
   175
   176
   175
   167
   162
   157
   146
   146
   144
   147
   142
   119
    97
    87
    79
    63
    52
    46
    30
    43
    42
    44
    39
    31
    29
    25
    32
    31
    39
    60
    76
    34
    53
    30
    23
    37
    33
    44
    59
    99
   116
    83
    67
    74
    91
   107
   120
   115
   129
   124
   134
   144
   137
   145
   156
   147
   159
   167
   172
   177
   178
   173
   179
   184
   188
   191
   192
   200
   195
   187
   187
   190
   189
   167
   131
   125
   106
    78
    91
    68
    72
   116
   169
   176
   161
   116
    67
    68
   140
   176
   198
   186
   199
   194
   188
   194
   199
   201
   198
   187
    90
   159
   164
   189
   190
   189
   194
   189
   177
   179
   178
   171
   176
   176
   163
   159
   145
   131
   136
   140
   132
   108
    93
    90
    92
    79
    85
    98
    81
    57
    61
    49
    34
    32
    48
    40
    37
    41
    39
    39
    31
    41
    41
    67
    43
    37
    36
    46
    54
    76
    63
    40
    47
    78
    86
   101
   108
   119
   120
   120
   128
   140
   141
   138
   143
   156
   151
   162
   168
   168
   174
   172
   175
   183
   182
   185
   186
   183
   188
   181
   186
   192
   194
   188
   183
   158
   125
   121
    98
    96
    86
    56
   203
   144
   160
   165
   136
    90
    55
   122
   163
   190
   186
   167
   195
   179
   197
   199
   197
   202
   200
   196
    99
   137
   163
   193
   196
   194
   185
   181
   178
   175
   168
   171
   171
   163
   145
   147
   142
   128
   118
   109
   115
   115
   119
   119
   109
   102
    92
    79
    77
    72
    56
    51
    50
    53
    57
    43
    28
    34
    29
    29
    44
    43
    36
    32
    41
    43
    39
    24
    70
    33
    20
    31
    48
    55
    84
   104
   115
   116
   114
   123
   134
   131
   139
   143
   148
   154
   157
   168
   173
   169
   170
   177
   179
   183
   181
   182
   187
   188
   186
   184
   188
   190
   190
   191
   178
   162
   124
    93
    94
   106
    80
    82
   206
   166
   167
   155
   119
    49
    64
   134
   170
   188
   193
   191
   197
   178
   194
   198
   200
   201
   197
   198
   118
   111
   160
   188
   193
   189
   183
   180
   172
   169
   175
   169
   159
   152
   149
   135
   124
   118
   114
   122
   131
   131
   133
   134
   126
   118
    94
    79
    73
    61
    47
    37
    42
    44
    45
    40
    47
    38
    42
    45
    50
    46
    47
    46
    32
    29
    40
    52
    56
    45
    48
    47
    55
    81
    97
   109
   113
   119
   111
   114
   121
   127
   141
   145
   147
   153
   161
   167
   171
   173
   179
   187
   187
   187
   181
   188
   187
   186
   188
   187
   190
   187
   191
   188
   181
   159
   126
    94
   105
   102
    88
   107
   182
   160
   167
   139
    90
    51
    78
   158
   167
   190
   195
   196
   187
   174
   199
   196
   196
   200
   200
   194
   134
   101
   154
   185
   186
   178
   179
   176
   177
   167
   157
   164
   153
   150
   140
   134
   127
   122
   122
   138
   149
   152
   145
   136
   129
   118
   105
    92
    88
    75
    65
    50
    41
    39
    45
    40
    34
    37
    49
    48
    35
    39
    30
    38
    45
    37
    31
    41
    35
    37
    42
    48
    66
    88
    97
   106
   115
   123
   124
   128
   121
   127
   120
   119
   132
   138
   148
   156
   149
   144
   138
   155
   170
   175
   185
   184
   176
   179
   184
   187
   189
   186
   185
   184
   175
   164
   137
   109
   107
    92
    73
    79
   130
   168
   163
   123
    70
    49
    91
   176
   185
   186
   190
   193
   161
   169
   197
   198
   198
   198
   190
   190
   147
    91
   155
   189
   187
   181
   177
   172
   166
   155
   156
   157
   146
   138
   133
   128
   118
   117
   138
   144
   142
   134
   118
   102
    88
    87
    80
    67
    56
    50
    42
    68
    65
    55
    39
    40
    46
    36
    39
    29
    28
    34
    32
    26
    38
    33
    26
    35
    35
    39
    41
    54
    86
    99
   113
   113
   127
   121
   118
   115
   119
   122
   129
   133
   140
   147
   151
   164
   173
   174
   180
   170
   163
   162
   166
   175
   181
   189
   189
   189
   192
   190
   190
   186
   181
   163
   151
   122
    97
    78
    65
    83
    85
   174
   159
   113
    59
    69
   107
   165
   186
   187
   189
   194
   173
   166
   199
   198
   190
   191
   191
   191
   157
    85
   156
   189
   187
   179
   173
   169
   161
   158
   153
   145
   140
   128
   125
   125
   113
   123
   128
   122
   109
    87
    86
    91
   101
    91
    76
    65
    87
    74
    63
    42
    35
    55
    67
    48
    41
    42
    38
    33
    20
    36
    28
    39
    34
    52
    60
    38
    39
    32
    44
    82
    95
   100
   106
   116
   114
   122
   121
   123
   115
   113
   122
   133
   142
   146
   159
   160
   160
   166
   169
   169
   171
   175
   185
   187
   190
   188
   186
   188
   192
   190
   189
   189
   180
   164
   148
   113
    94
    67
    62
    86
    98
   184
   154
    95
    37
    30
    83
   175
   207
   193
   188
   190
   175
   155
   193
   194
   196
   193
   188
   189
   168
    92
   158
   191
   179
   179
   166
   169
   165
   153
   148
   142
   134
   128
   124
   113
   116
   102
    92
    95
    75
    65
    70
    45
    47
    61
    56
    37
    35
    51
    50
    56
    52
    63
    69
    53
    45
    50
    57
    47
    45
    44
    49
    41
    49
    49
    42
    45
    50
    46
    73
    76
    85
   100
   104
   101
   112
   115
   115
   115
   120
   121
   131
   144
   154
   151
   149
   162
   160
   166
   167
   173
   173
   170
   181
   190
   191
   192
   191
   190
   191
   189
   190
   183
   179
   167
   137
    94
    82
    56
    62
    95
    94
   180
   140
    86
    45
    44
    50
   123
   164
   166
   178
   176
   146
   144
   189
   189
   185
   184
   182
   183
   161
    80
   149
   178
   179
   165
   156
   167
   164
   143
   132
   128
   125
   120
   109
   113
   110
    99
    99
    94
    92
    91
    70
    68
    65
    62
    56
    64
    52
    57
    74
    77
    80
    75
    66
    61
    57
    46
    30
    27
    38
    35
    56
    67
    37
    37
    36
    25
    44
    50
    74
    98
   103
   111
   114
   117
   114
   112
   117
   118
   109
   125
   136
   148
   150
   161
   165
   167
   173
   184
   184
   184
   190
   185
   184
   185
   185
   187
   189
   194
   197
   193
   189
   184
   175
   140
   108
    87
    64
    65
    73
   103
   102
   174
   131
    72
    68
    46
    68
   115
   168
   172
   177
   169
   141
   143
   189
   196
   194
   189
   188
   180
   162
    80
   155
   188
   178
   166
   157
   159
   146
   126
   126
   123
   120
   112
   116
   123
   119
   120
   112
   107
    81
    63
    51
    37
    36
    60
    89
   110
   117
   114
   124
   101
    88
    68
    51
    49
    53
    47
    40
    47
    56
    55
    60
    47
    63
    58
    41
    46
    32
    49
    89
   122
   116
   105
   109
   105
   108
   120
   119
   119
   123
   133
   142
   147
   154
   155
   161
   163
   177
   185
   188
   187
   186
   193
   191
   185
   184
   187
   192
   190
   186
   191
   194
   191
   177
   146
   120
    78
    53
    44
    72
    95
   101
   168
   121
    63
    36
    27
    49
    91
   134
   143
   158
   150
   133
   134
   182
   195
   193
   190
   182
   174
   159
    77
   153
   175
   174
   161
   159
   149
   132
   123
   118
   112
   111
   120
   137
   135
   124
   124
    97
    69
    54
    47
    32
    43
    78
   102
   122
   147
   149
   142
   110
   112
   104
    77
    60
    55
    55
    62
    60
    58
    58
    46
    35
    45
    46
    36
    39
    36
    36
    58
    81
    85
    98
   107
   105
   106
   109
   117
   126
   119
   128
   127
   133
   148
   154
   157
   162
   167
   176
   182
   185
   186
   188
   191
   192
   190
   187
   188
   191
   191
   193
   192
   192
   188
   169
   127
   102
    80
    64
    47
    49
    74
    97
   160
   115
    60
    27
    29
    64
    95
   142
   145
   146
   134
   126
   142
   183
   192
   194
   194
   191
   184
   159
    79
   159
   180
   168
   159
   151
   139
   129
   122
   109
   111
   125
   146
   156
   161
   131
   105
    94
    76
    43
    28
    33
    80
   135
   142
   132
   137
   136
   133
   135
   119
   102
    98
    76
    78
    67
    54
    60
    52
    54
    64
    50
    26
    19
    25
    36
    32
    39
    71
    81
    92
   108
   115
   102
   120
   120
   116
   119
   134
   128
   127
   144
   147
   146
   148
   149
   169
   174
   180
   186
   191
   192
   193
   192
   191
   190
   189
   190
   192
   193
   191
   191
   191
   174
   147
   107
    73
    68
    60
    55
    69
    93
   156
   115
    60
    37
    43
    64
    95
   146
   144
   142
   128
   121
   147
   170
   184
   192
   192
   186
   181
   154
    85
   167
   176
   175
   152
   136
   123
   115
   107
   113
   135
   153
   160
   154
   134
   116
   108
    86
    82
    85
    39
    44
   106
   134
   147
   138
   137
   136
   141
   132
   134
   124
   104
   119
   116
    92
    62
    59
    76
    84
    60
    63
    78
    60
    58
    42
    40
    45
    64
    82
    94
   103
    95
   117
   125
   120
   120
   128
   127
   120
   138
   146
   151
   150
   150
   171
   172
   172
   175
   191
   200
   198
   190
   191
   189
   184
   193
   193
   185
   188
   194
   192
   191
   185
   158
   100
    61
    38
    32
    44
    53
    92
   151
   113
    57
    38
    48
    56
   114
   142
   131
   134
   118
   116
   144
   164
   188
   183
   185
   180
   181
   157
   100
   175
   167
   158
   142
   131
   117
   106
   116
   145
   162
   165
   158
   148
   149
   145
   109
    99
    84
    42
    37
    42
    89
   124
   137
   149
   152
   155
   144
   138
   133
   121
   108
    98
    69
    58
    60
    78
    67
    25
    48
    87
    72
    75
    56
    69
    32
    56
    79
    96
   100
    97
   109
   124
   120
   124
   123
   127
   128
   133
   135
   132
   145
   163
   172
   155
   158
   166
   175
   190
   198
   203
   203
   185
   186
   188
   184
   188
   197
   193
   188
   189
   195
   194
   174
   118
    64
    52
    56
    46
    51
    89
   149
   119
    65
    41
    45
   101
   153
   147
   136
   131
   115
   126
   158
   169
   187
   193
   190
   182
   181
   141
   100
   169
   171
   148
   127
   118
   107
   130
   160
   168
   169
   169
   173
   171
   151
   135
   118
    85
    73
    79
    59
    50
    95
   143
   143
   142
   136
   138
   143
   135
   128
   119
   109
    82
    84
    88
    82
    78
    68
    83
    67
    57
    40
    42
    62
    60
    66
    52
    71
    86
    91
   102
   122
   118
   114
   121
   129
   129
   121
   136
   141
   163
   163
   157
   146
   149
   159
   163
   170
   188
   194
   199
   189
   189
   186
   185
   192
   196
   191
   196
   194
   200
   192
   188
   171
   140
    92
    53
    62
    63
    63
    87
   149
   122
    73
    54
    82
   123
   143
   144
   135
   126
   112
   131
   155
   168
   184
   190
   188
   181
   162
   117
   104
   166
   150
   137
   114
   115
   141
   160
   167
   169
   173
   172
   174
   162
   144
   115
   102
   100
    90
    77
    70
    51
    96
   123
   131
   126
   140
   147
   130
   134
   126
   111
   105
   108
   116
    97
    85
    61
    64
    57
    60
    34
    40
    41
    37
    22
    23
    66
    77
    88
    91
   116
   129
   128
   125
   139
   137
   129
   135
   143
   140
   143
   141
   138
   145
   153
   157
   163
   169
   173
   179
   184
   190
   189
   186
   187
   188
   190
   198
   195
   193
   191
   193
   191
   167
   131
    93
    58
    50
    60
    67
    80
   150
   134
    74
    53
    56
    99
   131
   136
   127
   122
   113
   134
   153
   174
   193
   194
   190
   185
   166
   150
   134
   158
   148
   121
   138
   147
   151
   164
   167
   176
   176
   184
   179
   180
   174
   159
   132
   104
    86
    79
    64
    34
   101
   131
   150
   142
   139
   130
   140
   139
   129
   125
   116
   108
   116
    93
    78
    70
    72
    79
    72
    74
    63
    47
    34
    27
    27
    60
    69
    89
   106
   108
   119
   116
   129
   137
   131
   133
   132
   132
   137
   138
   144
   146
   146
   152
   163
   168
   174
   192
   187
   187
   191
   188
   187
   187
   189
   190
   190
   190
   194
   192
   194
   190
   173
   134
    95
    58
    52
    75
    85
    78
   146
   139
    90
    58
    59
    64
   101
   132
   133
   124
   125
   141
   160
   182
   197
   196
   191
   187
   181
   171
   147
   155
   134
   116
   126
   138
   148
   166
   181
   179
   173
   170
   176
   182
   149
   129
   114
    97
    89
    91
    83
    42
   105
   144
   157
   157
   138
   139
   144
   140
   122
   116
   112
   108
   104
    97
    75
    89
    85
    61
    67
    52
    31
    32
    27
    32
    35
    53
    67
    74
    93
    95
    99
   120
   129
   128
   137
   139
   141
   136
   129
   139
   149
   151
   157
   154
   157
   166
   176
   182
   181
   183
   182
   190
   190
   188
   190
   187
   191
   194
   191
   187
   188
   178
   162
   139
   102
    77
    82
    86
    98
    75
   135
   135
   101
    53
    62
    66
   125
   135
   136
   129
   135
   146
   170
   186
   193
   192
   180
   184
   142
    93
   157
   153
   142
   163
   184
   199
   191
   147
   131
   180
   185
   188
   185
   159
   132
   113
   107
   106
   101
   101
    88
    40
    92
   141
   156
   161
   143
   140
   142
   131
   117
   113
   111
   115
   112
   110
    86
    74
    68
    60
    56
    61
    56
    50
    52
    52
    39
    49
    64
    76
   102
   109
   126
   113
   123
   135
   138
   130
   132
   131
   141
   140
   134
   140
   151
   160
   163
   165
   173
   190
   188
   182
   188
   191
   186
   185
   183
   192
   193
   188
   181
   189
   191
   184
   166
   144
   103
    92
   110
   104
   102
    76
   127
   140
   112
    73
    65
    74
    98
   143
   145
   137
   133
   160
   178
   189
   193
   191
   201
   161
   102
   153
   165
   161
   176
   192
   193
   192
   193
   171
    95
   108
   178
   179
   168
   143
   140
   142
   119
   113
   102
    99
    94
    38
    79
   142
   160
   162
   155
   161
   145
   129
   125
   119
   118
   116
   111
   103
   118
   118
    85
    64
    63
    66
    58
    59
    41
    43
    41
    50
    75
    95
   105
   104
   120
   122
   132
   138
   140
   129
   137
   134
   139
   142
   139
   136
   146
   151
   153
   160
   165
   176
   178
   180
   175
   176
   172
   180
   182
   179
   180
   190
   199
   190
   188
   193
   181
   153
   103
    70
    86
   110
   109
    75
   112
   135
   116
    83
    60
   100
    98
   139
   138
   147
   153
   174
   174
   192
   197
   200
   171
    97
   136
   166
   158
   168
   181
   175
   189
   196
   192
   158
   102
    79
   144
   145
   153
   170
   162
   153
   127
   106
    96
    89
    71
    53
    72
   137
   152
   160
   151
   131
   126
   121
   120
   111
    95
    91
   120
   133
   133
   109
   111
    86
    76
    70
    66
    50
    43
    29
    38
    62
    73
    76
   110
   121
   117
   130
   129
   132
   140
   142
   138
   140
   145
   145
   147
   152
   151
   158
   153
   154
   165
   167
   175
   179
   174
   176
   181
   173
   182
   191
   192
   192
   191
   195
   197
   188
   176
   167
   148
   105
    92
   108
   122
    95
    91
   123
   117
    89
    65
    75
   137
   161
   177
   174
   177
   161
   169
   189
   198
   135
    74
   140
   160
   152
   159
   175
   176
   188
   186
   193
   184
   139
    79
   114
   151
   178
   171
   175
   127
   104
    94
   102
   107
   102
    91
    34
    46
   117
   140
   137
   154
   146
   120
   119
   104
   101
    98
   110
   145
   135
   109
    97
    99
    85
    67
    58
    47
    36
    30
    42
    28
    48
    60
    88
   117
   122
   128
   124
   127
   130
   132
   139
   138
   142
   141
   147
   151
   146
   152
   158
   162
   167
   176
   184
   180
   174
   185
   186
   181
   180
   179
   181
   182
   188
   192
   195
   191
   185
   174
   148
   148
   142
   118
    96
   122
   112
    79
   104
   109
    92
    79
    78
   134
   181
   188
   177
   159
   176
   185
   169
   104
    97
   153
   186
   183
   168
   175
   187
   188
   192
   190
   191
   183
   135
    74
   116
   143
   161
   143
   137
   128
   118
    90
    69
    96
    99
    86
    45
    43
   107
   149
   145
   148
   138
   132
   141
   136
   122
   115
   101
   117
   129
   130
   135
   128
   107
    87
    69
    54
    54
    48
    31
    33
    48
    58
    98
   104
   118
   128
   127
   129
   132
   135
   137
   136
   138
   137
   144
   151
   147
   151
   160
   160
   157
   162
   177
   184
   180
   182
   182
   185
   189
   185
   183
   181
   180
   183
   184
   179
   183
   187
   170
   142
   130
   122
   127
   127
   141
    78
   105
   106
    98
    77
    92
   138
   168
   174
   167
   187
   154
   111
    83
   122
   164
   188
   198
   191
   189
   187
   188
   189
   189
   195
   197
   184
   137
    75
   120
   129
   149
   129
   111
    94
    76
    83
   105
    71
    51
    84
    63
    44
    92
   151
   145
   140
   138
   134
   137
   105
    92
    95
   114
   129
   125
   156
   134
   123
   121
    97
    78
    81
    64
    42
    42
    37
    53
    67
    98
   111
   122
   122
   128
   130
   133
   135
   132
   131
   133
   140
   142
   144
   153
   156
   154
   162
   161
   167
   175
   179
   186
   191
   190
   186
   177
   173
   175
   175
   177
   173
   174
   180
   183
   182
   181
   171
   152
   133
   124
   142
   153
   123
    55
    91
    99
    71
    97
   143
   175
   186
   185
   121
    77
   108
   150
   175
   186
   188
   187
   185
   189
   192
   191
   191
   191
   194
   191
   179
   143
    69
   116
   134
   133
   109
    89
    91
   109
    98
    68
    73
    76
    63
    47
    35
    66
   127
   143
   134
   133
   118
   119
   107
    96
    89
    94
   108
   118
   114
   116
    97
    95
    92
    73
    64
    56
    46
    43
    35
    42
    64
    95
   103
   116
   130
   129
   128
   132
   135
   129
   128
   131
   137
   134
   147
   146
   150
   154
   159
   163
   169
   169
   178
   176
   185
   180
   180
   180
   179
   174
   167
   169
   172
   174
   176
   176
   178
   172
   166
   171
   162
   145
   145
   161
   170
   120
    44
    51
    60
   115
   112
    81
    72
    51
    80
   147
   173
   177
   185
   188
   189
   188
   185
   195
   196
   197
   198
   195
   201
   193
   176
   150
    75
    86
   107
   102
    93
   108
   114
   106
    97
    81
    72
    61
    52
    52
    34
    66
   122
   130
   125
   134
   123
   116
   115
    94
    70
    75
   113
   128
   140
   124
   109
    96
    68
    65
    57
    50
    52
    45
    44
    36
    55
    95
    99
   116
   122
   127
   131
   129
   126
   118
   122
   134
   133
   140
   139
   143
   147
   155
   155
   159
   161
   161
   160
   169
   162
   164
   175
   176
   167
   171
   170
   166
   169
   168
   172
   176
   178
   185
   183
   171
   163
   168
   164
   161
   176
   202
   201
   209
   104
    41
    47
    86
   116
   157
   176
   183
   187
   190
   191
   186
   186
   193
   194
   196
   192
   197
   193
   192
   192
   195
   176
   152
   121
   109
   106
    96
   117
   113
   107
   122
   105
   101
   104
    64
    55
    36
    35
    66
   125
   147
   134
   127
   129
   115
    83
   101
    96
    85
    96
   120
   127
   136
   133
   104
    97
   101
    79
    60
    40
    31
    24
    39
    49
    59
    92
   110
   121
   129
   130
   133
   131
   127
   126
   132
   132
   136
   145
   146
   156
   154
   164
   160
   164
   167
   174
   168
   168
   167
   166
   170
   171
   167
   171
   172
   174
   173
   177
   185
   178
   182
   181
   177
   171
   158
   158
   162
   175
   193
   206
   200
    81
    73
   141
   166
   183
   179
   185
   185
   187
   191
   188
   189
   194
   190
   190
   190
   189
   187
   194
   193
   187
   188
   173
   151
   139
    80
    90
    83
    92
    95
    94
   111
    95
    92
    94
    70
    58
    47
    40
    65
   131
   147
   135
   126
   101
   108
   113
    86
    75
    78
    86
   111
   129
   130
   124
   114
    90
    73
    75
    61
    50
    40
    46
    35
    43
    59
    76
    98
   117
   130
   128
   129
   126
   124
   127
   132
   139
   137
   139
   139
   142
   150
   157
   158
   158
   164
   164
   164
   171
   175
   174
   171
   166
   170
   167
   166
   166
   164
   167
   172
   176
   170
   169
   171
   161
   165
   159
   154
   163
   181
   195
   113
    57
   141
   171
   174
   174
   178
   174
   178
   175
   172
   183
   183
   179
   182
   185
   183
   190
   196
   192
   189
   189
   184
   181
   158
   144
   127
    94
    84
    99
   112
   105
    98
   104
    64
    40
    47
    69
    47
    27
    67
   124
   141
   137
   127
   109
    95
   100
    89
    77
    79
    95
    82
   100
   113
   114
    90
    75
    64
    47
    35
    45
    67
    77
    49
    42
    51
    71
    88
   108
   118
   129
   126
   128
   131
   126
   129
   133
   133
   139
   146
   145
   149
   156
   158
   160
   159
   165
   169
   163
   164
   163
   164
   162
   159
   169
   166
   165
   163
   162
   168
   163
   170
   170
   164
   160
   161
   148
   148
   162
   172
   189
    96
    74
   167
   178
   171
   169
   173
   179
   172
   177
   183
   180
   183
   190
   189
   188
   188
   191
   189
   192
   192
   185
   181
   169
   145
   127
   116
   114
    66
    61
   100
   108
    81
    85
    80
    91
    69
    59
    49
    36
    61
   129
   149
   140
   128
   102
   116
   107
    78
    60
    51
    91
   111
   111
   107
   113
   109
    77
    77
    77
    79
    65
    38
    26
    50
    46
    47
    66
    96
   105
   116
   117
   132
   124
   124
   128
   128
   132
   133
   138
   142
   143
   143
   152
   155
   156
   167
   171
   171
   175
   172
   174
   175
   180
   177
   173
   169
   165
   161
   162
   161
   164
   159
   156
   156
   151
   143
   147
   152
   163
   173
   185
    91
    85
   168
   175
   175
   174
   173
   176
   178
   176
   180
   184
   184
   187
   187
   194
   200
   208
   196
   189
   184
   183
   181
   167
   150
   132
   112
    89
    66
    49
    61
    81
   100
    61
    69
    76
    58
    60
    50
    43
    69
   125
   139
   138
   129
   126
   106
    82
    86
    78
    69
    79
   102
   115
   102
    97
    99
    86
    71
    71
    47
    41
    35
    23
    47
    42
    42
    57
    77
    97
   111
   114
   123
   127
   120
   128
   129
   134
   136
   137
   138
   147
   152
   150
   156
   159
   158
   162
   176
   177
   179
   177
   179
   175
   175
   170
   168
   160
   154
   152
   155
   156
   156
   158
   154
   151
   150
   149
   147
   151
   159
   160
    92
    77
   153
   160
   159
   161
   155
   158
   164
   171
   168
   169
   172
   172
   181
   181
   177
   170
   176
   182
   182
   185
   177
   167
   152
   132
   101
    73
    64
    41
    43
    69
   104
    95
    79
    62
    63
    76
    78
    47
    74
   131
   144
   139
   130
   104
   111
   108
    90
    57
    69
    81
   102
   129
   111
   100
    82
    79
    69
    52
    68
    49
    44
    42
    43
    51
    50
    50
    74
    91
   102
   105
   112
   122
   127
   126
   128
   125
   134
   139
   145
   145
   150
   153
   150
   159
   166
   169
   172
   168
   171
   169
   169
   171
   170
   175
   182
   192
   195
   192
   196
   194
   194
   195
   186
   176
   166
   153
   145
   153
   159
   163
    83
    66
   137
   163
   156
   158
   149
   156
   157
   166
   170
   159
   165
   161
   161
   164
   164
   165
   163
   169
   160
   159
   162
   157
   139
   122
    89
    78
    50
    50
    44
    40
    77
    82
    79
    72
    68
    73
    58
    34
    64
   127
   134
   129
   122
   109
   106
    86
    91
    81
    65
    89
   113
   126
   127
   117
    92
    79
    70
    72
    48
    42
    41
    32
    52
    56
    46
    53
    65
    92
    99
   102
   108
   117
   112
   132
   128
   134
   133
   136
   136
   144
   146
   145
   155
   159
   160
   162
   160
   165
   169
   167
   167
   165
   167
   176
   176
   171
   176
   177
   178
   184
   177
   170
   167
   167
   161
   153
   153
   151
   156
   169
   107
    60
   115
   153
   183
   183
   165
   157
   156
   145
   157
   164
   174
   182
   177
   178
   174
   169
   163
   162
   161
   162
   164
   154
   139
   114
    85
    81
    68
    53
    63
    92
    98
    84
    75
    80
    71
    73
    48
    32
    74
   135
   136
   133
   125
   102
   110
   106
    88
    73
    67
    82
   115
   133
   126
   108
   101
    70
    71
    70
    54
    34
    34
    46
    46
    53
    60
    53
    52
    76
    84
    96
    99
   117
   120
   112
   120
   126
   134
   138
   145
   147
   150
   151
   155
   154
   157
   163
   171
   169
   164
   165
   166
   169
   173
   174
   169
   169
   167
   165
   168
   167
   169
   168
   169
   159
   156
   156
   153
   170
   186
   194
   117
    45
   101
   126
   131
   193
   235
   219
   205
   186
   186
   206
   213
   208
   209
   194
   179
   179
   167
   167
   163
   162
   157
   150
   141
   122
   111
   122
    84
    78
   107
    94
    91
    73
    75
    71
    47
    60
    31
    35
    94
   134
   130
   135
   130
    98
   111
   107
   101
    86
    84
   112
    98
   120
   131
   117
    92
   120
   111
    56
    66
    82
    62
    50
    57
    61
    57
    48
    55
    64
    72
    94
   108
    96
   109
   109
   117
   129
   128
   126
   128
   132
   140
   149
   151
   161
   157
   158
   163
   166
   170
   164
   164
   167
   168
   165
   165
   170
   168
   167
   165
   155
   160
   159
   157
   157
   152
   142
   129
   135
   149
   146
   113
    54
    48
    21
    44
    81
    48
   132
   212
   227
   205
   186
   179
   184
   186
   189
   185
   187
   186
   188
   177
   160
   158
   150
   135
   120
   143
   115
    99
    75
    47
    63
    94
    84
    70
    75
    78
    75
    35
    35
   102
   150
   142
   148
   134
   141
   145
   118
   104
    89
    70
   116
   132
   119
   117
   110
    92
    92
    57
    61
    52
    35
    27
    44
    60
    47
    50
    51
    50
    62
    66
    85
    98
   100
   114
   110
   114
   122
   128
   130
   132
   138
   147
   146
   152
   152
   157
   162
   166
   164
   164
   166
   164
   167
   166
   164
   164
   163
   167
   167
   164
   172
   171
   169
   161
   151
   136
   130
   119
   110
   109
   113
    75
   104
   104
   125
   126
    98
   111
    68
    55
    87
   165
   206
   206
   185
   177
   169
   178
   186
   189
   188
   180
   193
   184
   168
   138
   119
   137
   131
    84
    82
    90
    96
    93
   113
    76
    76
    65
    80
    42
    57
   110
   153
   141
   148
   139
   126
   117
   116
    99
    99
    69
    79
   108
   124
   115
   122
   102
    73
   106
    73
    69
    88
    70
    65
    60
    48
    55
    54
    56
    57
    72
    79
    89
   103
   104
   112
   105
   115
   128
   131
   139
   139
   142
   148
   144
   148
   157
   160
   164
   164
   158
   164
   168
   164
   166
   160
   160
   166
   164
   169
   168
   162
   162
   163
   157
   146
   136
   115
    97
    68
   115
    82
   114
   116
   109
   132
    94
    82
    83
    95
    91
    86
    46
    53
   116
   160
   177
   183
   175
   179
   182
   192
   197
   207
   198
   155
   131
    80
   126
   118
    96
    66
    71
    88
    82
   104
    93
    65
    70
    58
    37
    87
   138
   148
   147
   147
   135
   143
   136
   112
    88
    87
    77
    84
    96
    93
   100
   106
    70
    62
    52
    45
    43
    36
    54
    57
    52
    53
    48
    52
    47
    60
    65
    62
    80
    98
    99
   114
   117
   121
   126
   129
   129
   137
   141
   147
   152
   155
   154
   157
   164
   167
   166
   165
   164
   165
   166
   164
   163
   165
   162
   163
   162
   163
   159
   152
   137
   131
   118
   129
   125
   197
   162
   109
   129
    99
    97
    40
    42
    55
    51
    44
    40
    87
   139
   120
    55
    27
    92
   111
   116
   119
   149
   164
   176
   185
   170
   149
   131
    99
   132
   142
   112
    98
    90
    78
    83
   108
   121
    84
    59
    57
    42
   111
   151
   159
   170
   144
   138
   131
   115
   103
    90
    75
    76
   108
   117
   102
    78
    88
    69
    43
    78
    86
    76
    50
    34
    57
    63
    48
    38
    39
    49
    48
    64
    77
    79
    88
   107
   110
   120
   121
   122
   126
   132
   133
   142
   148
   151
   154
   156
   156
   161
   162
   168
   167
   163
   164
   165
   166
   167
   163
   164
   164
   162
   166
   167
   152
   130
   111
   106
   114
   110
   154
   104
   127
   127
    84
    53
    72
    73
    84
    96
    94
   101
   101
   132
   163
   178
   138
    59
   115
   115
   103
   119
   159
   163
   165
   161
   151
   133
   122
   151
   147
   125
   107
    94
    92
   101
    79
    83
    98
    80
    60
    50
   133
   157
   169
   166
   143
   145
   127
   123
   101
    91
    88
    89
   114
   116
    99
   101
    83
    91
    92
    80
    98
   100
    89
   101
    87
    50
    53
    48
    43
    43
    50
    59
    66
    69
    80
    92
   110
   109
   116
   119
   127
   137
   134
   139
   143
   143
   147
   152
   159
   162
   164
   156
   160
   163
   162
   162
   167
   166
   168
   166
   170
   172
   166
   163
   149
   113
    97
    77
    83
    96
    67
   112
   148
   119
    61
    54
    84
    84
   138
   144
   134
   126
   136
   150
   174
   183
   183
   172
    54
   117
   137
   125
   122
   170
   181
   200
   184
   165
   140
   163
   164
   158
   125
   109
   102
    68
    94
    88
    88
    97
    73
    44
   110
   143
   175
   161
   147
   156
   141
   122
   117
   105
   103
   118
   128
    85
    83
    93
   107
   108
   114
   129
   107
    83
    92
    53
    64
    53
    49
    49
    40
    28
    42
    45
    60
    70
    80
    94
   100
   105
   109
   118
   122
   127
   136
   141
   140
   148
   155
   157
   157
   162
   162
   169
   169
   162
   164
   167
   166
   170
   168
   167
   170
   167
   161
   155
   137
   119
    90
    75
    71
    75
    72
   138
   153
   101
    62
    79
    94
   109
   153
   159
   136
   120
   123
   146
   171
   183
   183
   171
   147
    70
   115
   134
   126
   108
   138
   142
   139
   115
   140
   159
   160
   142
   153
   125
   120
   123
   100
    93
    72
    70
    57
    26
    47
   110
   133
   138
   147
   144
   130
   115
   100
   102
    81
    83
   107
   100
    58
    78
    79
    55
    48
    68
    99
   108
    68
    62
    54
    58
    46
    42
    42
    43
    42
    51
    60
    66
    77
    92
   101
   103
   114
   115
   122
   123
   131
   142
   142
   146
   146
   152
   155
   165
   167
   164
   170
   166
   168
   169
   166
   167
   169
   166
   167
   160
   158
   152
   133
   109
    92
    80
    68
    68
    96
   157
   148
    79
    52
    43
    65
   116
   160
   156
   143
   124
   119
   145
   170
   181
   188
   184
   173
    91
    82
   122
   142
   136
   115
   107
    96
    99
    98
   135
   164
   179
   167
   132
   105
    98
   108
   108
   112
    89
    59
    26
    55
    81
    99
   107
   113
   132
   114
   102
   102
    99
   102
   108
   109
    89
    99
    86
    99
   102
   116
   116
    87
    56
    62
    48
    46
    54
    55
    48
    59
    45
    35
    39
    44
    64
    76
    81
    92
    87
    99
   111
   113
   121
   132
   134
   143
   143
   150
   154
   159
   161
   160
   163
   168
   167
   175
   170
   170
   168
   169
   167
   169
   170
   162
   156
   133
   101
    79
    55
    58
    60
   110
   170
   146
    72
    31
    35
    47
   100
   153
   141
   146
   129
   115
   145
   177
   186
   186
   180
   176
   132
    75
   110
   147
   138
   128
   119
   116
   111
   108
   112
   141
   175
   176
   167
   134
   121
   103
    95
    77
    47
    39
    21
    31
    52
    70
    82
    86
    91
   100
    99
    93
   100
    97
    78
    76
    85
    91
    92
   105
   109
    95
    82
    49
    32
    32
    43
    51
    55
    58
    51
    43
    43
    35
    38
    49
    56
    72
    78
    89
    83
    94
   107
   115
   119
   127
   131
   128
   136
   145
   155
   158
   158
   160
   167
   165
   172
   178
   180
   172
   164
   164
   171
   180
   170
   163
   152
   130
    92
    54
    49
    54
    49
   118
   171
   134
    70
    48
    56
    64
    96
   151
   142
   147
   136
   116
   139
   173
   176
   178
   181
   178
   154
    78
   111
   145
   146
   133
   123
   126
   120
   112
   110
   115
   134
   168
   159
   153
   141
   114
    88
    83
    59
    28
    27
    21
    26
    43
    70
    91
    87
    88
    90
    94
    86
    82
    53
    60
    55
    37
    66
    65
    71
    79
    58
    63
    71
    44
    32
    34
    65
    53
    54
    48
    48
    45
    36
    42
    51
    62
    69
    82
    90
    88
   101
   101
   117
   131
   136
   137
   139
   145
   149
   152
   153
   161
   159
   168
   177
   181
   181
   173
   175
   177
   179
   177
   177
   170
   158
   130
    97
    62
    43
    49
    51
   128
   161
   120
    65
    51
    39
    42
    74
   133
   141
   150
   146
   115
   131
   173
   170
   180
   180
   182
   177
    85
   106
   134
   153
   141
   136
   130
   123
   120
   118
   100
   103
   120
   150
   127
    90
    85
    97
    86
    80
    42
    34
    46
    55
    56
    54
    81
    74
    73
    63
    66
    56
    59
    55
    41
    79
    82
    58
    70
    91
    88
   100
    86
    51
    64
    46
    50
    50
    58
    46
    40
    40
    49
    36
    37
    48
    61
    66
    67
    81
    91
    94
   105
   108
   111
   132
   141
   144
   146
   157
   157
   159
   160
   176
   186
   183
   179
   182
   168
   179
   180
   181
   180
   169
   170
   154
   135
    87
    61
    47
    52
    48
   134
   156
   113
    61
    23
    18
    39
    84
   128
   129
   151
   148
   116
   121
   174
   181
   182
   184
   178
   178
    87
   112
   127
   152
   146
   138
   133
   127
   125
   125
   119
   104
    88
    99
   125
   148
   108
    85
    81
    37
    36
    52
    61
    52
    55
    67
    64
    87
    79
    68
    53
    50
    50
    71
    69
    48
    75
   111
   108
    53
    28
    41
    42
    79
    50
    35
    26
    60
    54
    70
    64
    52
    47
    45
    54
    77
    55
    54
    66
    89
    94
   104
   101
   107
   115
   111
   129
   147
   149
   151
   154
   155
   178
   189
   185
   179
   174
   184
   174
   176
   175
   181
   181
   186
   172
   154
   136
    85
    57
    63
    43
    49
   130
   149
   110
    65
    33
    36
    53
    61
   121
   147
   163
   152
   126
   117
   168
   180
   184
   182
   180
   177
    98
   119
   134
   171
   154
   140
   131
   128
   128
   125
   120
   123
   112
    97
    95
   103
   117
   106
    70
    70
    60
    73
    90
    73
    66
    67
    73
    44
    42
    65
    57
    40
    46
    63
    47
    67
    59
    35
    35
    61
    52
    42
    62
    49
    36
    53
    71
    55
    56
    54
    58
    60
    54
    60
    80
    51
    54
    60
    62
    78
   108
   102
   106
   110
   118
   123
   118
   128
   142
   150
   153
   163
   180
   180
   167
   169
   179
   185
   181
   181
   186
   192
   184
   180
   179
   154
   138
    88
    54
    26
    39
    48
   135
   147
   107
    73
    37
    33
    54
    71
   133
   140
   162
   160
   135
   126
   168
   187
   188
   187
   184
   183
   104
   115
   129
   159
   163
   155
   141
   134
   128
   124
   124
   121
   117
   119
   102
    86
    72
    83
    91
    86
    81
    63
    59
    72
    97
    95
    75
    87
    58
    45
    42
    40
    33
    30
    32
    44
    39
    25
    34
    37
    49
    72
    34
    33
    26
    30
    32
    48
    54
    56
    58
    56
    49
    50
    44
    45
    54
    52
    49
    48
    64
    94
   102
   105
   111
   119
   127
   125
   131
   137
   149
   172
   180
   177
   171
   175
   181
   188
   184
   178
   183
   183
   180
   177
   167
   145
   132
    88
    62
    59
    48
    47
   126
   149
   115
    87
    46
    55
    64
   118
   144
   142
   161
   160
   141
   145
   170
   187
   184
   182
   184
   187
   109
   127
   135
   166
   166
   163
   150
   143
   134
   129
   127
   125
   124
   128
   128
   128
   112
    95
    68
    70
    72
    90
    86
    63
    63
    58
    61
    74
    65
    45
    59
    49
    42
    40
    35
    31
    60
    39
    33
    42
    26
    29
    40
    38
    32
    25
    25
    45
    46
    59
    72
    58
    61
    46
    47
    55
    52
    43
    56
    55
    45
    61
    94
   114
   118
   114
   124
   132
   130
   137
   148
   152
   165
   172
   171
   169
   173
   179
   179
   179
   184
   177
   166
   173
   167
   147
   125
    83
    72
    74
    52
    54
   133
   152
   129
   106
    65
    72
   123
   123
   145
   155
   164
   167
   146
   155
   171
   187
   190
   184
   185
   182
   106
   142
   155
   175
   178
   165
   160
   155
   146
   138
   128
   129
   125
   119
   115
   127
   125
   132
   124
   114
   101
    78
    90
    96
    85
    81
    73
    76
    74
    56
    42
    56
    48
    28
    31
    43
    45
    41
    40
    25
    27
    32
    44
    36
    29
    18
    17
    56
    52
    57
    59
    53
    55
    59
    62
    62
    46
    55
    54
    66
    56
    52
    54
    85
   105
   116
   118
   119
   131
   139
   149
   165
   160
   163
   166
   165
   163
   173
   188
   176
   177
   179
   178
   176
   166
   144
   132
    97
    61
    64
    64
    52
   113
   142
   133
   123
    86
    47
    99
   122
   152
   172
   184
   172
   145
   167
   175
   183
   181
   183
   186
   192
   107
   150
   163
   171
   178
   166
   155
   160
   159
   144
   132
   125
   118
   121
   120
   123
   122
   125
   129
   125
   118
   111
    91
    99
    96
    85
    82
    82
    66
    70
    46
    36
    38
    52
    38
    42
    60
    46
    39
    45
    42
    37
    28
    21
    24
    25
    23
    56
    52
    56
    63
    64
    63
    65
    60
    62
    80
    74
    53
    54
    53
    47
    53
    56
    79
   103
   114
   123
   116
   132
   139
   150
   158
   166
   164
   164
   174
   182
   184
   179
   189
   186
   185
   176
   173
   153
   132
   104
    66
    61
    70
    58
   112
   150
   147
   135
   111
    51
    32
    85
   159
   178
   200
   187
   168
   170
   181
   191
   187
   187
   190
   190
    99
   159
   164
   177
   184
   176
   173
   163
   155
   153
   146
   133
   130
   122
   115
   133
   120
   114
   111
   100
   112
   100
   102
   108
   102
    87
    92
    75
    65
    63
    82
    53
    35
    34
    63
    49
    51
    39
    40
    25
    39
    36
    30
    28
    27
    27
    29
    53
    57
    59
    72
    58
    56
    58
    59
    47
    45
    49
    60
    54
    50
    56
    43
    46
    66
    83
   104
   115
   136
   136
   136
   142
   145
   154
   155
   168
   174
   179
   166
   174
   171
   167
   177
   174
   164
   153
   141
   118
    88
    63
    67
    52
   116
   162
   160
   148
   146
    80
    52
    83
   142
   184
   183
   169
   186
   172
   194
   185
   191
   195
   193
   182
    99
   185
   190
   189
   188
   174
   163
   175
   171
   154
   163
   156
   144
   147
   148
   132
   140
   134
   125
   129
   127
   106
    97
    89
    92
    96
    89
    98
    67
    57
    40
    39
    67
    55
    60
    65
    65
    50
    38
    34
    21
    17
    28
    29
    24
    29
    23
    62
    62
    66
    65
    71
    67
    50
    42
    56
    62
    49
    51
    48
    43
    53
    57
    36
    34
    49
    69
   101
   114
   121
   130
   133
   140
   141
   153
   140
   142
   161
   180
   180
   190
   193
   190
   178
   165
   159
   143
   115
    82
    68
    63
    57
    97
   163
   179
   168
   152
   106
    62
    72
   120
   151
   177
   184
   198
   169
   189
   185
   192
   190
   196
   187
   109
   200
   196
   192
   200
   189
   185
   178
   164
   177
   151
   143
   151
   138
   141
   143
   146
   152
   150
   142
   136
   125
   102
    85
    63
    67
    57
    56
    58
    51
    46
    59
    38
    43
    33
    31
    31
    31
    45
    66
    72
    65
    29
    32
    28
    24
    47
    56
    57
    50
    59
    68
    72
    68
    58
    55
    53
    60
    56
    55
    61
    56
    61
    60
    52
    70
    64
    61
    96
   111
   115
   123
   126
   125
   131
   148
   145
   160
   161
   167
   185
   186
   183
   177
   178
   155
   138
   120
    92
   100
    85
    66
    86
   142
   169
   190
   170
   149
    95
    66
    66
   108
   153
   180
   186
   186
   182
   194
   186
   189
   193
   173
   123
   199
   193
   196
   193
   189
   188
   183
   186
   177
   170
   169
   156
   151
   150
   150
   147
   149
   152
   138
   127
   111
   104
    89
    84
    66
    69
    48
    41
    57
    50
    38
    47
    42
    32
    33
    46
    49
    38
    49
    88
   107
    94
    71
    76
    70
    54
    52
    60
    52
    50
    51
    67
    68
    70
    58
    62
    51
    60
    45
    42
    43
    45
    49
    49
    49
    62
    68
    62
    77
   106
   119
   134
   134
   134
   152
   158
   156
   175
   188
   179
   184
   184
   189
   185
   174
   150
   117
   107
    85
    92
    68
    69
   114
   146
   186
   171
   163
   129
   101
    81
    93
   128
   154
   179
   187
   184
   192
   198
   197
   199
   152
   136
   194
   193
   181
   179
   186
   189
   176
   172
   166
   166
   167
   170
   164
   159
   163
   158
   151
   144
   135
   124
   111
   118
    92
    95
    93
    78
    74
    70
    55
    53
    44
    42
    30
    28
    46
    42
    45
    36
    48
    82
    79
   103
   113
   102
    93
    93
    51
    49
    60
    58
    55
    59
    50
    49
    51
    46
    55
    60
    64
    46
    41
    48
    57
    57
    46
    44
    39
    43
    50
    59
    92
   105
   130
   135
   129
   144
   148
   150
   167
   183
   182
   189
   196
   196
   190
   178
   153
   130
   113
    85
    82
    72
   114
   124
   148
   157
   143
   120
   107
   129
   125
   143
   159
   178
   193
   195
   190
   199
   197
   195
   129
   154
   189
   185
   178
   176
   170
   169
   172
   168
   161
   160
   157
   153
   157
   161
   159
   162
   167
   170
   151
   119
   116
    91
    77
    63
    54
    50
    68
    52
    53
    45
    50
    44
    38
    38
    46
    48
    45
    43
    36
    80
    77
    77
    91
   106
   116
   104
    55
    53
    52
    48
    58
    62
    58
    59
    47
    53
    55
    52
    61
    57
    47
    53
    60
    45
    44
    50
    62
    55
    51
    54
    55
    69
    90
   127
   156
   136
   133
   139
   140
   136
   153
   153
   166
   179
   188
   194
   193
   178
   154
   123
   105
    60
    98
    96
   119
   131
   124
    94
   105
   146
   173
   167
   168
   169
   186
   195
   199
   192
   198
   194
   103
   180
   191
   181
   166
   164
   167
   166
   158
   160
   166
   170
   168
   159
   159
   148
   145
   135
   136
   129
   125
   101
    85
    84
    76
    72
    57
    59
    37
    50
    45
    44
    48
    48
    47
    41
    42
    46
    40
    38
    40
    75
    82
    81
    94
    80
    83
   116
    53
    50
    55
    74
    72
    54
    49
    51
    65
    60
    48
    53
    52
    54
    62
    60
    52
    61
    51
    47
    47
    53
    51
    65
    55
    58
    54
    50
    66
    91
    96
   114
   129
   145
   147
   162
   162
   170
   170
   174
   181
   182
   177
   152
   128
    76
    97
   104
    98
   114
   103
    88
   103
   153
   177
   165
   168
   183
   178
   191
   192
   197
   196
   176
   106
   188
   182
   182
   172
   163
   164
   163
   165
   170
   166
   158
   165
   168
   158
   150
   149
   151
   150
   149
   119
    89
    72
    71
    86
    75
    69
    67
    60
    55
    46
    55
    48
    63
    52
    62
    58
    41
    47
    42
    39
    77
    88
    89
    87
    95
    88
    59
    55
    54
    52
    56
    54
    61
    81
    90
    65
    58
    49
    44
    40
    44
    46
    55
    57
    56
    67
    65
    59
    61
    66
    76
    87
    74
    77
    78
    77
    79
    90
    87
    86
    86
    95
    98
   104
   111
   122
   137
   136
   137
   138
   147
   158
   112
    89
    99
    91
    92
    87
    66
   107
   164
   183
   176
   178
   181
   197
   188
   195
   192
   198
   117
   146
   181
   178
   174
   174
   169
   175
   174
   168
   170
   162
   166
   154
   152
   157
   152
   157
   138
   111
    74
    76
    73
    85
    78
    56
    45
    59
    52
    49
    35
    50
    71
    56
    46
    46
    35
    42
    51
    41
    37
    42
    65
    96
    85
    68
    63
    61
    56
    52
    46
    51
    49
    60
    63
    58
    49
    53
    49
    61
    53
    66
    46
    44
    55
    58
    48
    50
    49
    46
    55
    60
    40
    38
    41
    60
    71
    72
    77
    40
    59
    82
    83
    77
    91
    83
    80
    79
    78
    74
    61
    58
    74
    62
    61
    67
   136
   132
   125
    80
    56
   111
   158
   171
   179
   180
   184
   193
   193
   190
   206
   185
   123
   168
   166
   171
   173
   171
   170
   172
   172
   173
   173
   165
   160
   148
   121
   111
    85
    60
    42
    58
    58
    78
    81
    90
    55
    44
    51
    68
    66
    39
    55
    55
    51
    54
    51
    49
    50
    40
    41
    45
    40
    37
    47
    63
    56
    74
    80
    75
    66
    54
    51
    47
    49
    49
    67
    71
    66
    71
    62
    55
    77
    59
    71
    77
    87
    57
    60
    69
    74
    59
    46
    52
    62
    63
    70
    73
    77
    73
    84
   117
    79
    41
    37
    56
    71
    90
   105
    94
    77
    88
    85
    78
    98
   105
   104
    67
   135
   167
   147
    81
    81
   142
   159
   165
   167
   169
   161
   173
   190
   195
   134
    41
   104
   135
   139
   142
   151
   152
   159
   154
   143
   118
    99
    79
    66
    71
    63
    49
    46
    56
    60
    45
    51
    78
    51
    47
    56
    44
    39
    48
    68
    53
    48
    44
    49
    38
    35
    34
    32
    39
    35
    33
    33
    34
    39
    80
    88
    89
    89
    80
    70
    50
    53
    50
    49
    53
    53
    62
    67
    67
    75
    87
    74
    59
    61
    78
    73
    76
    58
    72
    85
    80
    66
    70
    63
    62
    63
    65
    69
    69
    76
    89
    96
    90
    91
    93
   105
   100
    94
    85
    87
    84
   103
   104
    97
    98
   101
    79
    46
   112
    85
    61
   133
   180
   186
   179
   182
   181
   183
   156
   117
    51
    34
    79
    63
    59
    63
    85
   104
    85
    78
    78
    80
    61
    61
    73
    64
    61
    64
    82
    84
    68
    77
    56
    61
    50
    60
    52
    50
    51
    41
    36
    38
    44
    41
    45
    36
    40
    40
    38
    35
    35
    35
    36
    35
    34
    37
    90
    89
    91
    88
    86
    82
    50
    50
    52
    50
    52
    45
    51
    65
    61
    63
    64
    75
    76
    68
    60
    65
    65
    76
    73
    53
    58
    64
    67
    63
    65
    74
    81
    73
    73
    78
    72
    86
    89
    90
    96
   103
   107
   109
   119
   111
   106
   111
   107
   114
    94
    81
    82
    99
    90
    87
    79
   129
   149
   147
   129
   113
    82
    47
    31
    37
    59
    88
    93
    86
    81
    86
    92
    90
    95
    76
    89
    78
    67
    77
    72
    66
    54
    59
    54
    59
    60
    79
    75
    59
    76
    51
    42
    38
    38
    37
    40
    41
    40
    39
    36
    36
    39
    37
    41
    41
    35
    37
    40
    35
    36
    38
    80
    93
    92
    92
    90
    87
    50
    48
    48
    54
    50
    54
    56
    54
    68
    62
    56
    59
    73
    73
    71
    64
    59
    66
    64
    67
    67
    68
    75
    74
    69
    62
    75
    72
    73
    82
    87
    66
    75
   101
   110
   121
   126
   124
   119
   106
    90
    79
    74
    79
   104
   116
   119
   103
   104
   133
   121
    62
    12
    14
    42
    43
    57
    81
    94
    88
    73
    69
    71
    73
    88
    86
    70
    97
   104
    78
    66
    59
    80
    89
    90
    94
   104
    88
    81
    75
    73
    66
    64
    45
    55
    52
    46
    38
    40
    41
    39
    41
    41
    42
    38
    35
    37
    38
    34
    40
    35
    39
    37
    38
    35
    38
    71
    72
    94
    93
    90
    90
    52
    49
    47
    46
    49
    51
    51
    55
    46
    43
    42
    49
    63
    62
    66
    70
    76
    64
    72
    71
    59
    55
    61
    60
    68
    64
    63
    93
    79
    66
    76
   119
   121
    98
    96
    84
    83
    78
    62
    61
    62
    68
    72
   101
   115
   110
   106
   112
    90
    71
    67
    46
    11
    27
    88
    95
    86
    94
    85
    84
    86
    89
    58
    47
    43
    74
    63
    64
    81
    79
    96
   115
   113
    82
    67
    58
    50
    51
    55
    46
    40
    41
    43
    45
    36
    38
    36
    39
    45
    44
    39
    37
    36
    32
    34
    38
    41
    35
    43
    32
    37
    34
    34
    34
    40
    34
    66
    75
    79
   103
   105
    99
